-8
-15
-7
-11
-10
-5
-8
-3
-8
-9
-1
-6
-10
-13
-8
0
-4
-5
1
-4
1
2
-7
-1
8
11
7
11
4
-1
7
8
10
13
9
4
9
15
15
6
5
9
11
6
0
2
1
2
2
5
7
1
5
5
6
6
0
-4
4
1
-4
-5
-5
-6
-2
8
9
8
2
3
2
1
8
-1
-5
-5
-7
-2
-7
-5
-2
-13
1
6
-14
-9
-2
-7
-11
-13
-11
-9
-12
-8
0
-3
-12
-8
-4
4
0
-9
-6
-8
-12
-11
1
-2
-11
0
0
-9
-8
-4
-7
0
12
8
4
7
9
0
-5
-1
-7
-6
-2
-1
3
-4
-12
-1
8
-3
-4
2
-2
0
6
2
3
3
1
7
-1
-7
2
0
-2
-3
-4
-2
1
-4
3
10
1
5
5
-1
8
10
6
6
12
1
-2
3
0
14
14
11
17
5
8
19
17
17
12
0
-2
4
1
2
-6
-5
9
-1
-6
-9
-7
9
6
-1
-1
0
-4
-4
1
-7
-3
-1
-11
3
8
0
-7
-10
-4
5
-7
-12
-7
-8
-3
-10
-11
-7
-8
-1
-3
-5
-2
-9
-5
0
-15
-12
2
9
3
-7
-2
0
-2
1
-1
1
6
4
-6
0
10
1
10
10
0
1
1
4
6
0
-6
5
8
3
3
5
15
12
6
16
14
5
7
8
6
-2
-1
1
0
5
-7
-10
0
-3
-8
-8
0
-5
-11
-5
-8
-9
-8
2
15
1
1
-3
-6
2
-8
-7
-1
-10
-1
0
-10
-1
-4
-12
-13
-6
1
-11
-16
0
0
-11
-1
-1
-13
-8
-16
-16
1
-10
-10
5
6
-5
-3
-4
-20
-5
3
-5
4
-6
-9
0
-1
1
7
15
14
4
1
10
13
8
10
2
5
9
-4
1
6
3
3
5
4
-2
6
2
-3
1
0
-1
2
-4
-9
2
6
-2
0
-2
-3
-3
-10
-7
3
5
2
6
18
19
9
11
15
12
9
-1
1
5
-6
2
8
-6
-3
4
3
10
15
8
3
3
2
9
9
7
6
8
6
0
-4
-7
-4
-3
1
11
9
12
9
0
-4
-7
-5
-5
-4
-3
-8
-7
-5
-6
-8
-1
3
-3
6
-3
-10
0
-10
-9
-8
-14
-7
-12
-11
2
-3
-9
-5
-7
-10
-8
-4
-7
3
5
-6
0
-5
-5
3
-10
-9
-1
0
-2
-4
2
-8
-8
4
1
-2
7
10
2
4
8
7
-1
-1
4
8
9
1
7
2
2
8
-3
1
9
3
-2
3
1
-4
3
3
2
6
3
7
8
5
6
6
16
19
21
20
6
3
7
13
12
8
2
1
5
3
4
4
1
-3
-3
1
1
-4
-6
-14
-6
2
-15
-13
-5
-8
-7
-7
-10
-12
-11
-11
-12
-13
-9
-6
-9
-11
-16
-16
-18
-23
-11
-5
-10
-9
-8
-8
-5
-3
-4
-11
-12
-2
6
-3
2
3
-4
-5
0
11
3
-3
6
2
-9
-3
3
-5
-4
1
-3
-3
-2
-4
3
6
-1
2
-4
-6
-8
-4
7
3
6
-1
3
13
10
10
8
13
16
16
15
10
1
-7
3
7
8
13
12
20
20
6
10
15
7
4
6
9
7
10
13
16
17
6
5
6
10
10
8
12
9
9
13
14
15
8
4
3
-4
2
4
-5
-5
-10
-9
-5
-9
-9
-9
-6
-4
-6
-10
-13
-9
-11
-7
-3
-8
-6
-11
-15
-5
-2
0
2
1
4
-1
-15
-4
3
3
3
-9
-9
-8
-8
2
0
-16
-18
-12
-8
-8
-14
-8
-5
-9
-1
-6
-9
2
-2
-7
-10
-14
-9
-14
-12
-6
-5
1
4
4
8
13
13
6
3
-6
-14
-13
-1
4
9
8
-1
2
-1
-3
5
7
5
8
9
3
-2
-1
-5
-3
11
10
2
12
22
15
15
8
-12
-20
-12
-1
0
7
10
-2
3
7
0
2
-4
-9
-4
-1
-5
-8
-2
2
8
23
23
17
24
21
9
4
-7
-19
-26
-14
-6
-5
-7
-15
-2
5
6
17
14
24
29
20
16
10
5
10
24
20
7
-4
-29
-37
-34
-35
-33
-38
-26
-10
6
17
17
10
4
5
-9
-28
-29
-22
-2
34
41
37
26
7
-3
-1
-14
-28
-28
-19
1
15
3
-17
-42
-64
-55
-26
9
26
44
78
79
69
5
-68
-30
43
44
3
24
42
19
41
37
-28
-108
-186
-231
-218
-163
-134
-111
-42
14
62
117
140
158
183
210
202
155
115
80
85
118
122
85
39
-4
-36
-27
-35
-60
-60
-42
-18
-46
-116
-192
-252
-295
-296
-208
-103
-25
62
126
123
78
16
-47
-28
79
173
192
167
120
49
21
36
23
22
47
44
16
-30
-78
-103
-74
-2
36
47
8
-33
-21
-12
-15
-22
-9
19
53
93
70
-9
-112
-191
-182
-137
-87
-24
-1
-11
-24
-32
-62
-68
-13
46
97
109
88
58
49
68
80
86
58
6
3
23
44
71
83
86
79
58
19
-21
-40
-52
-41
-29
-46
-89
-153
-153
-91
-43
-10
22
42
37
36
38
19
-3
3
30
57
81
85
53
-5
-69
-103
-108
-85
-29
26
71
78
25
-33
-60
-28
28
81
113
72
28
13
-3
17
44
25
1
-2
-10
-48
-89
-81
-49
-35
-24
-7
-26
-52
-39
-43
-66
-78
-96
-92
-53
16
81
97
68
14
-36
-47
-32
-10
48
104
121
128
120
91
70
44
-8
-52
-63
-38
9
57
78
52
-20
-105
-136
-104
-43
46
132
122
54
-16
-104
-143
-129
-114
-115
-108
-98
-120
-112
-77
-54
-13
55
91
87
76
54
38
64
104
136
178
214
236
228
195
131
44
-9
-32
-35
-39
-71
-123
-168
-203
-239
-238
-197
-134
-45
18
26
11
-12
-32
-8
38
48
30
18
38
63
84
95
71
35
16
-4
-11
-17
-20
3
31
49
30
13
13
2
18
25
4
-21
-33
-22
0
-3
-37
-44
-34
-18
16
39
22
-14
-22
-15
-23
-39
-63
-80
-79
-62
-36
-18
8
45
94
119
89
46
1
-28
-27
-11
3
2
26
42
26
16
-5
-26
-16
38
89
104
82
42
4
-19
-31
-41
-17
24
58
87
53
-38
-106
-131
-126
-95
-55
-41
-62
-75
-90
-115
-105
-64
-1
88
178
235
223
172
116
52
11
7
28
58
90
89
45
-27
-127
-180
-173
-128
-66
-46
-56
-84
-114
-114
-101
-72
-43
-1
56
84
82
75
46
10
12
32
33
33
63
64
40
12
-35
-54
-20
47
134
186
170
93
-29
-121
-154
-145
-110
-74
-6
31
14
-18
-74
-128
-148
-111
-47
1
52
110
125
118
87
14
-38
-48
-17
50
104
110
69
16
-23
-55
-66
-43
-14
-10
-15
-21
-39
-49
-20
37
62
67
47
-8
-28
-6
29
57
67
67
51
42
31
-4
-47
-77
-78
-61
-35
-12
-1
6
-3
-29
-39
-44
-49
-38
-11
24
14
-17
-10
13
35
64
78
50
-9
-39
-25
-12
13
51
57
30
4
-15
-53
-66
-17
45
77
88
74
35
-8
-13
-1
-5
-5
5
-6
-15
-19
-58
-99
-115
-134
-121
-82
-52
-30
-18
2
1
-22
-25
-18
-6
19
50
65
49
24
35
42
21
16
5
8
56
109
117
92
56
2
-51
-65
-53
-24
13
64
95
38
-30
-73
-115
-95
-11
36
50
64
51
-3
-56
-72
-100
-92
-22
32
50
40
6
-59
-98
-72
-39
-21
34
103
109
84
64
21
-23
16
94
106
111
119
72
4
-19
-13
-33
-40
7
9
-22
-17
-55
-129
-143
-95
-77
-59
15
51
38
34
22
-68
-140
-107
-89
-84
-8
55
37
23
50
42
-2
23
80
106
159
208
168
80
18
-34
-92
-88
-26
-10
6
64
47
-28
-65
-82
-107
-57
32
35
2
-8
-57
-145
-175
-133
-105
-64
19
57
22
-23
-47
-99
-123
-60
-21
5
58
77
50
14
4
-11
-10
52
112
114
96
87
25
-35
-46
-55
-64
-31
26
21
-2
12
10
-17
-13
11
-12
-18
20
42
48
65
74
41
14
22
0
-28
-6
11
-3
12
40
13
-38
-43
-33
-27
-1
45
67
69
71
45
12
8
28
39
42
77
86
59
59
56
42
53
92
108
96
87
44
-40
-89
-77
-76
-60
-20
-13
-38
-72
-95
-118
-136
-104
-40
-5
26
53
28
-17
-46
-61
-84
-104
-76
-32
-5
10
3
-42
-78
-96
-103
-79
-53
-30
-13
-5
-7
-37
-76
-105
-131
-150
-167
-180
-186
-183
-152
-129
-146
-156
-160
-164
-150
-108
-56
-23
-2
20
13
-3
10
2
3
42
76
76
59
62
50
35
45
65
76
85
119
150
158
163
164
152
166
205
227
224
234
254
233
200
154
95
73
84
110
138
174
216
228
201
174
139
88
81
117
171
232
299
320
260
203
143
49
14
37
77
139
211
269
279
260
245
206
186
196
206
223
263
325
344
335
304
224
92
-97
-322
-574
-791
-902
-954
-987
-1022
-1136
-1337
-1542
-1687
-1774
-1743
-1566
-1311
-1038
-775
-560
-458
-416
-364
-277
-135
90
353
555
690
737
686
596
511
453
430
465
523
536
514
479
431
399
421
480
540
580
577
497
383
293
229
213
247
288
244
108
-43
-187
-266
-247
-182
-112
-48
43
133
198
251
296
339
391
454
499
523
547
548
516
459
400
331
280
259
208
127
51
-17
-82
-110
-112
-127
-128
-129
-141
-122
-73
-7
62
122
202
277
306
329
373
419
452
460
385
207
28
-112
-201
-195
-153
-143
-210
-369
-571
-793
-977
-1058
-1045
-968
-859
-762
-719
-730
-784
-875
-933
-901
-788
-606
-372
-163
-56
-46
-105
-197
-251
-208
-88
34
166
266
265
205
138
85
63
85
148
182
163
125
68
2
-29
-26
-31
-44
-51
-71
-108
-147
-173
-221
-251
-218
-202
-180
-133
-121
-139
-165
-178
-175
-142
-45
74
150
221
277
287
306
347
399
443
488
536
560
567
581
581
554
533
511
471
440
472
507
510
529
526
479
454
449
444
477
549
614
643
646
627
564
507
512
543
601
704
794
793
700
559
355
141
-2
-65
-73
-53
-51
-151
-358
-640
-949
-1197
-1332
-1331
-1244
-1136
-1035
-1003
-1050
-1124
-1194
-1205
-1107
-902
-663
-432
-232
-124
-99
-111
-125
-141
-128
-41
58
119
144
125
30
-85
-123
-103
-80
-53
-67
-151
-251
-339
-391
-400
-353
-280
-229
-208
-215
-272
-366
-424
-447
-438
-352
-241
-152
-88
-86
-123
-190
-236
-201
-119
-6
118
242
358
433
474
484
501
536
565
618
696
761
778
771
767
725
642
556
506
484
449
424
417
429
441
401
330
280
265
280
298
342
405
441
463
470
459
462
494
553
607
676
769
830
810
690
502
297
112
25
53
116
115
-35
-301
-614
-907
-1116
-1189
-1143
-1069
-994
-922
-903
-945
-1037
-1140
-1150
-1003
-732
-455
-241
-104
-70
-132
-179
-131
-45
65
180
267
283
253
211
119
45
27
70
139
127
47
-92
-275
-437
-530
-494
-404
-362
-386
-460
-559
-664
-742
-779
-766
-709
-629
-521
-413
-342
-356
-455
-494
-421
-316
-230
-107
61
177
207
218
267
331
400
497
591
684
755
772
745
712
717
744
762
749
729
729
703
632
533
482
492
477
442
413
390
377
371
400
475
564
613
643
703
751
770
801
916
1079
1168
1204
1210
1080
739
339
102
80
196
298
227
-83
-558
-1026
-1377
-1573
-1574
-1445
-1292
-1171
-1139
-1230
-1402
-1579
-1674
-1563
-1219
-763
-372
-180
-177
-250
-293
-256
-116
129
391
551
588
559
467
307
184
211
319
410
507
546
373
-20
-438
-706
-789
-722
-591
-502
-529
-727
-1057
-1396
-1606
-1571
-1317
-989
-683
-482
-467
-558
-583
-484
-315
-110
161
443
627
731
788
729
568
501
678
935
1045
1041
1000
864
666
594
715
850
869
875
858
712
508
358
340
392
447
501
567
696
770
694
544
442
493
683
938
1146
1263
1301
1356
1574
1835
1823
1323
525
-92
-241
85
557
642
76
-955
-1940
-2540
-2719
-2583
-2335
-2177
-2198
-2271
-2359
-2538
-2703
-2686
-2384
-1755
-959
-268
92
94
-15
25
356
959
1589
1947
1952
1784
1665
1629
1618
1636
1669
1668
1637
1582
1435
985
230
-452
-737
-650
-444
-421
-824
-1607
-2403
-2802
-2750
-2519
-2325
-2240
-2261
-2359
-2412
-2283
-1951
-1484
-952
-426
-5
249
353
425
579
864
1278
1684
1906
1928
1877
1826
1736
1591
1479
1464
1482
1479
1408
1199
816
337
42
91
363
628
700
536
246
13
-19
142
425
774
1026
1063
997
1008
1184
1558
2091
2437
2086
1025
-6
-308
130
870
1291
870
-382
-1785
-2600
-2769
-2619
-2361
-2201
-2340
-2718
-3048
-3251
-3452
-3491
-3074
-2306
-1560
-1056
-866
-949
-1024
-689
112
1020
1754
2151
2040
1637
1495
1842
2414
2843
3049
3018
2744
2459
2333
2144
1576
796
286
198
318
276
-228
-1223
-2354
-3064
-3175
-2915
-2648
-2650
-2970
-3439
-3735
-3654
-3212
-2557
-1914
-1359
-923
-659
-488
-267
125
710
1360
1891
2211
2349
2416
2463
2434
2373
2361
2390
2416
2386
2184
1756
1254
870
686
690
832
936
836
549
166
-186
-333
-84
426
777
839
776
777
970
1399
1909
1847
774
-574
-994
-229
867
1423
961
-645
-2571
-3423
-2859
-1958
-1621
-1799
-2287
-3013
-3572
-3559
-3296
-3156
-2765
-1923
-1207
-1002
-1120
-1385
-1567
-1108
159
1497
2204
2214
1684
965
818
1663
2855
3550
3653
3356
2771
2269
2338
2799
2800
2017
1110
649
469
255
-161
-958
-2039
-2797
-2761
-2448
-2631
-3208
-3708
-4091
-4339
-4023
-3201
-2626
-2503
-2324
-1982
-1772
-1448
-698
80
539
955
1451
1651
1682
2078
2699
3015
3046
3119
3108
2836
2668
2833
2878
2500
2073
1850
1643
1441
1495
1666
1514
1103
843
638
366
438
1020
1576
1786
1941
1553
-208
-2237
-2452
-881
596
1034
406
-1633
-4255
-5132
-3747
-2278
-1991
-2090
-2433
-3552
-4456
-3964
-3002
-2711
-2349
-1351
-801
-1147
-1405
-1181
-839
-135
1138
2109
2062
1534
1131
930
1285
2359
3311
3334
2779
2313
1967
1935
2618
3448
3272
2017
812
342
372
626
758
180
-1067
-2080
-2378
-2445
-2659
-2826
-2915
-3187
-3533
-3564
-3313
-3090
-2817
-2338
-1899
-1714
-1578
-1355
-1068
-553
227
898
1130
1155
1295
1505
1730
2033
2318
2409
2410
2492
2535
2389
2139
1991
2021
2197
2454
2546
2256
1782
1548
1592
1695
1905
2306
2615
2626
2651
2485
1201
-841
-1612
-340
1169
1344
303
-1754
-4286
-5296
-3735
-1808
-1874
-3132
-4038
-4737
-5210
-4463
-2948
-2436
-2828
-2677
-2184
-2210
-2187
-1487
-683
-70
783
1537
1478
1050
1015
1297
1835
2804
3600
3329
2410
1969
2090
2439
3227
4109
3855
2145
402
29
811
1710
2010
1199
-705
-2521
-2947
-2221
-1709
-1844
-2164
-2765
-3808
-4477
-4077
-3268
-2758
-2260
-1765
-1909
-2475
-2431
-1694
-921
-197
527
717
334
258
814
1425
1720
1870
1868
1603
1481
1809
2161
2090
1751
1460
1320
1422
1821
2245
2295
2048
1883
1816
1752
2027
2775
3366
3497
3628
3369
1627
-601
-642
1460
2806
2171
528
-1769
-4101
-4307
-2198
-881
-2024
-3722
-4482
-5017
-5241
-4200
-2944
-3139
-3902
-3662
-2984
-2755
-2360
-1469
-832
-562
-103
381
551
822
1372
1812
2219
2762
2971
2601
2336
2683
3161
3482
3919
4151
3394
1849
897
1302
2305
2827
2379
889
-1111
-2331
-2050
-1247
-1246
-1961
-2656
-3432
-4435
-4797
-4027
-3049
-2747
-2791
-2866
-3234
-3445
-2710
-1471
-671
-301
-121
-229
-292
251
1193
1782
1819
1645
1464
1405
1654
2123
2366
2109
1591
1197
1112
1340
1810
2195
2105
1652
1375
1484
1694
2015
2607
3010
2899
2944
3259
2327
112
-582
1293
2949
2472
970
-857
-2944
-3476
-1546
-9
-1168
-3168
-3898
-4072
-4278
-3623
-2626
-2964
-4067
-4076
-3233
-2851
-2729
-2218
-1674
-1431
-1086
-553
-137
279
756
1052
1249
1691
2153
2228
2248
2663
3121
3247
3429
3837
3794
2815
1810
1940
2760
3157
2890
2058
644
-610
-703
-231
-539
-1431
-1945
-2362
-3330
-4191
-4030
-3355
-3091
-3175
-3325
-3705
-4038
-3572
-2433
-1524
-1254
-1393
-1611
-1458
-559
668
1337
1216
828
659
872
1499
2271
2622
2286
1616
1201
1270
1670
2209
2561
2335
1726
1444
1705
2051
2323
2680
2849
2568
2478
3149
3252
1482
-355
215
2098
2542
1446
-6
-1884
-3401
-2662
-634
-534
-2527
-3901
-3939
-3941
-3787
-2914
-2578
-3549
-4258
-3616
-2809
-2707
-2560
-1959
-1417
-1145
-859
-477
-3
545
908
1099
1417
1821
2018
2151
2544
2946
3019
3066
3471
3808
3403
2523
2209
2724
3240
3276
2887
1902
593
103
587
589
-434
-1267
-1457
-2000
-3005
-3452
-3261
-3227
-3361
-3305
-3506
-4115
-4265
-3570
-2694
-2174
-2003
-2140
-2299
-1838
-721
238
403
93
10
343
964
1710
2242
2192
1620
1181
1336
1846
2387
2757
2661
2078
1549
1583
2049
2641
3079
3019
2463
1876
1976
3029
4026
3222
675
-895
294
2288
2532
1145
-878
-2980
-3694
-2012
-170
-934
-3236
-4428
-4344
-4042
-3384
-2547
-2796
-3911
-4235
-3498
-2808
-2525
-2124
-1531
-1199
-1314
-1346
-675
428
1067
1060
1083
1342
1499
1724
2351
2944
2965
2727
2854
3351
3611
3197
2493
2359
2907
3331
3163
2528
1501
606
736
1391
946
-523
-1368
-1467
-1982
-2658
-2615
-2573
-3304
-3840
-3599
-3538
-3959
-3908
-3240
-2782
-2639
-2422
-2281
-2273
-1875
-978
-291
-212
-259
19
456
888
1379
1757
1735
1447
1389
1767
2353
2739
2644
2277
2052
2093
2320
2764
3324
3410
2768
2119
2087
2587
3494
4231
3226
380
-1246
399
2727
2603
684
-1289
-3055
-3705
-2062
-115
-975
-3737
-5076
-4546
-3865
-3348
-2840
-3246
-4507
-4835
-3638
-2458
-2208
-2205
-1898
-1640
-1613
-1265
-261
868
1273
985
900
1345
1759
2083
2812
3524
3388
2762
2738
3492
4044
3714
2945
2607
2872
3179
3134
2727
1924
1010
750
1092
832
-396
-1334
-1420
-1731
-2605
-2953
-2749
-3204
-4021
-3982
-3653
-4072
-4383
-3655
-2879
-2922
-3081
-2832
-2543
-2157
-1264
-382
-266
-500
-266
350
859
1330
1822
1918
1596
1467
1875
2448
2664
2478
2254
2292
2552
2761
2874
3003
2988
2694
2396
2427
2720
3096
3510
3375
1820
-291
-485
1601
3019
1831
-520
-2359
-3369
-2852
-774
165
-2099
-5198
-5769
-4272
-3077
-2803
-3075
-4069
-5263
-5087
-3417
-2092
-2103
-2502
-2372
-1971
-1597
-866
314
1157
1027
530
749
1582
2283
2864
3505
3596
2807
2281
3146
4625
5038
3974
2628
2246
2803
3538
3906
3433
1948
522
476
1175
899
-322
-1216
-1693
-2348
-2824
-2754
-2923
-3745
-4258
-4017
-3965
-4417
-4422
-3782
-3407
-3466
-3363
-3027
-2632
-2023
-1214
-627
-518
-548
-240
459
1269
1896
2166
2032
1783
1937
2562
3097
3115
2833
2651
2686
2888
3079
3139
3151
3110
2858
2464
2271
2420
2726
3068
3070
1822
-301
-953
857
2524
1561
-796
-2501
-3310
-2904
-1096
-164
-2325
-5436
-5857
-3997
-2730
-2816
-3366
-4345
-5442
-5095
-3132
-1731
-2111
-2864
-2650
-1917
-1293
-532
444
1035
920
623
899
1749
2560
3030
3310
3352
2985
2755
3505
4787
5065
3838
2445
2331
3219
3946
3980
3198
1665
348
428
1350
1351
60
-1322
-2104
-2622
-2926
-2686
-2433
-3092
-4356
-4979
-4737
-4482
-4325
-3822
-3394
-3694
-4149
-3767
-2732
-1837
-1253
-843
-776
-870
-415
703
1746
2217
2274
2150
2013
2196
2836
3465
3578
3272
2956
2869
3021
3263
3331
3158
2941
2783
2590
2308
2122
2166
2224
2163
2121
1579
51
-1112
-249
1429
1166
-928
-2546
-3039
-2887
-1952
-1020
-2017
-4542
-5604
-4252
-2853
-2937
-3555
-4008
-4575
-4601
-3279
-1818
-1784
-2556
-2548
-1640
-823
-326
319
994
1081
742
971
1966
2821
3042
3109
3247
3166
3139
3718
4563
4743
3914
2799
2492
3140
3849
3779
2896
1638
550
384
1129
1399
186
-1600
-2573
-2786
-2914
-2850
-2628
-3178
-4619
-5518
-5114
-4378
-4070
-3879
-3771
-4145
-4525
-3984
-2698
-1634
-1200
-1071
-958
-774
-166
1038
2175
2540
2346
2152
2219
2651
3396
3975
3892
3388
3049
3057
3272
3444
3339
3000
2685
2511
2391
2231
2005
1745
1503
1325
1313
1479
1383
386
-1049
-1303
-73
699
-315
-1950
-2853
-3127
-2845
-1915
-1643
-3189
-4937
-4750
-3412
-2934
-3299
-3579
-3929
-4267
-3647
-2229
-1530
-1932
-2145
-1503
-658
-72
481
1101
1447
1400
1457
2057
2895
3297
3270
3405
3667
3563
3365
3750
4330
4085
3039
2298
2520
3118
3197
2554
1478
371
-212
177
842
343
-1375
-2811
-3130
-3010
-3034
-2988
-3120
-4027
-5098
-5126
-4350
-3997
-4098
-3911
-3689
-3822
-3652
-2744
-1730
-1209
-939
-521
-39
415
1049
1946
2707
2897
2745
2763
3008
3327
3709
3930
3692
3145
2823
2967
3214
3177
2862
2444
1981
1625
1625
1814
1737
1268
795
565
487
596
821
557
-658
-1859
-1525
-162
76
-1325
-2740
-3229
-3110
-2444
-1646
-2136
-4022
-5103
-4087
-2595
-2359
-2927
-3288
-3400
-3233
-2329
-1085
-713
-1203
-1211
-301
586
960
1317
1863
2142
2009
2070
2683
3320
3452
3322
3291
3177
2896
2995
3612
3844
2974
1693
1288
1829
2240
1931
1208
265
-790
-1158
-558
-291
-1273
-2496
-2904
-3029
-3429
-3580
-3340
-3440
-3994
-4311
-4236
-4188
-3979
-3238
-2540
-2619
-3033
-2834
-1904
-782
67
441
401
356
857
1949
3027
3385
3053
2732
2825
3162
3551
3856
3779
3312
2912
2828
2845
2807
2755
2591
2166
1592
1178
1075
1168
1215
962
376
-259
-551
-259
366
383
-937
-2550
-2512
-1035
-351
-1251
-2516
-3341
-3601
-2848
-1516
-1474
-3126
-4287
-3523
-2189
-1829
-2002
-2092
-2354
-2425
-1518
-284
-70
-504
-288
550
1061
1178
1509
1997
2158
2011
2028
2338
2616
2702
2821
2986
2780
2232
2022
2490
2956
2555
1486
740
796
1164
1238
837
-45
-1036
-1372
-917
-614
-1203
-2186
-2756
-2922
-3007
-2946
-2751
-2868
-3479
-3939
-3709
-3226
-2935
-2656
-2322
-2261
-2451
-2271
-1436
-479
48
238
434
657
968
1646
2497
2913
2760
2517
2554
2845
3279
3605
3532
3126
2729
2560
2613
2717
2619
2239
1712
1230
932
827
757
588
296
-147
-627
-916
-981
-912
-654
-411
-946
-2308
-2990
-1877
-290
-229
-1496
-2589
-2956
-2516
-1121
28
-800
-2764
-3197
-1776
-509
-295
-595
-1163
-1743
-1377
13
965
624
-92
-103
431
891
1232
1592
1704
1319
836
934
1588
2098
2133
1937
1571
998
691
1219
2084
2068
918
-305
-523
282
1151
1135
148
-1155
-1830
-1316
-202
97
-1012
-2374
-2777
-2440
-2013
-1642
-1629
-2384
-3277
-3259
-2496
-2006
-2002
-1983
-1907
-1962
-1821
-1184
-450
-16
237
491
707
1002
1582
2266
2658
2665
2548
2542
2737
3089
3371
3294
2848
2370
2208
2345
2421
2160
1577
965
588
384
171
-45
-222
-529
-927
-1091
-1059
-1179
-1429
-1412
-1179
-1043
-895
-747
-1121
-1833
-1608
-258
537
-157
-1119
-1228
-806
-194
518
528
-624
-1519
-797
495
661
-112
-640
-725
-578
29
783
727
-118
-606
-276
306
651
755
657
319
-19
27
537
1079
1110
664
209
24
79
442
1011
1186
500
-581
-922
-139
891
1070
279
-775
-1375
-1125
-222
443
-7
-1295
-2194
-2095
-1535
-1148
-1070
-1450
-2279
-2835
-2477
-1667
-1280
-1311
-1323
-1376
-1449
-1062
-172
504
544
399
541
910
1393
2002
2417
2239
1827
1820
2212
2574
2670
2452
1898
1338
1273
1555
1551
1057
464
99
-46
-52
-30
-171
-584
-993
-1053
-896
-801
-827
-899
-946
-871
-605
-329
-179
21
354
407
-41
-277
404
1396
1537
808
114
-39
369
1196
1678
885
-543
-930
-56
721
538
-224
-988
-1426
-1142
-345
-13
-578
-1275
-1282
-841
-538
-452
-448
-506
-676
-813
-703
-330
35
86
-52
-158
-250
-222
168
702
767
215
-356
-312
276
746
632
68
-494
-632
-194
380
308
-543
-1303
-1201
-620
-383
-616
-982
-1334
-1529
-1244
-691
-550
-869
-1011
-800
-605
-434
-90
242
322
328
494
695
823
1036
1336
1438
1252
1078
1117
1244
1291
1205
1017
720
469
518
674
592
301
23
-143
-225
-191
-67
-66
-260
-391
-305
-159
-68
7
74
136
256
407
545
687
844
1008
1252
1476
1343
924
852
1468
2002
1645
808
297
346
714
1046
861
-91
-1060
-1022
-254
-7
-645
-1374
-1681
-1667
-1400
-1030
-1056
-1642
-2068
-1733
-1138
-975
-1109
-1091
-958
-943
-931
-778
-612
-494
-342
-219
-308
-519
-483
-8
557
625
133
-315
-156
451
955
959
443
-133
-146
464
1009
868
229
-254
-353
-229
3
101
-171
-643
-942
-961
-836
-665
-579
-722
-970
-1105
-1008
-651
-228
-34
-172
-402
-417
-132
322
692
718
404
124
189
574
984
1103
816
301
62
351
813
978
756
373
104
153
525
899
959
682
350
325
615
911
1002
944
810
661
656
831
1012
1000
902
900
955
1047
1217
1253
889
464
545
970
1069
648
160
-99
-139
23
115
-250
-928
-1279
-1046
-754
-928
-1392
-1740
-1859
-1721
-1426
-1340
-1650
-1934
-1747
-1353
-1181
-1191
-1165
-1112
-1049
-856
-606
-492
-417
-244
-47
61
81
124
279
512
654
563
347
319
559
815
826
553
228
137
363
656
668
314
-141
-321
-162
11
-120
-463
-731
-856
-854
-727
-660
-816
-967
-890
-785
-814
-803
-583
-380
-358
-315
-212
-134
2
235
391
361
306
417
665
848
884
803
707
773
981
1134
1115
966
848
899
1067
1164
1098
946
823
799
907
1044
1010
866
768
705
691
725
745
686
584
553
539
485
486
569
598
533
464
302
12
-45
286
504
231
-226
-469
-465
-278
-52
-174
-782
-1342
-1288
-833
-632
-868
-1257
-1562
-1593
-1299
-970
-949
-1221
-1408
-1317
-1108
-935
-875
-900
-920
-889
-818
-711
-586
-529
-490
-380
-271
-261
-281
-140
66
136
113
114
204
372
521
564
501
463
543
651
665
532
344
239
250
297
213
-20
-279
-419
-407
-389
-451
-579
-704
-734
-721
-743
-760
-718
-615
-550
-540
-494
-382
-233
-75
49
109
140
264
509
747
857
849
839
927
1097
1273
1379
1371
1324
1327
1361
1372
1356
1329
1306
1253
1147
990
815
690
632
614
550
350
78
-120
-107
72
179
52
-216
-345
-209
23
206
320
272
49
-102
101
531
690
433
89
-102
-120
24
181
34
-459
-860
-822
-630
-671
-846
-994
-1202
-1418
-1420
-1273
-1269
-1412
-1448
-1391
-1423
-1463
-1335
-1099
-985
-990
-971
-900
-762
-555
-371
-311
-322
-266
-107
102
267
300
237
242
442
702
787
701
622
646
722
806
837
677
401
289
328
222
-34
-147
-145
-307
-580
-742
-816
-854
-767
-642
-748
-1025
-1061
-757
-413
-237
-236
-323
-360
-145
311
690
763
661
629
763
1018
1284
1431
1389
1250
1215
1301
1383
1404
1401
1343
1172
972
867
865
854
786
653
421
197
138
217
229
67
-171
-336
-332
-187
-80
-174
-397
-535
-458
-188
80
137
3
-124
-58
188
370
372
294
266
343
436
425
301
160
149
240
187
-114
-448
-541
-465
-462
-615
-882
-1139
-1245
-1156
-1029
-1072
-1254
-1406
-1415
-1314
-1247
-1226
-1193
-1173
-1152
-1108
-998
-855
-762
-649
-478
-369
-375
-353
-180
55
229
333
374
389
476
667
802
773
689
694
773
843
826
669
476
412
475
486
353
117
-133
-267
-232
-168
-247
-460
-644
-703
-686
-634
-583
-571
-554
-504
-438
-362
-247
-97
43
163
266
300
306
387
549
699
761
783
821
873
929
962
937
909
942
967
917
844
772
709
679
662
596
450
298
206
170
182
215
175
26
-85
-81
-20
45
73
86
90
110
144
207
294
353
411
480
579
602
469
380
452
594
622
524
361
124
-35
-12
31
-113
-380
-613
-780
-895
-977
-1075
-1238
-1417
-1496
-1473
-1493
-1579
-1621
-1578
-1471
-1381
-1361
-1358
-1285
-1080
-834
-698
-636
-555
-416
-189
54
189
193
236
444
715
842
785
706
692
775
953
1047
930
702
558
565
601
545
410
206
-34
-209
-291
-350
-460
-609
-755
-904
-1056
-1118
-1056
-993
-1023
-1077
-1062
-950
-782
-626
-491
-375
-237
-22
233
454
577
662
807
1034
1253
1325
1301
1299
1327
1390
1489
1540
1452
1253
1125
1133
1132
1029
885
774
620
436
328
283
205
75
-3
-103
-306
-453
-408
-278
-294
-417
-473
-469
-438
-348
-188
-104
-150
-140
8
189
304
398
467
481
520
652
802
830
749
658
622
658
702
654
448
183
20
-33
-79
-212
-425
-648
-812
-897
-977
-1095
-1211
-1295
-1347
-1394
-1420
-1413
-1426
-1416
-1335
-1224
-1165
-1143
-1066
-963
-870
-746
-587
-454
-387
-334
-256
-159
-31
136
270
275
207
195
258
355
431
408
318
255
229
243
255
238
205
128
53
8
-53
-101
-93
-64
-83
-149
-216
-238
-182
-81
3
15
-42
-44
75
252
382
396
360
367
466
622
714
696
636
618
660
691
667
609
556
541
533
480
359
267
288
327
280
159
61
26
49
129
163
105
45
44
99
188
276
312
294
288
345
442
530
602
639
634
647
684
712
750
794
812
787
760
750
719
666
624
595
539
428
265
110
25
-26
-126
-311
-553
-781
-934
-988
-1017
-1144
-1348
-1520
-1598
-1601
-1589
-1606
-1668
-1722
-1693
-1573
-1470
-1442
-1408
-1332
-1232
-1072
-903
-781
-707
-606
-448
-316
-201
-59
100
218
279
348
413
464
544
637
670
623
592
639
689
673
601
499
425
414
414
372
238
50
-61
-75
-41
-72
-241
-429
-527
-506
-436
-401
-428
-523
-571
-477
-312
-179
-118
-93
-54
50
203
352
489
607
687
715
739
807
914
1043
1134
1145
1075
990
980
1051
1123
1090
953
777
658
643
680
678
573
405
288
264
278
238
152
91
66
42
23
-1
-61
-94
-50
12
8
-57
-75
-25
53
118
113
67
65
142
227
253
207
116
62
107
174
142
2
-136
-201
-227
-262
-367
-540
-689
-730
-716
-773
-926
-1083
-1139
-1093
-1036
-1066
-1178
-1262
-1236
-1128
-1012
-970
-1025
-1059
-975
-819
-704
-659
-634
-595
-520
-420
-332
-281
-251
-176
-97
-75
-63
-35
8
58
113
162
157
117
112
163
227
275
300
273
239
267
349
420
425
412
411
395
407
467
521
491
440
452
476
482
484
503
512
484
497
545
544
501
495
514
531
541
539
514
457
417
436
458
440
387
310
249
247
279
271
192
91
32
37
71
102
95
27
-52
-58
19
100
134
109
73
65
92
184
255
243
232
237
244
271
308
340
345
352
371
374
355
337
353
372
352
271
157
87
59
32
-33
-155
-295
-417
-518
-610
-696
-792
-915
-1007
-1075
-1159
-1240
-1287
-1302
-1318
-1309
-1291
-1295
-1287
-1238
-1154
-1073
-991
-917
-849
-769
-667
-518
-385
-279
-200
-160
-74
27
127
218
254
295
323
337
370
392
414
446
465
434
377
346
353
355
343
318
260
192
153
170
181
161
143
133
127
115
120
152
183
193
193
225
266
287
306
342
397
441
463
495
540
554
543
564
603
615
608
620
609
590
599
610
603
530
453
430
421
406
359
295
238
201
207
203
171
113
27
-14
-25
-29
-36
-74
-133
-206
-239
-207
-175
-192
-242
-287
-294
-255
-201
-158
-159
-177
-153
-109
-66
-21
14
15
-12
-32
-28
-14
-25
-46
-82
-113
-139
-187
-221
-251
-308
-369
-411
-441
-479
-522
-549
-574
-630
-666
-652
-650
-674
-710
-739
-738
-709
-656
-619
-637
-663
-628
-540
-461
-399
-355
-354
-352
-300
-193
-79
-13
0
-15
-19
42
147
216
225
192
158
148
187
249
273
264
256
269
321
373
387
406
452
515
568
607
642
664
707
759
792
805
778
757
755
743
737
724
677
635
590
532
478
414
357
301
228
143
52
-19
-52
-74
-127
-205
-281
-327
-329
-328
-334
-348
-388
-398
-350
-276
-219
-214
-206
-170
-115
-41
27
64
83
103
147
205
262
321
344
327
321
336
364
382
367
325
256
195
179
170
128
48
-30
-100
-175
-227
-281
-361
-452
-516
-550
-623
-708
-761
-793
-809
-848
-882
-904
-944
-944
-902
-866
-854
-862
-818
-735
-663
-599
-563
-539
-487
-385
-274
-206
-152
-109
-51
66
174
222
231
249
310
378
429
449
435
420
427
458
479
456
407
362
328
305
301
293
267
223
185
179
190
196
212
245
243
209
186
225
290
320
338
335
334
366
432
488
476
436
433
453
476
491
475
439
415
397
367
346
319
276
238
193
132
71
35
37
31
-2
-52
-89
-103
-100
-74
-67
-93
-120
-129
-92
-38
-5
3
-10
-18
-11
27
67
59
37
5
2
27
19
4
-33
-72
-100
-133
-166
-224
-275
-296
-325
-357
-413
-464
-473
-463
-456
-483
-526
-561
-552
-502
-463
-468
-493
-479
-424
-373
-348
-334
-323
-294
-233
-180
-173
-193
-199
-162
-94
-44
-45
-84
-117
-115
-76
-39
-39
-65
-89
-96
-78
-51
-44
-43
-36
-54
-63
-57
-54
-29
2
22
33
12
4
60
148
205
204
188
204
248
316
388
418
402
393
431
481
510
506
496
496
498
519
540
533
499
463
472
483
462
426
377
339
323
308
273
234
196
162
137
103
58
17
-7
-4
-18
-64
-112
-135
-122
-94
-108
-141
-171
-194
-175
-141
-132
-145
-153
-130
-89
-50
-33
-34
-32
-16
27
59
57
42
13
10
25
41
38
2
-44
-104
-140
-147
-152
-158
-198
-273
-357
-396
-372
-349
-345
-380
-456
-488
-454
-390
-355
-370
-394
-400
-371
-318
-273
-242
-239
-232
-204
-172
-145
-127
-99
-66
-44
-22
-21
-17
2
20
62
81
66
54
48
66
83
88
98
97
72
47
38
44
53
70
89
90
73
67
90
134
161
173
169
177
203
216
229
250
241
230
246
248
238
226
224
214
188
192
211
205
177
171
192
203
196
200
216
204
197
197
185
176
180
200
193
158
142
140
142
145
139
117
83
60
77
94
87
71
35
-1
-15
-9
-14
-33
-60
-88
-113
-139
-157
-173
-190
-186
-195
-219
-252
-299
-318
-303
-280
-274
-288
-324
-347
-336
-309
-280
-266
-274
-289
-282
-263
-232
-207
-185
-154
-123
-107
-104
-90
-48
13
51
73
70
57
87
138
185
204
172
148
153
159
179
182
142
105
73
63
50
12
-20
-55
-91
-112
-140
-178
-197
-209
-204
-209
-235
-244
-246
-221
-178
-165
-157
-150
-115
-67
-28
18
44
78
140
179
215
246
262
293
345
397
422
420
405
407
409
413
416
402
400
378
330
306
291
267
256
249
226
187
140
99
81
71
55
27
-3
-31
-53
-70
-91
-97
-111
-132
-145
-171
-199
-201
-187
-192
-209
-234
-252
-247
-242
-250
-270
-290
-302
-285
-242
-206
-203
-204
-176
-143
-101
-62
-34
-5
18
45
79
123
153
155
166
176
182
200
219
223
189
148
129
124
120
113
69
9
-38
-90
-109
-115
-149
-204
-265
-303
-328
-330
-306
-297
-311
-334
-352
-332
-286
-247
-224
-209
-198
-169
-116
-62
-18
0
10
36
69
101
134
150
138
127
142
172
201
213
200
181
167
172
191
193
169
150
144
143
159
163
139
127
124
119
125
120
91
53
43
66
91
103
77
40
25
25
50
71
67
44
10
-15
-14
-3
14
30
20
0
-29
-41
-18
1
17
4
-36
-64
-57
-18
15
22
13
-3
-9
14
56
70
77
84
62
44
51
68
76
62
35
-1
-46
-77
-87
-90
-105
-131
-160
-181
-202
-213
-203
-207
-214
-219
-216
-220
-237
-235
-221
-203
-176
-168
-175
-164
-148
-129
-103
-84
-62
-30
-16
-8
13
36
63
75
85
99
107
113
125
134
124
127
135
134
139
115
89
80
66
68
65
32
-8
-43
-61
-63
-67
-74
-86
-107
-120
-128
-122
-102
-90
-83
-70
-65
-60
-40
-12
32
65
74
84
93
122
175
210
227
223
203
205
234
267
286
288
266
244
238
243
261
253
228
207
182
153
131
118
117
111
90
59
11
-31
-49
-43
-47
-74
-114
-154
-171
-173
-162
-164
-176
-170
-175
-171
-171
-182
-183
-170
-146
-129
-132
-151
-152
-134
-106
-76
-89
-114
-124
-119
-80
-45
-33
-37
-54
-65
-40
0
16
23
2
-27
-25
-5
27
51
42
25
-3
-17
1
6
4
-11
-46
-78
-94
-96
-95
-103
-125
-144
-153
-152
-153
-155
-159
-170
-162
-135
-108
-98
-92
-78
-65
-43
-13
11
33
46
49
60
86
104
128
162
168
163
158
165
178
195
197
179
149
121
123
149
173
164
130
94
83
104
123
134
119
86
67
69
85
106
116
113
105
93
81
81
90
106
113
106
80
46
38
43
51
47
34
21
-5
-18
-24
-35
-40
-33
-32
-41
-69
-94
-85
-58
-22
-16
-32
-45
-59
-43
5
47
61
51
32
30
47
62
76
78
56
22
-8
-30
-43
-30
-32
-59
-98
-146
-174
-172
-167
-175
-203
-241
-270
-276
-254
-240
-236
-233
-225
-208
-195
-182
-171
-143
-108
-74
-44
-28
-20
-5
42
89
126
140
144
144
136
146
150
159
168
161
145
106
72
55
42
43
33
-17
-70
-117
-134
-123
-111
-105
-122
-147
-159
-144
-126
-102
-82
-72
-61
-63
-36
-7
19
55
79
98
99
99
116
141
169
191
203
186
165
173
189
203
213
195
162
127
102
102
110
118
125
107
82
53
33
40
69
87
77
46
3
-16
5
43
68
60
29
1
-8
0
3
-1
1
-7
-32
-55
-62
-56
-52
-47
-52
-82
-117
-137
-148
-144
-145
-153
-165
-183
-189
-175
-152
-141
-136
-141
-133
-118
-113
-75
-33
-7
16
28
44
68
95
129
161
172
165
165
171
173
175
175
160
145
122
101
79
45
23
11
-12
-49
-84
-105
-117
-125
-131
-138
-156
-182
-208
-219
-210
-191
-183
-172
-160
-170
-164
-135
-99
-65
-46
-32
-15
-3
19
68
106
123
145
162
179
200
203
201
212
215
212
224
218
185
156
120
102
97
83
54
12
-21
-45
-61
-64
-82
-104
-118
-133
-125
-110
-109
-111
-113
-127
-130
-106
-87
-63
-50
-57
-72
-78
-54
-23
10
30
19
4
-8
2
31
53
55
33
26
26
19
38
49
48
44
30
26
30
37
34
24
24
32
34
23
20
18
24
34
34
30
15
9
-5
-7
11
20
26
18
4
-4
-11
-10
-4
-8
-15
-22
-31
-33
-27
-28
-25
-23
-46
-49
-35
-29
-16
-3
0
-1
19
40
54
77
87
88
97
108
118
118
117
130
143
147
146
128
101
84
78
66
64
49
16
-2
-24
-39
-26
-24
-36
-61
-98
-130
-155
-153
-136
-137
-147
-179
-203
-190
-174
-159
-159
-176
-177
-178
-156
-124
-111
-86
-71
-58
-33
-21
-10
16
42
76
98
95
98
107
132
162
189
193
184
164
151
145
136
137
123
106
90
67
43
29
13
-10
-41
-83
-115
-143
-149
-151
-162
-167
-200
-233
-239
-223
-198
-184
-173
-172
-171
-150
-130
-83
-33
-10
21
38
55
86
114
144
171
204
216
220
229
238
249
261
263
255
247
224
205
195
180
163
143
114
78
50
18
-3
-12
-41
-70
-102
-124
-127
-125
-118
-130
-142
-150
-170
-152
-119
-112
-94
-82
-90
-83
-76
-67
-43
-23
-9
-10
-21
-16
-3
15
28
35
33
26
26
29
30
21
19
25
27
46
45
32
34
32
41
50
49
36
28
38
45
62
76
56
33
17
-3
-5
-2
-7
-15
-22
-43
-63
-66
-70
-61
-51
-68
-100
-127
-134
-129
-105
-94
-109
-125
-139
-133
-111
-73
-53
-57
-62
-58
-40
-13
17
37
58
79
80
73
81
106
130
162
173
156
138
137
162
189
200
191
153
109
82
81
80
73
53
2
-41
-68
-95
-92
-85
-102
-137
-176
-201
-206
-190
-165
-172
-195
-198
-189
-172
-148
-122
-124
-132
-116
-110
-83
-38
-20
-4
20
40
55
82
113
133
153
167
176
187
204
210
213
212
193
180
169
158
139
106
74
47
26
-2
-30
-64
-99
-126
-149
-158
-167
-182
-191
-202
-211
-211
-206
-202
-189
-168
-161
-150
-136
-127
-88
-47
-20
12
39
47
75
111
144
177
186
192
198
208
222
230
250
247
235
230
212
207
211
203
190
167
117
86
63
54
50
7
-37
-82
-112
-117
-115
-117
-141
-169
-199
-216
-194
-176
-165
-155
-168
-174
-170
-163
-132
-108
-89
-90
-104
-91
-73
-50
-12
3
4
1
-4
21
54
77
93
94
87
82
91
99
126
144
132
131
112
100
120
126
130
121
93
56
27
17
7
7
-14
-54
-81
-97
-107
-122
-132
-148
-168
-176
-186
-187
-190
-194
-189
-188
-196
-190
-176
-162
-136
-116
-101
-76
-63
-48
-27
-3
25
43
78
105
122
144
149
174
201
235
261
254
243
229
213
216
232
216
196
176
127
99
95
75
55
34
7
-31
-49
-51
-64
-67
-79
-109
-134
-154
-163
-155
-147
-146
-150
-163
-161
-155
-139
-110
-87
-66
-58
-51
-39
-25
1
32
49
59
62
63
72
87
106
117
127
132
122
121
132
139
147
147
129
105
73
70
69
64
61
28
-9
-32
-44
-44
-46
-52
-80
-106
-120
-137
-136
-132
-139
-147
-161
-174
-173
-171
-161
-146
-139
-136
-132
-119
-106
-84
-57
-38
-20
-8
-5
8
36
67
89
108
129
133
143
154
159
173
184
183
167
153
138
121
117
113
105
85
54
23
-2
-9
-17
-34
-53
-77
-93
-109
-112
-113
-123
-126
-139
-152
-155
-158
-148
-129
-119
-110
-102
-94
-79
-53
-27
-5
16
23
31
46
74
97
125
156
156
158
163
162
166
190
197
178
166
145
131
136
131
115
94
65
31
2
-15
-28
-38
-53
-76
-89
-120
-145
-149
-153
-148
-146
-165
-174
-179
-185
-169
-156
-143
-137
-132
-121
-98
-65
-49
-16
2
3
24
36
57
89
129
138
134
131
116
132
151
167
173
158
139
118
114
113
112
96
74
58
29
12
4
-16
-33
-46
-70
-92
-113
-120
-117
-110
-104
-125
-140
-147
-144
-122
-112
-101
-101
-108
-107
-98
-74
-52
-37
-25
-22
-14
3
15
32
63
75
71
79
72
86
116
125
132
118
107
110
109
119
127
115
95
88
68
59
72
62
43
27
9
-9
-11
-17
-21
-14
-24
-31
-49
-57
-52
-59
-63
-75
-88
-91
-96
-94
-95
-96
-90
-86
-88
-79
-58
-47
-42
-25
-15
-9
5
14
21
34
48
50
52
62
67
71
77
79
81
92
105
108
107
100
97
95
92
85
76
62
44
36
21
12
2
-24
-51
-79
-99
-113
-124
-129
-133
-145
-162
-177
-187
-182
-153
-154
-155
-142
-150
-134
-106
-88
-56
-37
-33
-21
-4
22
60
82
94
110
107
120
144
158
184
193
192
183
167
161
154
149
143
124
91
62
33
13
6
-9
-30
-63
-90
-105
-115
-108
-114
-121
-132
-150
-159
-166
-158
-145
-128
-120
-134
-128
-114
-94
-51
-18
-3
16
26
38
68
101
128
135
139
139
131
142
154
163
157
150
138
114
117
118
108
107
102
93
79
73
61
41
30
16
-3
-17
-30
-54
-71
-73
-84
-96
-113
-125
-141
-147
-138
-139
-121
-117
-129
-131
-137
-122
-108
-96
-78
-76
-70
-59
-44
-18
-2
14
31
29
33
49
62
86
108
114
118
116
116
126
122
130
139
122
107
93
67
58
52
40
30
18
-2
-25
-35
-32
-34
-42
-56
-71
-86
-84
-79
-80
-78
-92
-104
-115
-129
-117
-109
-101
-88
-93
-96
-86
-68
-58
-41
-21
-24
-19
-15
-12
8
28
42
42
38
46
49
58
88
98
102
113
106
112
125
136
143
145
151
146
145
137
127
120
106
95
83
62
37
22
2
-19
-28
-65
-84
-105
-146
-160
-165
-168
-171
-179
-193
-201
-193
-195
-179
-155
-141
-129
-118
-90
-61
-30
6
31
53
73
92
116
150
185
193
201
204
201
208
206
202
198
186
165
139
119
102
77
52
34
14
-16
-45
-62
-90
-92
-104
-134
-147
-176
-196
-205
-197
-182
-176
-178
-181
-173
-159
-135
-111
-87
-64
-52
-39
-18
-1
22
41
53
70
74
74
76
91
115
114
112
101
85
88
93
101
108
112
92
69
70
58
60
57
46
33
17
1
-18
-9
-9
-16
-28
-53
-65
-76
-73
-60
-55
-58
-72
-86
-99
-91
-77
-73
-62
-65
-75
-78
-75
-57
-39
-26
-21
-23
-18
-7
7
36
61
65
60
51
47
65
86
100
106
103
92
78
86
89
85
88
74
60
59
56
55
51
45
30
8
-2
-17
-25
-23
-30
-39
-53
-66
-80
-93
-90
-91
-92
-84
-93
-105
-112
-118
-105
-98
-88
-88
-102
-86
-76
-66
-49
-43
-31
-27
-9
8
22
48
64
69
94
111
114
125
124
134
151
160
164
154
150
137
125
119
111
102
81
54
24
6
-4
-13
-26
-48
-77
-104
-125
-130
-131
-138
-147
-169
-190
-188
-181
-164
-143
-138
-129
-113
-93
-67
-33
-10
18
38
45
62
75
96
118
131
140
132
127
114
119
138
139
148
131
108
98
85
85
77
71
53
25
11
-10
-19
-21
-34
-48
-69
-88
-98
-105
-103
-106
-103
-108
-122
-117
-116
-109
-94
-91
-84
-82
-82
-79
-71
-55
-40
-35
-31
-33
-31
-20
-8
11
23
31
38
36
51
69
82
101
106
109
118
119
116
121
122
112
108
90
74
63
46
38
25
10
-4
-27
-45
-56
-66
-61
-65
-76
-89
-105
-112
-114
-104
-96
-90
-90
-107
-104
-92
-67
-42
-31
-24
-21
-5
6
26
50
52
66
59
49
60
70
80
84
83
83
72
68
69
71
85
85
72
56
45
42
40
47
46
29
22
7
-3
9
14
19
12
-11
-25
-27
-27
-27
-35
-50
-59
-71
-78
-88
-87
-85
-96
-101
-103
-107
-96
-89
-92
-78
-62
-53
-51
-40
-28
-17
9
26
41
63
70
80
97
114
134
147
153
148
147
138
136
139
126
117
98
76
57
41
30
16
0
-34
-63
-81
-109
-112
-128
-145
-140
-157
-166
-170
-179
-167
-150
-139
-128
-119
-111
-100
-75
-39
-12
9
19
27
46
71
98
109
115
113
101
102
110
121
126
129
121
104
101
95
92
97
83
65
48
30
17
7
-4
-11
-28
-47
-64
-80
-81
-78
-79
-81
-92
-96
-98
-103
-91
-87
-86
-77
-82
-83
-72
-62
-54
-51
-45
-41
-32
-16
-7
6
19
27
41
48
61
80
77
89
104
113
129
132
122
115
111
107
100
98
95
74
59
46
27
25
21
7
-12
-33
-45
-50
-52
-54
-67
-81
-90
-98
-104
-97
-91
-94
-97
-102
-99
-95
-83
-70
-62
-41
-22
-11
-5
17
30
44
59
54
60
63
60
66
71
75
72
65
50
51
58
57
63
58
45
48
43
36
41
38
34
24
11
-1
-2
-6
-18
-27
-40
-49
-53
-58
-62
-61
-61
-67
-70
-70
-75
-81
-84
-90
-87
-80
-71
-64
-64
-55
-50
-43
-27
-17
-11
6
17
16
30
44
62
70
71
74
75
83
90
94
101
100
89
76
62
69
72
65
52
32
20
1
-2
-5
-13
-18
-45
-61
-61
-65
-58
-62
-77
-84
-96
-94
-85
-78
-63
-67
-59
-51
-53
-33
-21
-20
-9
-10
-5
10
15
23
22
28
38
39
43
41
54
61
66
75
72
76
79
71
75
85
85
79
78
71
55
43
33
15
1
2
-16
-28
-26
-45
-57
-61
-71
-78
-81
-83
-89
-93
-97
-100
-96
-93
-92
-98
-98
-81
-67
-53
-32
-14
-9
-4
18
34
57
82
90
97
105
118
128
128
135
122
102
98
85
74
68
51
40
21
-3
-15
-32
-35
-33
-48
-60
-69
-76
-88
-92
-81
-88
-93
-92
-91
-78
-65
-51
-41
-43
-23
-13
-8
18
28
35
47
47
56
58
62
64
45
45
39
32
38
29
16
3
-5
-9
-12
-7
-10
-11
-14
-21
-15
-5
0
3
-1
-3
-3
6
19
25
27
29
31
20
31
38
40
50
40
29
22
18
17
14
12
1
-17
-29
-43
-48
-47
-50
-54
-75
-77
-77
-86
-69
-62
-60
-54
-52
-45
-30
-6
19
29
37
41
36
53
72
76
87
91
80
74
76
77
76
79
76
64
52
46
42
32
23
11
-9
-26
-44
-51
-58
-62
-66
-86
-104
-106
-110
-108
-92
-91
-89
-83
-82
-67
-55
-34
-20
-19
-12
-7
2
6
19
35
35
44
49
59
62
69
86
80
84
89
73
74
76
66
58
48
36
24
9
-5
-10
-9
-13
-17
-34
-42
-45
-56
-53
-56
-52
-58
-74
-65
-65
-58
-44
-42
-40
-49
-40
-32
-29
-7
-1
1
3
9
13
20
39
41
42
44
41
44
53
55
50
53
54
41
41
41
39
51
39
32
22
3
9
0
4
14
8
16
2
-9
-2
-12
-4
-9
-25
-10
-17
-23
-14
-16
-16
-23
-26
-39
-40
-22
-23
-18
-23
-26
-31
-42
-31
-25
-24
-18
-19
-24
-17
-13
-9
-8
-6
3
-3
11
24
13
25
30
33
33
34
39
34
46
45
38
45
39
39
37
22
25
29
22
20
17
15
5
0
1
-8
-3
-5
-24
-28
-33
-43
-41
-45
-54
-57
-64
-73
-71
-69
-59
-55
-59
-52
-54
-50
-42
-35
-23
-20
-23
-14
-8
4
17
23
39
44
41
53
64
72
87
93
85
92
99
90
95
101
98
92
73
59
50
38
31
21
3
-13
-33
-59
-71
-72
-89
-98
-103
-115
-124
-129
-123
-120
-119
-116
-119
-111
-95
-81
-61
-47
-34
-20
-16
11
37
55
73
85
97
112
122
131
139
143
143
140
135
128
118
100
88
70
52
35
18
3
-18
-37
-51
-66
-82
-94
-103
-105
-111
-113
-107
-111
-109
-105
-110
-105
-92
-88
-77
-60
-51
-40
-27
-23
-2
15
19
37
48
48
65
67
65
79
75
67
65
61
62
60
61
63
52
44
38
29
34
31
30
23
12
14
8
5
5
-1
-14
-17
-22
-26
-18
-25
-27
-34
-50
-54
-51
-50
-55
-50
-60
-64
-57
-68
-63
-57
-63
-63
-62
-55
-49
-36
-32
-29
-21
-21
-8
3
16
33
41
52
56
58
74
93
97
98
105
100
107
107
99
104
101
84
71
67
59
53
43
19
-2
-14
-33
-48
-50
-61
-74
-86
-101
-111
-118
-124
-124
-133
-141
-140
-141
-137
-121
-113
-104
-86
-76
-64
-44
-23
-1
21
36
53
70
79
102
113
117
134
135
132
135
138
142
142
142
124
111
110
91
79
74
53
37
23
-1
-14
-29
-43
-52
-81
-100
-109
-121
-134
-136
-139
-149
-138
-134
-139
-127
-121
-119
-112
-99
-88
-72
-53
-44
-36
-21
0
17
24
38
56
67
86
93
100
120
120
118
115
119
132
136
134
135
135
123
108
95
87
74
59
36
15
2
-18
-27
-39
-54
-77
-100
-111
-123
-132
-136
-135
-143
-147
-155
-149
-139
-135
-122
-125
-128
-107
-101
-92
-54
-35
-27
-7
3
18
48
69
86
100
114
125
135
149
153
162
157
142
142
132
127
127
114
103
88
71
58
36
25
22
-12
-30
-35
-61
-68
-72
-90
-100
-116
-133
-133
-141
-142
-134
-141
-138
-125
-123
-110
-94
-95
-83
-72
-67
-50
-32
-10
2
15
31
53
70
81
106
118
119
132
136
148
165
154
147
154
142
139
135
125
117
104
88
69
62
46
27
9
-16
-31
-52
-69
-84
-91
-100
-121
-123
-137
-154
-151
-158
-163
-154
-151
-150
-132
-117
-113
-92
-74
-62
-43
-29
-10
15
40
53
66
85
97
107
121
130
137
148
150
146
151
159
156
143
132
120
106
97
82
63
54
43
20
0
-17
-37
-53
-69
-89
-102
-112
-124
-128
-140
-145
-140
-149
-157
-158
-150
-144
-139
-132
-117
-103
-88
-71
-58
-34
-9
-3
14
39
46
64
88
100
112
121
131
134
142
144
150
150
148
149
135
135
131
109
101
85
58
47
29
9
0
-13
-29
-50
-67
-82
-99
-103
-109
-124
-129
-137
-143
-135
-137
-136
-133
-129
-123
-119
-108
-83
-66
-59
-37
-21
-12
4
23
36
53
68
82
96
110
127
130
140
145
140
145
148
152
155
151
144
135
118
103
84
66
55
40
24
-2
-20
-35
-56
-71
-94
-100
-115
-137
-139
-146
-149
-147
-152
-154
-155
-146
-138
-129
-113
-105
-90
-74
-59
-39
-15
12
33
48
63
87
103
115
131
145
152
157
163
162
156
153
142
133
125
106
102
87
72
60
39
24
9
-11
-33
-45
-57
-74
-84
-99
-109
-112
-121
-132
-137
-133
-124
-127
-127
-121
-103
-95
-89
-68
-64
-56
-48
-46
-29
-8
14
27
40
49
51
63
66
76
88
96
99
93
107
110
114
122
114
110
108
94
90
95
81
70
55
38
28
7
-1
-7
-25
-44
-62
-79
-91
-101
-105
-115
-124
-125
-144
-149
-143
-145
-136
-132
-122
-119
-108
-91
-86
-64
-45
-39
-16
2
17
45
61
82
104
106
120
134
141
156
159
156
164
156
138
135
128
112
99
87
68
47
31
5
-7
-20
-39
-51
-73
-85
-97
-115
-119
-122
-129
-135
-134
-142
-149
-141
-136
-129
-120
-109
-97
-87
-67
-47
-40
-23
-5
4
13
38
62
74
90
96
104
113
119
117
126
139
133
131
129
124
134
128
114
117
103
82
69
57
38
26
18
-6
-18
-24
-43
-59
-74
-90
-109
-125
-131
-140
-141
-147
-154
-142
-145
-142
-134
-124
-111
-97
-92
-71
-43
-34
-14
1
16
40
55
71
94
110
118
135
141
154
164
168
173
162
160
153
139
133
128
114
94
77
55
32
17
-10
-23
-31
-60
-81
-90
-107
-114
-124
-146
-149
-152
-155
-150
-141
-130
-123
-120
-124
-115
-103
-89
-62
-51
-39
-17
-5
11
33
57
71
85
91
89
104
113
122
130
128
132
123
117
118
110
107
103
89
79
75
57
45
41
16
-1
-20
-35
-40
-53
-59
-76
-87
-96
-117
-119
-120
-116
-108
-113
-117
-107
-96
-102
-94
-83
-78
-66
-52
-48
-30
-10
0
13
11
30
51
50
72
83
85
95
101
106
108
109
109
103
102
98
89
86
87
75
57
47
34
29
14
-6
-14
-27
-41
-49
-56
-62
-70
-78
-95
-111
-109
-107
-104
-104
-108
-97
-94
-101
-95
-85
-67
-57
-54
-43
-27
-9
-1
11
26
34
49
63
70
86
102
105
108
111
109
109
117
112
97
93
88
74
67
58
59
49
30
14
-6
-18
-38
-49
-53
-59
-64
-83
-94
-100
-100
-111
-116
-103
-105
-102
-96
-90
-74
-64
-57
-51
-43
-30
-22
-6
13
24
40
44
45
64
71
81
92
90
91
94
90
84
85
91
84
70
67
59
55
51
42
32
24
14
-7
-14
-14
-25
-39
-49
-46
-63
-72
-68
-71
-76
-81
-86
-92
-91
-86
-76
-72
-63
-53
-57
-55
-43
-35
-26
-10
-1
9
13
24
27
30
50
50
56
66
72
88
80
79
84
79
77
75
72
67
59
52
44
24
15
11
3
-6
-18
-26
-43
-49
-53
-69
-75
-71
-74
-81
-81
-74
-84
-78
-64
-70
-68
-60
-57
-52
-38
-35
-31
-12
0
9
20
31
36
43
46
46
48
52
58
58
56
58
53
52
57
54
42
47
39
26
29
18
16
10
4
7
-13
-13
-12
-19
-15
-24
-35
-37
-40
-50
-50
-38
-39
-40
-41
-39
-36
-43
-38
-32
-24
-20
-25
-25
-14
-8
-14
-11
-7
3
10
11
24
24
28
30
25
33
32
45
53
45
50
42
37
39
33
40
41
40
26
21
21
15
9
3
7
1
-5
-19
-23
-9
-23
-31
-23
-31
-37
-37
-39
-37
-42
-41
-44
-41
-30
-31
-29
-25
-20
-21
-18
-9
-2
9
10
6
13
11
12
25
30
27
33
34
30
35
35
29
37
41
42
36
30
40
41
37
25
18
17
9
4
2
-10
-7
-6
-17
-24
-30
-28
-28
-35
-35
-35
-46
-43
-34
-46
-44
-41
-47
-43
-38
-36
-27
-24
-20
-9
-18
-15
-7
1
15
14
28
27
30
45
36
42
51
49
47
41
46
40
33
