7
10
7
3
1
-7
-20
-10
3
3
-3
-7
1
7
13
15
16
19
12
11
16
8
1
-7
-8
4
1
3
25
20
18
22
5
0
2
-9
-18
-8
-13
-15
-11
-8
5
17
16
15
12
3
3
0
-6
-8
-11
-6
-8
-11
-10
-7
-3
3
3
8
16
21
18
5
-2
-5
-12
-13
-12
-7
1
-5
0
10
3
1
-5
-5
7
-1
-8
-13
-21
-6
-6
-9
-5
-1
4
5
1
1
5
3
-1
-11
-24
-24
-25
-21
0
8
2
12
8
4
10
9
2
-6
-4
-7
-2
-1
-8
0
6
15
15
11
17
13
2
5
11
11
0
-1
3
0
0
-3
-8
2
1
-6
2
-1
-7
-4
-14
-19
-16
-14
-11
-4
-5
-7
-2
2
-4
-5
-3
-8
-10
-8
-2
1
-13
-18
-11
-6
-1
-10
-6
-2
-14
-25
-18
-12
-19
-10
-3
-12
-5
-1
-7
-12
-9
3
1
8
7
-11
-6
-4
-1
-1
-4
0
-1
2
5
0
7
12
9
5
6
9
2
5
5
1
6
11
16
10
9
17
16
13
7
7
18
11
8
8
6
13
13
13
9
7
10
6
7
1
-3
6
0
-10
-2
0
-1
6
4
4
6
0
-1
-7
-2
-1
-8
1
-5
-16
-10
-8
-12
-11
-5
-2
0
6
10
7
-7
-20
-14
-20
-17
-11
-10
-5
-8
-13
-11
-4
-7
-14
-12
-4
-5
-15
-16
-9
-5
-8
-11
-22
-19
-7
-10
-9
5
3
-6
-5
-3
-6
-10
-5
-7
-4
7
5
0
3
4
4
5
0
0
-2
-3
-2
-4
-4
-12
-2
7
-1
11
12
-3
-4
-5
-2
7
5
-2
3
-2
-5
-5
-1
13
12
13
18
12
18
19
14
22
12
9
8
5
2
-1
13
15
19
19
9
18
5
-10
-4
2
3
2
3
4
3
0
-1
4
7
5
6
7
-1
1
-1
-14
-12
-13
-14
-4
-4
6
5
-1
4
8
7
-2
-7
-3
-5
-11
-11
-8
-1
2
2
7
1
2
5
-8
-10
-10
-9
-9
-15
-10
-8
-11
-4
5
8
-9
-8
8
2
5
-1
-11
-10
-14
-18
-12
-5
-14
-21
-12
-7
-1
10
4
-6
-15
-16
-4
-6
-9
-3
-4
-2
-7
-8
1
3
3
-1
4
4
7
15
12
14
7
6
9
5
5
9
7
12
20
16
21
19
10
12
15
12
9
13
14
4
5
16
16
15
26
15
10
9
8
12
7
5
7
4
7
10
4
2
7
5
-4
-5
-1
2
2
0
1
1
3
-4
-7
1
-4
-7
1
-7
-12
-7
-13
-3
5
-2
-4
-4
-5
-6
-17
-18
-7
-15
-18
-15
-17
-19
-16
-7
0
1
2
0
-2
4
2
-5
-10
-7
-5
-5
8
2
7
11
1
-3
-2
5
2
10
6
-5
-3
4
12
-1
-2
9
4
2
9
10
11
14
15
12
7
5
3
-1
-8
-8
0
13
20
16
14
12
3
4
9
6
0
2
-2
-3
4
-1
-2
9
12
8
5
0
-1
0
-1
-3
-14
-7
11
16
10
7
17
15
6
6
6
4
7
0
-10
-5
5
5
-6
-8
5
5
1
5
3
8
5
-12
-15
-15
-13
-17
-11
1
-5
-1
-11
-11
-2
-12
-9
-10
-6
-1
-15
-17
-11
-10
-9
-7
-12
-3
4
-12
-10
-1
-3
-4
-10
-14
-17
-9
-2
-5
-12
-19
-14
6
6
6
6
3
7
-9
-18
-13
-13
-7
0
2
9
20
14
12
24
24
13
4
0
-1
-6
4
15
1
-10
4
10
8
15
11
15
17
9
8
7
-5
-12
-12
-13
-8
1
8
15
24
29
33
30
9
-2
-8
-11
-8
-7
-2
3
11
15
23
30
19
19
18
15
13
5
1
-13
-27
-32
-37
-21
7
22
41
49
39
21
-10
-35
-59
-77
-72
-53
-20
13
30
46
51
29
5
-23
-49
-44
-40
-37
-17
-13
-12
-2
-4
-12
-15
-17
-19
-14
-13
-1
4
0
-2
-16
-25
-18
-14
-24
-19
4
9
23
17
0
-5
-17
-21
-14
6
24
33
21
10
1
-22
-25
-14
3
17
22
27
31
33
28
18
12
-14
-33
-21
-11
4
21
22
25
26
18
5
-2
-5
-13
-7
6
3
3
4
-11
-12
-9
-4
-2
3
25
31
37
28
15
18
-3
-9
-15
-25
-20
-23
-18
-15
-12
4
28
48
57
52
31
-8
-40
-54
-75
-76
-46
-10
25
54
81
82
59
34
1
-34
-55
-72
-79
-67
-42
-12
10
34
46
49
56
47
25
10
-13
-39
-65
-83
-74
-57
-33
2
31
62
79
75
59
28
-19
-77
-108
-121
-122
-67
-10
24
54
78
81
57
36
16
-12
-27
-26
-16
-10
-12
-1
3
7
11
5
18
30
34
31
15
-3
-25
-41
-55
-66
-62
-34
4
33
59
67
71
69
51
26
-2
-18
-28
-35
-27
-22
-18
-8
1
19
20
35
58
51
45
36
17
-2
-22
-35
-39
-42
-24
8
25
36
37
29
24
10
-21
-43
-33
-36
-34
-18
-11
1
0
1
6
20
25
24
27
20
18
4
-8
-17
-37
-48
-52
-38
-19
-20
-8
10
12
21
36
43
45
38
25
2
-20
-36
-50
-61
-50
-24
6
37
63
73
53
23
-11
-51
-78
-92
-92
-71
-52
-9
37
66
88
81
84
78
55
33
5
-23
-36
-34
-46
-45
-26
-6
25
44
49
54
52
28
-6
-36
-65
-73
-61
-41
-11
20
54
76
86
78
46
22
3
-21
-32
-35
-40
-46
-46
-49
-47
-31
-15
8
42
64
83
84
58
27
-11
-36
-50
-60
-51
-35
5
27
40
49
39
33
5
-25
-40
-40
-41
-44
-30
-13
-10
-6
9
28
44
51
55
56
47
31
-9
-40
-55
-75
-67
-51
-33
-3
20
29
17
10
-1
-26
-36
-45
-36
-10
4
23
29
18
0
-8
-16
-41
-43
-42
-26
-4
5
8
7
-7
-22
-26
-46
-57
-37
-11
1
16
44
58
63
57
45
33
15
-2
-18
-31
-37
-34
-25
-14
9
18
20
35
34
19
14
9
1
-7
-16
-23
-21
-1
22
33
32
44
54
46
42
30
24
9
-22
-28
-33
-59
-60
-39
-41
-32
-5
18
34
41
45
26
-2
-19
-28
-35
-41
-35
-7
14
19
40
40
33
41
26
7
5
6
-8
-20
-19
-32
-42
-29
-28
-21
-4
6
14
14
1
-18
-43
-62
-72
-77
-72
-61
-26
-7
-4
1
-4
5
1
-5
2
3
12
12
9
10
-1
-8
-8
-6
1
8
21
25
21
13
4
-2
-5
-15
-16
-1
10
30
38
46
55
32
20
8
-16
-22
-33
-27
-34
-31
-11
-7
3
8
20
22
23
36
38
37
36
35
37
41
35
45
52
37
32
38
29
6
-6
-29
-49
-56
-73
-70
-63
-56
-38
-32
-25
-21
-28
-20
-17
-21
-18
-16
-17
-25
-4
12
6
8
7
-1
6
1
-19
-28
-37
-48
-56
-52
-70
-79
-74
-72
-75
-92
-97
-110
-128
-138
-158
-163
-159
-142
-112
-88
-41
1
29
74
98
109
120
116
110
110
89
75
70
60
61
56
59
63
73
86
98
111
114
132
147
157
164
174
188
193
199
206
218
220
217
226
234
242
236
222
205
181
159
128
89
46
6
-39
-78
-96
-110
-125
-123
-115
-128
-132
-127
-131
-145
-171
-188
-208
-232
-254
-276
-291
-316
-345
-386
-423
-449
-482
-501
-526
-529
-502
-479
-440
-388
-340
-291
-237
-187
-146
-98
-48
9
68
112
168
216
252
282
295
300
283
264
246
213
189
171
158
159
170
193
235
293
333
373
428
465
490
498
488
470
441
412
384
351
333
331
329
319
323
324
321
327
319
314
311
311
327
354
395
475
585
697
805
905
952
914
788
540
178
-275
-797
-1328
-1852
-2309
-2657
-2887
-2964
-2885
-2665
-2360
-1980
-1534
-1099
-711
-363
-59
163
332
469
569
677
789
935
1121
1296
1500
1680
1802
1880
1863
1747
1539
1265
928
547
159
-202
-508
-758
-925
-1001
-1017
-977
-898
-817
-747
-696
-681
-717
-798
-886
-995
-1090
-1120
-1100
-1011
-842
-593
-278
58
397
715
979
1164
1255
1253
1171
1007
787
555
332
135
-22
-107
-146
-143
-92
-41
15
50
46
23
-39
-117
-197
-267
-311
-307
-242
-136
40
260
485
730
972
1177
1323
1406
1449
1445
1403
1367
1350
1368
1428
1529
1657
1759
1805
1743
1523
1161
630
-57
-825
-1649
-2475
-3214
-3812
-4230
-4424
-4369
-4090
-3627
-3012
-2289
-1537
-821
-176
365
796
1097
1302
1445
1535
1632
1742
1882
2049
2213
2355
2449
2477
2398
2217
1916
1489
982
407
-200
-797
-1330
-1782
-2131
-2332
-2404
-2357
-2224
-2030
-1779
-1554
-1371
-1231
-1164
-1145
-1175
-1208
-1233
-1218
-1116
-961
-716
-384
-22
367
744
1081
1342
1493
1539
1465
1286
1038
757
476
222
15
-122
-180
-182
-123
-22
83
178
246
281
288
266
231
211
196
206
293
427
610
848
1111
1387
1629
1834
1996
2092
2124
2093
2038
1960
1875
1816
1767
1711
1637
1487
1205
806
260
-441
-1245
-2092
-2963
-3788
-4450
-4933
-5202
-5217
-4961
-4496
-3865
-3058
-2179
-1316
-491
258
895
1396
1791
2079
2282
2453
2601
2736
2856
2976
3068
3094
3052
2912
2656
2270
1752
1130
440
-280
-990
-1652
-2212
-2644
-2943
-3087
-3099
-2993
-2787
-2528
-2234
-1955
-1708
-1501
-1348
-1228
-1139
-1058
-948
-788
-600
-347
-26
312
669
1011
1294
1502
1630
1658
1576
1394
1134
842
544
254
-6
-208
-320
-366
-365
-321
-249
-180
-138
-103
-80
-76
-81
-73
-52
5
117
268
468
701
964
1246
1518
1785
2014
2172
2264
2298
2277
2203
2118
2044
1982
1954
1963
1964
1903
1754
1456
1003
350
-496
-1429
-2442
-3457
-4380
-5153
-5677
-5921
-5871
-5498
-4855
-4013
-2999
-1908
-844
157
1050
1772
2304
2683
2930
3064
3135
3184
3216
3242
3287
3335
3327
3250
3097
2808
2379
1829
1159
376
-446
-1260
-2043
-2727
-3279
-3673
-3896
-3947
-3830
-3586
-3252
-2853
-2438
-2047
-1700
-1415
-1181
-1006
-890
-754
-615
-466
-244
3
291
610
899
1159
1362
1479
1523
1460
1315
1129
881
631
398
161
-4
-97
-157
-165
-130
-81
-46
-26
-11
-20
-53
-97
-128
-130
-113
-42
102
271
493
776
1084
1396
1703
1972
2167
2314
2381
2370
2327
2244
2158
2098
2053
2040
2024
1972
1850
1569
1109
479
-338
-1288
-2319
-3374
-4364
-5178
-5749
-6062
-6047
-5690
-5048
-4181
-3142
-2002
-867
178
1090
1846
2403
2776
3027
3142
3173
3189
3191
3199
3196
3194
3153
3048
2882
2606
2205
1669
1012
257
-558
-1389
-2200
-2914
-3505
-3935
-4170
-4218
-4075
-3775
-3361
-2862
-2332
-1811
-1328
-921
-589
-345
-190
-83
1
67
155
303
487
703
964
1223
1455
1630
1723
1732
1633
1451
1204
900
577
253
-41
-286
-449
-558
-612
-588
-535
-471
-380
-289
-236
-200
-169
-161
-155
-142
-94
-7
126
329
572
851
1160
1474
1769
2010
2185
2289
2317
2291
2240
2167
2097
2047
1998
1941
1843
1649
1296
782
136
-686
-1622
-2587
-3546
-4421
-5108
-5546
-5713
-5565
-5107
-4406
-3519
-2482
-1362
-280
724
1613
2326
2870
3249
3491
3602
3624
3606
3540
3441
3325
3195
3012
2765
2461
2045
1530
931
238
-513
-1290
-2064
-2785
-3407
-3903
-4234
-4392
-4377
-4188
-3862
-3422
-2897
-2322
-1756
-1232
-747
-339
-5
253
445
602
720
830
939
1042
1144
1228
1283
1312
1290
1221
1121
962
769
570
355
144
-47
-201
-313
-393
-433
-451
-441
-413
-389
-357
-328
-322
-308
-284
-241
-176
-89
35
179
366
604
872
1157
1450
1735
1972
2165
2307
2346
2343
2289
2181
2092
2007
1948
1912
1874
1816
1678
1406
959
361
-401
-1312
-2274
-3243
-4176
-4959
-5499
-5784
-5767
-5430
-4809
-3973
-2962
-1824
-691
372
1337
2139
2747
3173
3428
3531
3512
3415
3285
3128
2945
2762
2570
2337
2067
1748
1339
850
281
-385
-1088
-1795
-2493
-3125
-3638
-4006
-4202
-4206
-4012
-3649
-3157
-2551
-1899
-1243
-636
-115
316
633
840
960
1032
1054
1047
1059
1103
1167
1215
1259
1280
1260
1197
1039
812
552
241
-81
-375
-633
-836
-957
-1002
-985
-896
-756
-606
-453
-321
-204
-101
-53
-32
-27
-29
-22
6
96
239
441
716
1026
1382
1745
2074
2370
2578
2685
2702
2623
2472
2277
2072
1886
1736
1623
1550
1491
1389
1191
846
366
-289
-1124
-2033
-2995
-3950
-4800
-5435
-5795
-5879
-5629
-5042
-4220
-3206
-2036
-841
289
1326
2206
2868
3310
3574
3659
3591
3416
3173
2911
2632
2346
2086
1815
1542
1258
913
509
31
-515
-1122
-1743
-2359
-2951
-3443
-3809
-4010
-4021
-3862
-3518
-3030
-2437
-1777
-1107
-475
78
530
879
1096
1205
1240
1208
1146
1063
1010
991
974
981
985
968
910
807
650
442
203
-60
-319
-562
-759
-900
-998
-1019
-975
-879
-727
-552
-383
-215
-63
63
163
230
280
331
394
473
602
772
967
1223
1512
1801
2072
2309
2492
2588
2599
2528
2373
2157
1930
1723
1535
1382
1286
1224
1143
1028
806
434
-82
-772
-1597
-2486
-3397
-4272
-5004
-5488
-5717
-5662
-5280
-4616
-3731
-2686
-1515
-329
758
1729
2552
3160
3538
3728
3722
3549
3273
2938
2595
2243
1896
1581
1282
987
686
363
-24
-456
-939
-1462
-1969
-2468
-2917
-3266
-3481
-3548
-3461
-3209
-2810
-2306
-1745
-1129
-514
32
502
879
1146
1297
1356
1339
1253
1118
989
880
766
678
588
502
422
313
196
52
-112
-291
-455
-578
-694
-765
-789
-761
-678
-570
-438
-295
-151
-11
116
208
284
352
396
461
540
612
713
857
1020
1207
1440
1673
1877
2084
2236
2312
2316
2227
2078
1879
1652
1440
1258
1137
1082
1056
1051
1037
937
696
318
-220
-930
-1748
-2614
-3476
-4259
-4865
-5236
-5354
-5174
-4677
-3935
-3031
-1966
-814
277
1284
2154
2819
3266
3496
3546
3418
3168
2830
2443
2064
1691
1370
1084
810
572
310
6
-331
-722
-1172
-1651
-2125
-2574
-2948
-3231
-3376
-3381
-3233
-2920
-2506
-1998
-1425
-839
-260
245
654
973
1172
1259
1266
1205
1088
947
809
698
584
467
397
309
213
127
16
-105
-240
-361
-455
-529
-577
-601
-586
-537
-465
-362
-238
-109
15
159
296
402
518
610
686
774
843
916
999
1104
1242
1384
1562
1754
1901
2036
2121
2139
2096
1990
1848
1656
1461
1302
1165
1077
1032
1004
975
886
693
370
-94
-713
-1462
-2271
-3096
-3893
-4579
-5056
-5303
-5288
-4965
-4370
-3565
-2592
-1478
-352
704
1678
2488
3069
3430
3590
3552
3352
3037
2659
2262
1865
1510
1191
894
638
381
115
-178
-521
-898
-1311
-1733
-2144
-2520
-2838
-3065
-3140
-3096
-2931
-2598
-2157
-1647
-1070
-474
67
538
922
1180
1326
1356
1283
1131
923
704
506
319
147
19
-70
-136
-164
-161
-168
-181
-181
-182
-196
-217
-229
-251
-288
-300
-274
-253
-212
-138
-52
66
189
323
440
545
665
759
834
912
999
1088
1199
1343
1476
1617
1759
1885
1975
2019
2025
1959
1831
1692
1553
1396
1278
1185
1090
1000
897
753
476
84
-411
-1059
-1785
-2514
-3260
-3974
-4519
-4855
-4985
-4837
-4411
-3756
-2939
-1973
-896
135
1082
1932
2589
3025
3281
3363
3249
2985
2644
2274
1883
1490
1148
849
560
319
107
-139
-417
-716
-1057
-1426
-1782
-2134
-2461
-2716
-2865
-2884
-2789
-2571
-2231
-1815
-1332
-793
-264
193
583
880
1074
1174
1171
1102
967
786
619
487
354
214
133
76
-6
-58
-92
-156
-238
-296
-320
-348
-360
-344
-318
-258
-158
-36
82
168
267
357
401
457
486
464
434
434
467
498
568
691
802
964
1207
1435
1626
1817
1976
2063
2075
2032
1924
1737
1527
1348
1163
989
898
859
835
829
835
736
473
124
-366
-1008
-1737
-2503
-3280
-4009
-4523
-4811
-4897
-4702
-4214
-3511
-2665
-1637
-549
434
1323
2096
2666
2996
3147
3108
2862
2512
2140
1737
1308
941
646
383
183
53
-66
-229
-401
-574
-814
-1095
-1371
-1674
-1976
-2193
-2316
-2362
-2315
-2152
-1879
-1551
-1151
-707
-309
17
299
531
668
718
729
682
578
502
446
366
285
231
185
121
72
43
-22
-98
-130
-136
-139
-100
-35
20
97
223
349
422
472
513
518
488
438
358
249
152
92
79
86
148
290
456
678
961
1245
1493
1693
1881
1999
2040
2018
1913
1736
1522
1345
1189
1042
954
933
961
1017
1088
1104
963
677
272
-296
-1016
-1802
-2611
-3424
-4091
-4526
-4761
-4768
-4494
-3958
-3260
-2405
-1396
-423
441
1241
1929
2395
2650
2756
2669
2422
2112
1784
1413
1022
707
467
253
103
9
-104
-247
-380
-522
-725
-948
-1168
-1418
-1668
-1816
-1881
-1943
-1928
-1788
-1583
-1337
-1024
-688
-412
-164
92
312
433
509
576
564
511
490
472
383
263
198
119
11
-33
-51
-125
-164
-100
-34
4
92
202
266
322
425
479
425
378
341
236
117
54
-13
-117
-139
-33
83
205
425
676
896
1147
1448
1672
1801
1932
2037
2041
1989
1921
1771
1550
1371
1252
1104
981
961
968
982
1038
1094
992
715
380
-108
-792
-1532
-2292
-3118
-3881
-4387
-4692
-4847
-4708
-4260
-3636
-2870
-1899
-876
22
871
1642
2195
2531
2717
2730
2524
2224
1940
1594
1195
888
660
446
293
215
141
10
-104
-197
-371
-599
-825
-1085
-1384
-1625
-1781
-1933
-2041
-2011
-1873
-1707
-1450
-1091
-772
-491
-187
92
280
400
495
502
448
408
362
276
160
75
3
-74
-109
-107
-106
-95
-22
84
171
256
362
425
444
481
477
390
287
196
81
-38
-131
-184
-211
-210
-114
47
213
410
661
914
1153
1407
1657
1839
1952
2051
2099
2055
1968
1845
1658
1442
1270
1128
977
893
908
954
1022
1115
1172
1094
866
551
68
-593
-1324
-2100
-2907
-3641
-4170
-4505
-4669
-4556
-4151
-3561
-2845
-1952
-1001
-156
632
1341
1851
2142
2288
2290
2104
1847
1587
1296
999
762
617
501
405
389
369
287
227
146
-32
-259
-491
-763
-1093
-1379
-1576
-1753
-1900
-1915
-1819
-1677
-1441
-1116
-811
-555
-269
-2
155
237
292
295
204
109
69
-20
-134
-167
-179
-197
-133
-12
73
159
308
442
504
558
595
558
468
378
285
140
-19
-139
-252
-348
-400
-384
-354
-298
-133
70
267
497
753
979
1169
1385
1586
1711
1795
1878
1921
1901
1853
1771
1627
1453
1322
1202
1070
994
978
986
1035
1112
1138
1052
844
539
89
-522
-1201
-1911
-2652
-3334
-3838
-4170
-4340
-4264
-3947
-3448
-2798
-2001
-1150
-352
392
1066
1580
1916
2114
2156
2057
1873
1663
1437
1179
953
786
643
540
488
420
323
233
113
-51
-261
-510
-776
-1079
-1351
-1554
-1735
-1873
-1913
-1855
-1737
-1536
-1268
-1007
-757
-505
-263
-67
54
141
183
172
162
154
132
89
47
46
59
84
133
181
233
298
381
439
452
448
420
373
297
208
89
-57
-178
-290
-377
-431
-457
-431
-360
-226
-31
178
404
637
876
1102
1307
1490
1636
1729
1800
1859
1871
1830
1745
1635
1506
1363
1261
1183
1100
1076
1121
1185
1254
1297
1275
1148
888
519
19
-636
-1347
-2079
-2808
-3437
-3902
-4191
-4296
-4170
-3798
-3270
-2620
-1833
-1026
-281
432
1063
1515
1780
1927
1959
1843
1655
1450
1204
943
762
659
563
496
499
500
472
433
353
203
-13
-257
-535
-856
-1149
-1397
-1616
-1769
-1813
-1784
-1689
-1522
-1303
-1055
-811
-557
-332
-167
-42
59
120
131
126
108
69
27
-3
-24
-35
-23
13
67
143
220
298
378
418
418
399
344
233
92
-54
-211
-369
-493
-575
-617
-591
-487
-329
-135
108
390
648
893
1136
1341
1484
1600
1715
1761
1777
1819
1817
1766
1719
1665
1566
1435
1336
1241
1126
1054
1051
1052
1040
1068
1067
944
710
417
-14
-600
-1216
-1853
-2530
-3140
-3566
-3854
-4006
-3902
-3577
-3121
-2542
-1809
-1040
-343
327
937
1379
1649
1817
1860
1749
1565
1375
1148
911
763
667
586
567
600
628
619
590
527
367
144
-106
-428
-794
-1125
-1408
-1660
-1838
-1917
-1906
-1824
-1669
-1427
-1190
-986
-746
-533
-397
-263
-154
-104
-64
-27
19
55
71
122
176
208
237
271
291
280
256
237
192
114
31
-58
-144
-223
-293
-351
-415
-445
-428
-410
-369
-285
-195
-95
37
191
354
514
680
863
1022
1197
1394
1551
1698
1854
1976
2060
2081
2062
1979
1810
1641
1440
1208
1006
844
752
721
755
848
934
1000
1022
926
707
367
-132
-729
-1371
-2055
-2702
-3250
-3666
-3897
-3924
-3745
-3350
-2825
-2193
-1449
-730
-58
542
1011
1333
1504
1564
1515
1365
1169
989
824
684
609
595
626
679
751
827
856
823
730
542
269
-31
-361
-739
-1085
-1367
-1596
-1744
-1786
-1748
-1659
-1505
-1305
-1087
-882
-685
-489
-352
-239
-125
-67
-41
-26
-15
-8
-16
-20
-3
5
-5
34
73
81
106
125
130
105
72
49
-4
-71
-133
-184
-236
-278
-279
-289
-275
-202
-119
-14
121
290
457
627
816
1000
1184
1358
1526
1677
1788
1875
1922
1916
1859
1748
1613
1455
1272
1099
951
839
783
793
835
927
1060
1158
1198
1137
961
654
173
-408
-1049
-1763
-2476
-3090
-3581
-3920
-4036
-3941
-3658
-3210
-2612
-1917
-1227
-539
93
595
976
1234
1366
1371
1289
1166
1028
879
782
751
735
777
872
977
1045
1062
1031
905
688
425
87
-302
-679
-1024
-1323
-1580
-1736
-1784
-1786
-1709
-1543
-1362
-1174
-947
-721
-545
-408
-283
-192
-166
-141
-103
-100
-109
-91
-77
-71
-41
8
25
25
60
78
65
67
63
31
-17
-40
-52
-98
-114
-93
-98
-106
-67
-18
29
81
177
273
354
492
643
785
948
1137
1324
1485
1642
1797
1901
1961
1997
1967
1857
1712
1560
1356
1141
967
808
701
677
734
832
974
1158
1309
1366
1311
1145
820
305
-317
-1012
-1794
-2563
-3211
-3736
-4107
-4237
-4121
-3825
-3375
-2744
-2015
-1315
-640
-21
469
809
1020
1122
1087
976
870
761
658
624
663
734
840
983
1121
1199
1221
1179
1032
804
497
122
-286
-702
-1072
-1394
-1654
-1797
-1847
-1814
-1703
-1523
-1295
-1076
-854
-634
-475
-369
-293
-250
-249
-280
-295
-301
-332
-332
-277
-223
-164
-72
24
93
160
225
267
270
256
230
166
96
60
14
-39
-61
-71
-55
-22
28
102
169
262
388
498
621
781
926
1054
1207
1368
1492
1606
1722
1807
1855
1861
1841
1761
1625
1480
1297
1093
909
769
683
648
696
806
939
1116
1289
1386
1365
1226
957
492
-111
-776
-1522
-2309
-2988
-3521
-3938
-4144
-4076
-3805
-3391
-2798
-2081
-1376
-707
-79
429
748
938
1038
1008
890
763
661
581
543
609
730
854
1027
1206
1309
1334
1298
1146
869
531
150
-283
-722
-1089
-1389
-1646
-1776
-1788
-1726
-1602
-1409
-1158
-943
-737
-538
-396
-321
-292
-286
-329
-407
-455
-474
-496
-488
-433
-364
-286
-193
-94
-28
14
41
46
17
-37
-77
-124
-181
-203
-207
-202
-167
-112
-31
78
192
317
430
541
663
759
840
927
1026
1117
1193
1297
1409
1492
1572
1665
1724
1719
1699
1657
1534
1381
1228
1056
866
695
588
522
511
585
715
879
1063
1248
1387
1411
1308
1082
704
172
-462
-1158
-1893
-2583
-3141
-3547
-3788
-3817
-3612
-3245
-2760
-2146
-1499
-910
-363
93
396
580
660
660
594
509
465
459
507
615
791
991
1168
1338
1451
1475
1396
1222
962
610
216
-182
-584
-936
-1213
-1413
-1528
-1551
-1484
-1353
-1184
-1003
-822
-684
-576
-502
-505
-548
-610
-684
-768
-828
-843
-838
-796
-720
-607
-478
-362
-238
-124
-58
-13
30
55
42
20
6
2
20
56
110
176
257
356
457
536
611
681
733
777
815
858
883
913
979
1038
1078
1154
1237
1293
1353
1408
1430
1413
1381
1318
1188
1053
927
774
633
534
481
488
526
635
810
979
1150
1318
1410
1378
1225
947
531
-14
-632
-1274
-1947
-2549
-3006
-3342
-3501
-3457
-3248
-2917
-2475
-1920
-1368
-882
-429
-53
189
317
385
387
337
305
309
335
423
583
796
1014
1208
1402
1532
1552
1475
1314
1055
718
345
-32
-390
-709
-935
-1084
-1164
-1154
-1095
-989
-876
-775
-675
-650
-679
-712
-808
-937
-1055
-1161
-1241
-1288
-1262
-1169
-1054
-901
-707
-527
-382
-240
-133
-92
-82
-66
-51
-60
-40
26
119
236
385
554
692
806
923
976
955
922
858
754
651
579
526
500
523
607
720
860
1045
1199
1327
1431
1484
1492
1434
1335
1211
1036
847
689
536
414
344
347
411
520
690
899
1122
1321
1495
1619
1617
1486
1238
876
364
-230
-836
-1475
-2086
-2588
-2960
-3209
-3281
-3159
-2928
-2600
-2175
-1726
-1304
-936
-627
-404
-286
-210
-159
-140
-91
19
178
406
701
1031
1344
1603
1816
1940
1926
1807
1585
1250
842
415
-5
-415
-751
-971
-1113
-1196
-1193
-1135
-1071
-1018
-966
-959
-1028
-1136
-1257
-1396
-1535
-1624
-1648
-1615
-1504
-1297
-1028
-758
-470
-181
28
166
253
266
203
96
3
-83
-150
-122
-28
99
299
541
757
942
1094
1171
1155
1063
921
723
498
316
182
95
105
215
389
621
898
1170
1390
1555
1659
1668
1581
1428
1242
1017
779
591
471
387
352
393
469
584
734
885
1023
1147
1262
1336
1357
1345
1283
1157
939
669
345
-80
-540
-993
-1448
-1884
-2250
-2512
-2701
-2773
-2706
-2556
-2347
-2083
-1772
-1467
-1186
-925
-706
-524
-352
-184
-12
187
406
653
922
1184
1429
1611
1726
1760
1691
1514
1250
937
565
184
-170
-478
-730
-924
-1029
-1073
-1084
-1067
-1043
-1034
-1061
-1126
-1212
-1326
-1449
-1528
-1590
-1617
-1564
-1425
-1234
-1019
-750
-481
-253
-47
96
155
151
106
15
-106
-205
-262
-274
-219
-100
74
281
501
717
886
993
1023
982
880
718
532
362
224
148
163
238
374
575
791
1005
1184
1311
1368
1344
1263
1127
961
807
672
581
545
566
640
755
881
999
1104
1171
1207
1218
1195
1163
1128
1105
1102
1106
1118
1115
1062
930
724
429
24
-440
-942
-1471
-1948
-2335
-2642
-2818
-2842
-2734
-2518
-2232
-1875
-1516
-1200
-905
-665
-488
-366
-246
-120
15
200
432
686
949
1227
1452
1593
1653
1583
1407
1121
757
362
-54
-427
-727
-944
-1073
-1112
-1069
-997
-920
-858
-836
-886
-987
-1128
-1314
-1488
-1630
-1730
-1751
-1680
-1519
-1276
-985
-666
-336
-53
167
314
377
359
271
130
-14
-132
-210
-200
-127
9
210
425
667
868
988
1062
1059
970
819
636
458
297
190
156
185
280
416
579
743
871
962
989
960
882
762
651
555
500
502
558
676
825
988
1157
1297
1367
1375
1330
1219
1072
906
769
683
652
708
824
980
1156
1293
1346
1288
1089
751
283
-284
-879
-1461
-1980
-2386
-2625
-2689
-2624
-2413
-2098
-1767
-1448
-1165
-955
-850
-810
-796
-822
-816
-712
-530
-274
62
458
855
1203
1468
1609
1598
1420
1122
733
277
-146
-504
-784
-947
-975
-898
-766
-615
-471
-396
-439
-568
-782
-1082
-1422
-1721
-1934
-2080
-2101
-1970
-1725
-1391
-997
-588
-229
62
279
381
377
308
193
59
-63
-130
-127
-59
76
253
445
614
737
814
806
720
608
450
272
122
14
-46
-42
16
114
224
332
435
503
528
535
531
501
483
499
545
615
717
850
988
1121
1238
1324
1373
1394
1400
1381
1350
1321
1308
1307
1309
1338
1380
1404
1436
1454
1441
1430
1388
1309
1218
1089
910
682
400
65
-316
-723
-1113
-1480
-1822
-2085
-2268
-2390
-2431
-2393
-2308
-2203
-2075
-1936
-1804
-1666
-1517
-1354
-1152
-906
-629
-333
-18
293
558
758
895
949
920
811
637
435
247
73
-73
-169
-237
-273
-300
-355
-426
-550
-725
-911
-1129
-1345
-1529
-1674
-1725
-1698
-1613
-1458
-1270
-1065
-858
-663
-501
-378
-268
-187
-114
-23
75
201
349
491
619
722
796
825
804
719
595
470
321
171
63
-8
-50
-46
-5
35
86
155
211
255
291
333
378
427
512
620
724
826
923
1016
1091
1148
1172
1177
1174
1149
1141
1153
1178
1232
1303
1392
1485
1557
1603
1622
1583
1502
1398
1268
1136
997
906
880
874
908
966
1022
1019
921
747
440
11
-475
-1015
-1542
-1995
-2349
-2572
-2648
-2607
-2464
-2237
-2024
-1840
-1693
-1615
-1593
-1612
-1609
-1555
-1454
-1243
-930
-556
-118
321
690
981
1151
1196
1121
935
694
427
166
-28
-169
-249
-260
-246
-231
-264
-337
-484
-713
-958
-1221
-1479
-1699
-1842
-1887
-1857
-1742
-1555
-1346
-1127
-920
-737
-580
-470
-368
-251
-129
27
209
391
577
747
870
941
934
871
750
569
388
227
95
17
0
26
88
188
300
378
423
435
398
342
288
236
200
215
280
386
518
663
832
1005
1140
1244
1343
1410
1447
1476
1491
1511
1520
1521
1522
1525
1539
1538
1540
1543
1540
1536
1500
1458
1409
1324
1246
1173
1089
995
905
819
702
562
406
188
-107
-442
-797
-1176
-1543
-1862
-2115
-2307
-2421
-2454
-2465
-2438
-2396
-2372
-2358
-2339
-2290
-2212
-2082
-1866
-1568
-1197
-775
-341
69
420
676
824
865
797
664
509
334
180
74
30
25
37
36
0
-75
-219
-419
-657
-917
-1166
-1367
-1487
-1536
-1523
-1435
-1300
-1153
-1016
-917
-839
-789
-765
-731
-672
-573
-415
-196
66
351
632
871
1060
1174
1209
1188
1106
991
859
741
654
580
538
494
455
421
347
261
171
58
-25
-58
-55
-5
97
236
394
543
674
772
817
829
824
810
813
852
926
1047
1210
1381
1536
1654
1728
1743
1696
1607
1492
1370
1263
1175
1115
1066
1021
968
894
793
678
541
406
297
219
194
184
202
231
214
133
-39
-300
-644
-1045
-1446
-1809
-2116
-2324
-2412
-2394
-2291
-2157
-1999
-1843
-1751
-1688
-1647
-1643
-1604
-1515
-1356
-1122
-832
-481
-139
176
454
631
706
697
627
506
371
263
175
131
116
111
99
48
-47
-196
-405
-641
-900
-1154
-1355
-1495
-1576
-1593
-1532
-1434
-1326
-1194
-1060
-950
-846
-730
-611
-459
-261
-36
211
469
733
981
1167
1298
1368
1383
1355
1279
1191
1092
999
929
860
779
688
572
436
271
80
-104
-268
-394
-460
-463
-398
-266
-86
115
307
490
642
743
812
862
891
921
964
1018
1093
1185
1276
1379
1440
1447
1439
1393
1316
1232
1151
1090
1043
1025
1011
984
942
863
742
599
439
269
134
28
-36
-50
-40
-6
19
6
-69
-219
-436
-716
-1020
-1316
-1581
-1774
-1904
-1962
-1961
-1939
-1906
-1874
-1856
-1852
-1858
-1850
-1787
-1665
-1474
-1218
-918
-587
-272
20
249
382
448
448
398
319
248
202
178
176
179
170
126
38
-105
-297
-503
-710
-897
-1023
-1081
-1083
-1029
-931
-820
-717
-651
-614
-613
-634
-633
-617
-535
-386
-174
105
402
700
973
1195
1349
1416
1423
1401
1346
1266
1215
1167
1112
1074
1012
912
785
624
425
204
-12
-194
-341
-439
-466
-451
-405
-334
-268
-204
-141
-96
-57
-5
53
149
283
427
610
799
959
1105
1201
1250
1263
1226
1158
1079
1006
938
885
862
863
866
870
875
862
820
760
675
547
415
290
165
75
25
11
37
90
164
231
269
261
204
78
-123
-365
-640
-913
-1154
-1367
-1532
-1651
-1729
-1777
-1808
-1821
-1815
-1805
-1797
-1765
-1700
-1591
-1440
-1260
-1072
-886
-691
-520
-391
-298
-227
-182
-156
-131
-88
-38
1
56
107
127
136
119
68
-2
-89
-174
-243
-298
-342
-372
-381
-399
-412
-423
-429
-416
-405
-362
-276
-176
-46
107
259
412
548
662
750
818
877
921
970
1016
1059
1114
1136
1120
1075
981
835
656
467
270
75
-87
-214
-300
-337
-332
-312
-297
-263
-242
-234
-204
-179
-137
-71
2
107
229
350
474
589
686
764
825
861
889
921
947
983
1008
1013
1020
1011
976
926
838
729
633
541
482
455
443
452
457
457
431
369
275
150
19
-112
-217
-281
-289
-248
-189
-126
-78
-77
-144
-275
-470
-688
-904
-1113
-1270
-1376
-1431
-1450
-1451
-1448
-1455
-1461
-1478
-1484
-1493
-1464
-1389
-1307
-1160
-973
-790
-616
-485
-394
-334
-310
-298
-281
-255
-196
-117
-37
64
166
251
313
345
340
302
246
191
151
122
103
83
84
89
70
65
61
58
68
74
89
130
177
234
317
402
463
520
578
610
649
681
703
748
785
816
832
815
780
705
601
483
340
195
55
-64
-154
-217
-255
-286
-290
-280
-277
-268
-250
-223
-186
-135
-91
-58
-9
42
98
161
229
322
413
506
620
703
772
828
823
790
727
624
516
403
302
234
209
222
251
278
307
308
281
224
129
41
-51
-129
-161
-187
-203
-186
-155
-118
-88
-75
-62
-75
-108
-143
-188
-226
-275
-318
-348
-390
-446
-515
-573
-648
-725
-774
-824
-847
-846
-818
-774
-718
-650
-604
-579
-572
-576
-589
-594
-582
-566
-536
-488
-446
-395
-345
-315
-288
-275
-269
-253
-244
-219
-188
-146
-84
-39
9
53
80
101
127
166
213
277
352
437
522
595
654
696
723
727
716
695
672
632
594
563
513
447
375
298
220
151
71
6
-48
-114
-156
-195
-214
-222
-218
-189
-129
-53
32
136
221
302
392
472
532
575
595
596
585
574
568
562
546
532
530
504
459
425
366
295
238
176
136
95
55
22
-15
-49
-95
-149
-202
-229
-241
-252
-237
-195
-153
-113
-63
-49
-50
-63
-113
-169
-233
-290
-316
-306
-288
-258
-201
-159
-126
-120
-163
-228
-324
-425
-507
-570
-597
-599
-586
-569
-554
-546
-560
-582
-611
-641
-642
-629
-614
-571
-518
-463
-410
-378
-356
-343
-362
-376
-367
-373
-356
-308
-249
-165
-79
4
61
93
129
149
170
194
248
315
370
445
505
556
599
610
604
582
534
477
427
366
318
280
240
223
206
185
175
161
148
144
146
152
152
156
169
202
241
270
294
303
309
309
304
316
329
347
383
409
441
468
490
506
506
498
472
434
369
299
234
167
127
94
70
46
27
28
16
-2
-10
-26
-44
-77
-124
-161
-186
-201
-209
-214
-216
-220
-242
-261
-250
-237
-217
-179
-156
-145
-135
-137
-164
-197
-234
-287
-338
-380
-414
-426
-403
-369
-327
-275
-243
-226
-232
-264
-294
-342
-396
-438
-459
-465
-469
-466
-462
-476
-484
-493
-497
-492
-500
-500
-504
-493
-461
-418
-346
-264
-171
-76
5
84
155
226
293
354
413
459
495
527
545
572
605
609
606
579
523
473
435
398
376
373
353
328
293
235
179
129
80
40
5
-25
-40
-37
-7
44
97
150
175
175
191
203
231
285
335
382
400
391
370
333
286
232
162
83
26
-18
-47
-48
-5
47
70
88
72
26
-19
-78
-126
-153
-169
-183
-188
-182
-172
-129
-85
-37
-1
-1
-8
-40
-79
-95
-93
-92
-103
-118
-151
-172
-186
-204
-188
-159
-133
-119
-105
-95
-89
-78
-96
-123
-159
-231
-315
-381
-415
-433
-430
-391
-354
-332
-314
-306
-320
-358
-400
-436
-464
-481
-480
-459
-418
-366
-301
-233
-175
-127
-94
-62
-37
-3
55
106
168
242
292
333
365
392
415
426
446
452
443
440
416
395
376
339
315
284
239
206
178
160
144
156
176
185
210
222
240
285
318
350
363
353
340
316
304
307
327
350
367
376
364
347
313
276
223
132
40
-51
-108
-130
-123
-89
-51
-34
-50
-101
-172
-224
-275
-304
-304
-298
-267
-247
-225
-187
-154
-120
-106
-129
-175
-215
-250
-273
-257
-208
-142
-85
-59
-61
-59
-51
-33
-22
7
27
-21
-77
-127
-184
-213
-225
-222
-217
-221
-235
-247
-243
-230
-196
-162
-151
-143
-152
-183
-199
-215
-216
-199
-199
-196
-191
-196
-182
-149
-100
-52
-16
5
-4
-32
-48
-76
-105
-111
-113
-116
-119
-110
-84
-63
-43
-16
5
21
45
73
89
100
116
142
182
223
261
293
324
359
371
372
376
384
404
421
440
458
469
487
499
488
480
447
401
363
306
267
242
222
215
205
198
171
141
106
65
45
16
13
28
42
68
73
74
58
29
1
-42
-78
-97
-125
-149
-160
-169
-173
-173
-182
-200
-218
-247
-261
-265
-267
-251
-218
-179
-139
-109
-108
-123
-133
-139
-153
-165
-175
-195
-205
-203
-201
-179
-139
-99
-62
-58
-80
-99
-128
-156
-168
-177
-190
-205
-214
-226
-210
-172
-133
-91
-62
-44
-33
-34
-24
-5
11
22
8
-12
-40
-90
-141
-179
-183
-168
-161
-141
-140
-142
-128
-117
-99
-76
-62
-68
-88
-115
-121
-84
-23
47
106
151
163
153
164
195
227
263
294
297
299
314
333
369
397
401
398
368
321
270
218
190
174
167
178
185
182
185
176
162
167
164
154
147
132
124
103
86
85
75
80
78
63
45
29
15
-2
-14
-20
-19
-13
-15
-27
-39
-74
-109
-119
-129
-135
-136
-138
-144
-134
-126
-115
-76
-72
-96
-94
-98
-107
-103
-105
-110
-106
-94
-73
-35
-10
-5
-28
-64
-92
-113
-117
-98
-91
-95
-103
-124
-134
-113
-74
-38
-35
-55
-83
-121
-146
-161
-173
-178
-182
-185
-193
-185
-157
-129
-104
-101
-103
-115
-131
-130
-127
-111
-88
-69
-69
-76
-76
-94
-100
-100
-98
-73
-43
9
64
110
162
198
211
201
199
206
227
264
286
305
317
325
345
349
346
340
312
277
249
235
241
275
308
304
298
272
220
180
155
131
108
97
78
70
74
74
77
74
70
57
21
-4
-28
-72
-97
-94
-90
-101
-95
-81
-96
-106
-114
-122
-113
-108
-100
-105
-110
-107
-116
-112
-115
-133
-138
-159
-187
-193
-180
-144
-103
-62
-32
-29
-53
-103
-141
-170
-199
-213
-207
-181
-140
-92
-40
9
20
11
-4
-42
-69
-78
-70
-35
6
36
59
65
42
17
-14
-56
-85
-114
-128
-124
-126
-113
-97
-100
-120
-152
-172
-195
-202
-189
-175
-143
-103
-76
-57
-30
-27
-39
-41
-36
-10
21
72
122
153
181
208
231
243
237
228
215
183
168
177
198
218
238
252
238
217
198
177
182
191
197
206
199
192
188
200
204
192
191
175
150
122
95
78
76
88
88
79
61
35
13
-14
-27
-33
-42
-35
-23
-18
-24
-21
-24
-36
-69
-109
-138
-176
-197
-208
-218
-197
-187
-187
-179
-189
-205
-231
-258
-267
-271
-265
-253
-243
-238
-228
-214
-202
-177
-160
-150
-124
-83
-33
4
42
77
90
97
99
90
73
43
24
33
36
46
68
92
107
90
58
30
-5
-41
-68
-72
-55
-48
-42
-28
-23
-14
-4
-5
-13
-25
-37
-49
-53
-41
-17
23
63
100
132
145
139
110
79
59
44
42
53
79
92
102
114
115
122
117
104
99
88
75
78
92
104
121
119
111
104
68
45
19
2
17
25
45
74
88
106
116
117
107
85
73
54
29
26
30
47
70
92
102
79
45
8
-38
-76
-105
-112
-106
-100
-87
-90
-111
-125
-151
-200
-229
-251
-288
-303
-300
-288
-262
-236
-220
-207
-206
-221
-227
-216
-191
-153
-99
-58
-33
-9
7
10
3
-4
-12
-21
-7
13
39
72
83
99
100
68
35
-3
-32
-42
-33
-3
29
57
87
106
112
101
79
49
31
33
25
38
65
81
99
110
107
87
63
40
26
15
17
43
69
92
107
112
98
55
23
5
-9
-19
-8
6
34
73
66
59
50
27
-5
-36
-52
-68
-83
-76
-49
-24
5
25
24
20
1
-12
-13
-8
5
12
32
44
50
60
74
87
79
75
64
35
21
13
1
1
14
26
31
13
3
-14
-39
-45
-59
-73
-90
-113
-122
-113
-100
-94
-77
-75
-75
-86
-108
-122
-137
-130
-130
-131
-120
-116
-109
-111
-108
-103
-92
-83
-85
-68
-56
-47
-21
3
27
43
42
36
32
28
39
67
89
106
125
125
130
145
130
116
104
91
77
57
50
49
52
46
45
50
42
42
35
29
35
44
55
62
65
55
35
18
0
-12
-9
2
15
34
57
63
56
56
36
4
-24
-62
-92
-104
-108
-104
-100
-95
-86
-91
-98
-106
-111
-120
-124
-107
-91
-83
-66
-50
-41
-38
-38
-42
-56
-57
-28
-13
-4
28
41
54
63
53
61
62
51
41
39
43
44
49
54
68
70
50
30
-4
-37
-69
-93
-84
-69
-52
-32
-25
-27
-30
-38
-47
-50
-60
-63
-60
-61
-55
-38
-19
9
34
29
14
13
1
6
24
46
84
102
121
127
125
131
118
118
117
113
112
106
97
84
80
68
54
51
37
30
29
36
56
64
75
87
79
64
48
26
8
-4
-8
5
30
41
53
63
50
45
47
44
45
27
21
21
-1
-7
-18
-32
-51
-78
-90
-112
-122
-116
-115
-110
-93
-79
-80
-88
-98
-105
-116
-130
-130
-127
-115
-104
-98
-91
-80
-70
-63
-58
-45
-31
-25
-15
1
21
31
40
65
76
75
79
85
70
51
47
29
18
21
14
7
8
7
5
8
3
-6
-11
-21
-31
-36
-36
-31
-37
-28
-20
-37
-33
-22
-23
-18
-22
-15
2
11
38
60
67
83
88
86
91
86
86
85
84
97
94
97
95
87
82
70
58
41
30
33
40
53
64
70
63
60
59
45
40
29
22
16
7
14
15
31
44
43
59
61
57
46
38
31
18
17
2
-18
-35
-54
-71
-81
-82
-88
-99
-103
-104
-114
-103
-98
-101
-97
-109
-115
-125
-132
-113
-113
-103
-91
-89
-76
-68
-61
-63
-59
-47
-44
-45
-39
-32
-23
-4
-9
2
19
10
11
0
-10
-5
2
22
27
26
31
31
37
31
35
38
39
54
55
59
63
65
59
49
46
31
12
-12
-26
-34
-45
-38
-26
-24
-10
-3
-10
-10
-10
-7
-6
1
18
8
11
14
15
38
42
41
52
51
43
43
46
42
32
28
35
38
37
46
49
43
37
32
22
11
8
-4
-1
12
21
32
35
54
68
75
69
58
50
32
27
15
5
-2
-8
-6
-25
-25
-30
-39
-28
-32
-34
-29
-39
-45
-45
-64
-66
-70
-85
-83
-90
-89
-87
-93
-88
-72
-64
-57
-46
-42
-46
-45
-41
-39
-35
-43
-35
-31
-43
-41
-33
-30
-26
-19
-14
-10
-14
-22
-23
-26
-22
-15
-8
-5
3
25
51
71
70
85
99
78
64
57
46
33
31
40
47
57
60
58
57
49
49
45
37
23
19
26
30
36
43
39
35
26
11
-4
-13
-5
3
-4
3
16
23
33
32
18
2
-7
-18
-28
-31
-24
-19
-11
-10
-2
-1
-18
-3
3
-2
9
14
19
25
34
36
33
38
39
42
38
34
35
30
24
19
15
2
-5
-2
-11
-24
-30
-23
-19
-26
-34
-38
-50
-55
-54
-67
-73
-64
-56
-48
-36
-25
-21
-22
-25
-27
-35
-37
-31
-29
-30
-20
-14
-10
0
-5
-14
-22
-39
-46
-51
-63
-71
-68
-67
-61
-56
-42
-25
-25
-10
-2
-5
10
23
38
51
62
61
62
68
55
55
49
47
61
75
77
85
105
103
101
97
73
58
49
35
22
22
23
27
38
35
34
40
29
27
29
16
12
12
15
13
4
2
2
-4
-6
-13
-12
-7
-16
-19
-25
-24
-24
-28
-32
-32
-28
-28
-19
-23
-12
6
4
7
11
18
19
12
11
11
7
3
5
3
-9
-17
-19
-8
-3
-25
-23
-6
-21
-26
-24
-28
-32
-42
-48
-57
-56
-51
-47
-34
-33
-46
-45
-33
-34
-30
-20
-21
-20
-15
-17
-18
-19
-29
-34
-34
-35
-24
-24
-16
-9
-6
7
1
-6
2
5
4
3
6
15
16
17
16
22
7
-17
-10
-11
-4
0
5
35
49
58
69
66
57
45
45
43
36
37
42
46
58
68
67
69
62
56
58
46
34
35
37
26
22
19
15
-4
-22
-29
-40
-43
-52
-60
-38
-28
-31
-24
-20
-21
-29
-44
-40
-40
-49
-41
-41
-40
-29
-14
-6
-8
-6
0
-3
-9
-16
-16
-14
-11
-4
-2
-4
0
2
0
2
5
1
6
-2
-9
-6
-18
-11
-11
-21
-21
-19
-21
-28
-27
-20
-25
-29
-26
-29
-32
-33
-41
-35
-23
-22
-27
-31
-27
-21
-3
5
5
14
18
22
30
35
32
19
20
21
6
-1
-6
-10
-10
-17
-22
-19
-10
-9
-13
-12
-11
-18
-23
-17
-9
-4
-1
8
8
13
32
40
42
44
43
62
69
69
98
96
86
92
82
71
61
43
18
3
-3
-14
-17
-24
-27
-24
-19
-13
-22
-17
-11
-17
-20
-17
-13
-21
-29
-34
-27
-30
-33
-22
-27
-23
-16
-14
-17
-26
-29
-34
-35
-33
-31
-37
-36
-30
-22
-19
-22
-13
-3
-13
-5
7
4
22
24
15
29
27
23
33
32
29
30
27
25
18
14
11
9
6
-4
-7
-17
-26
-22
-20
-14
-19
-13
7
18
31
39
37
44
44
40
44
43
41
36
34
30
29
28
25
12
-1
5
-5
-18
-16
-14
-18
-23
-23
-29
-29
-28
-30
-31
-37
-32
-14
-3
10
25
26
31
49
56
56
66
57
43
38
33
28
19
17
15
5
8
16
9
2
5
-5
-7
-4
-7
1
1
-12
-7
-5
-13
-12
-23
-32
-40
-43
-42
-42
-42
-33
-27
-24
-19
-25
-30
-38
-41
-40
-46
-50
-41
-23
-25
-14
-1
-1
-8
-18
-18
-18
-10
-5
-8
-6
-1
14
10
2
2
1
11
10
-4
-5
7
1
-5
7
-1
-9
-4
-8
-5
-8
-3
20
20
31
43
39
42
33
31
35
18
13
16
17
16
14
22
25
27
32
30
30
32
23
23
38
28
18
17
5
-4
-12
-13
-18
-21
-20
-24
-9
-4
-15
-9
-15
-16
-12
-21
-24
-18
-7
-9
-5
3
10
15
19
25
20
13
25
32
28
33
33
34
42
32
17
2
-11
-20
-33
-36
-33
-40
-46
-43
-35
-33
-28
-28
-33
-30
-34
-27
-19
-17
-4
5
15
16
14
19
6
1
2
0
-5
-17
-15
-14
-23
-28
-35
-42
-42
-40
-40
-34
-23
-19
-24
-13
-2
3
18
19
10
11
10
15
17
23
31
29
27
23
21
29
28
20
12
3
1
2
-11
-15
-13
-22
-17
-14
-13
1
4
21
33
34
42
39
39
43
41
35
18
15
21
15
17
16
7
5
6
-2
-21
-29
-29
-34
-34
-38
-48
-46
-41
-31
-31
-27
-18
-16
-10
-8
0
8
12
10
8
16
11
13
7
2
-3
-16
-11
-17
-23
-21
-25
-28
-20
-10
-26
-28
-20
-36
-35
-22
-23
-19
-17
-6
5
11
20
21
28
25
19
28
23
19
22
14
12
7
-4
-9
-13
-23
-30
-30
-33
-25
-23
-29
-25
-20
-12
-15
-10
-10
-9
6
-3
-1
16
12
17
28
20
22
34
33
43
41
22
30
29
26
28
22
14
12
12
0
-6
-5
-2
-7
-10
6
5
-3
-1
2
0
-5
0
1
11
28
30
32
37
42
43
39
40
40
34
30
30
18
9
3
6
6
-10
-9
-15
-28
-26
-29
-42
-34
-20
-24
-30
-27
-26
-38
-41
-33
-32
-38
-20
4
1
5
15
17
16
11
20
17
-1
-8
-12
-19
-23
-26
-28
-26
-17
-18
-19
-9
-20
-23
-14
-8
5
2
11
19
10
14
15
25
31
23
25
27
28
20
17
19
19
9
7
7
-8
-10
-16
-33
-36
-40
-48
-38
-40
-31
-9
-16
-6
8
17
20
21
38
43
45
41
43
47
48
46
29
24
25
20
15
-3
-6
-8
-22
-30
-35
-39
-44
-50
-43
-36
-33
-28
-21
-20
-15
-2
8
18
26
31
35
41
55
51
49
55
42
35
28
19
25
14
-4
7
-2
-9
-5
-27
-39
-49
-62
-63
-57
-54
-35
-18
-15
-5
3
11
5
3
16
7
6
13
12
7
11
14
5
11
5
-7
-6
-7
-12
-17
-19
-29
-33
-29
-26
-30
-31
-29
-28
-21
-14
-10
-4
9
19
31
29
35
48
40
28
30
30
21
22
21
5
-7
-5
-4
-13
-10
-7
-11
-11
-7
-1
-4
6
15
7
11
13
22
17
17
25
26
33
38
29
33
39
24
27
21
15
26
18
11
3
-8
-11
-18
-28
-31
-42
-44
-40
-36
-20
-22
-23
-14
-10
-5
0
-1
7
8
3
13
19
21
16
22
27
19
17
13
5
5
3
-4
-1
-10
-15
-8
-15
-23
-21
-19
-19
-27
-33
-33
-31
-29
-33
-24
-14
-10
-3
7
10
10
13
13
14
8
7
9
3
1
1
-5
-16
-17
-28
-41
-40
-38
-32
-34
-34
-20
-17
-4
11
0
-5
-9
-12
-15
-17
4
15
11
20
29
21
11
19
22
14
17
11
5
5
0
9
9
-4
-8
-13
-16
-6
-1
-19
-16
-3
-1
15
28
33
43
46
41
45
36
41
52
37
42
45
21
16
14
1
-10
-18
-12
-10
-17
-31
-37
-32
-33
-27
-22
-25
-21
-14
-10
-10
-11
-4
2
5
6
16
15
19
30
34
38
35
38
26
10
19
11
-6
-15
-21
-29
-28
-28
-29
-22
-33
-34
-25
-25
-26
-25
-9
-8
3
9
4
16
18
20
16
4
-5
-6
-2
-8
-2
1
2
4
3
2
-9
-10
-16
-24
-28
-27
-32
-32
-24
-30
-26
-21
-16
-10
-3
-5
-8
3
9
16
17
7
6
9
5
13
13
7
6
-2
-5
-12
-17
-12
-14
-12
-7
-2
2
2
-3
1
10
8
2
4
15
15
20
24
22
22
28
31
29
22
11
11
11
6
3
9
7
11
14
-4
-1
-2
-15
-22
-28
-30
-36
-27
-12
-14
-15
-10
-6
5
3
3
8
6
13
15
6
14
15
13
15
11
13
5
3
7
-6
-3
0
-1
-6
-12
-8
-7
-1
-2
-12
-12
-9
-19
-26
-21
-19
-9
-4
-7
7
18
21
21
19
19
11
13
23
14
15
8
-2
1
-3
-5
-11
-16
-15
-14
-17
-16
-18
-18
-9
-9
-6
-5
-6
-4
-7
-8
-10
-8
-1
-1
4
8
6
8
16
5
-1
12
-1
5
14
-6
-9
-5
-2
0
-15
-19
-9
-10
-3
-4
-8
0
3
7
4
7
13
12
17
20
19
17
27
34
28
22
15
6
1
-5
-8
-15
-19
-11
-22
-17
1
-17
-26
-15
-17
-13
-12
-17
-6
1
0
6
5
6
4
1
11
11
15
25
13
25
26
19
28
24
9
-1
12
9
-2
-5
-15
-13
-16
-17
-16
-21
-14
-10
-5
-5
-2
4
3
7
3
6
13
5
6
13
3
9
16
1
4
12
10
5
4
9
7
6
0
5
-5
-17
-13
-16
-14
-20
-16
-18
-23
-17
-14
-4
-7
-9
-4
4
3
-6
-3
9
16
14
7
10
9
1
6
15
4
7
10
4
2
-1
3
5
-3
-9
-2
1
-1
0
1
3
6
7
4
3
5
2
7
9
3
9
12
7
7
6
3
11
8
1
5
6
4
-1
-7
-4
-7
-17
-16
-21
-27
-18
-19
-13
-7
-1
13
15
11
13
