7
5
2
-4
-2
-1
-1
0
-3
-5
-9
-8
-8
-7
-4
-5
8
11
4
6
3
2
-1
-4
-1
-11
-7
-2
-17
-7
-5
-4
-10
-18
-10
-8
-13
-9
-5
-10
-1
2
-3
-15
-10
3
-9
-4
-1
-2
-4
-5
6
1
2
-4
-8
7
1
-3
-4
-15
-8
-2
-10
-13
-12
-12
-23
-15
-3
-4
3
-2
-4
-10
-12
1
-4
-7
5
2
-6
1
-2
-1
7
3
-1
-2
-4
-9
-7
-10
-8
-3
-5
-1
-5
-5
2
7
3
-9
-3
-4
-14
-2
11
14
9
-1
-13
-10
2
1
9
4
-11
-5
-3
2
17
9
6
9
6
13
6
-3
-8
-16
-9
-4
-4
-2
1
-6
-25
-25
-26
-18
0
-13
-16
-10
-2
-5
-19
-13
-17
-17
-3
6
2
-3
-5
-3
2
4
2
1
9
4
1
5
5
10
3
-5
5
11
7
10
6
2
3
4
4
-3
4
9
8
18
7
2
9
7
12
16
26
25
18
19
11
2
9
18
18
17
20
19
18
16
14
17
7
10
9
8
17
13
3
1
1
10
17
2
-2
4
4
8
4
4
0
-5
-5
3
5
-3
-3
-6
1
4
1
4
-5
5
12
-1
8
11
-3
-8
-6
-3
2
-8
-15
-13
-21
-17
-11
-18
-16
-17
-11
-12
-9
0
-7
-8
-12
-11
-3
-7
2
-4
-8
0
-7
-6
-2
-2
-1
-4
-7
-3
-8
-12
-7
-8
-10
-8
1
-4
-10
-5
-13
-16
-5
1
-13
-24
-16
-10
-9
-6
-14
-15
-5
1
2
2
3
1
1
-2
-7
-7
-6
-5
-1
-1
-8
-14
-8
0
-8
-6
-2
-10
-12
-8
-5
-4
-10
-15
-21
-20
-6
-8
-12
-12
-17
-18
-16
-1
-6
-16
1
4
2
2
-2
5
-7
-18
0
4
1
1
5
8
-1
-3
8
18
25
16
10
22
22
4
5
11
7
4
2
8
3
-2
2
-2
-3
-12
-5
1
-1
3
0
8
7
-2
6
2
-13
4
16
12
26
19
-7
-7
4
7
1
-1
4
14
12
5
10
4
4
8
2
3
3
2
12
17
12
11
18
19
20
18
10
8
14
25
24
22
15
17
25
17
13
15
16
1
0
13
11
7
8
19
18
-6
-4
13
-1
5
14
2
3
-3
-11
-3
-2
-11
-11
8
-4
-18
6
-2
-19
-10
-20
-30
-25
-28
-20
-6
-8
-4
-6
-19
-7
-4
5
13
-6
-8
-15
-17
-16
-24
-19
-13
-5
-9
-17
-6
-2
-8
-1
5
-3
-7
-11
-14
-9
-9
-15
-6
-4
-18
-13
-3
-11
4
14
-7
-3
-8
-30
-14
6
-1
-8
-1
-3
-13
-14
-3
-14
-7
7
-8
2
13
12
2
-4
16
7
1
16
17
9
-7
-3
0
-14
-3
14
12
5
6
8
-6
-21
-11
9
1
3
15
-4
-2
14
4
-1
4
0
-2
9
12
2
1
6
4
5
19
25
10
8
10
9
3
-7
-10
-4
-6
-4
15
8
-1
6
4
-2
-3
-12
-1
18
1
10
27
-3
-11
-7
-7
13
10
15
34
13
-20
-19
-4
-16
-10
3
5
18
9
3
15
7
-4
-5
-2
-6
2
12
5
9
1
-9
-5
9
16
9
7
20
19
-11
-12
0
-11
-5
10
13
14
9
9
10
5
-5
-5
3
2
0
1
-8
7
9
4
15
10
30
26
10
23
2
-22
-23
-4
4
11
31
40
32
-6
-15
-7
-34
-21
17
6
1
6
-12
-8
-2
-19
-9
19
28
21
20
10
-35
-38
-20
-35
-19
16
26
24
7
-16
-9
-19
-35
-4
1
-7
1
0
-3
-14
-24
-19
-1
-4
15
43
11
-16
-11
-24
-46
-33
-4
4
21
32
6
-5
3
-21
-31
2
6
6
24
17
-6
-51
-54
-29
-32
5
21
-6
12
18
-31
-64
-42
-41
-49
-1
34
11
-13
-4
-17
-43
-40
5
39
6
11
37
10
-31
-31
8
13
7
33
65
59
1
-20
3
-37
-62
0
26
0
27
53
6
-21
-34
-52
-3
12
-14
27
40
-3
-23
-23
-34
-39
-5
31
62
43
5
-6
-23
-26
-30
-26
5
48
24
11
50
-16
-59
-11
-29
-38
19
27
-1
31
4
-81
-26
25
-36
13
81
9
-16
29
25
-35
-54
3
17
5
30
23
3
-16
-44
-14
-9
-32
-24
10
34
-18
-45
-7
-18
-68
-21
32
-23
8
65
-5
-14
23
-6
-5
25
13
-4
37
21
-37
-6
9
-12
2
28
10
-27
-2
10
-35
-47
-27
-45
-54
13
7
-48
-14
-4
-13
-20
-25
3
6
27
29
10
24
-12
5
90
49
-4
66
81
0
-9
64
30
-53
-7
63
-14
-42
50
2
-45
-3
-13
-1
20
10
-9
10
0
-60
-16
49
-4
-39
36
50
-41
-43
11
7
-25
-22
47
19
-20
85
59
1
28
11
58
30
-30
53
55
-36
-7
58
-63
-103
56
34
-47
17
38
-25
-49
-22
18
1
-63
26
53
-60
12
53
-2
-4
-28
-3
0
-16
7
1
48
2
-83
11
26
-70
-17
59
-11
-45
-20
-1
15
-84
-14
91
-126
-88
138
31
-56
65
48
-71
-21
48
-15
-23
-6
26
46
-51
0
81
-42
-61
49
13
-35
8
-35
-4
43
-75
6
93
-94
-74
121
63
-58
55
42
-106
-10
11
-17
100
38
-35
115
111
-42
17
75
-28
-84
-40
94
73
-108
7
133
-115
-202
134
159
-149
10
188
-66
-99
65
40
-87
-138
52
165
-56
-73
157
-49
-269
3
69
-140
-106
97
102
-103
-7
163
-31
-109
83
141
-1
19
181
96
-102
-120
4
-27
-114
40
100
-27
-82
35
78
-131
-107
72
-43
-86
95
86
-30
70
48
-132
-21
19
-109
75
164
-69
-128
47
36
-157
-57
113
-62
-123
162
185
-60
-25
70
22
-79
-72
133
82
-85
77
114
-107
-100
89
78
-60
-12
75
-17
-59
68
36
-166
-67
88
-35
-18
144
88
-75
-5
79
-40
-56
26
46
-6
-12
56
43
5
-25
-34
-37
-41
24
6
-6
37
-64
-66
68
48
-40
0
65
37
87
77
30
75
-83
-98
71
10
-123
-49
86
-37
-101
25
-3
-97
-68
-13
-32
-43
1
28
12
-50
-94
-5
-25
-77
2
-35
-75
-56
36
-28
-133
-1
-20
-31
53
114
130
-16
-12
138
89
-91
24
144
-91
-45
149
36
-86
-74
0
-20
-83
2
99
2
-113
-16
38
-47
-48
67
8
-106
12
119
48
-61
-16
-14
-94
-110
115
185
-165
-4
167
-127
-68
152
55
-146
45
125
-22
47
62
92
-62
-69
202
33
-19
187
26
-125
32
24
-56
82
-35
-133
95
24
-122
47
29
-169
-172
104
141
-87
14
49
-19
-47
-30
160
76
-110
-18
85
-22
-143
11
42
-78
-175
-53
285
-51
-158
261
16
-279
23
261
-83
-79
231
-33
-181
46
138
-79
-174
127
45
-172
-18
68
-15
-230
-109
66
-23
-139
22
316
-35
-255
117
201
-89
-123
212
187
-223
-78
183
29
-51
-82
9
148
-67
-149
143
205
-253
-253
224
112
-216
-64
344
35
-298
168
228
-71
-136
9
120
-97
-68
-10
-17
-55
-179
-5
137
81
-89
-45
190
45
-117
33
98
-29
-80
75
135
40
-117
-62
157
-28
-145
116
23
-131
-17
-55
-43
-38
-68
-74
39
289
-27
-72
219
49
-158
-91
171
-95
-200
27
63
-43
-215
-12
57
-119
-8
67
42
33
-2
-3
-71
93
-85
-180
218
98
-17
69
125
106
-187
-152
103
9
-194
-75
258
-89
-241
143
143
-68
-192
199
153
-232
97
196
-134
-185
-41
41
-164
1
206
47
-47
-35
193
-121
-202
145
-29
-167
8
181
-57
-94
125
-40
-6
24
61
161
-50
141
81
-154
41
-82
-25
43
39
81
-92
14
27
-43
-66
-95
5
-25
-96
23
189
51
-181
80
162
-156
100
139
88
13
-301
115
94
-191
-172
166
144
-364
220
336
-189
-43
67
-11
-12
42
119
-39
-77
5
-55
-127
84
44
-297
166
99
-221
49
55
-53
-165
-28
118
74
75
80
-35
-8
-21
-73
10
28
19
-145
55
17
-14
5
-94
161
-134
-66
93
101
138
-214
68
29
-243
-2
66
52
-70
-37
94
26
4
-76
-103
93
-30
-45
110
147
-74
-48
149
-124
-2
-101
63
147
-143
109
-15
-118
147
-19
-128
202
42
-41
200
214
-37
-132
25
-66
-65
26
8
1
61
66
-81
115
-64
-182
154
-63
60
67
-121
50
79
-130
-114
107
-52
-64
55
144
-5
-53
-154
-93
111
-230
24
248
99
-159
-8
223
-63
-27
-41
72
-41
-176
148
234
-55
-164
-63
206
22
-176
260
-16
-90
6
-21
71
-209
-161
6
72
-99
52
66
-91
99
-179
1
21
-71
37
-143
82
41
-114
80
140
-100
-112
67
49
46
4
-128
-10
-24
-160
86
9
-86
-34
127
106
24
-12
-71
119
-14
-10
-18
-25
-50
-13
243
-20
-68
43
-103
51
35
-81
67
-78
-36
129
-23
0
-106
170
35
-84
263
-28
-41
18
91
-60
-152
16
-155
0
52
25
105
-42
21
-22
-71
17
41
40
25
-43
151
-31
-77
65
62
6
-249
236
157
-219
70
101
-76
-188
-27
165
-118
67
92
28
40
-177
88
-118
-20
65
-137
135
-42
-47
34
-74
72
-204
-62
103
-55
136
-31
-14
-157
-46
52
-204
196
-108
-2
210
-134
211
-82
-113
55
-123
244
-41
26
144
11
-38
-183
202
-162
-138
173
75
68
-135
26
201
-234
2
183
-166
121
9
163
112
-110
-93
-103
31
-216
132
76
-88
136
-111
-4
14
-89
-82
-26
170
-30
21
212
-79
-53
-62
111
-32
-132
230
-2
95
12
-22
-59
-184
-69
133
59
-48
159
-136
54
39
-101
14
-9
-166
-29
274
-106
-40
98
-131
-97
-77
96
3
-49
111
5
15
-202
-44
-11
-158
61
42
17
64
12
27
-115
-50
77
-110
44
113
3
-162
0
118
-171
65
110
-39
50
-154
95
119
-227
138
6
-233
47
-8
111
220
-91
-92
17
-55
20
109
-45
25
-5
-231
324
-39
-209
195
-93
157
47
22
18
-75
-48
-102
160
-64
-32
40
43
176
-133
20
78
24
-50
54
71
-95
-9
-85
188
-68
-143
233
-148
59
152
-146
193
-86
-124
84
-130
31
-34
16
63
17
92
3
75
-86
-45
54
-38
115
-20
-4
-42
-171
78
-67
23
169
-101
-17
-53
31
-84
53
67
-62
68
-326
159
-12
-156
385
-150
-12
-72
-83
26
-81
188
-165
55
5
-87
-84
63
185
-180
101
88
4
-96
61
77
-128
55
-44
11
190
-216
-61
127
-150
50
57
123
-58
-14
-81
-39
-11
-180
194
28
70
-52
-55
18
-53
135
2
52
-35
-150
118
-61
-46
155
-114
21
88
-56
28
-15
5
107
-32
112
-11
-129
-2
8
-11
100
301
-128
14
47
-134
12
16
154
-69
-18
-108
-80
116
-124
128
-27
-48
66
-247
173
46
-143
57
-36
25
-103
39
89
-12
-52
-96
54
-46
-3
105
0
-35
-96
-149
29
110
42
74
32
-3
-59
1
58
-34
157
-161
27
102
-168
165
-86
119
-106
-104
69
-40
101
-40
178
-71
-63
38
-197
24
1
-57
107
-38
59
72
-53
-39
44
-126
-48
135
-31
203
-62
-99
103
-117
-112
78
105
46
-49
73
134
-200
-111
46
-16
-16
-12
181
109
-118
128
5
-39
78
-70
-3
84
-128
-30
197
-114
152
-78
-132
56
-71
111
5
302
-183
-230
173
-252
12
114
-59
179
-104
86
42
-40
-82
-146
104
-202
239
-53
-48
154
-195
3
14
46
110
-14
-44
30
-41
-164
143
147
-254
156
-134
-5
217
-140
258
3
-167
-64
-76
-79
-47
18
99
-20
-61
44
-15
94
-158
257
-50
-265
374
-261
-9
65
-237
153
-108
113
128
-78
46
-116
120
-89
71
41
-223
157
-171
35
140
-13
165
9
-19
0
19
-156
57
146
-177
147
-116
-102
173
-177
-8
152
-92
85
93
-20
117
-364
58
11
-80
192
-157
199
-192
127
-13
13
214
-396
218
-106
24
175
-219
253
-107
-168
0
-125
149
-48
167
143
71
-103
-206
163
-296
118
47
-47
308
-180
30
70
-126
-164
17
93
-25
152
-12
-30
-101
-264
47
37
-101
203
21
-101
218
-82
62
21
-151
-35
-121
-94
64
115
-100
250
-75
-196
42
-132
27
124
70
-11
137
-81
-123
71
-172
-13
63
-4
278
1
5
69
-155
-86
-107
133
-49
19
130
-107
136
-21
-120
100
-11
-231
147
135
-148
237
-33
-47
17
-126
29
-69
60
-24
94
66
-65
54
-136
-61
50
-8
92
34
42
139
-157
69
45
-222
163
-11
10
68
-46
115
-43
80
19
-75
-153
-82
115
-108
168
100
-2
7
-84
84
-121
-104
142
61
8
52
10
-126
-118
-30
18
1
-7
157
-18
58
36
-136
-106
-118
7
-87
94
109
-68
26
162
-61
-97
81
-239
122
46
-17
236
-113
-194
-156
120
-171
13
308
-122
109
99
-125
9
-96
-214
97
-28
27
127
-77
168
-171
55
79
-270
264
-35
-4
149
-100
-27
-197
24
-46
82
15
-42
275
-222
122
204
-197
29
21
-143
110
12
79
81
-192
125
-179
0
9
-40
232
-73
33
18
15
-195
-96
258
-298
114
183
-151
210
-92
13
12
-135
68
5
-39
108
67
-238
37
100
-334
106
168
-211
219
135
-83
109
-40
-155
-63
102
-86
-32
224
-119
56
43
1
80
-264
64
-15
-25
73
63
96
-207
-12
-26
-93
-1
56
189
-78
122
74
-249
81
-158
-65
86
-47
83
33
68
2
-5
-11
-192
-66
43
-50
105
93
-48
-20
-154
58
83
-97
193
39
-29
91
15
-9
-116
-77
0
-149
55
51
0
165
-149
98
32
-201
70
102
5
-62
223
-12
-188
52
44
44
-106
34
97
-36
-38
-82
171
-188
-207
339
-144
-46
133
-95
-154
175
130
-223
478
-51
-305
296
-147
-137
-12
120
123
-98
260
-130
-241
147
-298
125
214
-104
173
-28
82
-93
-151
68
-8
73
-123
277
103
-272
140
4
-51
-227
36
216
-203
175
39
-70
69
-385
100
120
-225
194
121
81
-56
-67
33
-128
-95
-29
155
32
3
225
-110
-216
-1
-231
27
188
-108
180
10
-289
143
-28
-300
303
155
-169
279
120
-210
-105
28
-26
-84
-15
-22
230
-21
-230
378
-76
-554
178
184
-190
79
218
35
-99
-25
-58
-38
18
-103
260
210
-168
39
-32
-117
-106
-100
56
32
46
70
42
107
-186
-240
103
-97
-39
267
49
62
222
-208
-218
226
-143
-250
380
146
-224
44
7
-38
-116
-151
213
205
-139
132
323
-161
-284
45
50
-115
32
193
28
-58
32
-44
-4
19
-65
83
138
-153
-33
35
-210
-72
21
28
51
103
66
-11
30
-72
33
89
-54
151
10
-189
43
-22
-189
6
175
-69
-31
200
-13
-142
17
14
-32
-3
-36
120
22
-170
52
63
-145
-108
138
34
-140
112
33
-101
54
-26
-84
34
-67
-65
103
-19
72
16
-82
46
-66
-22
49
36
2
-76
-22
35
-13
27
84
27
45
21
10
84
-24
-96
84
43
-49
62
24
-40
-101
-33
81
24
81
168
80
-63
-109
-92
-94
-84
29
105
26
-41
36
-20
-90
-5
-9
-35
-31
98
46
-2
77
-69
-94
43
41
2
131
60
-29
90
14
-39
78
-46
-149
11
-22
-48
47
44
-85
-68
-96
-117
56
-83
44
150
-62
-27
-33
-39
-105
-75
76
-27
-5
34
-20
49
-103
-83
87
-78
-25
160
40
-46
21
12
-13
43
11
20
47
59
91
58
37
-137
-136
0
-46
-6
-1
-102
-110
-107
-138
-18
-92
-191
58
25
19
118
-59
-7
60
82
168
142
164
82
104
173
114
39
-7
130
61
85
143
-31
-52
-102
-35
50
-101
-122
-58
-104
-74
60
15
-141
-104
-45
-31
47
96
10
-26
59
141
189
185
72
12
122
134
152
207
83
-41
33
78
70
131
93
70
99
87
62
11
-81
-128
-55
-23
-14
-25
-146
-212
-217
-168
-220
-315
-265
-361
-368
-263
-284
-323
-369
-283
-238
-252
-212
-235
-246
-109
1
-23
29
-34
-36
69
177
336
209
114
115
43
42
30
-2
-55
-120
-29
5
-110
-220
-350
-300
-197
-143
-45
21
-64
28
294
378
497
484
441
579
655
666
681
612
461
543
778
743
631
549
346
374
524
620
668
543
512
528
554
585
626
717
830
1182
1022
256
-501
-1409
-1777
-1353
-818
-741
-1236
-1955
-2593
-2611
-2286
-1962
-1737
-1821
-1645
-1307
-948
-597
-742
-712
-187
417
1134
1556
1360
999
888
1107
1482
1577
1269
1018
818
794
1159
1084
790
583
241
278
198
-261
-625
-995
-1059
-688
-501
-620
-939
-1286
-1267
-899
-477
-340
-432
-527
-498
-191
102
177
150
41
127
390
500
366
92
-72
-64
156
445
527
405
303
315
460
645
545
479
521
541
710
813
768
461
146
174
264
336
540
639
574
642
772
893
955
996
1158
1520
2033
2396
2310
1379
79
-989
-1599
-1151
-454
-429
-1047
-2318
-3543
-3992
-3665
-3004
-2479
-2325
-2324
-2155
-1875
-1533
-1186
-851
-178
765
1618
2209
2084
1629
1530
1668
2105
2467
2205
1745
1268
924
1047
999
638
415
144
-27
-100
-531
-1134
-1541
-1596
-1193
-733
-821
-1324
-1932
-2186
-1707
-931
-372
-294
-627
-961
-873
-444
-48
177
201
174
266
382
342
54
-221
-288
-176
66
82
-213
-484
-611
-450
-107
5
5
-8
-10
237
585
677
665
716
768
963
1136
1178
1232
1287
1417
1616
1706
1630
1535
1457
1431
1527
1608
1717
1765
1667
1640
1636
1768
2167
2131
1295
-126
-1857
-2812
-2453
-1591
-1079
-1502
-3081
-4594
-4791
-4080
-2977
-2233
-2247
-2317
-2108
-1365
-402
-28
30
445
1314
2285
2919
2849
2223
1742
1774
2194
2164
1446
541
-221
-303
14
65
-191
-753
-1270
-1214
-940
-872
-913
-1002
-924
-530
-294
-445
-706
-866
-519
268
737
510
-267
-1161
-1516
-1133
-585
-391
-571
-1003
-1357
-1327
-1090
-1000
-1053
-896
-528
-127
172
74
-194
-270
-15
625
1172
1230
999
809
785
1001
1329
1474
1403
1329
1233
1070
952
778
775
1069
1521
1750
1428
908
400
322
779
1228
1382
995
437
234
356
740
1035
1181
1464
1902
2196
1649
196
-1641
-3000
-2771
-1437
-468
-606
-2089
-4073
-4947
-4353
-3033
-1798
-1315
-1366
-1298
-943
-440
-109
136
631
1516
2590
3116
2771
1944
1223
1012
1229
1316
868
113
-638
-958
-834
-758
-674
-589
-508
-296
-236
-396
-616
-656
-394
118
526
418
139
-142
-294
-147
-67
-229
-637
-1038
-1318
-1533
-1554
-1701
-1867
-1764
-1636
-1404
-1235
-1268
-1196
-1025
-685
-138
332
581
711
922
1140
1310
1510
1586
1588
1633
1742
1747
1656
1462
1185
1001
749
473
276
202
303
546
802
844
739
634
584
730
941
1068
1135
1065
954
866
878
937
977
1204
1499
1829
2260
2292
1478
80
-1561
-2790
-2769
-1934
-1264
-1475
-2712
-4259
-5022
-4420
-3013
-1673
-1106
-1223
-1280
-1004
-347
439
1042
1494
2063
2812
3149
2864
2200
1428
1089
1189
1198
800
-60
-1030
-1533
-1414
-1078
-752
-506
-524
-527
-489
-659
-774
-711
-375
299
780
578
-91
-868
-1439
-1334
-809
-662
-994
-1615
-2345
-2642
-2482
-2193
-1800
-1514
-1309
-998
-718
-507
-290
95
702
1336
1854
2045
1899
1734
1768
1922
2074
2034
1677
1296
1004
766
632
532
369
257
193
10
-223
-394
-328
57
572
990
1110
926
731
765
903
1043
1200
1245
1164
1018
793
460
260
412
789
1249
1568
1652
1607
1522
1109
105
-1220
-2396
-2724
-2197
-1493
-1363
-2375
-3834
-4499
-3933
-2486
-1073
-504
-660
-936
-704
175
1098
1724
2096
2355
2688
2846
2419
1707
1031
563
619
645
75
-942
-1973
-2449
-2252
-1603
-924
-560
-471
-546
-606
-679
-652
-314
209
911
1243
832
-16
-966
-1415
-1247
-825
-620
-1049
-1881
-2583
-2887
-2782
-2277
-1667
-1112
-537
-130
76
186
326
719
1440
2184
2586
2541
2135
1659
1446
1455
1482
1388
1074
625
126
-304
-593
-731
-649
-433
-271
-208
-321
-445
-295
81
631
1140
1351
1278
1098
922
876
955
957
935
875
670
511
345
105
77
281
649
1161
1507
1631
1676
1761
2090
2372
2112
1069
-477
-1810
-2337
-1978
-1303
-1171
-1931
-2958
-3621
-3461
-2523
-1571
-943
-578
-323
94
666
1120
1343
1556
1845
2065
2086
1706
1012
332
-149
-467
-845
-1440
-2166
-2698
-2810
-2512
-1993
-1525
-1119
-777
-521
-256
-11
182
352
601
803
734
514
140
-324
-580
-698
-880
-1158
-1525
-1949
-2174
-2123
-1976
-1599
-1115
-627
19
562
907
1203
1444
1713
2086
2383
2427
2234
1856
1493
1232
979
681
292
-131
-479
-762
-937
-995
-1019
-927
-717
-531
-419
-330
-175
114
533
942
1246
1416
1422
1414
1383
1290
1221
1121
1067
1035
914
726
458
257
185
218
494
846
1153
1409
1497
1567
1742
2077
2473
2448
1643
126
-1495
-2467
-2439
-1772
-1351
-1725
-2749
-3749
-3914
-3163
-2091
-1232
-801
-595
-304
240
802
1071
1176
1285
1506
1710
1525
853
-60
-893
-1353
-1482
-1655
-2022
-2442
-2708
-2578
-2042
-1395
-784
-211
288
701
1011
1137
1048
1007
1150
1278
1229
843
115
-627
-1094
-1317
-1458
-1720
-2177
-2498
-2494
-2166
-1591
-1058
-618
-159
392
976
1432
1682
1720
1728
1822
1930
1868
1574
1150
707
399
209
-60
-450
-840
-1121
-1157
-956
-745
-572
-359
-152
73
289
471
714
1073
1559
2037
2284
2205
1968
1764
1645
1619
1586
1463
1254
1007
753
476
180
-51
-80
90
385
715
879
871
863
991
1372
1929
2418
2438
1615
157
-1406
-2498
-2637
-2110
-1622
-1733
-2565
-3572
-4045
-3649
-2657
-1531
-641
-188
66
358
590
722
839
985
1199
1385
1289
754
-111
-950
-1456
-1615
-1601
-1665
-1905
-2171
-2266
-2062
-1523
-801
3
730
1178
1309
1175
935
769
809
918
836
445
-184
-783
-1256
-1574
-1742
-1910
-2133
-2213
-2027
-1771
-1481
-1141
-782
-289
329
951
1405
1621
1656
1628
1654
1674
1587
1371
1037
629
212
-154
-503
-785
-913
-903
-765
-557
-350
-181
46
364
684
1029
1306
1486
1686
1850
2029
2213
2182
2031
1846
1564
1283
1060
772
434
200
24
-88
-235
-454
-533
-472
-253
65
313
514
786
1195
1618
1881
1995
2056
2203
2431
2202
1135
-484
-2106
-2928
-2622
-1856
-1561
-2134
-3217
-4027
-3866
-2875
-1675
-741
-251
74
443
739
839
704
600
770
1066
1200
794
-103
-1030
-1612
-1675
-1511
-1511
-1748
-2055
-2205
-2022
-1506
-857
-194
454
903
1079
1012
767
593
616
729
750
525
0
-596
-1020
-1286
-1411
-1513
-1646
-1736
-1758
-1623
-1368
-1077
-719
-296
227
725
1102
1330
1351
1305
1276
1306
1342
1296
1121
776
439
150
-116
-248
-333
-409
-326
-176
-68
69
199
319
543
827
1024
1146
1240
1334
1472
1624
1697
1609
1432
1252
1061
851
566
261
45
-42
5
2
-150
-338
-442
-350
-57
345
697
1022
1377
1651
1856
1990
2104
2319
2501
2292
1408
-60
-1592
-2505
-2510
-1982
-1686
-2108
-3028
-3795
-3827
-3050
-1941
-1038
-520
-232
98
492
733
759
705
738
959
1198
1082
438
-489
-1337
-1821
-1870
-1740
-1721
-1842
-1970
-1955
-1629
-980
-219
492
1050
1338
1351
1222
1084
983
939
875
654
267
-238
-735
-1096
-1342
-1537
-1732
-1945
-2084
-2036
-1827
-1457
-1014
-639
-219
234
626
990
1224
1304
1357
1390
1405
1404
1283
1069
820
529
272
95
-53
-177
-248
-276
-283
-242
-140
9
135
223
333
486
726
1019
1268
1411
1365
1214
1117
1053
1020
995
880
671
445
289
179
135
174
232
340
443
494
539
646
885
1250
1690
1962
1931
1783
1699
1793
2001
1961
1265
-15
-1437
-2511
-2842
-2565
-2207
-2182
-2552
-2994
-3134
-2829
-2183
-1457
-845
-336
121
511
732
738
638
524
514
609
599
361
-133
-761
-1279
-1572
-1679
-1674
-1658
-1676
-1593
-1272
-742
-91
494
777
818
740
645
692
784
796
680
381
7
-366
-665
-886
-1053
-1151
-1254
-1379
-1512
-1601
-1596
-1413
-1052
-680
-335
-24
244
526
791
993
1147
1186
1171
1209
1228
1140
949
665
339
95
-44
-143
-239
-328
-379
-331
-208
-125
-87
-48
27
241
570
881
1139
1298
1381
1444
1468
1460
1412
1324
1206
1029
841
662
501
408
378
352
283
196
166
221
388
658
952
1200
1351
1425
1452
1550
1752
1928
1883
1291
169
-1112
-2110
-2475
-2280
-1896
-1773
-2043
-2452
-2729
-2630
-2177
-1585
-1014
-505
-45
340
651
778
655
423
225
163
243
313
205
-121
-610
-1133
-1511
-1701
-1760
-1707
-1535
-1158
-575
61
576
799
723
526
410
481
674
849
855
657
351
-12
-373
-667
-924
-1138
-1308
-1465
-1602
-1762
-1875
-1851
-1711
-1443
-1059
-651
-252
127
410
636
831
969
1081
1170
1194
1124
991
807
553
272
-6
-214
-324
-311
-169
-33
60
122
139
105
103
196
385
699
1111
1520
1793
1849
1680
1404
1191
1103
1107
1102
975
714
425
166
-38
-138
-134
-35
142
348
519
649
765
914
1162
1441
1666
1836
1952
2052
2123
1984
1452
551
-508
-1404
-1902
-1997
-1897
-1876
-2011
-2187
-2259
-2128
-1839
-1506
-1224
-971
-672
-265
219
553
637
475
149
-111
-210
-189
-125
-164
-386
-720
-1079
-1383
-1572
-1626
-1502
-1172
-654
-46
496
830
837
627
393
257
304
448
554
539
350
34
-315
-649
-997
-1315
-1590
-1813
-1899
-1881
-1826
-1753
-1700
-1614
-1431
-1115
-697
-238
221
588
853
1011
1061
1074
1080
1086
1106
1105
1010
800
553
315
121
25
8
4
7
30
3
-43
-56
-46
78
318
614
944
1231
1432
1517
1487
1389
1250
1109
1030
1007
954
870
737
534
334
149
8
-34
38
248
531
801
1032
1172
1249
1345
1422
1476
1562
1683
1863
2049
1959
1409
463
-687
-1612
-2032
-2022
-1789
-1618
-1642
-1739
-1754
-1660
-1556
-1574
-1665
-1640
-1323
-675
54
556
647
345
-88
-397
-477
-375
-227
-165
-231
-364
-538
-744
-979
-1197
-1265
-1113
-685
-88
423
681
601
275
-90
-291
-252
-89
63
85
-27
-176
-316
-446
-628
-923
-1303
-1664
-1878
-1893
-1774
-1623
-1509
-1422
-1313
-1112
-809
-465
-126
168
450
764
1042
1251
1366
1361
1275
1169
1100
1043
944
785
592
405
251
144
71
-13
-121
-211
-216
-126
74
363
646
920
1164
1303
1344
1308
1194
1051
926
831
768
704
597
457
312
214
222
318
459
622
778
911
1040
1197
1331
1429
1481
1474
1513
1665
1923
2192
2285
2003
1300
346
-615
-1320
-1628
-1660
-1585
-1492
-1459
-1437
-1404
-1425
-1518
-1694
-1847
-1841
-1600
-1145
-670
-321
-205
-327
-507
-605
-584
-485
-367
-287
-277
-282
-292
-349
-457
-606
-722
-710
-527
-215
127
360
403
290
101
-47
-124
-170
-219
-323
-451
-521
-536
-540
-604
-830
-1190
-1544
-1781
-1863
-1826
-1742
-1641
-1489
-1235
-908
-581
-314
-145
-30
165
473
815
1127
1310
1334
1311
1287
1217
1127
1019
851
705
622
566
508
431
330
212
130
105
131
189
290
443
616
823
1028
1142
1152
1042
822
607
491
483
560
641
643
563
473
441
495
627
773
876
958
1052
1159
1257
1336
1393
1426
1473
1549
1625
1660
1630
1501
1230
792
180
-473
-1040
-1443
-1623
-1624
-1539
-1443
-1376
-1363
-1424
-1595
-1857
-2124
-2275
-2183
-1806
-1265
-757
-423
-323
-374
-417
-396
-308
-231
-240
-291
-298
-222
-124
-83
-159
-330
-467
-455
-277
-25
175
247
187
44
-106
-232
-322
-402
-489
-541
-555
-549
-540
-600
-773
-1047
-1362
-1601
-1695
-1666
-1558
-1410
-1254
-1084
-855
-577
-309
-103
32
139
275
488
772
1043
1265
1435
1528
1541
1481
1366
1213
1033
851
707
612
561
509
421
309
171
63
58
134
258
413
571
701
817
892
894
844
749
647
585
571
593
639
677
690
691
705
717
725
733
759
838
964
1100
1218
1314
1385
1445
1533
1634
1745
1832
1806
1606
1167
521
-209
-888
-1387
-1651
-1745
-1781
-1808
-1825
-1837
-1842
-1896
-2057
-2261
-2379
-2263
-1867
-1305
-772
-431
-324
-391
-507
-565
-564
-552
-562
-580
-570
-502
-422
-402
-437
-514
-558
-470
-257
-10
189
293
291
232
175
103
-17
-174
-323
-429
-474
-485
-516
-637
-853
-1101
-1345
-1514
-1589
-1588
-1492
-1358
-1212
-1036
-807
-558
-342
-139
43
184
360
594
834
1059
1234
1334
1397
1402
1315
1176
1035
935
911
926
925
868
754
633
543
487
443
382
342
366
453
599
742
803
784
710
612
520
460
428
425
488
614
780
926
992
983
943
911
928
1005
1115
1205
1243
1228
1175
1125
1096
1096
1100
1105
1148
1230
1305
1301
1112
662
-6
-721
-1285
-1582
-1619
-1509
-1387
-1346
-1394
-1510
-1669
-1884
-2158
-2389
-2477
-2326
-1894
-1319
-810
-516
-501
-649
-776
-787
-663
-454
-253
-111
-4
66
86
23
-153
-371
-530
-519
-319
-33
208
292
208
38
-140
-275
-354
-390
-419
-430
-395
-360
-372
-476
-686
-957
-1248
-1462
-1567
-1572
-1509
-1423
-1295
-1146
-990
-820
-657
-496
-316
-102
149
437
748
1048
1310
1506
1629
1682
1632
1502
1333
1148
1011
918
839
752
610
413
201
27
-81
-110
-44
97
319
600
869
1062
1138
1104
1012
944
949
1008
1073
1095
1060
977
876
767
662
582
539
563
675
865
1051
1160
1191
1165
1151
1214
1348
1508
1627
1684
1707
1690
1567
1251
669
-126
-961
-1610
-1933
-1983
-1920
-1908
-1991
-2128
-2251
-2344
-2429
-2527
-2586
-2466
-2091
-1504
-856
-351
-139
-216
-402
-512
-473
-318
-160
-96
-125
-199
-287
-416
-617
-872
-1079
-1083
-819
-376
86
382
431
294
103
-27
-77
-77
-86
-125
-169
-240
-336
-483
-740
-1074
-1408
-1656
-1776
-1763
-1652
-1520
-1395
-1256
-1069
-822
-535
-252
0
240
484
755
1055
1324
1517
1622
1663
1653
1605
1526
1396
1229
1060
913
807
713
591
418
228
83
25
71
181
334
527
727
940
1147
1298
1345
1281
1164
1059
986
948
893
805
688
558
463
442
476
550
651
782
958
1142
1292
1378
1377
1303
1232
1213
1228
1271
1293
1274
1272
1302
1282
1114
678
-66
-953
-1755
-2269
-2401
-2285
-2116
-2048
-2113
-2226
-2316
-2355
-2351
-2323
-2214
-1938
-1463
-879
-380
-135
-190
-421
-620
-648
-514
-336
-248
-292
-408
-551
-705
-869
-1055
-1209
-1216
-969
-504
21
422
545
407
144
-125
-279
-307
-303
-318
-364
-420
-463
-520
-655
-913
-1253
-1558
-1724
-1707
-1544
-1348
-1195
-1087
-1013
-887
-676
-426
-154
119
398
686
962
1225
1446
1598
1683
1704
1684
1627
1544
1451
1353
1221
1056
874
680
501
342
200
70
-34
-67
-6
162
386
613
817
969
1073
1142
1167
1153
1115
1082
1072
1071
1082
1098
1096
1091
1079
1052
1037
1030
1038
1073
1115
1136
1122
1085
1040
1019
1039
1069
1092
1109
1128
1184
1286
1368
1283
912
216
-683
-1551
-2165
-2432
-2419
-2293
-2244
-2344
-2518
-2664
-2722
-2685
-2580
-2402
-2087
-1620
-1067
-555
-232
-170
-327
-526
-587
-455
-211
-23
-9
-173
-453
-766
-1032
-1221
-1323
-1303
-1108
-737
-307
26
132
-3
-263
-496
-570
-454
-244
-78
-11
-42
-157
-334
-560
-823
-1084
-1264
-1297
-1209
-1072
-978
-966
-982
-959
-826
-561
-205
188
560
881
1133
1310
1412
1440
1453
1513
1647
1826
1940
1910
1733
1439
1124
881
747
692
645
548
400
216
31
-101
-147
-77
105
358
635
877
1041
1103
1090
1058
1045
1080
1172
1266
1322
1321
1250
1137
1006
900
855
832
798
754
707
673
676
710
740
747
724
717
747
803
870
884
842
773
734
761
748
548
37
-782
-1696
-2420
-2747
-2689
-2441
-2286
-2388
-2671
-2936
-3011
-2853
-2529
-2149
-1754
-1301
-780
-275
81
157
-49
-340
-503
-434
-210
-37
-97
-439
-932
-1393
-1692
-1788
-1748
-1612
-1367
-1004
-563
-157
70
70
-66
-181
-117
155
488
707
690
442
74
-286
-551
-730
-859
-939
-961
-929
-858
-791
-766
-741
-620
-354
35
466
820
1028
1107
1140
1213
1352
1530
1695
1818
1885
1872
1780
1593
1307
980
678
462
352
316
290
237
153
49
-24
-18
75
250
490
756
989
1159
1228
1190
1095
968
879
893
976
1078
1127
1072
935
757
601
536
582
712
881
1004
1048
1014
945
888
844
837
856
849
811
739
644
532
397
281
222
227
272
246
18
-498
-1262
-2032
-2549
-2694
-2507
-2247
-2185
-2375
-2702
-2926
-2875
-2576
-2161
-1774
-1457
-1163
-853
-548
-365
-393
-564
-735
-751
-567
-337
-252
-438
-861
-1326
-1657
-1753
-1661
-1482
-1241
-954
-622
-269
2
137
161
138
190
355
583
768
797
675
464
244
92
-47
-183
-297
-425
-507
-529
-512
-469
-426
-339
-185
24
290
557
778
960
1104
1236
1374
1497
1604
1677
1693
1644
1529
1354
1136
921
733
579
457
364
272
162
65
-12
-60
-58
-9
94
249
433
606
738
817
829
808
796
808
852
902
926
909
854
803
775
750
720
690
662
683
762
849
905
887
793
689
617
594
581
525
424
327
289
336
410
421
323
164
69
100
190
174
-139
-787
-1569
-2182
-2429
-2347
-2139
-2080
-2272
-2581
-2799
-2779
-2541
-2211
-1902
-1637
-1352
-1027
-709
-500
-466
-523
-530
-404
-186
-11
-7
-212
-551
-870
-1069
-1153
-1178
-1192
-1171
-1061
-831
-496
-135
153
338
439
501
609
757
889
949
899
791
671
560
486
381
211
-1
-241
-435
-528
-561
-538
-471
-387
-239
-45
173
420
641
838
1013
1156
1271
1338
1384
1417
1411
1353
1227
1043
836
671
567
476
370
222
40
-112
-179
-174
-141
-111
-89
-32
114
333
568
757
855
876
863
848
848
840
815
780
730
682
630
548
449
384
399
498
641
776
865
884
852
832
826
811
768
667
542
428
324
258
186
88
2
-87
-157
-189
-192
-160
-136
-210
-447
-889
-1471
-2005
-2334
-2408
-2284
-2161
-2178
-2297
-2437
-2452
-2276
-1980
-1647
-1339
-1055
-767
-512
-337
-253
-253
-261
-196
-88
-20
-71
-267
-542
-803
-968
-1021
-1001
-929
-799
-605
-344
-59
176
327
418
479
563
697
839
929
925
831
663
469
303
177
101
35
-40
-115
-217
-312
-355
-343
-250
-103
65
228
361
479
616
775
959
1139
1254
1291
1248
1144
1020
892
783
683
552
400
251
109
2
-45
-57
-50
-53
-92
-129
-119
-39
114
299
474
604
681
722
730
708
683
667
691
768
864
909
858
721
539
401
390
509
709
887
964
938
838
719
632
584
578
574
538
489
411
303
196
73
-34
-110
-184
-237
-278
-306
-298
-254
-183
-154
-265
-575
-1047
-1527
-1854
-1956
-1850
-1710
-1697
-1825
-2033
-2176
-2144
-1941
-1624
-1298
-1008
-777
-625
-535
-483
-459
-413
-331
-242
-173
-201
-361
-600
-860
-1060
-1143
-1117
-1014
-856
-691
-543
-381
-185
52
309
544
707
798
862
925
995
1034
1015
931
801
673
565
455
325
166
-12
-156
-219
-193
-112
-22
37
61
97
155
248
396
548
686
776
786
732
644
560
498
457
419
349
252
158
59
-31
-81
-92
-56
20
97
136
146
168
215
323
489
662
791
859
882
873
865
854
827
782
699
631
599
576
573
578
567
560
557
557
574
603
660
712
740
737
682
594
476
350
245
135
36
-55
-142
-206
-257
-285
-284
-270
-257
-239
-198
-114
-13
37
-24
-249
-630
-1082
-1463
-1681
-1724
-1665
-1662
-1766
-1954
-2136
-2175
-2029
-1725
-1360
-1076
-898
-806
-777
-732
-635
-501
-354
-222
-137
-156
-282
-469
-659
-786
-819
-756
-655
-565
-486
-406
-275
-63
203
462
669
815
909
973
1050
1121
1143
1122
1044
919
805
693
573
440
304
164
21
-86
-157
-197
-224
-231
-203
-144
-66
19
91
132
164
203
264
366
478
582
651
661
633
562
461
378
312
263
240
195
123
23
-93
-168
-170
-68
101
281
448
594
727
837
946
1031
1052
1026
943
829
703
568
420
264
130
36
2
37
112
202
296
387
473
549
597
627
642
653
656
634
577
456
281
85
-67
-121
-106
-86
-92
-127
-178
-200
-189
-153
-101
-81
-93
-162
-331
-590
-924
-1234
-1413
-1447
-1381
-1346
-1460
-1691
-1927
-2024
-1931
-1705
-1446
-1269
-1186
-1145
-1085
-978
-850
-705
-576
-466
-376
-337
-348
-400
-452
-463
-398
-279
-178
-107
-91
-85
-1
167
397
630
788
853
843
808
809
861
929
967
960
901
795
684
583
494
407
327
253
144
21
-104
-208
-263
-269
-208
-140
-100
-80
-84
-51
12
86
188
299
413
494
515
484
394
292
224
207
244
280
289
245
159
97
59
55
117
211
331
462
582
671
737
780
794
797
773
710
624
502
376
253
136
62
29
42
98
162
219
280
364
459
558
633
657
639
587
522
461
396
327
244
151
53
-50
-163
-292
-402
-478
-497
-435
-345
-260
-204
-179
-158
-137
-118
-134
-218
-390
-659
-969
-1241
-1426
-1495
-1512
-1574
-1706
-1876
-2004
-2014
-1858
-1612
-1352
-1101
-900
-720
-556
-406
-266
-143
-15
95
182
240
208
106
-15
-116
-155
-122
-41
30
100
179
244
348
466
555
657
726
773
827
861
881
870
830
767
679
604
538
463
361
241
117
4
-69
-144
-228
-324
-438
-484
-447
-336
-174
-53
33
83
111
159
221
316
407
488
556
559
539
487
416
379
350
339
326
268
205
144
107
109
134
187
239
294
367
432
487
517
500
463
405
338
275
234
221
227
226
185
139
109
104
148
210
255
268
248
220
202
211
244
291
336
358
344
288
225
170
110
70
54
21
-27
-110
-217
-286
-314
-300
-268
-253
-263
-323
-408
-482
-557
-622
-706
-839
-1010
-1181
-1293
-1318
-1278
-1205
-1163
-1157
-1136
-1081
-975
-852
-736
-633
-542
-432
-329
-245
-180
-171
-165
-134
-83
-7
56
82
73
46
48
81
141
222
303
372
413
435
458
469
473
482
491
491
471
438
392
328
266
239
254
312
372
358
268
112
-61
-182
-223
-184
-129
-107
-121
-179
-228
-232
-193
-97
25
126
194
222
226
239
261
289
334
365
348
308
246
178
130
96
110
143
172
207
191
160
157
182
289
429
535
583
535
453
400
379
404
440
440
409
339
242
137
57
14
5
42
105
160
187
181
155
144
157
196
235
223
186
112
12
-46
-79
-77
-52
-69
-113
-189
-278
-328
-347
-341
-308
-282
-240
-190
-172
-181
-225
-264
-245
-174
-99
-88
-192
-394
-611
-757
-780
-711
-638
-612
-669
-762
-809
-803
-748
-665
-583
-524
-468
-417
-392
-368
-343
-296
-196
-85
10
55
13
-73
-144
-164
-109
-18
52
84
71
50
56
88
149
226
287
336
369
370
374
382
376
381
398
416
431
412
353
257
133
21
-57
-110
-150
-200
-285
-353
-385
-384
-327
-245
-148
-29
60
125
183
231
292
378
464
535
571
546
502
448
393
374
370
393
429
408
358
291
213
201
256
338
423
453
415
352
286
274
303
328
345
314
234
133
19
-81
-144
-160
-144
-130
-135
-175
-245
-295
-308
-274
-197
-112
-29
11
15
28
30
63
125
178
246
303
334
351
337
308
264
232
219
214
219
205
161
88
-6
-91
-148
-162
-165
-185
-213
-271
-337
-383
-420
-426
-410
-409
-428
-477
-549
-628
-698
-726
-713
-689
-686
-703
-725
-743
-734
-723
-699
-669
-637
-568
-495
-416
-329
-275
-227
-185
-141
-83
-26
26
63
88
108
127
152
171
170
155
139
143
152
161
181
200
210
218
210
199
189
175
174
199
230
257
269
253
218
166
125
126
150
195
233
229
217
198
173
177
204
246
291
315
305
277
254
251
286
328
349
340
306
279
266
265
274
276
272
267
243
207
174
142
127
129
136
151
165
177
176
154
132
107
95
104
120
135
126
92
41
-20
-56
-60
-45
-7
27
50
76
88
99
117
149
209
266
320
356
351
323
287
256
224
190
151
110
60
-4
-30
-38
-38
-18
-32
-50
-54
-79
-110
-162
-223
-269
-327
-387
-460
-568
-672
-765
-831
-881
-937
-1005
-1093
-1149
-1155
-1127
-1059
-986
-944
-917
-876
-807
-725
-639
-559
-496
-431
-366
-275
-181
-119
-46
9
46
103
162
240
324
388
447
500
553
589
606
633
669
692
696
678
633
556
469
412
377
362
330
273
221
152
89
51
20
5
4
-9
-30
-44
-55
-86
-87
-51
-25
26
81
103
115
127
142
176
216
258
298
325
352
351
344
341
350
385
425
468
483
466
432
382
328
276
240
217
190
143
76
-5
-80
-130
-156
-169
-159
-155
-160
-157
-161
-136
-91
-59
-24
19
76
136
181
215
230
239
242
230
234
242
232
232
232
220
211
183
157
136
113
100
81
68
54
24
-14
-59
-118
-178
-234
-300
-365
-453
-570
-702
-822
-911
-986
-1042
-1086
-1136
-1158
-1141
-1095
-1026
-962
-909
-846
-762
-660
-555
-462
-382
-306
-236
-163
-91
-29
35
91
130
155
172
198
234
263
298
341
392
444
490
519
511
492
480
486
516
530
515
477
404
328
264
224
193
153
120
70
19
-20
-66
-95
-106
-115
-96
-71
-39
9
34
45
70
100
138
181
221
239
241
235
222
221
231
233
228
213
191
175
187
222
251
270
284
291
298
304
288
269
254
237
227
212
189
152
120
96
74
84
93
73
47
19
-1
-3
11
49
72
82
84
68
46
25
20
12
11
29
27
14
-12
-60
-86
-106
-122
-114
-106
-93
-108
-155
-183
-202
-203
-191
-188
-203
-224
-236
-251
-270
-295
-305
-304
-318
-324
-337
-379
-415
-442
-454
-436
-426
-430
-436
-452
-461
-471
-459
-424
-399
-372
-358
-359
-362
-345
-311
-272
-216
-174
-166
-163
-153
-111
-50
5
51
61
52
43
39
65
90
111
149
192
234
260
258
259
264
270
301
327
354
364
332
298
243
184
151
127
96
66
43
24
-13
-41
-53
-56
-19
38
107
165
189
206
221
240
276
314
349
386
405
394
379
371
355
340
336
325
327
329
321
309
301
315
334
355
379
385
372
361
348
330
314
285
235
160
76
2
-68
-124
-182
-230
-274
-318
-339
-348
-352
-341
-320
-305
-275
-248
-227
-181
-138
-107
-77
-60
-57
-53
-55
-63
-70
-77
-74
-73
-75
-71
-83
-84
-70
-76
-81
-100
-128
-137
-155
-157
-164
-177
-179
-211
-239
-247
-247
-240
-249
-286
-320
-362
-413
-447
-470
-467
-452
-441
-429
-419
-410
-397
-357
-307
-261
-211
-199
-201
-188
-185
-178
-160
-152
-151
-133
-123
-121
-107
-87
-50
-16
13
59
75
64
65
55
56
75
79
78
66
33
21
10
-3
7
22
71
108
135
196
248
310
382
435
489
532
555
582
603
610
624
621
616
609
584
556
516
478
458
449
460
472
474
466
446
437
439
451
470
469
432
382
336
277
224
164
93
13
-72
-148
-226
-299
-341
-376
-393
-376
-356
-334
-310
-291
-261
-217
-162
-111
-69
-53
-56
-70
-104
-132
-156
-175
-185
-188
-190
-216
-246
-252
-248
-220
-187
-149
-115
-93
-80
-82
-85
-87
-96
-98
-99
-115
-141
-185
-241
-265
-269
-272
-270
-293
-332
-362
-389
-408
-405
-390
-377
-363
-349
-332
-324
-298
-253
-228
-213
-194
-199
-210
-219
-230
-231
-221
-220
-235
-243
-237
-232
-215
-197
-189
-161
-130
-95
-58
-51
-41
-23
-6
21
42
57
74
86
95
119
148
177
212
239
270
310
350
381
398
408
425
450
479
504
527
543
549
547
543
546
553
573
580
584
585
554
536
523
510
511
503
495
482
438
394
362
323
277
252
220
179
146
97
48
4
-40
-63
-68
-75
-75
-74
-84
-85
-85
-91
-118
-142
-139
-134
-132
-153
-188
-219
-254
-276
-282
-291
-309
-332
-340
-323
-304
-283
-271
-259
-230
-185
-141
-120
-114
-114
-123
-131
-134
-155
-195
-235
-264
-263
-255
-265
-283
-294
-297
-289
-270
-262
-257
-231
-216
-215
-217
-213
-214
-212
-197
-181
-172
-180
-196
-218
-234
-238
-255
-275
-274
-271
-270
-259
-236
-211
-183
-147
-107
-71
-43
-20
2
30
65
88
98
107
111
118
128
133
136
132
122
126
143
169
202
215
233
275
297
321
341
335
348
355
358
371
369
360
358
353
347
357
360
350
330
306
274
259
257
247
236
229
215
204
194
182
182
195
210
221
210
194
189
183
172
156
124
83
51
29
19
6
-14
-30
-49
-53
-54
-54
-52
-60
-63
-64
-70
-89
-108
-132
-165
-184
-187
-189
-207
-235
-265
-295
-308
-308
-308
-309
-304
-302
-299
-296
-296
-293
-288
-274
-258
-251
-249
-253
-247
-237
-229
-213
-202
-194
-177
-155
-128
-105
-84
-65
-46
-21
4
21
32
39
43
50
51
43
38
27
20
19
-7
-26
-36
-55
-61
-65
-66
-62
-61
-57
-49
-31
-11
20
52
61
62
62
67
73
68
72
75
68
68
53
34
30
29
49
74
95
116
115
123
142
157
180
194
198
194
190
197
190
162
141
136
119
99
80
43
13
-1
-15
-16
-6
-3
-5
3
25
35
34
67
106
133
162
179
176
157
132
121
121
130
132
128
118
97
79
60
60
82
106
120
107
89
68
37
6
-12
-28
-48
-73
-114
-156
-193
-232
-244
-240
-232
-224
-212
-205
-216
-213
-205
-199
-194
-173
-155
-165
-166
-168
-175
-168
-165
-170
-168
-157
-131
-92
-59
-28
-9
19
50
65
91
120
137
155
172
167
156
137
104
90
83
80
82
65
37
17
8
9
5
1
24
39
58
82
81
95
118
129
137
143
138
128
122
113
90
72
52
21
-5
-28
-53
-76
-81
-84
-96
-92
-88
-83
-68
-55
-60
-67
-58
-61
-72
-81
-101
-123
-139
-161
-178
-182
-192
-212
-212
-200
-202
-176
-161
-158
-129
-108
-79
-41
-22
9
41
56
79
91
95
107
120
126
111
113
119
114
136
150
141
135
130
132
145
147
150
143
121
115
110
107
88
58
51
45
33
31
36
19
7
9
2
6
21
32
29
30
27
12
8
-3
-14
-13
-18
-34
-43
-50
-48
-30
-10
7
26
35
31
27
30
42
45
40
37
32
21
6
-2
-21
-28
-21
-14
1
13
21
21
20
28
32
34
39
30
25
11
-12
-20
-24
-19
-13
-9
9
20
18
20
35
41
43
50
38
27
12
-12
-25
-48
-74
-102
-128
-134
-135
-155
-172
-174
-168
-159
-149
-137
-146
-157
-157
-154
-132
-118
-115
-108
-109
-110
-115
-121
-114
-108
-109
-107
-116
-128
-133
-123
-101
-85
-68
-45
-11
15
41
68
81
98
112
135
157
157
155
139
129
123
110
100
79
63
47
26
26
36
46
69
95
114
130
146
168
191
210
227
248
257
245
234
219
190
168
143
122
101
78
60
36
17
6
-10
-16
-3
20
44
49
46
54
63
65
53
48
30
10
-7
-40
-69
-102
-134
-150
-179
-204
-209
-204
-177
-157
-137
-97
-70
-47
-14
20
41
45
45
33
13
-1
-16
-28
-41
-65
-71
-80
-81
-81
-92
-79
-77
-72
-67
-76
-80
-77
-78
-71
-55
-57
-53
-59
-66
-70
-85
-93
-92
-88
-97
-113
-121
-136
-148
-139
-131
-115
-87
-66
-37
-14
8
40
70
93
103
100
102
98
73
50
14
-12
-37
-62
-61
-75
-77
-57
-42
-14
11
32
53
79
105
107
102
111
108
107
100
79
63
43
31
27
29
39
27
25
42
45
71
113
129
138
155
176
189
183
182
189
206
214
199
186
158
119
85
57
33
13
-8
-37
-58
-69
-80
-81
-63
-39
-16
2
10
24
15
18
20
1
-4
-9
-16
-37
-57
-65
-81
-86
-79
-65
-58
-54
-47
-35
-31
-41
-42
-45
-48
-34
-46
-67
-81
-112
-118
-116
-125
-134
-127
-114
-114
-125
-144
-151
-145
-142
-148
-146
-140
-150
-154
-142
-120
-103
-92
-67
-26
1
17
44
66
70
86
101
103
102
91
93
98
100
94
86
87
76
66
63
55
56
53
46
33
10
-10
-25
-34
-44
-46
-44
-60
-55
-36
-34
-16
2
14
28
35
40
50
64
71
61
50
53
61
75
91
100
111
107
112
119
125
138
136
133
137
137
122
104
83
55
48
33
17
6
-17
-35
-40
-55
-67
-64
-62
-58
-60
-63
-70
-73
-65
-58
-44
-32
-22
-8
-2
8
18
34
39
34
41
52
47
34
34
24
8
1
-3
-6
-4
-12
-35
-56
-76
-95
-111
-128
-134
-144
-144
-148
-156
-154
-158
-152
-121
-98
-88
-82
-89
-80
-71
-70
-62
-58
-61
-57
-42
-48
-47
-32
-33
-20
6
23
52
84
92
102
117
124
120
123
129
120
103
85
67
44
21
11
4
-7
-19
-17
-14
-19
-19
-13
-6
2
16
32
36
47
67
73
68
77
100
111
106
103
105
101
98
95
86
68
48
31
8
4
-1
-7
-2
-6
-5
-9
-15
-11
-9
-13
-13
-29
-53
-58
-64
-71
-82
-90
-87
-94
-96
-89
-84
-75
-59
-51
-44
-21
-11
-10
11
22
42
58
64
66
68
80
88
89
90
93
90
82
68
55
48
31
17
10
-14
-40
-56
-77
-92
-98
-110
-103
-93
-90
-82
-81
-86
-75
-55
-47
-35
-22
-15
-11
-16
-9
-7
-4
4
10
15
13
8
7
-1
16
36
29
36
40
37
34
32
29
15
7
7
1
-11
-27
-49
-62
-65
-55
-47
-45
-34
-37
-42
-30
-19
-10
7
14
21
21
20
32
45
52
61
76
89
105
115
122
135
135
130
123
124
125
112
96
69
54
36
2
-15
-27
-42
-54
-76
-105
-115
-111
-103
-101
-109
-109
-104
-101
-101
-88
-72
-64
-56
-53
-42
-34
-34
-27
-17
-13
-4
-3
-7
5
-3
-8
12
15
23
30
30
45
54
57
59
63
67
69
54
38
23
-2
-12
-20
-40
-48
-61
-83
-81
-80
-86
-70
-45
-33
-18
-1
13
24
36
54
66
77
89
89
96
100
83
76
63
41
38
22
13
12
-3
-7
-14
-16
-5
0
7
15
12
1
-9
-20
-33
-46
-55
-70
-81
-86
-97
-102
-100
-106
-100
-89
-86
-74
-44
-21
-12
-1
10
16
28
29
34
39
40
39
28
29
27
30
41
25
19
22
12
10
5
-10
-16
-22
-28
-21
-33
-46
-47
-50
-52
-48
-43
-49
-47
-44
-48
-56
-60
-51
-50
-50
-42
-33
-26
-18
-5
15
30
56
70
65
75
75
75
67
48
43
26
11
16
15
7
15
13
1
6
10
1
12
27
17
12
17
17
8
10
7
9
18
17
32
38
34
46
61
69
75
83
81
83
95
84
67
86
91
75
81
80
65
57
41
38
44
23
11
10
-14
-29
-38
-64
-72
-74
-88
-88
-97
-106
-95
-88
-83
-79
-65
-59
-57
-49
-48
-45
-46
-52
-46
-32
-29
-8
4
3
7
7
13
13
22
35
29
21
13
9
11
1
-6
-8
-25
-47
-65
-76
-94
-108
-102
-97
-95
-79
-66
-60
-46
-36
-33
-30
-19
-9
-4
3
3
0
-6
-6
10
15
14
28
34
21
23
32
36
38
42
49
54
48
34
28
27
14
4
7
17
17
-6
-21
-29
-42
-61
-71
-65
-52
-60
-67
-50
-45
-42
-13
22
53
68
75
91
101
108
113
114
115
112
101
87
79
76
75
72
64
71
77
79
86
86
80
74
71
67
48
33
4
-19
-28
-52
-53
-46
-48
-43
-42
-46
-38
-38
-28
-17
-14
-2
-3
-5
-6
-2
-4
-6
4
5
11
7
2
3
0
0
-4
-7
1
2
-6
-11
-12
-18
-18
-9
-14
-22
-29
-30
-42
-63
-73
-81
-80
-86
-93
-95
-96
-94
-97
-79
-53
-52
-44
-16
-8
-3
3
9
23
22
35
49
44
42
37
37
34
14
10
16
1
-6
-16
-32
-33
-43
-42
-32
-34
-22
-13
-8
-10
-9
12
17
22
15
13
8
-11
-2
-18
-32
-27
-37
-28
-28
-20
1
12
19
40
63
78
87
88
89
94
88
76
77
71
64
55
45
45
24
6
4
-3
-11
-19
-20
-21
-25
-26
-26
-15
-11
-19
-16
-7
-13
-9
1
-2
4
18
21
23
31
28
28
28
28
28
21
24
26
20
9
1
-1
-8
-13
-8
-2
-9
-13
-20
-27
-19
-22
-23
-19
-25
-33
-40
-39
-39
-52
-59
-52
-49
-47
-46
-53
-58
-50
-49
-57
-54
-50
-43
-36
-28
-27
-18
7
23
29
48
54
49
63
53
49
47
30
24
15
-9
-40
-53
-63
-75
-80
-79
-68
-54
-49
-36
-20
-21
1
24
41
45
46
44
31
32
18
5
3
-10
-6
-7
-20
-21
-5
11
14
14
28
51
60
56
61
79
85
80
77
67
66
58
43
38
23
3
-3
-14
-30
-33
-34
-49
-43
-36
-44
-34
-20
-4
6
8
6
12
27
31
41
41
35
28
14
6
-5
-15
-16
-12
-16
-10
4
6
9
16
24
24
31
34
25
23
15
7
-5
-21
-26
-35
-36
-41
-37
-24
-27
-24
-25
-33
-18
-17
-21
-18
-24
-21
-22
-28
-17
-16
-24
-19
-7
-9
-4
5
1
-3
-7
-7
-12
-23
-18
-16
-17
-16
-16
-17
-27
-22
-28
-34
-31
-33
-34
-42
-45
-45
-53
-54
-49
-45
-36
-35
-29
-14
-5
4
14
29
32
35
34
27
24
23
23
15
10
11
8
15
16
18
44
49
47
67
81
88
75
76
75
55
50
37
37
29
-1
-14
-33
-36
-31
-37
-20
-13
-14
4
12
23
29
38
56
54
51
46
42
41
21
5
1
-9
-20
-25
-31
-30
-30
-28
-16
-10
7
19
21
35
38
36
35
36
38
27
19
17
2
-12
-13
-20
-30
-30
-38
-46
-51
-57
-56
-44
-41
-24
-4
0
22
28
29
51
50
45
54
43
34
23
2
-8
-22
-32
-42
-47
-31
-35
-45
-30
-19
-14
-7
2
13
14
21
12
5
6
-11
-17
-16
-24
-46
-51
-38
-41
-47
-47
-43
-41
-38
-41
-39
-32
-24
-18
-11
0
1
21
29
19
25
31
38
41
39
36
30
30
13
17
27
19
16
11
14
17
11
0
0
7
-1
2
0
-12
-5
0
-1
-9
-10
3
5
2
7
1
0
9
3
0
-4
-12
-11
-19
-30
-27
-24
-18
-12
-12
-3
-7
-5
9
12
20
22
32
36
30
27
24
26
14
4
3
-2
-12
-20
-21
-25
-29
-27
-29
-21
-7
0
5
11
12
23
27
29
42
39
44
47
32
32
23
15
25
6
-7
-7
-14
-19
-26
-24
-17
-17
-18
-15
-15
-16
-5
11
6
11
21
18
15
2
0
-4
-10
-12
-17
-14
-25
-32
-22
-30
-31
-23
-18
-9
-9
1
5
18
35
30
44
55
57
62
54
44
33
22
10
-2
-1
-8
-12
-18
-28
-28
-25
-22
-12
7
18
14
19
23
16
24
34
31
25
30
15
6
4
-15
-22
-24
-27
-31
-40
-38
-32
-35
-30
-21
-21
-17
-8
-2
0
-6
-7
-8
-9
-20
-26
-30
-36
-37
-42
-45
-48
-47
-39
-31
-24
-23
-26
-20
-9
-12
3
21
23
34
45
37
26
21
22
13
15
21
9
5
-8
-8
-7
-19
1
13
17
27
24
24
22
29
24
6
6
3
-4
-9
-20
-22
-16
-9
-17
-12
3
0
2
11
13
12
8
17
14
11
13
12
10
15
18
8
14
22
23
22
11
7
5
3
-4
-11
-8
-9
-10
-4
-2
1
1
12
23
28
23
16
25
13
10
9
-8
-6
-3
-12
-19
-11
0
6
14
27
25
16
19
22
21
14
7
9
4
-2
-6
-10
-3
-10
-17
-11
-18
-19
-16
-15
-8
-15
-25
-25
-26
-27
-26
-24
-21
-8
-8
-25
-22
-21
-34
-26
-15
-12
-14
-9
6
5
5
5
2
7
1
-5
-5
-6
-7
-8
-7
-6
-12
-4
4
2
12
11
9
10
3
0
-4
-6
-12
-8
-7
-11
-2
-4
-1
11
2
1
9
-6
-9
-9
-18
-13
-14
-14
-18
-22
-14
-12
1
16
18
24
24
19
15
8
9
7
4
-4
-16
-14
-12
-19
-15
-14
-10
-2
2
15
17
16
22
20
19
22
17
20
22
14
13
4
-5
-4
1
8
2
1
11
10
14
8
-6
-7
-10
-4
-1
1
16
15
12
16
13
7
5
0
0
7
-8
-12
-3
-10
-13
-21
-16
-9
-2
11
11
22
30
21
22
21
27
17
14
18
3
8
6
0
-1
-8
-15
-18
-1
8
-4
7
33
31
22
23
20
7
5
7
-8
-12
3
-1
-13
-19
-22
-18
-15
-9
5
5
6
20
14
4
-1
0
6
-5
-6
5
5
1
-5
0
-7
-12
1
-6
-16
-16
-22
-21
-26
-35
-29
-28
-20
-18
-7
-2
-4
16
8
2
8
0
0
-1
-7
-9
-14
-13
-9
-14
-7
-6
-8
5
16
18
19
20
13
12
10
5
2
3
6
5
1
-5
-4
-6
-8
-1
-3
1
3
1
-4
-4
-1
-13
-26
-21
-15
-20
-18
-7
-2
-3
4
3
0
4
4
11
18
24
31
23
18
11
12
12
3
7
9
13
17
1
-9
-8
-12
-12
-10
-6
9
28
32
28
29
27
19
25
27
12
9
6
0
1
-10
-9
-8
-12
-2
-10
-11
-4
-7
