-5
3
15
18
20
25
17
-6
-21
-30
-41
-31
-9
1
9
15
19
9
-5
-15
-15
-13
-16
-2
-2
3
16
16
13
1
2
-7
-15
-12
-20
-9
2
-5
-9
-20
-29
-26
-31
-22
-1
9
13
6
7
0
-20
-24
-22
-12
-1
10
19
23
30
12
-5
-12
-32
-39
-30
-21
-7
0
1
9
1
-8
-8
-20
-29
-28
-15
-4
-7
-6
-7
-20
-33
-22
-15
-8
10
14
14
0
-26
-40
-38
-39
-30
-10
5
15
12
17
7
-23
-29
-31
-26
-18
-8
6
13
4
-5
-14
-27
-22
-14
-10
2
20
35
37
24
7
3
-8
-12
1
2
11
19
21
22
16
13
4
-4
-10
-11
-11
-7
10
26
27
15
15
1
-27
-25
-10
2
14
22
30
28
15
1
-24
-36
-32
-33
-16
2
16
35
32
13
10
-1
-28
-29
-15
-12
-8
1
17
26
23
21
11
2
-4
-17
-28
-13
-8
-12
-2
4
-2
-13
-9
-3
1
10
9
14
9
0
-6
-19
-11
-2
-10
-12
-3
3
8
25
31
10
-1
-17
-38
-33
-34
-31
-2
20
43
57
34
20
12
-16
-34
-46
-44
-25
-1
30
40
44
41
20
-1
-18
-29
-32
-32
-36
-10
10
7
12
18
9
-3
-10
-21
-13
3
5
10
13
9
-4
-17
-14
-1
10
24
33
28
13
-5
-24
-37
-27
-24
-7
19
37
58
53
39
16
-10
-25
-42
-41
-21
4
38
66
66
54
29
0
-19
-34
-26
-17
-15
-5
5
12
28
44
50
37
15
6
-7
-25
-27
-19
-7
9
18
14
14
13
17
34
44
43
26
0
-32
-56
-67
-46
-13
19
70
79
57
36
-3
-33
-44
-46
-44
-31
-12
-4
0
11
40
62
48
13
-19
-39
-50
-40
-13
2
18
28
11
-7
-17
-15
5
28
37
40
33
16
-15
-40
-51
-46
-31
-17
-3
15
32
22
13
6
-9
-17
-39
-47
-50
-39
-18
-3
18
31
41
37
23
11
-13
-26
-31
-31
-11
7
19
26
20
18
15
17
27
21
25
25
15
1
-20
-33
-49
-48
-33
-23
-5
26
50
54
51
24
-6
-29
-57
-65
-56
-40
-24
-7
28
44
44
39
12
-24
-54
-72
-64
-42
-17
19
50
54
50
23
-27
-45
-47
-32
7
36
38
29
20
-12
-32
-47
-59
-46
-30
-9
15
40
51
44
31
-2
-47
-82
-95
-82
-55
-17
35
65
74
53
2
-40
-67
-79
-61
-28
-4
23
26
1
3
13
18
32
25
10
-8
-27
-22
-27
-14
8
6
-7
-38
-47
-25
5
53
90
83
26
-49
-98
-120
-103
-39
31
76
95
86
30
-12
-26
-38
-35
-28
-26
-34
-26
12
52
86
96
79
40
-22
-80
-101
-81
-42
7
57
60
34
18
7
5
8
15
16
-7
-43
-67
-53
-16
28
76
81
45
-12
-79
-94
-67
-22
46
64
39
1
-49
-86
-74
-27
19
54
46
10
-24
-52
-61
-53
-37
-24
-24
-22
-9
9
43
71
70
51
3
-53
-101
-133
-113
-68
-8
50
78
78
53
29
-1
-31
-52
-70
-65
-48
-14
31
72
92
81
39
-15
-58
-81
-59
-9
50
95
79
32
-12
-49
-59
-27
23
84
122
121
91
33
-49
-124
-163
-164
-120
-45
30
102
141
147
141
85
12
-54
-109
-137
-129
-57
34
104
159
147
82
15
-41
-58
-47
-30
-25
-25
-23
-13
34
91
106
90
48
-21
-70
-89
-57
5
39
31
-14
-68
-105
-110
-77
-10
59
100
116
86
14
-54
-119
-177
-159
-89
-14
67
111
110
82
36
-6
-19
-25
-22
-25
-54
-81
-82
-24
64
128
161
140
71
-7
-62
-85
-68
-38
-20
-15
-18
-10
18
54
69
61
25
-24
-49
-52
-28
-7
-5
-19
-48
-66
-67
-34
23
81
121
128
95
39
-21
-76
-104
-93
-51
13
81
119
108
85
48
13
9
16
31
21
-27
-68
-79
-57
17
113
171
160
77
-40
-138
-175
-128
-33
49
89
76
26
-19
-38
-24
3
23
32
17
12
18
40
57
38
0
-57
-89
-84
-50
15
69
103
107
67
4
-68
-114
-138
-123
-58
34
103
103
72
20
-37
-61
-56
-39
-27
-41
-74
-88
-70
-17
42
75
63
-1
-77
-113
-80
10
106
154
138
64
-45
-123
-124
-66
14
99
146
122
62
-4
-49
-56
-36
-12
10
11
4
-6
-20
-5
27
74
85
46
-1
-62
-101
-95
-32
48
85
83
40
-29
-50
-12
51
99
97
39
-64
-138
-129
-45
92
202
229
166
34
-87
-140
-109
-7
103
159
136
42
-62
-140
-163
-102
-2
89
128
107
31
-94
-190
-203
-157
-82
-13
33
50
32
16
27
44
48
24
-28
-90
-138
-131
-64
29
102
110
54
-44
-113
-117
-62
36
103
85
2
-110
-208
-241
-189
-71
53
142
190
150
67
-9
-83
-121
-140
-144
-107
-57
-2
32
49
88
111
105
75
7
-91
-168
-200
-173
-54
86
178
198
134
22
-59
-72
-9
112
190
177
81
-45
-140
-171
-109
-7
81
131
132
108
88
79
60
18
-29
-94
-131
-104
-42
54
152
204
220
196
144
64
-42
-121
-173
-184
-137
-59
39
119
147
139
107
63
39
28
12
-23
-66
-90
-66
-1
35
37
13
-26
-36
-21
19
69
88
33
-74
-182
-249
-238
-154
-22
108
184
213
191
112
37
-48
-148
-215
-247
-224
-136
-14
87
149
150
91
14
-71
-135
-169
-183
-172
-154
-116
-45
24
74
110
123
103
73
34
-8
-47
-83
-114
-136
-120
-84
-36
27
64
71
58
10
-35
-74
-106
-110
-114
-111
-72
-19
47
123
175
188
180
151
91
21
-45
-101
-126
-125
-99
-32
55
142
205
224
196
113
1
-94
-146
-141
-99
-23
51
94
116
121
118
106
94
79
70
59
36
23
-8
-31
-39
-36
4
43
93
121
117
113
81
29
-10
-53
-84
-84
-53
10
87
148
172
165
113
21
-39
-64
-84
-81
-73
-73
-55
-45
-31
4
31
32
17
13
-8
-32
-23
-29
-53
-75
-90
-68
-16
28
55
68
60
39
-4
-37
-58
-88
-121
-147
-145
-120
-71
-2
29
38
15
-43
-72
-81
-52
-31
-38
-43
-59
-67
-40
16
61
81
85
44
-1
-36
-55
-46
-50
-55
-52
-64
-45
-6
32
72
90
86
58
22
-6
-17
1
5
-1
-1
-21
-40
-45
-26
26
58
64
74
54
-2
-49
-71
-65
-34
7
34
38
18
-4
-14
-9
21
54
76
67
33
-9
-33
-35
-9
38
71
93
71
37
17
-7
8
14
16
25
4
-16
-37
-40
-28
-12
12
26
26
21
10
2
-6
-21
-32
-37
-38
-42
-27
-7
16
43
62
61
50
45
24
21
31
28
29
34
39
30
18
5
-15
-25
-28
-25
-18
-33
-47
-52
-43
-20
14
61
86
78
55
31
14
13
11
9
8
-15
-47
-74
-90
-75
-60
-52
-33
-37
-61
-82
-84
-82
-71
-41
-28
-18
-13
-17
-9
-7
-11
9
43
60
78
85
64
39
14
-27
-64
-80
-104
-119
-116
-111
-94
-62
-13
25
40
55
53
49
51
64
78
75
70
66
52
35
16
-9
-29
-44
-54
-63
-57
-38
-19
7
22
43
56
52
55
48
39
34
32
36
27
17
11
-8
-27
-34
-43
-34
-25
-24
-22
-29
-21
-8
-7
3
25
26
19
14
-9
-36
-60
-69
-93
-120
-125
-141
-160
-171
-161
-137
-118
-93
-60
-30
-5
20
47
74
83
84
65
25
0
-34
-51
-31
-12
10
36
49
52
63
79
101
116
116
123
127
113
110
127
152
182
217
252
277
293
305
316
319
301
260
193
110
36
-37
-97
-115
-115
-101
-72
-59
-45
-15
-8
-2
17
21
19
17
30
66
116
170
200
212
220
186
124
80
46
14
-22
-59
-80
-107
-132
-136
-116
-92
-85
-96
-136
-213
-330
-465
-637
-818
-973
-1126
-1247
-1302
-1297
-1222
-1085
-907
-693
-465
-255
-65
97
235
365
463
539
605
635
635
600
522
411
272
130
-12
-154
-277
-371
-431
-425
-342
-218
-45
157
346
536
686
779
843
859
810
711
580
413
254
129
34
-9
-5
52
144
228
313
394
443
463
458
445
410
376
344
313
344
412
497
621
735
815
850
839
796
728
662
582
538
566
656
833
1055
1236
1294
1070
492
-366
-1475
-2679
-3732
-4537
-4998
-5057
-4709
-3992
-3016
-1864
-650
439
1285
1881
2189
2266
2240
2121
1990
1896
1813
1750
1656
1507
1233
758
114
-676
-1565
-2424
-3131
-3587
-3734
-3532
-2963
-2096
-1004
197
1348
2284
2880
3086
2900
2439
1828
1155
528
-6
-426
-721
-932
-1081
-1200
-1358
-1575
-1831
-2077
-2224
-2205
-1933
-1418
-722
115
961
1708
2295
2664
2754
2576
2207
1684
1104
568
94
-289
-575
-773
-888
-935
-941
-940
-916
-871
-784
-617
-350
18
463
951
1419
1818
2108
2237
2207
2009
1679
1292
897
575
355
246
255
336
454
582
690
752
773
780
829
966
1195
1504
1800
1947
1754
1097
61
-1270
-2754
-4102
-5115
-5682
-5718
-5215
-4229
-2912
-1421
60
1308
2209
2761
2990
2952
2770
2520
2221
1914
1604
1275
910
458
-106
-830
-1709
-2622
-3474
-4163
-4537
-4527
-4132
-3357
-2271
-992
378
1704
2803
3562
3882
3738
3227
2459
1559
656
-192
-967
-1629
-2179
-2643
-3034
-3342
-3562
-3687
-3647
-3366
-2819
-2005
-943
240
1386
2396
3176
3644
3804
3651
3199
2547
1772
1000
320
-218
-604
-913
-1152
-1327
-1459
-1499
-1444
-1311
-1060
-689
-215
371
1028
1683
2278
2729
2978
3046
2941
2664
2258
1765
1229
719
313
46
-93
-121
-88
-47
-27
-8
34
86
210
419
684
1060
1571
2154
2722
3123
3091
2421
1126
-623
-2596
-4431
-5757
-6425
-6431
-5762
-4530
-2971
-1293
310
1607
2410
2732
2734
2547
2340
2254
2213
2122
1960
1637
1097
378
-506
-1548
-2695
-3773
-4617
-5136
-5193
-4738
-3908
-2812
-1516
-173
1087
2236
3229
3914
4208
4127
3653
2832
1846
848
-175
-1154
-1995
-2768
-3522
-4120
-4454
-4599
-4519
-4090
-3408
-2558
-1427
-78
1236
2415
3405
4022
4184
4046
3692
3048
2232
1410
540
-332
-1003
-1455
-1832
-2084
-2128
-2096
-2009
-1716
-1280
-840
-326
336
992
1567
2166
2706
3016
3198
3331
3239
2913
2523
2038
1432
880
501
183
-125
-278
-352
-451
-450
-306
-190
-150
9
240
439
772
1223
1599
1921
2369
2847
3187
3418
3310
2442
822
-1177
-3337
-5328
-6558
-6881
-6512
-5538
-4047
-2360
-793
670
1902
2617
2899
2960
2829
2583
2432
2314
2005
1512
896
64
-961
-1983
-2977
-3966
-4775
-5215
-5271
-4931
-4135
-3040
-1888
-706
482
1540
2461
3323
4008
4318
4237
3748
2757
1389
-87
-1522
-2833
-3844
-4443
-4731
-4746
-4394
-3758
-3013
-2181
-1289
-463
286
1106
1976
2732
3347
3784
3903
3685
3238
2565
1605
503
-580
-1581
-2363
-2755
-2764
-2541
-2109
-1512
-916
-390
113
558
878
1189
1587
1993
2350
2694
2962
3009
2879
2659
2272
1728
1179
721
361
189
251
351
352
298
144
-128
-357
-434
-458
-422
-177
225
689
1259
1875
2357
2665
2991
3372
3656
3840
3789
3031
1366
-836
-3239
-5613
-7302
-7834
-7466
-6458
-4875
-3040
-1388
27
1270
2107
2462
2579
2618
2594
2661
2846
2815
2397
1665
595
-746
-2070
-3229
-4238
-4950
-5200
-5015
-4452
-3550
-2490
-1532
-668
222
1083
1950
2926
3853
4468
4680
4402
3467
1970
197
-1658
-3334
-4501
-5044
-5059
-4645
-3902
-3055
-2280
-1579
-1032
-715
-379
207
966
1863
2841
3572
3792
3568
2987
1998
740
-517
-1687
-2629
-2992
-2713
-2109
-1391
-667
-138
116
305
520
620
697
921
1238
1618
2114
2547
2611
2347
1951
1464
1053
915
973
1028
1134
1347
1471
1454
1304
886
251
-360
-741
-837
-666
-220
308
793
1246
1562
1691
1769
1888
2015
2312
2956
3714
4309
4623
4247
2661
10
-3108
-6264
-8794
-9784
-9171
-7590
-5453
-3114
-1149
198
1237
2038
2326
2272
2320
2551
2940
3563
4077
3882
2871
1331
-542
-2430
-3956
-5038
-5738
-5963
-5567
-4687
-3565
-2381
-1429
-800
-241
536
1593
2881
4239
5265
5654
5339
4290
2546
403
-1730
-3562
-4785
-5183
-4892
-4236
-3476
-2792
-2352
-2138
-2001
-1859
-1544
-811
398
1880
3327
4339
4559
3970
2828
1406
-52
-1275
-2106
-2511
-2386
-1698
-753
44
520
564
189
-228
-374
-273
14
501
1097
1647
2161
2537
2484
1969
1264
628
234
271
739
1273
1649
1918
1991
1804
1430
897
207
-433
-754
-751
-504
-75
365
639
838
1100
1287
1429
1734
2097
2418
2930
3592
4021
4099
3839
2821
681
-2069
-4841
-7372
-8920
-8780
-7317
-5413
-3450
-1670
-535
75
779
1601
2176
2655
3286
3885
4320
4648
4452
3292
1376
-814
-2862
-4392
-5190
-5414
-5342
-5006
-4383
-3640
-2895
-2220
-1748
-1336
-576
721
2405
4210
5726
6450
6196
5098
3286
991
-1325
-3250
-4539
-4977
-4628
-3943
-3343
-2981
-2932
-3101
-3114
-2837
-2355
-1500
-110
1555
3156
4466
5015
4436
3066
1566
201
-876
-1373
-1408
-1323
-1041
-413
119
159
-166
-707
-1324
-1543
-998
-72
759
1438
1878
1957
1885
1819
1498
927
529
511
830
1517
2339
2720
2544
2148
1654
1080
632
307
-127
-530
-601
-484
-367
-193
-30
-25
62
471
956
1396
1976
2577
2993
3442
4021
4301
4116
3682
2663
591
-2091
-4710
-7088
-8612
-8396
-6827
-4985
-3235
-1707
-812
-365
407
1516
2360
2932
3585
4136
4340
4381
4024
2720
678
-1382
-3085
-4307
-4892
-4954
-4891
-4799
-4425
-3817
-3220
-2649
-2040
-1322
-271
1296
3177
4918
6101
6455
5894
4509
2577
450
-1568
-3169
-4081
-4254
-3994
-3737
-3711
-3946
-4335
-4538
-4201
-3421
-2399
-1009
719
2418
3826
4772
4843
3869
2443
1215
296
-243
-321
-281
-466
-657
-665
-809
-1249
-1715
-2022
-2092
-1581
-395
873
1701
2115
2176
1913
1648
1581
1489
1294
1299
1608
2061
2553
2851
2650
1973
1205
621
238
66
12
-146
-320
-321
-282
-264
-189
-114
-25
326
981
1615
2144
2678
3029
3140
3323
3635
3765
3666
3422
2632
820
-1750
-4418
-6808
-8292
-8075
-6439
-4496
-2832
-1565
-896
-671
-228
672
1568
2243
3025
3925
4526
4721
4417
3194
1107
-1091
-2771
-3833
-4335
-4349
-4173
-4083
-3973
-3701
-3432
-3267
-2980
-2343
-1221
460
2535
4490
5801
6237
5733
4380
2494
487
-1310
-2617
-3206
-3170
-2960
-2939
-3295
-4032
-4812
-5204
-4980
-4165
-2935
-1385
347
1993
3346
4160
4136
3331
2228
1284
714
532
572
484
75
-434
-888
-1330
-1747
-2069
-2201
-2018
-1358
-299
734
1391
1609
1497
1296
1277
1492
1746
1934
2055
2172
2337
2451
2351
1961
1398
882
579
506
502
341
15
-317
-544
-569
-406
-142
157
534
1092
1767
2306
2610
2780
2825
2839
3047
3417
3648
3562
3196
2374
761
-1506
-3902
-6011
-7358
-7320
-5955
-4192
-2740
-1789
-1411
-1333
-978
-44
1186
2328
3349
4230
4758
4740
4096
2768
865
-1110
-2546
-3203
-3356
-3322
-3242
-3365
-3743
-4061
-4173
-4167
-3941
-3169
-1783
20
2083
3997
5162
5369
4823
3679
2152
700
-433
-1250
-1669
-1695
-1742
-2218
-3096
-4252
-5398
-5994
-5726
-4743
-3407
-1905
-384
991
2141
2937
3250
3005
2406
1914
1747
1811
1894
1710
1102
181
-698
-1292
-1678
-1924
-2007
-1915
-1581
-916
-94
480
664
620
589
754
1224
1894
2426
2717
2886
2962
2905
2697
2316
1759
1161
754
558
380
98
-269
-621
-797
-664
-304
38
316
594
882
1245
1692
2045
2236
2405
2675
2990
3263
3472
3432
3036
2461
1698
396
-1563
-3652
-5402
-6519
-6438
-5171
-3670
-2643
-2049
-1820
-1780
-1346
-296
919
1964
2931
3745
4157
4153
3696
2614
1095
-319
-1292
-1804
-1939
-1997
-2341
-2972
-3685
-4325
-4723
-4712
-4238
-3313
-1925
-158
1655
3126
4062
4337
4004
3285
2380
1504
782
243
-106
-386
-892
-1839
-3136
-4536
-5679
-6135
-5737
-4719
-3454
-2179
-977
83
932
1580
1966
1993
1871
1934
2239
2616
2823
2622
1910
885
-86
-821
-1361
-1753
-1994
-2099
-1957
-1535
-1046
-670
-455
-316
-103
386
1197
2014
2601
2987
3169
3127
3013
2857
2497
1954
1463
1118
810
498
157
-309
-806
-1054
-941
-589
-101
423
822
1137
1534
1954
2261
2517
2798
3017
3163
3404
3603
3474
3045
2300
964
-987
-2982
-4619
-5767
-5922
-4979
-3725
-2833
-2377
-2340
-2592
-2501
-1620
-264
1121
2402
3402
3848
3832
3509
2754
1597
412
-472
-978
-1167
-1249
-1585
-2332
-3337
-4283
-4859
-4955
-4560
-3714
-2577
-1264
173
1557
2595
3144
3256
2987
2499
2024
1656
1303
890
437
-144
-960
-1989
-3117
-4125
-4774
-4858
-4344
-3520
-2734
-2053
-1443
-944
-401
324
1035
1591
2113
2609
2905
2987
2846
2321
1473
676
123
-299
-598
-787
-1069
-1427
-1594
-1550
-1498
-1422
-1179
-848
-390
363
1243
1959
2455
2799
2988
3077
3158
3143
2903
2506
2089
1691
1278
793
236
-337
-800
-959
-761
-384
1
306
457
545
771
1160
1633
2181
2720
3100
3290
3398
3430
3282
2948
2425
1459
-52
-1736
-3237
-4427
-4988
-4709
-4119
-3733
-3459
-3242
-3134
-2756
-1768
-497
640
1667
2542
3003
3124
3074
2676
1889
1042
385
-51
-265
-400
-776
-1549
-2591
-3659
-4507
-4952
-4907
-4432
-3596
-2435
-1084
299
1490
2254
2534
2412
2044
1644
1365
1206
1130
1078
885
441
-285
-1327
-2544
-3587
-4234
-4505
-4351
-3822
-3212
-2578
-1827
-1095
-503
51
607
1068
1560
2208
2738
2944
2898
2601
2043
1453
962
422
-154
-640
-1036
-1334
-1444
-1460
-1545
-1583
-1420
-1057
-449
388
1197
1811
2312
2730
3027
3266
3423
3322
2975
2558
2145
1720
1313
904
425
-36
-325
-386
-267
-52
184
370
517
735
1071
1486
1933
2356
2681
2873
3017
3125
3159
3095
2772
1999
670
-1020
-2704
-4061
-4734
-4614
-4054
-3486
-3083
-2890
-2870
-2762
-2293
-1591
-842
-21
824
1550
2130
2567
2649
2257
1618
993
489
178
32
-226
-794
-1628
-2560
-3399
-3974
-4193
-4075
-3638
-2892
-1879
-738
324
1108
1433
1359
1082
775
683
888
1207
1470
1563
1318
651
-278
-1273
-2238
-2982
-3279
-3167
-2902
-2491
-1957
-1629
-1505
-1329
-1205
-1174
-893
-269
440
1180
1969
2484
2563
2435
2196
1746
1180
737
397
100
7
60
-45
-351
-725
-1117
-1398
-1331
-914
-389
198
810
1300
1684
2059
2357
2445
2436
2445
2390
2305
2286
2174
1833
1438
1087
735
466
413
485
533
607
724
756
761
866
985
1125
1370
1619
1855
2153
2419
2493
2335
1805
729
-662
-1919
-2871
-3392
-3302
-2874
-2595
-2528
-2601
-2825
-2991
-2803
-2285
-1655
-883
37
841
1472
1937
2001
1596
989
467
146
114
322
426
208
-296
-1037
-1915
-2716
-3266
-3513
-3415
-2914
-2078
-1150
-336
224
388
190
-129
-377
-447
-230
281
877
1302
1449
1223
578
-223
-917
-1436
-1758
-1861
-1853
-1903
-1905
-1809
-1786
-1830
-1850
-1850
-1742
-1320
-585
243
1020
1687
2098
2228
2257
2212
2043
1848
1672
1443
1179
911
537
24
-488
-925
-1254
-1339
-1101
-670
-153
416
912
1243
1443
1576
1678
1769
1929
2172
2407
2582
2638
2493
2155
1718
1270
904
696
636
680
769
843
843
723
567
466
439
607
979
1381
1736
2063
2283
2290
2101
1689
852
-352
-1498
-2408
-3057
-3211
-2944
-2732
-2742
-2768
-2880
-3106
-3079
-2736
-2346
-1838
-1027
-161
561
1218
1672
1697
1457
1204
948
731
684
697
540
229
-200
-794
-1451
-2016
-2442
-2717
-2777
-2625
-2319
-1888
-1409
-1010
-763
-642
-593
-496
-245
145
608
1049
1362
1459
1323
984
491
-101
-716
-1250
-1640
-1815
-1792
-1670
-1555
-1585
-1751
-1974
-2151
-2058
-1604
-882
4
899
1609
2077
2353
2421
2228
1914
1598
1250
1012
987
998
915
747
437
-34
-446
-633
-668
-555
-231
138
426
714
996
1149
1228
1404
1608
1788
2070
2380
2531
2528
2403
2098
1642
1201
890
651
534
617
711
757
841
920
945
966
1032
1072
1111
1306
1604
1849
1989
1912
1366
374
-753
-1849
-2782
-3291
-3334
-3199
-3017
-2722
-2487
-2419
-2357
-2249
-2204
-2147
-1812
-1204
-486
336
1126
1590
1686
1586
1373
1089
864
730
548
309
88
-187
-612
-1140
-1731
-2357
-2835
-2997
-2825
-2388
-1759
-1108
-667
-441
-371
-464
-605
-594
-386
-76
330
740
929
852
581
165
-349
-857
-1245
-1504
-1596
-1481
-1227
-951
-749
-655
-667
-707
-670
-499
-200
151
519
896
1225
1484
1622
1607
1445
1162
888
710
640
676
767
852
884
883
877
806
688
546
357
183
144
273
511
829
1180
1468
1655
1761
1757
1616
1416
1243
1126
1085
1162
1320
1428
1487
1516
1474
1366
1247
1171
1087
1057
1163
1304
1365
1340
1258
1059
808
603
366
-30
-590
-1201
-1828
-2408
-2747
-2853
-2925
-2964
-2884
-2752
-2615
-2375
-2049
-1828
-1649
-1347
-962
-546
-47
436
749
951
1140
1249
1229
1155
966
627
280
-12
-283
-541
-807
-1135
-1475
-1710
-1837
-1894
-1876
-1810
-1751
-1660
-1503
-1334
-1182
-1027
-897
-775
-610
-381
-128
67
237
378
432
408
348
199
-65
-291
-428
-499
-452
-343
-262
-222
-190
-172
-174
-161
-142
-140
-71
124
380
621
862
1069
1186
1331
1539
1697
1746
1714
1554
1268
1017
818
584
382
278
217
231
365
504
554
546
544
562
662
901
1168
1381
1567
1701
1720
1663
1569
1416
1242
1143
1152
1212
1307
1402
1419
1312
1115
862
517
180
-18
-39
139
474
832
1024
968
654
53
-705
-1443
-2053
-2477
-2654
-2578
-2413
-2256
-2115
-2117
-2293
-2465
-2568
-2616
-2469
-2070
-1566
-1010
-403
125
503
793
1018
1131
1197
1289
1293
1200
1066
808
378
-114
-581
-1030
-1364
-1515
-1570
-1584
-1549
-1536
-1640
-1790
-1926
-2028
-2011
-1807
-1450
-1036
-632
-291
-85
0
32
28
59
188
385
635
913
1108
1143
1016
726
352
-4
-241
-350
-341
-187
-17
110
208
233
215
211
278
422
642
904
1131
1263
1253
1134
965
779
652
612
658
751
829
890
891
815
728
667
656
735
890
1059
1186
1262
1278
1243
1209
1202
1202
1222
1281
1341
1377
1377
1302
1135
898
645
444
336
304
327
389
483
584
655
718
759
731
693
677
567
318
-33
-514
-1132
-1752
-2269
-2727
-3095
-3264
-3280
-3225
-3067
-2824
-2648
-2571
-2463
-2281
-2002
-1515
-816
-61
669
1331
1839
2102
2116
1923
1538
1030
560
205
-49
-202
-295
-414
-601
-842
-1109
-1392
-1643
-1821
-1947
-2046
-2090
-2080
-2056
-1983
-1829
-1632
-1359
-1001
-588
-128
318
694
936
998
904
704
514
452
496
650
874
996
980
872
676
421
245
179
140
194
370
535
624
685
691
564
417
365
346
341
415
511
513
497
518
494
433
442
535
631
760
933
1030
1011
984
980
980
1061
1232
1400
1522
1591
1587
1467
1243
952
624
332
151
111
157
255
401
491
508
528
529
501
519
597
716
859
1015
1163
1211
1145
999
718
304
-188
-743
-1349
-1938
-2438
-2830
-3115
-3269
-3266
-3137
-2890
-2520
-2096
-1687
-1346
-1114
-979
-903
-828
-709
-505
-207
151
510
822
1050
1138
1061
831
514
181
-92
-253
-351
-401
-431
-486
-568
-700
-882
-1073
-1239
-1364
-1429
-1431
-1418
-1400
-1369
-1317
-1228
-1089
-886
-638
-365
-79
205
443
584
631
600
549
567
711
940
1208
1464
1618
1635
1519
1296
991
663
399
205
114
155
254
340
398
392
301
147
-13
-138
-210
-218
-178
-102
9
159
331
524
741
942
1108
1246
1340
1375
1344
1237
1084
903
777
749
786
899
1046
1159
1196
1146
1013
788
527
318
192
162
231
365
499
605
694
716
652
527
352
152
-22
-119
-132
-103
-66
-69
-175
-348
-555
-827
-1129
-1444
-1753
-2000
-2153
-2215
-2228
-2201
-2124
-2052
-1967
-1810
-1615
-1417
-1215
-1005
-827
-667
-470
-261
-42
189
424
643
788
865
862
722
502
264
25
-179
-306
-364
-382
-362
-351
-372
-434
-557
-695
-821
-929
-1002
-1043
-1075
-1086
-1054
-969
-842
-657
-406
-136
125
358
545
647
643
591
550
565
679
902
1180
1420
1584
1667
1604
1418
1190
915
623
387
243
139
52
4
-45
-104
-123
-65
26
110
205
267
248
195
139
61
10
55
184
372
606
869
1073
1163
1179
1109
973
842
752
741
807
951
1145
1298
1388
1412
1341
1164
932
670
382
104
-109
-243
-313
-301
-222
-137
-65
9
78
115
123
128
67
-100
-306
-556
-873
-1194
-1473
-1732
-1932
-2012
-2007
-1964
-1902
-1808
-1727
-1683
-1594
-1489
-1408
-1319
-1214
-1107
-983
-795
-582
-385
-193
-22
110
207
295
359
360
341
316
272
234
215
217
234
264
298
297
244
151
27
-123
-269
-408
-563
-714
-858
-998
-1089
-1107
-1044
-904
-669
-362
-15
326
606
784
825
768
666
577
570
668
853
1079
1296
1440
1499
1465
1319
1097
847
621
440
330
294
289
287
270
207
94
-19
-121
-234
-316
-342
-352
-355
-330
-298
-255
-149
23
217
440
705
961
1167
1347
1491
1538
1528
1481
1364
1208
1056
929
811
712
640
561
460
370
279
181
88
1
-57
-143
-198
-167
-138
-78
17
79
94
81
59
-12
-152
-325
-539
-793
-1051
-1280
-1483
-1647
-1745
-1799
-1829
-1821
-1793
-1765
-1733
-1680
-1605
-1526
-1450
-1379
-1336
-1305
-1222
-1063
-838
-535
-167
214
572
886
1102
1204
1167
1006
796
580
390
267
185
113
49
-31
-125
-233
-355
-470
-572
-648
-668
-636
-610
-597
-577
-582
-586
-531
-399
-218
5
263
490
660
746
747
684
586
541
553
627
774
956
1129
1257
1341
1346
1249
1079
882
669
480
338
215
94
-41
-193
-356
-492
-553
-527
-440
-299
-119
28
120
193
207
171
162
189
273
429
633
860
1057
1216
1320
1323
1264
1157
1012
883
789
720
663
618
577
523
441
341
230
117
30
-31
-49
-27
21
70
100
113
98
61
18
-54
-158
-286
-456
-670
-924
-1204
-1477
-1746
-1980
-2157
-2289
-2360
-2357
-2273
-2132
-1923
-1652
-1362
-1060
-773
-521
-313
-151
-37
22
63
124
220
336
460
566
622
605
490
319
152
18
-47
-62
-27
53
119
161
164
104
9
-90
-179
-229
-210
-172
-158
-175
-240
-344
-423
-437
-403
-279
-67
179
436
660
819
878
831
708
563
451
392
410
490
593
691
736
718
650
546
439
346
276
253
253
229
201
169
105
26
-42
-77
-78
-36
56
170
257
311
352
369
361
373
417
473
543
648
767
871
967
1031
1024
976
897
750
574
412
260
152
106
100
133
182
248
331
392
437
459
452
430
378
298
206
113
6
-130
-274
-456
-695
-943
-1199
-1442
-1639
-1782
-1853
-1854
-1796
-1711
-1605
-1485
-1389
-1291
-1182
-1080
-967
-849
-735
-637
-575
-532
-504
-492
-475
-431
-352
-234
-63
111
269
393
450
432
360
287
216
174
185
225
280
332
346
325
274
186
104
40
-1
-7
-16
-30
-23
-23
-41
-51
-53
-39
-4
67
172
266
334
377
384
373
363
389
441
495
568
633
668
675
644
571
480
401
350
342
370
425
454
437
393
311
207
109
44
39
103
223
368
494
561
549
470
346
211
90
8
-31
-31
45
184
309
405
471
454
411
380
352
355
372
410
457
486
529
557
535
487
407
279
127
-15
-136
-239
-310
-331
-343
-358
-371
-410
-479
-562
-656
-769
-878
-949
-988
-1018
-1033
-1032
-1088
-1197
-1294
-1381
-1452
-1458
-1384
-1266
-1119
-960
-821
-704
-619
-539
-470
-403
-287
-133
24
202
367
469
505
475
402
334
296
296
330
376
426
446
427
364
273
180
93
31
10
20
41
69
78
50
-1
-70
-125
-139
-112
-36
73
192
288
323
311
238
131
33
-47
-76
-42
31
138
254
341
400
421
419
410
413
453
518
607
682
736
749
709
653
574
500
434
374
332
290
250
197
138
67
-8
-73
-125
-137
-100
-20
85
197
300
375
431
442
427
423
406
384
363
342
301
275
253
212
184
156
141
124
113
99
75
62
36
22
6
-29
-57
-108
-188
-298
-441
-623
-821
-1011
-1168
-1296
-1383
-1423
-1451
-1457
-1453
-1424
-1389
-1336
-1233
-1120
-976
-803
-621
-455
-331
-235
-182
-150
-94
-20
81
210
332
452
538
560
521
437
343
262
216
197
218
250
266
276
257
228
193
152
154
186
246
329
378
368
318
217
84
-58
-171
-245
-291
-280
-233
-189
-131
-98
-105
-100
-89
-58
26
169
354
534
697
824
879
862
786
677
572
475
398
351
322
295
274
265
240
199
160
110
59
17
-9
-14
-20
-27
-15
-3
14
42
99
149
173
224
260
277
287
264
228
173
145
154
179
245
322
387
429
457
475
465
441
409
371
318
281
241
159
91
5
-118
-247
-383
-513
-635
-744
-846
-934
-1018
-1096
-1162
-1217
-1247
-1245
-1221
-1171
-1108
-1051
-994
-934
-853
-752
-648
-525
-425
-340
-267
-216
-179
-154
-102
-39
43
133
221
300
348
381
380
378
378
359
372
392
397
383
342
291
218
150
110
78
75
91
89
74
44
-10
-75
-133
-175
-197
-188
-120
-14
96
205
288
330
332
310
296
287
312
360
408
474
524
543
544
525
494
450
394
347
310
279
260
237
208
188
153
128
129
113
100
86
69
37
-9
-30
-54
-80
-79
-66
-36
11
54
107
147
158
171
171
164
192
229
290
360
413
460
478
477
458
411
369
320
253
195
139
87
29
-42
-126
-217
-337
-453
-551
-663
-747
-801
-857
-889
-899
-916
-936
-944
-954
-979
-994
-1010
-1026
-1023
-989
-919
-823
-695
-549
-394
-250
-122
-17
68
138
186
222
265
332
403
448
463
447
396
313
217
121
34
-40
-85
-113
-112
-100
-93
-69
-44
-16
8
33
58
55
37
16
-19
-57
-91
-103
-76
-10
86
209
318
396
448
440
431
416
385
396
425
470
535
593
646
674
645
593
523
435
365
311
271
258
242
226
208
171
112
35
-22
-84
-143
-165
-165
-139
-108
-78
-33
18
68
118
162
193
218
240
269
314
353
390
416
440
449
426
398
348
269
206
150
90
72
73
79
73
63
47
-10
-91
-190
-294
-393
-494
-585
-668
-762
-853
-936
-1023
-1083
-1108
-1099
-1053
-991
-896
-804
-730
-661
-613
-569
-521
-451
-359
-267
-168
-58
32
79
93
63
18
-3
-2
38
105
175
226
261
266
229
169
81
-2
-64
-117
-127
-122
-126
-126
-144
-178
-220
-252
-253
-240
-182
-99
-6
87
149
210
275
325
379
435
485
533
569
596
609
612
620
618
625
656
678
705
718
694
647
572
495
414
336
270
210
152
79
-5
-97
-188
-259
-321
-372
-375
-347
-296
-217
-144
-66
4
58
127
194
263
341
403
453
473
458
447
420
380
368
371
368
376
383
357
326
246
131
43
-44
-120
-180
-225
-270
-338
-415
-519
-635
-758
-866
-924
-961
-936
-865
-786
-698
-632
-590
-562
-539
-532
-531
-494
-433
-349
-267
-198
-145
-125
-114
-112
-100
-67
-23
38
103
157
190
186
137
62
-19
-85
-150
-198
-227
-250
-269
-295
-323
-375
-444
-489
-513
-501
-445
-354
-252
-161
-59
21
102
188
257
329
397
457
503
532
558
599
646
691
741
804
868
906
928
910
864
811
734
656
594
551
507
459
402
325
227
132
56
-21
-64
-93
-112
-92
-92
-102
-103
-118
-132
-119
-69
-2
73
153
207
222
208
175
131
104
117
169
236
313
382
403
365
271
141
-1
-117
-188
-229
-230
-203
-204
-249
-339
-480
-619
-744
-834
-848
-800
-687
-562
-458
-380
-378
-434
-517
-615
-685
-701
-663
-579
-472
-376
-304
-265
-274
-309
-341
-357
-335
-278
-197
-108
-27
39
59
61
51
13
-11
-29
-36
-40
-61
-83
-119
-178
-233
-272
-299
-299
-261
-195
-120
-39
33
83
115
146
174
195
235
282
319
368
409
448
487
518
545
563
609
654
665
673
661
638
628
627
632
640
644
636
596
546
496
424
341
280
245
221
233
241
230
234
206
150
86
29
1
-11
-2
12
23
32
13
-26
-64
-95
-105
-90
-76
-42
-9
5
7
-30
-91
-149
-212
-263
-280
-273
-259
-247
-258
-286
-327
-379
-420
-438
-432
-388
-331
-275
-240
-252
-289
-345
-403
-444
-483
-483
-440
-388
-330
-280
-260
-272
-302
-349
-405
-425
-406
-367
-295
-229
-180
-144
-138
-148
-162
-174
-165
-143
-114
-64
-16
34
57
44
37
13
-31
-57
-66
-60
-40
-5
42
82
107
129
138
137
141
143
149
175
200
237
286
335
386
421
449
458
455
452
437
433
442
463
491
518
539
537
519
485
438
401
374
363
376
397
424
446
447
427
376
293
215
151
114
114
135
160
177
171
122
52
-26
-110
-170
-215
-233
-224
-205
-179
-191
-225
-279
-354
-423
-470
-483
-477
-437
-391
-356
-331
-335
-352
-365
-388
-400
-378
-360
-335
-298
-274
-268
-272
-274
-285
-279
-270
-260
-238
-228
-212
-196
-191
-201
-203
-205
-216
-221
-214
-190
-181
-171
-156
-158
-163
-146
-114
-99
-70
-39
-24
1
23
35
52
46
43
41
21
1
-15
-22
-24
-9
10
36
74
85
89
88
71
60
57
56
81
128
169
212
246
264
272
269
257
242
227
219
243
282
311
350
383
384
379
372
355
348
354
347
331
323
300
264
229
194
178
177
189
208
246
280
283
283
266
228
182
149
136
122
124
132
123
96
25
-62
-166
-279
-359
-407
-402
-356
-298
-237
-191
-178
-209
-267
-343
-414
-448
-455
-431
-371
-293
-222
-184
-179
-199
-241
-289
-320
-313
-276
-225
-157
-77
-5
26
36
16
-34
-85
-139
-176
-191
-189
-175
-143
-109
-103
-94
-87
-110
-115
-119
-126
-115
-96
-77
-62
-35
-16
-19
-30
-52
-72
-80
-84
-86
-83
-68
-48
-27
-16
-3
11
12
21
37
45
59
87
91
79
87
79
65
61
56
66
78
105
129
141
151
143
135
118
102
99
102
132
155
183
211
208
198
167
124
90
71
86
130
199
289
379
454
493
507
486
423
363
326
284
255
266
277
280
278
253
214
150
67
6
-35
-59
-56
-36
-9
3
-9
-32
-73
-130
-193
-251
-276
-286
-292
-289
-289
-302
-301
-306
-318
-293
-263
-224
-161
-115
-76
-31
-14
-27
-60
-104
-138
-170
-183
-179
-166
-162
-171
-175
-198
-215
-215
-223
-213
-189
-168
-138
-105
-94
-96
-107
-135
-165
-196
-211
-204
-182
-151
-107
-64
-44
-27
-7
-10
-26
-41
-55
-67
-65
-61
-51
-28
-14
-7
-12
-23
-51
-76
-79
-74
-42
0
53
112
156
189
204
196
185
173
151
124
110
104
91
97
90
71
85
91
106
137
170
221
270
293
308
317
309
304
290
294
322
336
342
361
356
316
281
246
193
160
159
184
231
271
294
302
266
195
114
26
-47
-95
-119
-111
-90
-90
-101
-133
-198
-268
-334
-375
-374
-330
-244
-145
-66
-9
0
-37
-102
-170
-240
-287
-280
-253
-201
-138
-100
-89
-126
-183
-249
-308
-327
-325
-293
-224
-153
-99
-73
-71
-100
-145
-181
-211
-214
-187
-134
-71
-20
18
39
42
36
29
15
4
8
11
17
15
-5
-17
-43
-73
-90
-115
-130
-135
-139
-122
-100
-88
-59
-27
-18
-5
17
30
42
68
91
109
136
140
124
108
76
51
33
25
35
60
104
142
175
196
197
174
146
131
117
118
139
180
234
269
282
282
258
221
195
175
182
216
268
338
387
421
414
368
313
232
164
130
103
103
127
146
151
114
50
-23
-113
-174
-209
-223
-204
-161
-120
-97
-91
-121
-166
-210
-254
-284
-294
-280
-257
-225
-199
-203
-215
-234
-253
-271
-282
-256
-243
-225
-194
-197
-217
-245
-271
-301
-308
-298
-273
-215
-157
-103
-54
-17
2
6
17
23
33
74
113
132
153
153
137
123
94
69
58
43
38
39
20
8
5
-18
-41
-57
-66
-75
-73
-75
-62
-29
3
39
61
79
86
81
74
55
47
54
54
76
105
118
136
140
126
111
80
58
43
37
51
65
97
131
146
138
110
92
65
43
43
64
104
138
178
205
204
200
175
146
136
135
161
205
242
269
277
255
212
132
64
28
-3
-2
20
52
74
61
15
-54
-129
-204
-254
-256
-219
-170
-118
-85
-86
-109
-165
-224
-272
-298
-284
-257
-216
-177
-152
-146
-175
-227
-286
-327
-344
-330
-289
-235
-166
-120
-99
-98
-123
-155
-180
-189
-162
-104
-40
32
85
122
142
134
121
107
108
117
131
154
164
173
176
151
133
112
74
44
13
-12
-30
-34
-37
-29
8
37
64
89
98
99
92
77
54
40
48
52
60
80
105
117
110
106
91
74
63
73
110
140
163
194
204
170
130
80
24
-10
-26
-26
-18
6
13
-4
-20
-50
-70
-101
-106
-62
-5
69
133
173
199
190
163
126
88
78
81
99
119
126
123
83
37
-14
-63
-76
-61
-26
8
23
29
6
-57
-135
-201
-240
-253
-254
-236
-216
-213
-221
-249
-294
-348
-379
-374
-343
-301
-235
-161
-118
-105
-127
-159
-207
-258
-274
-261
-213
-141
-68
-9
29
44
39
36
48
78
110
162
228
265
282
272
243
211
157
105
68
43
22
14
25
39
59
81
105
130
151
162
158
143
120
94
67
43
38
46
50
58
73
77
69
67
56
54
77
103
140
178
207
215
200
173
137
94
60
44
24
25
30
-1
-29
-61
-92
-114
-121
-92
-28
40
105
150
155
124
53
-28
-94
-133
-140
-115
-54
15
62
78
55
-2
-71
-124
-148
-131
-65
17
101
166
187
163
90
-2
-87
-143
-176
-177
-145
-112
-74
-62
-77
-110
-155
-193
-224
-235
-213
-174
-144
-132
-132
-155
-205
-261
-318
-347
-356
-339
-289
-244
-193
-149
-119
-89
-62
-20
25
78
136
182
222
245
246
230
202
174
145
131
134
136
150
182
209
233
249
257
260
248
220
185
152
106
74
60
53
53
52
52
36
8
-17
-44
-58
-66
-51
6
69
133
187
215
212
177
121
48
-12
-56
-85
-85
-66
-38
-5
-7
-15
-18
-50
-66
-65
-72
-46
-9
16
42
35
17
1
-25
-50
-67
-72
-70
-71
-65
-53
-59
-63
-54
-40
-23
0
24
42
45
29
16
-6
-43
-59
-65
-70
-57
-32
-12
-4
-5
-9
-19
-10
-3
-4
14
36
49
45
32
0
-48
-96
-143
-181
-216
-242
-260
-274
-281
-287
-297
-299
-286
-272
-248
-205
-165
-122
-79
-47
-30
-19
-5
7
20
33
59
94
127
160
186
214
234
248
258
260
255
245
227
200
164
133
98
70
51
21
-13
-41
-58
-68
-66
-45
-13
27
71
107
130
137
123
85
60
49
32
51
71
89
117
116
92
67
33
-7
-30
-37
-24
1
35
61
52
35
-6
-70
-123
-159
-168
-155
-107
-52
10
65
92
102
85
74
65
55
68
73
78
81
71
52
11
-30
-61
-87
-90
-81
-63
-40
-24
-11
-10
-16
-15
-13
0
21
32
43
49
48
32
15
-2
-22
-29
-23
-20
-18
-21
-38
-50
-65
-90
-106
-128
-160
-183
-207
-232
-263
-292
-306
-314
-306
-285
-248
-200
-166
-129
-99
-77
-50
-21
20
68
120
171
201
230
238
207
172
128
88
77
80
93
118
136
146
147
117
82
56
24
11
10
21
46
66
63
49
27
9
-2
0
24
49
80
124
158
175
174
162
160
150
135
124
114
102
72
12
-46
-93
-146
-179
-192
-181
-130
-86
-44
9
31
42
38
13
20
21
16
41
51
49
46
32
13
-17
-47
-65
-66
-52
-26
-17
-10
-7
-13
-20
-44
-46
-43
-58
-63
-71
-81
-89
-109
-113
-109
-99
-67
-27
21
53
75
102
108
112
107
89
80
63
41
9
-30
-61
-93
-135
-169
-189
-203
-208
-209
-209
-209
-218
-212
-194
-176
-145
-110
-84
-44
-6
6
4
7
6
5
23
62
110
158
208
249
262
258
241
211
171
134
101
85
83
76
69
55
40
8
-33
-51
-64
-58
-44
-25
30
76
111
143
169
178
171
162
138
130
119
70
33
14
-10
-22
-26
-34
-41
-25
-16
-15
-20
-29
-30
-33
-38
-30
-18
-15
-15
-14
-20
-44
-62
-65
-72
-72
-52
-29
-9
19
32
32
24
8
-2
-9
-22
-25
-29
-49
-66
-86
-113
-137
-149
-151
-157
-141
-105
-68
-34
-10
18
33
47
61
68
75
79
81
71
64
60
41
31
11
-6
-7
-14
-18
-47
-70
-81
-111
-117
-120
-133
-134
-141
-154
-156
-167
-180
-183
-175
-152
-122
-69
-6
46
90
130
146
154
159
156
160
158
163
170
164
167
154
114
78
35
3
-10
-17
2
20
48
77
87
87
82
67
39
23
20
31
51
62
76
73
59
50
30
8
6
17
27
52
80
92
91
74
48
6
-28
-41
-58
-70
-68
-70
-77
-73
-72
-81
-82
-88
-86
-69
-66
-51
-38
-40
-38
-28
-16
-8
-4
-13
-23
-28
-51
-71
-78
-95
-106
-97
-92
-88
-73
-56
-56
-61
-64
-72
-69
-47
-35
-23
5
30
42
50
58
59
56
55
66
82
92
103
109
95
78
71
56
23
2
-19
-55
-86
-119
-141
-170
-190
-188
-180
-150
-108
-64
-32
-4
27
38
50
54
55
67
64
81
104
111
119
108
88
67
41
23
23
29
38
64
82
95
108
99
80
65
30
0
-11
-20
-14
-13
-19
-27
-27
-9
-10
-5
21
38
55
84
104
104
100
78
48
30
17
11
9
6
1
-3
-15
-34
-49
-64
-77
-89
-84
-77
-77
-66
-57
-54
-48
-49
-52
-37
-39
-52
-58
-65
-67
-62
-59
-50
-37
-28
-21
-13
-16
-34
-48
-71
-91
-93
-88
-80
-68
-43
-36
-42
-43
-47
-63
-63
-35
-17
19
77
114
145
164
151
135
120
92
76
59
46
40
25
18
3
-29
-47
-59
-80
-79
-71
-58
-25
-8
1
7
9
19
17
-4
-9
-2
-4
5
12
15
28
43
46
57
78
96
119
140
146
149
144
122
90
52
17
-9
-37
-57
-68
-70
-59
-54
-55
-50
-44
-32
-14
6
24
38
52
64
68
66
51
43
44
43
45
42
44
46
33
27
27
6
-10
-6
-11
-19
-34
-56
-72
-93
-105
-104
-111
-108
-100
-92
-70
-50
-48
-41
-17
-13
2
17
4
19
19
4
2
-23
-41
-50
-51
-47
-56
-56
-58
-71
-78
-88
-99
-88
-75
-58
-34
-4
18
27
55
70
60
70
86
75
75
80
78
77
51
28
25
20
15
21
20
24
30
27
22
8
8
4
-8
-16
-30
-33
-36
-44
-44
-33
-32
-24
12
38
62
88
105
126
146
145
146
142
125
109
91
62
30
10
-22
-53
-79
-98
-98
-103
-96
-82
-69
-55
-48
-29
-19
-22
-23
-31
-38
-31
-32
-25
1
10
25
34
36
55
59
65
67
74
80
66
63
48
27
2
-24
-58
-88
-94
-108
-117
-113
-106
-90
-81
-70
-59
-37
-17
-1
14
10
14
14
9
6
8
14
16
20
20
5
-18
-28
-44
-71
-74
-77
-74
-55
-38
-17
-7
-13
-14
-9
-27
-36
-25
-21
-8
2
5
17
25
28
43
53
50
65
73
68
64
49
48
44
33
42
35
25
19
1
-17
-39
-50
-59
-62
-35
-13
6
36
60
68
69
71
62
60
69
70
78
80
78
67
49
38
18
0
-7
-9
-11
-2
6
7
10
-14
-39
-55
-84
-100
-107
-107
-98
-92
-76
-66
-72
-64
-53
-37
-14
-2
28
57
80
98
91
88
71
44
19
-16
-36
-32
-25
-32
-39
-39
-34
-38
-51
-53
-40
-36
-26
-15
-2
3
5
0
-8
-11
-26
-20
-28
-31
-21
-31
-27
-29
-31
-32
-25
-12
-10
-11
-17
-13
-9
-21
-31
-35
-34
-30
-23
-19
-19
-23
-27
-31
-42
-42
-35
-33
-22
-7
8
17
15
12
4
-8
-8
-7
-5
2
3
3
4
2
-1
2
5
19
37
45
53
62
60
49
49
56
57
49
29
26
26
16
12
7
4
0
5
18
32
36
42
54
46
42
32
18
13
2
6
-1
-6
-12
-26
-40
-50
-48
-54
-46
-27
-6
15
39
52
53
52
48
37
20
18
3
-14
-11
-20
-16
-16
-20
-17
-17
-13
5
10
8
22
25
16
14
12
0
-6
-12
-23
-27
-30
-37
-62
-78
-76
-74
-67
-61
-48
-39
-24
-10
-13
-12
-20
-31
-29
-18
-15
-10
-2
4
14
21
23
17
11
10
-10
-29
-23
-16
-24
-26
-35
-41
-43
-58
-70
-80
-77
-62
-56
-41
-30
-33
-27
-15
-5
6
8
27
59
70
88
104
96
101
110
93
83
71
47
38
22
18
24
11
5
-2
-3
16
12
5
2
-3
2
-3
-8
3
4
-1
5
11
-2
-7
-14
-18
-13
-2
20
29
43
56
56
58
52
44
35
27
17
7
-4
-17
-31
-46
-48
-61
-72
-57
-50
-36
-5
5
17
37
38
40
43
42
34
16
7
5
-3
-17
-16
-16
-21
-17
-26
-28
-21
-26
-27
-30
-29
-30
-32
-30
-36
-39
-50
-51
-45
-47
-40
-24
7
18
34
58
57
55
49
39
31
18
16
11
-9
-22
-38
-40
-45
-70
-67
-66
-79
-82
-88
-92
-91
-83
-67
-52
-22
16
32
45
58
64
68
59
55
61
61
62
70
81
76
68
76
65
52
41
33
38
21
10
14
7
8
7
1
-3
-11
-20
-30
-40
-38
-33
-28
-16
-4
19
43
51
61
71
72
69
62
58
57
49
36
28
25
17
-6
-17
-24
-39
-46
-50
-51
-41
-28
-22
-17
-3
12
21
19
15
6
-7
-2
-12
-21
-6
-7
-1
4
2
16
20
14
12
2
-10
-8
-26
-38
-42
-56
-50
-39
-27
-28
-27
-7
-6
1
2
-3
17
21
22
34
43
52
55
51
43
40
19
-11
-24
-36
-46
-55
-59
-65
-64
-60
-64
-51
-51
-61
-50
-44
-40
-35
-32
-15
-3
15
38
52
69
70
63
50
43
39
24
27
32
44
64
66
66
68
53
29
14
0
-20
-41
-46
-44
-50
-45
-39
-46
-41
-47
-44
-24
-20
-5
17
35
61
65
78
98
93
100
91
75
69
45
15
-5
-22
-29
-36
-49
-38
-21
-21
-9
-3
-14
-27
-36
-50
-61
-68
-76
-64
-55
-45
-31
-17
-3
-7
-3
2
6
23
30
33
42
50
55
51
41
35
8
-11
-20
-41
-42
-54
-58
-42
-33
-14
-1
0
16
24
23
16
27
26
19
23
29
35
26
24
16
17
20
2
-5
-17
-27
-14
-2
-7
0
15
18
19
13
7
3
-10
-22
-15
-13
-13
-11
-10
5
23
34
47
61
64
71
74
72
66
59
53
46
38
31
39
29
6
-6
-29
-51
-70
-82
-95
-85
-61
-55
-35
-13
5
26
24
29
36
29
17
16
15
9
13
14
16
16
16
21
15
11
7
7
4
-9
-6
-2
-14
-26
-29
-38
-62
-81
-90
-111
-123
-116
-110
-92
-75
-58
-25
-4
19
29
28
32
35
30
16
17
17
17
21
20
26
23
12
0
-5
-11
-17
-14
-25
-24
-9
-10
-7
-1
-3
-4
-17
-21
-22
-32
-32
-34
-24
-12
-8
16
37
43
48
57
54
44
37
26
28
20
17
20
16
16
7
-4
-16
-27
-42
-49
-30
-34
-22
11
23
36
49
51
52
52
42
39
39
30
32
29
20
13
15
15
12
19
13
13
19
2
3
7
3
-5
-3
1
-4
7
-4
-17
-22
-32
-37
-48
-42
-38
-32
-14
7
31
45
59
61
64
61
38
35
12
-17
-27
-44
-51
-62
-62
-57
-58
-47
-49
-49
-45
-46
-51
-62
-50
-38
-41
-37
-23
-13
-20
-16
-20
-26
-18
-19
-14
-3
11
22
51
67
63
72
68
52
30
10
-5
-17
-33
-47
-31
-25
-24
-7
-19
-20
-9
-14
-9
2
5
17
33
45
55
42
46
40
17
9
-5
-8
-21
-23
-4
4
11
19
35
47
59
56
44
42
25
2
-13
-23
-24
-25
-26
-24
-8
-3
-13
-14
-16
-12
15
18
17
36
49
52
47
42
31
14
5
-8
-16
-25
-40
-54
-57
-51
-50
-36
-20
0
22
30
35
40
40
31
28
28
23
17
13
2
2
-6
-15
-12
-18
-8
-1
6
15
21
26
16
3
-5
-15
-23
-33
-48
-63
-72
-68
-72
-78
-66
-63
-39
-11
-2
8
17
32
40
51
53
47
45
36
32
27
4
-12
-15
-18
-22
-22
-26
-24
-19
-25
-19
-19
-22
0
1
3
18
9
2
-12
-22
-20
-32
-44
-35
-21
-16
-2
5
17
42
43
59
70
75
81
70
59
43
22
5
-3
-17
-34
-35
-44
-51
-48
-48
-43
-35
-11
15
27
52
65
64
55
31
24
15
0
-14
-10
0
-5
-8
-13
-18
-23
-29
-17
-13
-5
17
31
34
40
46
42
36
21
3
-22
-45
-54
-63
-60
-50
-45
-22
10
32
49
48
49
36
23
18
3
-1
-9
-7
-11
-30
-44
-62
-70
-75
-69
-55
-34
-11
0
22
37
45
41
16
13
11
-3
-7
-19
-22
-13
-10
-14
-13
-9
-12
-8
-6
-1
1
-7
3
16
21
28
29
22
12
-6
-19
-27
-40
-43
-30
-25
-15
11
21
27
37
41
43
39
41
41
37
15
0
0
-16
-31
-36
-40
-29
-24
-23
-14
-15
-9
-3
3
17
21
22
26
21
17
14
2
-4
-5
1
5
11
20
15
10
13
7
4
10
14
16
21
22
27
16
1
-10
-19
-21
-34
-30
-24
-26
-22
-16
-18
-17
-8
-8
-7
-2
13
14
5
12
9
5
1
-7
-14
-24
-28
-37
-32
-34
-41
-18
-4
1
14
12
4
-4
-10
-15
-23
-31
-36
-32
-25
-25
-28
-25
-24
-27
-24
-19
-14
-9
-6
7
7
4
12
17
18
15
17
9
-8
-2
-4
-15
-14
-10
3
18
36
45
44
51
43
30
39
33
21
22
23
24
19
2
-11
-25
-37
-43
-39
-23
-14
-3
14
29
35
36
40
25
23
18
0
-3
-8
-9
-11
-15
-13
-14
-18
-16
-3
2
-1
-3
5
12
12
29
28
11
4
-4
-10
-27
-35
-41
-44
-36
-35
-25
-13
-6
-10
-8
7
9
10
11
18
24
28
21
8
12
10
-14
-27
-20
-29
-38
-27
-23
-20
-7
0
13
31
35
34
28
19
14
8
-1
-9
-17
-15
-15
-16
-17
-22
-15
-11
-14
-4
7
13
17
25
25
22
20
12
4
-4
-6
-15
-23
-23
-19
-25
-20
-9
-17
-5
14
18
31
46
39
38
46
39
38
31
19
4
-5
-14
-25
-34
-41
-38
-25
-15
-13
4
17
12
16
27
28
24
22
21
20
13
-1
-1
-11
-24
-29
-29
-21
-8
9
18
28
35
35
32
25
22
19
19
3
-9
-7
-17
-22
-24
-33
-42
-41
-41
-41
-35
-27
-7
-3
0
12
25
25
23
32
20
1
-2
-10
-22
-20
-33
-38
-30
-25
-16
-20
-16
-6
-4
14
13
4
22
13
4
6
-10
-12
-22
-33
-36
-46
-43
-28
-30
-22
6
5
20
32
24
30
27
16
15
13
3
4
5
0
-1
-7
-19
-28
-18
-18
-17
4
8
19
39
45
56
48
43
32
15
17
6
-7
-11
-21
-14
-15
-21
-13
-15
-13
-1
7
8
13
25
29
32
31
27
15
0
-2
-19
-31
-31
-36
-29
-17
-9
11
30
34
44
49
44
46
47
31
25
24
17
14
6
-2
-8
-11
-18
-25
-32
-27
-19
-8
2
13
26
23
31
34
18
19
14
9
11
0
-1
2
1
0
-1
-6
-4
0
1
11
13
22
32
32
21
18
6
-5
-16
-38
-44
-52
-60
-56
-52
-43
-26
-16
-18
-10
-7
-9
1
3
1
9
9
7
7
2
-11
-26
-32
-45
-53
-54
-54
-35
-21
-7
4
5
12
7
11
13
0
-1
-2
-3
-5
-6
-5
-6
-7
-16
-21
-30
-27
-22
-16
8
21
34
41
41
40
34
28
11
-13
-33
-38
-36
-32
-35
-30
-13
-7
-11
-2
3
8
16
21
37
40
41
44
37
39
31
16
6
-4
-16
-23
-18
