-2
-7
-7
-7
-4
-4
-5
-5
-11
-5
-8
-11
-4
-9
-3
1
-7
-2
-3
-6
-2
0
-2
-9
-9
-1
7
-4
-10
-7
-6
-5
-4
0
-4
-10
-5
-5
-1
12
9
4
2
-3
3
8
10
-2
-11
-6
-7
-10
-12
-3
-5
-5
2
1
1
5
5
7
4
-3
2
-2
-4
4
-8
-5
1
-1
0
1
7
6
1
-8
-9
-8
-7
-1
-3
-4
-2
2
0
-7
5
11
9
5
11
2
-7
8
7
5
2
-4
-4
-4
-5
-16
-10
3
0
5
8
4
-1
-12
-1
3
-4
-1
0
-4
-5
1
-2
-4
-4
-6
6
-3
-12
6
0
-8
0
3
-5
-6
-5
1
6
-2
1
5
-1
-3
-3
-4
-3
-3
-7
-8
-2
-3
-2
-3
1
-2
-10
0
2
-8
1
-7
-9
5
3
-6
-12
-1
4
-11
-7
-2
-5
-5
2
3
-9
-7
-3
-2
1
-6
-8
0
-8
-7
8
5
4
0
1
3
2
3
2
-2
-7
2
5
3
2
-13
-4
0
-5
3
5
12
7
0
6
8
3
5
5
0
-1
0
-6
-4
4
2
6
2
7
9
-5
2
1
-9
-14
-16
-4
-4
-7
3
6
8
9
1
4
4
-1
5
3
4
4
10
9
4
11
5
0
1
8
7
-1
2
5
5
3
4
-3
-2
11
15
5
-2
2
-2
-1
16
6
-7
3
-2
-3
3
-2
-8
-3
-7
1
12
-4
-7
-3
-2
-7
-11
3
2
-7
1
5
-4
-5
-5
-7
-5
-5
-1
7
3
-1
-1
-4
-10
-12
-1
1
-8
-6
-3
-7
-5
-9
-13
-4
-5
-8
-8
3
6
-3
-3
4
6
1
-2
-2
-2
-9
-9
1
4
-5
-4
-6
-9
-7
-14
-3
-4
-13
-2
-5
-8
2
-3
0
-3
-10
-3
-9
-7
-6
-11
5
8
3
1
-8
2
13
6
4
7
3
1
-1
-7
-2
2
0
10
3
-5
11
0
2
5
-4
10
-1
4
17
8
7
1
0
2
0
-2
-4
-4
-1
6
4
-9
-8
0
0
-4
-7
4
8
-2
2
6
3
4
0
-1
13
17
13
17
15
0
2
5
0
1
2
7
4
4
10
4
1
4
6
9
6
5
4
-1
2
1
-4
-2
-1
-1
2
6
1
-3
3
-1
-7
-5
-6
-2
-10
-9
4
-1
-3
2
-4
1
1
-4
-1
-3
-4
-3
-5
2
4
-1
-4
-6
-1
4
-1
-4
3
1
7
6
-5
4
5
-2
-1
-10
-10
-6
-4
3
-8
0
-1
-13
-3
-5
-2
1
-5
-3
1
10
4
0
3
-4
-4
-4
0
6
1
2
2
-4
-5
1
-6
-9
-2
-3
4
6
0
-7
-9
-1
3
-8
-7
5
3
-2
1
5
-4
-4
6
7
4
11
12
6
5
-3
-3
-4
-9
-2
-1
-10
1
5
-5
8
15
4
-3
0
4
-3
5
10
6
5
-9
-4
2
4
9
-9
-5
8
-12
-14
-3
-8
-4
-4
-2
12
4
-6
14
14
5
7
1
0
-1
1
4
13
9
0
2
1
10
6
-2
-1
1
0
3
9
5
4
-4
-4
-4
-9
5
4
-3
2
-2
-5
-2
5
5
1
-4
0
-4
0
7
-1
14
9
-8
-5
-9
-6
2
-6
-8
-4
-9
-2
3
3
8
5
3
0
0
12
9
6
11
7
4
11
17
15
7
5
2
-1
5
7
1
7
7
-2
-3
-5
4
-4
-16
4
2
-4
-1
-4
-3
1
0
1
1
7
8
-1
6
7
4
0
-6
-3
-3
1
0
-4
0
-3
-9
-6
2
4
2
-8
-13
4
2
-6
-2
2
3
4
11
6
0
1
-1
6
15
14
5
1
0
0
-8
-1
6
-6
1
3
-7
-5
-4
-9
-12
-12
-15
-8
-16
-16
1
-1
1
8
5
-6
-5
3
7
5
-3
-4
-11
-9
-1
0
4
6
2
0
8
5
7
-5
-13
-1
2
10
1
-5
1
3
7
-2
1
5
-2
-6
-13
-16
-7
0
-3
-4
0
7
5
10
6
-2
8
11
5
-2
9
13
3
-9
-12
4
18
18
7
-7
-13
-7
2
5
14
14
6
-8
-23
-16
10
19
6
-1
-11
-14
-3
-1
4
16
17
3
-2
6
23
27
16
11
13
24
17
14
10
3
5
-4
-1
7
3
-4
-16
-24
-16
2
12
4
-20
-25
-10
0
-4
-9
-10
-7
4
8
10
-1
-18
-35
-41
-16
11
20
3
-15
-4
17
34
35
17
6
10
13
11
1
4
17
12
-1
3
9
9
5
-14
-8
-1
10
26
-4
-28
-39
-45
-38
-18
16
13
-11
-54
-83
-60
-43
-32
-24
-5
38
72
58
28
22
23
22
-1
-37
-32
2
36
46
41
53
57
66
54
8
-19
-29
-22
-25
-49
-56
-16
53
87
71
22
-6
56
138
159
-44
-449
-653
-477
-80
266
305
45
-203
-178
104
364
327
40
-236
-305
-162
58
195
199
154
125
162
226
225
165
84
6
-73
-175
-250
-244
-157
-40
48
109
168
200
189
115
-41
-183
-257
-241
-183
-172
-139
-26
102
135
73
5
-1
43
47
-32
-153
-230
-201
-74
54
100
96
92
141
234
267
225
116
-46
-133
-104
-41
-3
-7
7
61
81
52
40
39
29
-21
-136
-220
-193
-50
110
93
-79
-187
-107
68
195
160
1
-92
-74
-9
13
-54
-116
-101
-30
35
74
61
51
49
35
41
-18
-69
-9
85
130
45
-97
-111
6
104
103
-13
-128
-32
101
96
20
-58
-53
-25
-14
-63
-149
-115
30
159
129
32
-27
-108
-122
-40
60
74
-6
-41
-67
-69
21
70
21
37
109
140
83
-96
-127
5
27
-9
-58
-151
-131
15
73
54
76
55
-33
-83
-10
86
7
-69
0
24
16
92
92
-1
-31
-66
-39
60
36
-4
-22
-122
-151
-40
58
119
62
-94
-44
103
109
109
71
-26
-50
-6
48
54
-41
-96
21
0
-106
-51
-14
-89
-140
-14
92
47
-26
-18
57
1
-22
16
-45
-62
49
101
14
57
101
-23
5
106
49
-53
-70
26
168
91
-188
-183
44
109
70
43
10
-51
-27
79
85
-41
-98
-102
-142
11
106
-98
-91
99
-30
-148
70
113
-61
-73
-19
23
25
-19
0
44
26
-29
17
112
108
59
74
58
-61
-33
0
-96
15
142
90
34
-77
-208
-82
164
130
-38
-4
124
-48
-236
17
164
-91
-171
121
69
-315
-248
63
136
-54
-42
192
-40
-293
25
362
156
-154
-90
20
39
-22
13
94
7
49
145
78
-133
-164
28
56
24
-43
-64
52
67
-43
-31
63
-87
-90
202
149
-197
-285
-46
63
-116
-90
166
18
-273
49
292
-16
-65
7
-50
54
52
37
220
148
-122
-20
-29
-132
151
68
-205
-35
29
-63
40
132
103
-34
-205
-82
110
-53
-40
90
-18
-93
-248
-155
198
193
-134
-39
221
-97
-221
39
111
-84
-88
139
79
72
103
58
134
-9
-53
101
-46
-192
92
166
-155
0
101
-73
1
53
87
-3
-124
-31
101
6
-145
-58
-101
-9
150
-70
-128
-26
-20
-82
20
94
-30
-90
-172
-25
141
103
100
67
83
-62
-149
161
221
-2
-30
43
28
45
24
-43
56
-68
29
248
-118
-158
-106
-74
198
41
-162
98
48
-420
141
393
-334
-230
36
132
72
-255
-131
195
-6
-209
133
0
-62
14
-198
270
203
-405
-17
439
6
-290
20
104
247
100
-230
201
146
-252
-38
208
79
-110
2
63
99
-53
-112
-8
-186
-49
42
-49
-3
4
0
-42
-6
-129
-204
79
203
5
-102
217
-24
-430
245
342
-374
-217
295
150
-86
-56
126
238
-219
-314
276
87
-197
12
126
148
-153
-57
125
-96
-99
192
-30
-286
342
111
-373
-91
15
-31
-133
33
291
104
-191
35
162
-160
-140
11
50
144
-89
-101
88
148
177
-275
-205
353
174
-355
-61
353
-174
-305
19
333
39
-548
69
466
11
-300
175
249
-380
-191
59
180
44
-24
66
-61
32
-112
11
97
77
-27
-241
117
183
-113
-163
25
39
-142
-26
74
137
155
-115
42
103
-133
36
153
145
-52
-130
-97
73
122
-150
24
-25
-175
-4
197
135
-162
-16
95
-84
-152
109
157
-212
151
263
-183
-120
84
168
-229
-149
161
42
-121
-41
455
-271
-413
423
139
-220
-72
346
-128
-355
191
65
-15
-120
96
140
-288
95
176
-179
-182
278
78
-604
147
478
-145
-162
249
183
-375
-140
406
88
-562
-100
503
-188
-431
240
307
-351
-99
354
-178
-101
133
153
54
-95
-44
-13
187
-199
120
216
-319
98
96
-185
-109
176
-162
-77
242
-32
177
-294
-189
400
51
-258
9
430
-119
-364
138
325
-182
-243
364
-49
-333
64
84
64
-107
-162
152
-39
-9
304
-76
-229
313
90
-343
192
139
-154
-177
-203
399
180
-366
211
166
-426
-14
285
-33
-28
-78
69
114
-194
-31
133
-72
-132
320
-18
-148
180
-27
-38
-49
75
-117
-79
80
-2
120
-118
-178
124
10
-64
94
81
-198
-144
373
-72
-215
189
-102
-272
187
160
-183
187
-67
-142
176
54
-150
104
39
-367
141
188
-142
-12
225
50
-230
84
168
-164
-19
276
102
-393
-79
441
-112
-330
314
288
-583
-1
568
-239
-171
55
11
54
-287
14
309
-189
-224
123
204
-98
-17
102
-51
-289
-71
331
-192
43
322
-216
-268
292
249
-327
47
319
14
-199
-134
437
-196
-418
557
-68
-125
20
-26
233
104
-112
-141
298
-444
-100
512
-265
-219
194
98
-371
100
288
-377
-240
317
258
-636
8
508
-553
-143
513
123
-452
43
384
-241
-206
342
357
-481
56
274
-471
301
37
-114
266
-272
-54
127
-12
-152
191
107
-328
194
21
-145
-52
167
156
-360
135
156
-376
-30
208
-152
-96
345
12
-287
87
90
-19
-107
75
241
-240
-167
384
100
-181
-50
-23
348
-43
-267
340
-118
-340
194
194
-133
-260
35
198
39
-91
42
204
-260
0
350
-326
-93
286
-260
21
289
-444
217
175
-342
278
-128
-18
90
-218
253
-150
-439
557
-72
-457
665
-45
-577
514
189
-517
245
183
-339
131
167
-189
51
-109
37
14
-92
214
-176
59
122
-373
14
261
-335
39
382
-296
-98
230
-49
8
-108
166
72
-403
430
4
-368
238
176
-229
-257
421
-113
-148
376
-211
30
-1
-146
152
4
-17
-206
228
105
-334
358
75
-374
117
100
-224
83
177
-94
-58
-69
-40
39
-45
-212
403
41
-557
460
129
-343
24
190
-68
-193
293
119
-112
-205
350
94
-360
361
-247
-7
275
-242
211
-265
-256
252
-47
-11
36
147
-86
29
184
-230
26
57
-202
181
73
-264
280
-300
-124
375
-203
57
-32
54
-125
-7
189
-322
215
-57
-246
351
-151
-52
390
-208
-185
347
-201
-181
331
-343
-202
395
-145
59
40
-317
174
27
-34
147
-98
-15
219
-180
-72
113
-274
137
13
-149
214
-117
-192
294
6
-360
442
-94
-236
322
-182
95
-117
-12
189
89
-38
-219
173
-188
125
190
-300
299
-179
-317
619
-147
-333
194
100
92
-180
217
165
-363
-55
306
-206
16
240
-221
179
-76
-38
198
-200
-215
255
106
-252
141
116
-65
103
17
160
85
-460
223
277
-356
67
129
-158
-28
-88
60
103
-291
66
258
-150
-72
216
-281
-68
111
-18
281
-256
-31
388
-283
-210
491
-325
-172
428
-393
110
40
-318
374
-85
-362
341
-151
-242
486
-156
-263
300
-73
-279
291
86
-424
238
81
-321
305
-113
-80
84
-263
318
-202
22
398
-619
235
220
-589
632
-182
-410
723
-595
68
509
-577
45
317
-288
204
234
-576
333
-40
-172
357
-50
17
-291
190
93
-125
204
-134
47
31
70
55
47
128
-113
-44
181
-76
-294
413
-101
-150
392
-416
165
225
-307
209
-99
-21
-10
64
172
-271
46
60
-23
-33
125
-63
-49
201
-251
129
-110
-136
142
-311
309
-55
-165
316
-190
82
13
-158
190
11
-48
179
-114
-62
-8
-193
285
-103
-169
300
-263
-6
195
-204
209
55
-262
115
-6
-228
123
148
-255
-112
200
64
-200
121
96
-188
128
-28
64
-157
-145
237
-278
114
171
-185
251
104
-299
36
158
-198
232
126
-224
-117
-78
187
-56
1
232
-151
-65
252
-49
-111
52
-248
123
99
-241
283
-90
-42
95
-95
195
-287
115
286
-333
89
249
-218
50
242
-363
175
73
-122
328
-199
101
-106
-105
70
-5
106
-213
311
-125
2
318
-346
206
-149
-191
325
-167
48
84
-204
-18
-6
-47
61
72
12
-78
81
45
-85
15
-113
-2
-7
-34
145
-159
54
183
-165
137
-124
-23
-43
-48
272
-210
130
-189
70
8
-388
511
-160
-86
182
-17
108
-283
114
-129
-208
94
-80
179
-70
60
-16
-85
49
-290
224
204
-25
64
-86
27
-151
32
169
-231
77
24
154
107
-216
282
-342
-138
373
-85
70
-25
-12
14
-128
274
80
-257
85
-37
-23
26
102
96
-98
140
-258
-60
188
-354
382
353
-491
232
-19
-329
184
-61
89
49
-23
126
60
-158
-56
149
-347
190
247
-236
348
-289
-126
223
-240
274
35
-91
-16
-21
-8
37
137
-129
7
-201
-7
192
-367
236
247
-432
270
31
-178
134
-215
206
-27
-225
223
-127
-45
-1
-104
83
-120
56
278
-69
-144
111
-31
-80
170
-50
-75
-76
-59
179
7
-78
59
10
-151
180
-44
-224
222
-252
-82
343
-236
74
195
-264
98
113
-145
52
68
61
20
-131
145
-193
-123
324
-187
219
63
-310
307
-219
0
89
-59
166
-366
333
3
-84
225
-307
155
-103
83
211
-165
-25
29
-116
98
59
-248
234
-112
-5
236
-251
166
-25
-13
234
-396
127
9
-159
335
-120
19
-186
-13
272
-138
212
3
-319
208
39
-67
125
-149
-207
71
118
-146
232
115
-286
28
68
-154
-67
321
-56
-220
179
-127
-124
75
-142
167
-41
26
267
-258
78
-142
-22
300
-348
160
98
-296
213
-2
-23
-21
-65
198
1
-82
-78
75
-27
50
251
-198
-111
-107
-72
260
122
-32
0
22
-225
-83
274
-70
-81
209
-87
35
-80
-89
72
-84
253
-14
-25
-8
-297
198
148
-95
53
18
-55
-209
358
-10
-358
373
-212
113
95
-187
213
-414
145
268
-143
264
-250
-121
63
-3
198
-1
49
-284
-6
104
-91
72
-122
148
-101
32
195
-214
-28
111
94
6
99
-157
-255
73
53
128
196
-171
25
15
-99
344
-262
-150
203
-200
98
42
-108
-62
-68
171
-41
111
11
-133
305
-195
-15
49
-204
-32
-43
183
-93
-84
181
-56
84
107
-246
-53
-131
23
218
211
-174
-471
327
-163
-130
559
-181
-268
277
43
-33
51
-61
-189
25
206
-128
356
-173
-198
350
-194
67
8
-74
-105
57
306
-276
104
14
-383
273
-191
89
172
-246
264
43
-42
-175
10
56
-170
274
346
-195
-195
194
-166
-125
351
-15
-496
287
70
-139
80
-387
182
-220
88
258
-247
267
-285
150
245
-399
15
-69
167
76
90
266
-321
113
60
-120
125
-272
-24
286
-88
-245
210
-184
-488
368
71
-272
25
92
313
-194
-3
250
-693
103
215
-125
373
-33
124
10
85
-173
-148
347
-340
108
457
-147
92
-59
-77
-112
-233
419
-89
-178
347
-161
-134
227
-199
-345
-33
-203
-3
367
95
35
111
-230
-61
123
-71
79
118
45
199
85
-48
140
-274
-240
219
-218
20
374
-119
-103
-1
-19
-196
-183
177
-206
78
468
14
107
-24
-403
-235
110
97
-59
240
107
-245
79
98
-314
-133
62
-119
248
202
-82
198
-195
-179
304
-68
-290
177
205
-317
334
329
-464
-72
-150
-257
45
53
184
98
-64
142
-53
-21
-35
-269
264
197
17
298
98
-350
-385
-44
-208
-175
85
43
0
-230
-60
-107
-280
3
-17
136
193
254
309
167
215
-31
125
236
120
359
259
86
-101
-55
-15
-298
-151
-123
-316
-99
155
77
-152
-250
-273
-265
16
124
-8
165
24
-34
221
44
-77
-131
-24
95
134
310
166
-137
-157
35
-163
18
182
-206
40
205
77
122
-4
-328
-220
81
49
285
307
-110
20
53
-159
-34
-104
-75
114
130
231
-54
-407
-145
-53
4
294
69
-184
32
22
14
250
63
-6
135
-4
-84
-4
122
66
28
-13
-179
-268
-228
38
-27
-105
208
-110
-236
-70
-351
-150
93
25
114
3
-213
-76
46
9
118
68
-94
-57
16
139
56
-144
-62
-119
-106
224
131
-113
-83
-238
-228
152
85
-85
119
-123
-210
129
84
36
73
101
151
172
160
-37
-96
23
107
286
165
-19
-109
-121
69
144
223
231
211
124
83
173
121
144
262
216
20
12
24
-89
82
130
-102
-117
-187
-262
-141
-59
-106
-87
-27
-170
-170
-200
-282
-154
-67
12
33
-2
-129
-291
-176
-106
-73
89
-11
-108
-172
-190
-73
-24
30
-30
6
-3
-23
71
-22
-78
-126
-41
4
-11
77
-52
-157
-243
-165
-46
-47
61
88
45
-67
-77
-44
-119
-72
44
90
99
33
50
-118
-329
-129
-129
-103
132
199
256
190
128
154
75
190
426
529
551
582
560
355
364
340
246
478
486
497
614
494
462
448
619
675
616
861
859
827
896
935
952
713
524
308
-291
-733
-1011
-1316
-1315
-1381
-1556
-1848
-2441
-2765
-2725
-2549
-2331
-2004
-1767
-1797
-1458
-972
-756
-501
-186
186
743
1245
1735
2045
1820
1777
1891
1896
2030
1962
1753
1597
1267
1105
946
309
-139
-531
-1014
-1101
-1223
-1397
-1617
-1990
-2196
-2211
-2018
-1742
-1333
-967
-764
-483
-178
33
162
478
785
986
1277
1403
1333
1185
1027
876
725
633
645
607
424
289
182
22
-156
-136
6
5
73
160
164
62
96
298
357
444
529
635
705
870
1164
1384
1527
1659
1977
2149
2322
2448
2239
2275
2356
2480
2438
1040
-916
-2329
-3180
-2746
-1586
-1387
-2478
-4318
-5773
-5920
-5134
-4110
-3306
-3240
-3349
-2611
-1559
-774
-367
-210
311
1459
2886
4094
4365
3459
2731
2692
2936
3475
3623
2946
1913
1049
825
841
388
-275
-1139
-2047
-2264
-2026
-1971
-2207
-2648
-3131
-3046
-2507
-2006
-1229
-882
-1098
-822
-394
-122
234
454
460
529
841
1098
1083
698
343
213
127
235
118
-216
-552
-833
-655
-416
-524
-673
-885
-1050
-891
-486
-113
-26
30
111
345
644
797
1039
1087
1269
1712
1894
1989
1928
1791
1832
1978
2175
2209
2120
1893
1765
1831
1749
1676
1754
1721
1512
1460
1510
1607
1931
2012
717
-1600
-3566
-4597
-3993
-2170
-1154
-2045
-4148
-6148
-6528
-5070
-3246
-1740
-1268
-1825
-1662
-666
368
1176
1600
2078
2943
4130
5008
4833
3514
2092
1745
1973
2260
2144
942
-576
-1735
-2113
-1657
-1428
-1733
-2137
-2638
-2956
-2551
-2008
-1755
-1685
-1581
-1037
-544
-186
177
245
213
421
726
717
420
-6
-321
-516
-729
-671
-653
-1042
-1356
-1470
-1481
-1359
-1213
-935
-685
-517
-245
31
167
194
530
915
1094
1339
1464
1462
1368
1316
1453
1535
1414
1188
922
614
553
803
1017
974
814
913
1039
932
906
868
730
800
1235
1517
1422
1146
657
619
1114
1647
2312
2583
2375
2423
2473
1914
25
-2491
-3900
-3954
-2517
-643
-781
-3180
-5811
-6995
-5983
-3442
-1330
-585
-1285
-2320
-1850
-287
1211
2328
2905
3306
3929
4487
4409
3548
2343
1897
2475
2741
2093
575
-1494
-2867
-2900
-2062
-1205
-1170
-1928
-2761
-3407
-3463
-2757
-1933
-1192
-512
-167
-272
-530
-689
-397
479
1282
1512
1136
146
-923
-1299
-1235
-1094
-937
-1111
-1493
-1813
-2044
-2017
-1907
-1689
-1146
-497
217
712
841
934
1031
1273
1814
2231
2319
2230
1864
1396
1123
942
830
766
414
-48
-408
-680
-563
-301
-21
362
610
801
1022
1159
1182
1227
1366
1724
2078
2140
2027
1583
1060
1035
1377
1866
2233
2039
1742
1696
1951
2513
2533
1100
-1617
-3996
-4824
-3898
-1890
-772
-1808
-4351
-6377
-6377
-4524
-2040
-375
67
-426
-583
448
1734
2775
3438
3886
4345
4698
4703
3958
2692
1618
1287
1312
686
-777
-2506
-3983
-4583
-4197
-3493
-3213
-3471
-3766
-3954
-3841
-3162
-2100
-892
56
642
941
735
451
767
1492
2267
2912
2682
1359
-210
-1349
-1702
-1330
-847
-831
-1264
-1970
-2696
-2865
-2500
-1860
-1000
-161
410
716
1030
1314
1528
1982
2503
2847
2882
2487
1729
837
251
41
69
12
-309
-835
-1619
-2185
-2165
-1690
-860
-29
487
816
960
1036
1383
1639
1862
2523
2973
2980
2772
2154
1432
981
1020
1387
1466
1259
968
618
360
441
844
1344
2041
2646
2724
1492
-1332
-3725
-4360
-3405
-1075
722
-167
-2906
-5146
-5585
-3969
-1436
447
1124
514
-95
386
1184
1836
2325
2709
3036
3100
2870
2028
465
-916
-1155
-785
-952
-1739
-3013
-4489
-5214
-4632
-3429
-2409
-1785
-1529
-1569
-1669
-1338
-561
440
1514
2349
2758
2620
1911
1225
1223
1437
1536
1633
836
-809
-2027
-2736
-3002
-2650
-2215
-2048
-2161
-2454
-2584
-2325
-1686
-718
373
1247
1779
2060
2215
2186
2018
2033
2059
1777
1333
679
-263
-1085
-1435
-1404
-1250
-1233
-1432
-1746
-1970
-1700
-862
219
1257
2044
2486
2654
2675
2749
3013
3287
3443
3551
3320
2494
1532
722
99
-91
184
343
63
-294
-592
-634
-51
773
1415
1927
2393
2957
3504
3438
1956
-474
-2371
-2898
-1830
-83
377
-1294
-3870
-5616
-5479
-3631
-1583
-511
-642
-1387
-1481
-775
62
766
1146
1422
1817
2085
1792
848
-265
-951
-742
-261
-411
-1252
-2618
-3599
-3558
-2706
-1423
-600
-492
-712
-1036
-1059
-533
373
1363
2107
2427
2319
1811
1188
689
493
760
919
605
-218
-1609
-2957
-3556
-3323
-2687
-2100
-1885
-2170
-2606
-2558
-1872
-842
258
1115
1664
1892
1989
2077
1923
1733
1669
1656
1616
1251
489
-397
-1021
-1148
-856
-455
-328
-538
-791
-780
-437
238
1158
1986
2540
2819
2818
2556
2160
1908
1982
2117
2094
1824
1121
150
-591
-793
-611
-302
-28
136
119
86
469
1156
1752
2265
2709
3039
3457
3771
3568
2424
111
-2076
-2906
-2629
-1745
-1172
-2116
-4316
-6045
-6154
-4755
-2779
-1231
-648
-996
-1343
-842
108
986
1766
2365
2790
2974
2675
1871
842
61
-51
228
-24
-1103
-2546
-3809
-4249
-3724
-2581
-1556
-1183
-1161
-1366
-1534
-1215
-371
748
1781
2436
2408
1933
1216
617
707
992
1118
911
-139
-1650
-2841
-3477
-3406
-2835
-2399
-2264
-2308
-2463
-2331
-1727
-979
-66
896
1622
2152
2413
2464
2363
2207
2217
2244
2136
1819
1174
365
-246
-471
-429
-255
-287
-582
-856
-982
-711
-214
314
937
1403
1653
1800
1733
1523
1504
1660
1880
2051
1851
1403
971
539
312
437
539
518
693
962
1152
1312
1342
1278
1310
1547
2013
2536
2923
3033
2713
1587
-505
-2598
-3592
-3379
-2388
-1507
-1994
-3904
-5638
-5951
-4772
-2695
-831
-27
-211
-615
-452
333
1330
2196
2724
2927
2829
2275
1419
534
-242
-501
-356
-628
-1606
-2857
-3880
-4313
-3859
-2715
-1634
-1039
-914
-1164
-1395
-1107
-248
890
1953
2484
2350
1860
1206
562
470
818
833
580
-71
-1508
-2759
-3212
-3281
-2885
-2278
-2031
-2029
-2042
-1952
-1489
-673
258
1248
2024
2396
2500
2414
2174
2038
2046
1964
1778
1313
563
-128
-613
-828
-688
-470
-524
-709
-923
-1181
-1064
-421
352
1092
1656
1806
1780
1841
1962
2180
2437
2575
2543
2375
1997
1447
942
577
381
356
428
498
499
463
426
448
698
1068
1395
1709
2078
2448
2550
2081
620
-1474
-2941
-3115
-2230
-1168
-1112
-2474
-4336
-5278
-4598
-2879
-1225
-327
-405
-884
-865
-200
675
1397
1850
2051
2123
1976
1366
536
-215
-679
-610
-539
-1083
-2133
-3132
-3637
-3511
-2660
-1572
-915
-722
-816
-1002
-965
-385
600
1509
2069
2180
1910
1440
1031
729
562
469
77
-505
-1237
-2221
-2948
-3157
-3104
-2804
-2309
-1912
-1714
-1560
-1250
-697
110
1024
1799
2217
2343
2350
2215
2056
1898
1649
1389
1063
568
-29
-542
-941
-1137
-1010
-868
-851
-875
-872
-749
-391
298
1055
1652
2106
2364
2397
2411
2521
2583
2594
2523
2304
1967
1540
1092
642
214
-106
-205
-88
154
371
453
493
546
785
1298
1778
2191
2618
2647
2110
963
-796
-2194
-2505
-1961
-1088
-936
-2094
-3687
-4622
-4376
-3000
-1416
-567
-492
-777
-878
-446
303
1012
1506
1747
1791
1678
1278
527
-224
-710
-928
-946
-1167
-1817
-2610
-3128
-3121
-2599
-1728
-963
-597
-503
-606
-594
-120
586
1322
1904
2013
1793
1452
992
521
150
-123
-419
-860
-1446
-2147
-2872
-3333
-3387
-3237
-2951
-2477
-2047
-1762
-1363
-844
-282
451
1218
1793
2200
2447
2516
2442
2242
2045
1826
1555
1283
855
333
-60
-362
-550
-535
-520
-609
-611
-497
-269
160
675
1147
1533
1827
2089
2248
2298
2314
2174
2018
1995
1896
1704
1471
1048
527
192
5
-10
311
725
992
1126
1118
1039
1185
1741
2420
2859
2657
1434
-458
-2065
-2642
-2146
-1179
-756
-1561
-3118
-4356
-4510
-3560
-2228
-1252
-910
-902
-764
-388
86
463
715
1070
1634
2094
2049
1469
555
-309
-641
-564
-563
-824
-1391
-2048
-2378
-2287
-1898
-1366
-889
-655
-672
-700
-638
-391
131
633
866
928
859
702
658
459
-83
-578
-1012
-1411
-1496
-1595
-2079
-2620
-2946
-3029
-2674
-1988
-1442
-1126
-914
-693
-223
465
1151
1697
2009
2132
2180
2126
1949
1715
1381
1033
773
468
121
-142
-414
-683
-794
-797
-748
-566
-317
-138
126
535
941
1398
1859
2044
2034
2086
2076
2070
2175
2144
1960
1716
1391
1076
820
605
514
535
644
890
1132
1260
1300
1272
1434
1923
2451
2725
2294
885
-943
-2265
-2558
-1952
-1132
-995
-1882
-3212
-4016
-3823
-2996
-2025
-1309
-1061
-913
-492
41
398
574
693
932
1414
1899
2043
1649
823
-19
-600
-869
-981
-1190
-1536
-1931
-2241
-2301
-2036
-1696
-1478
-1359
-1403
-1435
-1177
-649
-54
370
549
539
463
508
644
697
560
215
-215
-614
-974
-1298
-1617
-1984
-2259
-2293
-2145
-1883
-1615
-1427
-1221
-887
-460
31
533
951
1368
1726
1912
1976
1845
1572
1372
1197
1019
867
636
381
157
-56
-214
-303
-377
-368
-213
-1
287
643
971
1219
1419
1589
1666
1740
1863
1969
2021
1983
1857
1641
1445
1291
1108
950
808
736
798
975
1169
1309
1369
1322
1281
1464
1850
2100
1916
966
-589
-1944
-2518
-2225
-1587
-1300
-1667
-2477
-3078
-3039
-2518
-1917
-1529
-1415
-1270
-805
-153
391
542
301
29
66
443
875
1054
837
292
-284
-714
-987
-1189
-1408
-1565
-1631
-1548
-1199
-814
-660
-791
-1146
-1465
-1442
-957
-224
377
610
510
273
123
200
375
412
163
-386
-955
-1296
-1416
-1387
-1442
-1771
-2169
-2323
-2123
-1655
-1127
-754
-586
-450
-132
395
995
1498
1777
1787
1684
1617
1525
1403
1253
971
717
638
535
347
88
-328
-638
-631
-432
-151
62
147
194
362
664
1016
1351
1565
1705
1789
1819
1900
1917
1800
1669
1533
1402
1320
1276
1220
1166
1185
1245
1295
1335
1343
1324
1356
1509
1809
2146
2193
1651
583
-668
-1607
-1865
-1614
-1355
-1433
-1905
-2450
-2650
-2482
-2167
-1907
-1898
-2014
-1894
-1433
-774
-160
153
99
-134
-225
-73
197
507
714
722
606
385
17
-442
-919
-1256
-1287
-1014
-531
-127
-127
-531
-1152
-1705
-1837
-1537
-1031
-537
-271
-241
-275
-267
-286
-352
-478
-741
-954
-900
-694
-535
-522
-724
-1084
-1319
-1278
-1078
-834
-628
-500
-350
-95
258
592
775
783
691
667
790
1008
1210
1232
1063
795
577
460
411
439
418
333
289
269
221
159
150
205
370
666
980
1162
1154
1078
1036
1069
1208
1408
1555
1550
1449
1288
1099
952
898
930
978
1060
1189
1283
1335
1345
1287
1231
1246
1396
1693
1942
1886
1416
634
-225
-914
-1283
-1397
-1502
-1685
-1819
-1885
-1875
-1820
-1877
-2156
-2552
-2767
-2611
-2063
-1246
-482
-79
-95
-341
-568
-543
-209
216
557
745
673
495
355
137
-153
-406
-613
-651
-437
-224
-197
-398
-829
-1193
-1308
-1220
-995
-814
-776
-767
-665
-481
-279
-199
-365
-646
-868
-983
-916
-723
-609
-599
-637
-719
-749
-667
-561
-497
-418
-247
2
319
652
847
880
843
797
755
745
776
740
634
574
528
505
540
487
308
117
-47
-124
-31
140
266
360
445
523
663
876
1040
1111
1098
1059
1070
1157
1280
1320
1215
1016
792
661
682
782
878
969
1043
1082
1153
1236
1236
1220
1284
1406
1621
1914
2081
1990
1582
887
119
-525
-941
-1167
-1273
-1349
-1471
-1576
-1634
-1724
-1891
-2135
-2419
-2618
-2566
-2223
-1725
-1293
-1051
-979
-960
-860
-620
-313
-57
116
210
268
326
383
425
359
162
-69
-223
-213
-63
73
102
-9
-252
-459
-546
-599
-654
-730
-838
-920
-909
-824
-770
-860
-1061
-1267
-1438
-1471
-1298
-1083
-933
-805
-715
-626
-438
-210
-12
140
239
344
514
720
910
1041
1011
857
704
579
513
495
491
454
377
335
315
306
331
323
262
180
131
195
349
502
651
775
808
856
947
965
949
897
803
763
782
835
945
1046
1074
1073
1068
1066
1141
1278
1421
1523
1552
1543
1508
1455
1440
1458
1468
1492
1556
1570
1430
1065
438
-301
-915
-1234
-1261
-1213
-1253
-1461
-1786
-1999
-2002
-1912
-1877
-2008
-2322
-2590
-2555
-2194
-1634
-1134
-883
-829
-802
-704
-532
-353
-228
-148
-23
207
438
565
557
400
209
142
238
424
541
505
324
38
-215
-378
-494
-630
-821
-1047
-1266
-1351
-1297
-1196
-1099
-1129
-1269
-1419
-1506
-1444
-1273
-1054
-821
-588
-327
-39
211
338
340
244
158
213
381
587
714
679
532
388
340
382
434
439
379
287
251
317
424
496
488
380
262
212
221
318
454
545
640
764
845
867
839
742
655
679
799
967
1119
1181
1183
1204
1256
1345
1427
1395
1281
1189
1172
1227
1302
1332
1287
1169
1040
966
961
1020
1128
1250
1303
1225
959
491
-33
-494
-800
-914
-961
-1045
-1182
-1386
-1650
-1904
-2133
-2359
-2547
-2626
-2558
-2345
-2008
-1650
-1353
-1114
-923
-749
-532
-297
-96
112
322
526
741
908
957
848
630
386
206
160
171
154
32
-217
-508
-800
-1077
-1303
-1483
-1595
-1620
-1554
-1389
-1191
-1038
-977
-1009
-1083
-1109
-1011
-824
-586
-357
-210
-129
-73
-32
5
22
-4
-48
-57
1
110
246
394
492
508
490
460
452
511
623
695
725
755
790
840
862
837
730
587
533
579
685
800
839
779
702
667
676
705
679
595
558
613
741
912
1042
1082
1061
1032
1056
1120
1179
1218
1194
1155
1196
1300
1422
1538
1584
1556
1527
1515
1537
1593
1616
1512
1223
735
114
-520
-1055
-1413
-1657
-1843
-2003
-2179
-2347
-2488
-2629
-2803
-2985
-3105
-3059
-2739
-2181
-1555
-1002
-638
-474
-380
-217
38
326
622
831
884
856
771
621
428
173
-103
-316
-458
-526
-530
-566
-658
-771
-918
-1081
-1186
-1210
-1163
-1035
-883
-704
-505
-366
-279
-253
-370
-586
-788
-924
-971
-912
-791
-705
-682
-678
-675
-660
-610
-520
-426
-288
-46
258
614
932
1132
1225
1206
1166
1176
1229
1324
1395
1383
1292
1135
927
704
489
303
186
178
264
390
513
590
604
608
627
648
693
780
872
971
1081
1151
1179
1172
1113
1021
935
897
928
1025
1154
1266
1365
1442
1485
1527
1543
1510
1476
1463
1493
1579
1626
1515
1164
527
-273
-1028
-1612
-1939
-2061
-2158
-2312
-2542
-2773
-2893
-2886
-2807
-2739
-2703
-2575
-2240
-1668
-962
-352
19
143
136
188
369
616
805
842
724
513
287
57
-205
-504
-800
-996
-1033
-921
-725
-605
-657
-812
-985
-1092
-1059
-908
-746
-615
-499
-406
-308
-227
-226
-326
-516
-714
-836
-877
-851
-829
-871
-942
-995
-978
-862
-689
-516
-337
-127
86
322
581
817
1016
1180
1352
1518
1626
1709
1731
1673
1591
1486
1343
1180
1018
853
651
432
242
101
54
92
170
275
364
431
519
621
723
831
917
967
1016
1065
1104
1145
1195
1262
1341
1395
1422
1405
1342
1313
1304
1299
1322
1317
1261
1180
1093
1022
990
983
972
958
900
687
261
-387
-1171
-1871
-2297
-2412
-2327
-2229
-2255
-2425
-2622
-2719
-2684
-2563
-2417
-2216
-1896
-1413
-814
-283
24
32
-149
-288
-254
-39
239
401
361
139
-183
-516
-812
-1025
-1126
-1117
-948
-664
-388
-221
-247
-446
-652
-729
-658
-459
-244
-126
-119
-203
-317
-417
-505
-589
-700
-834
-953
-1075
-1184
-1246
-1296
-1276
-1148
-930
-627
-318
-34
209
411
618
856
1121
1383
1628
1790
1855
1878
1849
1772
1645
1466
1246
1020
827
668
517
337
100
-133
-295
-331
-187
73
357
627
820
924
998
1079
1174
1294
1396
1492
1588
1646
1658
1609
1503
1344
1199
1112
1073
1100
1161
1202
1179
1086
943
805
744
761
867
1014
1121
1206
1244
1179
990
606
-12
-783
-1515
-2000
-2155
-2079
-1994
-2110
-2439
-2823
-3072
-3076
-2851
-2541
-2261
-2018
-1723
-1313
-864
-494
-322
-343
-357
-185
170
555
772
657
265
-198
-563
-750
-826
-869
-907
-907
-783
-593
-465
-484
-673
-902
-983
-816
-494
-206
-92
-212
-461
-654
-700
-635
-546
-528
-635
-809
-993
-1165
-1277
-1314
-1281
-1131
-849
-487
-123
186
408
556
712
945
1245
1568
1870
2042
2050
1933
1720
1502
1321
1171
1062
955
797
578
323
50
-189
-356
-402
-329
-200
12
269
507
722
887
1010
1130
1286
1480
1655
1770
1796
1718
1562
1404
1293
1205
1138
1079
1000
932
857
786
728
680
650
641
676
751
857
981
1105
1208
1273
1324
1348
1289
1077
647
-30
-855
-1581
-2065
-2277
-2283
-2309
-2536
-2941
-3334
-3509
-3378
-3003
-2526
-2085
-1703
-1311
-904
-526
-224
-31
107
289
536
787
882
706
295
-222
-657
-928
-1068
-1145
-1231
-1319
-1349
-1284
-1153
-1019
-955
-925
-833
-646
-346
-40
122
105
-34
-199
-297
-273
-186
-119
-151
-297
-499
-744
-959
-1090
-1146
-1076
-853
-519
-166
147
365
466
551
718
995
1358
1716
1939
1949
1795
1564
1321
1123
972
827
625
372
112
-179
-428
-588
-684
-694
-593
-385
-131
165
481
752
998
1251
1502
1707
1846
1898
1863
1797
1709
1595
1417
1161
882
634
492
497
597
696
711
604
444
371
451
691
1005
1258
1407
1445
1415
1398
1388
1378
1374
1353
1282
1067
618
-137
-1088
-1970
-2546
-2721
-2623
-2512
-2668
-3094
-3508
-3646
-3376
-2783
-2109
-1563
-1193
-882
-537
-158
189
410
460
434
438
439
352
104
-312
-808
-1252
-1541
-1706
-1803
-1846
-1857
-1773
-1531
-1186
-833
-542
-334
-188
-10
243
494
641
619
470
282
148
106
72
-38
-259
-517
-717
-793
-714
-626
-646
-730
-768
-621
-235
275
695
900
904
873
988
1255
1581
1808
1812
1639
1402
1169
971
790
568
325
136
16
-44
-77
-129
-202
-226
-139
44
296
571
804
1008
1191
1362
1522
1607
1601
1493
1296
1095
970
904
832
732
559
352
216
224
374
570
718
758
706
656
697
867
1096
1292
1401
1396
1332
1275
1213
1110
970
805
649
562
472
230
-251
-1019
-1915
-2605
-2859
-2693
-2367
-2214
-2421
-2869
-3204
-3116
-2588
-1864
-1220
-849
-696
-583
-388
-117
86
165
148
93
66
-12
-242
-642
-1108
-1467
-1636
-1636
-1569
-1549
-1596
-1597
-1445
-1121
-687
-294
-43
76
130
214
356
514
647
692
642
520
332
113
-94
-272
-422
-530
-611
-625
-536
-393
-248
-176
-188
-185
-79
183
532
809
912
888
881
1013
1298
1604
1739
1610
1299
966
733
644
597
491
313
104
-47
-124
-157
-174
-203
-197
-101
72
281
483
651
800
991
1216
1384
1444
1381
1247
1155
1168
1245
1278
1186
961
690
502
454
520
612
661
654
646
671
714
749
741
737
772
858
981
1052
1024
933
837
735
602
441
270
130
43
-76
-381
-940
-1648
-2254
-2522
-2423
-2182
-2101
-2328
-2725
-2960
-2831
-2374
-1824
-1437
-1278
-1219
-1100
-858
-564
-362
-292
-291
-302
-290
-317
-441
-662
-914
-1090
-1177
-1221
-1279
-1356
-1379
-1259
-964
-558
-182
64
202
259
321
474
682
861
932
832
598
319
80
-73
-163
-234
-324
-441
-559
-632
-631
-569
-428
-228
-1
249
470
647
807
947
1076
1207
1331
1405
1401
1328
1204
1063
914
761
607
453
307
198
105
13
-59
-114
-134
-103
-38
38
95
164
280
435
628
831
977
1052
1071
1049
1009
969
945
927
894
845
780
701
640
619
631
684
773
869
937
962
928
821
705
655
677
739
780
733
585
418
293
222
224
253
236
161
26
-143
-303
-434
-528
-664
-956
-1395
-1892
-2300
-2487
-2459
-2366
-2361
-2473
-2632
-2683
-2508
-2146
-1729
-1366
-1099
-898
-724
-561
-396
-251
-134
-59
-51
-116
-264
-462
-665
-815
-892
-933
-954
-944
-887
-755
-564
-351
-143
27
159
256
316
379
459
541
602
609
536
395
237
133
102
104
100
48
-52
-130
-125
-22
145
307
393
388
391
479
656
890
1075
1132
1084
990
901
852
820
761
661
533
384
220
47
-111
-201
-221
-173
-88
-25
21
77
159
288
453
614
748
848
918
974
1004
1015
993
934
855
782
742
698
637
568
497
466
492
530
546
536
519
522
569
625
642
611
548
481
437
402
346
245
120
16
-41
-55
-52
-63
-92
-124
-155
-185
-205
-208
-213
-304
-564
-1006
-1518
-1909
-2061
-2016
-1959
-2051
-2298
-2553
-2643
-2490
-2161
-1795
-1485
-1242
-1026
-803
-580
-377
-207
-74
25
42
-40
-205
-401
-546
-602
-609
-623
-673
-739
-768
-699
-529
-296
-38
206
404
523
579
625
685
803
941
1017
972
809
597
419
331
328
346
312
220
89
-20
-50
-17
56
143
231
327
432
545
653
741
806
833
835
837
831
787
684
550
402
257
138
32
-64
-142
-197
-219
-198
-124
-26
64
138
216
323
459
625
781
894
968
1017
1061
1084
1071
1009
905
786
675
584
492
403
333
274
227
208
214
250
313
391
441
440
402
381
388
414
403
289
105
-77
-201
-232
-213
-204
-219
-220
-190
-160
-135
-141
-176
-204
-244
-359
-647
-1048
-1411
-1618
-1648
-1623
-1698
-1936
-2217
-2350
-2263
-2001
-1674
-1404
-1247
-1145
-1029
-861
-659
-454
-250
-79
-1
-34
-159
-309
-392
-383
-324
-294
-334
-420
-483
-454
-325
-117
111
282
386
448
485
517
599
720
814
842
782
662
526
428
397
386
372
360
343
296
221
136
45
14
74
190
298
331
297
251
258
337
447
556
623
645
642
637
638
620
561
469
356
224
122
44
-14
-21
2
10
-2
-14
22
103
218
357
479
576
660
750
828
848
818
735
625
529
459
396
338
303
269
221
158
83
35
48
144
281
369
365
290
191
143
163
190
190
165
129
116
133
144
131
115
133
179
210
178
58
-71
-134
-128
-147
-313
-656
-1089
-1436
-1583
-1573
-1543
-1609
-1788
-1994
-2082
-1997
-1799
-1574
-1372
-1191
-1038
-907
-792
-700
-602
-459
-288
-161
-123
-169
-271
-364
-393
-358
-298
-246
-185
-112
-33
66
199
360
537
720
871
952
974
954
929
911
891
839
755
652
534
438
385
341
283
194
95
16
-16
11
65
100
103
89
63
51
87
144
188
237
298
338
332
301
262
230
211
212
210
168
99
40
13
6
-11
-43
-86
-95
-32
74
179
242
275
312
356
431
527
591
604
593
580
546
476
396
320
252
208
189
169
140
113
113
140
175
208
200
133
60
35
63
113
152
147
86
3
-58
-84
-88
-70
-36
-6
33
68
96
134
201
287
358
378
318
183
22
-150
-356
-597
-861
-1129
-1355
-1514
-1656
-1815
-1963
-2042
-2007
-1879
-1690
-1511
-1393
-1288
-1138
-922
-680
-474
-324
-210
-103
10
105
142
135
131
175
265
368
444
468
461
475
522
587
648
697
724
738
763
778
767
733
686
659
644
620
558
453
337
217
125
59
-11
-84
-156
-220
-249
-241
-230
-231
-230
-204
-151
-84
-19
20
45
90
156
212
252
268
259
255
287
339
369
353
286
207
164
182
215
218
187
128
93
103
156
220
241
223
197
191
195
185
145
87
45
48
83
119
130
117
96
92
102
110
141
193
237
264
258
222
168
132
138
161
183
195
178
145
130
117
90
68
66
95
145
196
218
207
187
163
144
111
29
-86
-202
-313
-430
-563
-714
-874
-1002
-1069
-1100
-1133
-1179
-1205
-1191
-1122
-1008
-902
-840
-812
-770
-686
-558
-430
-346
-310
-300
-267
-178
-60
52
147
210
243
283
342
398
461
536
610
658
671
651
600
547
513
498
497
476
422
337
241
165
117
115
155
184
167
101
-1
-83
-102
-71
-21
0
-26
-86
-155
-202
-227
-241
-228
-194
-151
-118
-127
-161
-189
-189
-147
-89
-50
-27
-1
31
55
61
76
115
185
290
388
441
453
436
436
471
514
529
511
484
462
430
381
314
232
169
131
93
60
23
-9
-15
16
63
95
113
133
167
219
286
321
323
319
301
271
233
168
88
22
-27
-51
-72
-95
-114
-131
-113
-60
12
82
126
159
189
223
259
275
260
214
142
67
-11
-100
-197
-318
-458
-601
-740
-877
-1012
-1141
-1254
-1309
-1304
-1281
-1263
-1247
-1215
-1126
-974
-780
-582
-422
-304
-211
-106
10
116
212
293
359
395
400
380
324
262
232
242
287
337
346
317
288
296
350
446
532
565
559
534
502
463
395
303
202
94
-21
-144
-284
-429
-549
-607
-609
-592
-589
-584
-561
-502
-391
-262
-146
-48
38
130
231
324
388
410
415
430
460
499
511
506
499
482
470
462
466
477
502
537
563
569
561
544
521
508
492
456
397
335
274
241
228
199
140
40
-70
-146
-173
-169
-167
-177
-209
-255
-280
-258
-212
-160
-109
-56
0
50
105
152
197
266
355
444
499
501
453
389
333
307
300
268
198
116
20
-87
-185
-269
-338
-395
-442
-502
-602
-732
-870
-971
-1019
-1031
-1045
-1095
-1167
-1228
-1247
-1212
-1155
-1098
-1035
-953
-845
-712
-579
-472
-377
-260
-131
-10
90
146
178
223
289
367
427
455
461
457
459
470
485
498
502
498
473
421
355
298
275
263
241
199
126
38
-41
-92
-130
-169
-200
-227
-232
-223
-221
-225
-235
-223
-163
-70
21
91
141
181
232
312
413
518
610
675
713
723
719
709
708
719
718
687
629
559
482
396
314
243
184
129
64
-11
-72
-122
-157
-171
-163
-144
-131
-135
-140
-115
-51
11
53
68
61
50
46
64
89
102
102
87
77
60
27
-5
-13
9
37
57
62
35
-4
-23
1
73
152
200
213
208
188
156
140
130
129
128
96
17
-98
-226
-330
-408
-472
-549
-664
-793
-912
-998
-1064
-1129
-1191
-1232
-1225
-1177
-1117
-1043
-972
-909
-816
-690
-547
-404
-278
-168
-78
15
108
198
281
334
374
387
380
365
344
328
311
285
252
203
156
124
113
132
166
215
261
296
329
352
386
440
489
508
484
433
376
323
281
240
192
119
25
-49
-101
-140
-166
-178
-164
-120
-60
-4
21
38
85
179
304
410
475
493
490
502
511
519
505
464
422
378
337
290
223
150
93
77
83
64
35
1
-18
-4
19
26
-8
-70
-133
-186
-219
-244
-267
-285
-288
-279
-273
-279
-289
-279
-226
-144
-53
31
84
125
165
214
270
319
371
411
415
408
392
367
340
304
273
243
210
176
134
85
29
-28
-80
-131
-182
-234
-297
-365
-437
-509
-571
-617
-657
-703
-752
-813
-868
-906
-933
-933
-927
-918
-904
-893
-853
-780
-685
-570
-443
-318
-183
-44
98
228
344
452
543
638
719
764
768
746
713
684
658
625
579
510
433
358
293
245
201
162
124
94
57
30
0
-42
-72
-80
-69
-60
-74
-101
-134
-151
-159
-161
-161
-164
-160
-136
-103
-80
-65
-58
-42
-9
41
97
137
168
206
249
279
286
262
236
224
229
249
255
235
190
132
81
37
-1
-29
-47
-56
-54
-64
-89
-120
-135
-115
-83
-52
-37
-36
-39
-37
-29
-23
-27
-35
-27
-7
31
76
115
161
215
252
277
312
360
415
470
531
579
587
580
558
523
486
441
376
289
195
93
-24
-151
-274
-393
-497
-591
-680
-742
-776
-803
-830
-864
-891
-895
-875
-829
-777
-742
-705
-658
-600
-524
-448
-387
-338
-284
-202
-110
-35
33
92
150
207
258
298
313
314
324
339
374
410
413
394
371
351
341
339
334
309
260
206
156
108
71
34
-24
-89
-151
-210
-257
-290
-306
-308
-296
-276
-259
-252
-245
-235
-201
-135
-58
5
43
68
83
87
108
145
184
219
240
241
228
210
193
185
199
224
228
208
177
153
143
149
169
176
167
148
131
125
148
183
211
232
248
260
259
241
223
217
227
239
237
232
222
196
164
148
146
146
150
156
159
156
149
123
97
84
84
92
91
77
54
29
9
-3
-18
-46
-86
-139
-186
-230
-269
-307
-353
-399
-442
-486
-529
-560
-584
-590
-584
-568
-559
-561
-564
-572
-562
-533
-493
-446
-413
-389
-362
-327
-294
-259
-215
-158
-98
-46
2
40
66
96
147
197
237
269
283
293
302
309
324
326
313
289
266
241
209
171
126
74
24
-15
-36
-55
-87
-113
-139
-156
-157
-154
-147
-139
-119
-96
-69
-50
-49
-51
-45
-34
-3
34
60
79
86
103
127
148
177
210
243
277
319
365
403
424
435
456
483
492
477
467
467
477
470
442
393
325
273
239
230
217
198
172
135
120
122
125
137
145
145
156
170
171
165
152
135
96
48
8
-37
-86
-129
-159
-191
-228
-246
-250
-242
-227
-215
-190
-153
-123
-112
-117
-133
-166
-194
-218
-260
-318
-393
-470
-539
-612
-663
-712
-767
-803
-826
-830
-814
-784
-739
-672
-591
-501
-407
-309
-215
-125
-39
34
111
184
232
265
285
288
272
246
219
196
189
189
182
164
141
128
108
95
110
123
149
177
178
163
129
89
53
29
4
-34
-77
-118
-162
-206
-240
-257
-250
-230
-198
-159
-118
-68
-9
51
114
178
219
241
270
302
314
318
326
345
347
334
326
304
291
291
295
313
331
338
333
338
361
381
406
425
413
390
374
367
358
341
320
295
275
251
219
184
160
158
160
160
149
127
101
71
54
48
34
13
-15
-55
-93
-125
-165
-211
-255
-290
-312
-323
-323
-339
-364
-387
-407
-421
-434
-445
-471
-503
-514
-528
-560
-589
-618
-643
-653
-649
-642
-632
-619
-611
-594
-561
-511
-460
-407
-339
-280
-225
-161
-94
-23
34
95
143
185
226
259
288
302
291
275
276
270
259
247
229
223
207
189
178
163
152
156
172
183
172
155
135
122
123
116
103
83
59
38
23
16
12
21
36
59
81
103
133
153
185
225
258
284
299
301
308
328
335
328
318
301
272
248
233
213
197
189
179
174
158
138
127
134
154
172
189
209
204
203
222
239
252
255
250
228
200
178
160
147
133
109
78
43
-2
-45
-78
-101
-117
-137
-161
-189
-232
-271
-293
-315
-335
-343
-352
-369
-395
-425
-446
-471
-487
-490
-498
-498
-492
-498
-501
-504
-506
-514
-523
-518
-511
-497
-487
-487
-476
-452
-432
-405
-381
-351
-313
-284
-240
-192
-154
-113
-70
-27
15
46
64
92
135
169
194
208
214
221
221
218
218
231
240
245
253
244
236
245
257
280
315
352
379
381
376
386
386
380
380
370
356
336
312
293
268
238
210
195
187
174
172
169
158
152
146
148
151
150
155
164
166
162
168
157
155
172
177
186
194
208
217
206
198
192
187
185
190
193
185
183
178
157
125
99
82
73
62
33
4
-23
-55
-72
-88
-112
-135
-153
-164
-180
-203
-223
-245
-272
-296
-298
-299
-315
-339
-363
-377
-400
-422
-439
-458
-471
-465
-443
-437
-433
-432
-443
-438
-415
-376
-350
-338
-329
-322
-311
-310
-311
-312
-308
-302
-303
-305
-307
-306
-306
-293
-280
-262
-232
-206
-181
-136
-84
-49
-28
-7
39
86
129
171
202
233
258
282
290
305
327
341
362
387
409
415
411
405
405
407
408
406
394
377
362
348
335
321
299
273
254
234
218
219
213
197
190
193
193
189
203
220
231
245
238
233
225
218
210
195
187
182
170
153
130
109
95
76
71
80
82
77
69
70
79
93
98
96
84
73
64
34
2
-23
-48
-75
-113
-155
-189
-228
-267
-284
-297
-311
-334
-353
-353
-357
-335
-308
-290
-275
-266
-246
-229
-221
-215
-207
-204
-207
-212
-227
-252
-271
-285
-289
-300
-316
-319
-336
-343
-334
-328
-317
-305
-285
-260
-239
-222
-209
-195
-179
-157
-130
-100
-98
-88
-66
-55
-33
-12
-4
7
16
22
31
45
60
77
87
82
80
90
107
113
124
154
179
213
250
281
318
342
374
403
421
444
446
449
450
438
410
368
328
298
285
268
241
214
174
144
126
110
119
132
135
146
161
179
194
212
233
256
280
283
268
267
267
252
246
220
190
146
79
38
-3
-34
-59
-100
-125
-152
-190
-221
-249
-263
-262
-246
-232
-236
-231
-235
-237
-215
-205
-204
-203
-205
-193
-188
-205
-228
-249
-278
-299
-306
-325
-345
-349
-361
-371
-355
-356
-362
-351
-333
-307
-275
-247
-238
-223
-199
-177
-147
-121
-102
-97
-90
-77
-60
-49
-43
-27
-16
-9
-11
-14
-20
-23
-11
2
3
-2
-3
-16
-11
11
19
38
64
80
97
118
150
178
215
252
267
282
288
286
296
292
274
253
227
200
161
130
121
125
118
96
86
86
89
97
120
150
185
220
239
250
257
270
293
313
321
325
318
300
284
257
236
229
218
195
172
153
131
110
96
83
69
65
37
15
8
-5
-2
-10
-37
-63
-85
-93
-99
-108
-115
-119
-130
-146
-164
-169
-179
-191
-194
-203
-219
-235
-252
-280
-297
-306
-308
-313
-341
-365
-366
-361
-354
-340
-320
-304
-298
-280
-260
-243
-209
-179
-166
-150
-151
-139
-117
-114
-101
-93
-88
-85
-98
-97
-91
-85
-73
-68
-63
-71
-77
-66
-56
-45
-21
-3
1
6
20
36
62
93
120
148
165
177
198
214
224
229
230
235
239
238
235
236
251
257
253
252
237
217
213
214
222
215
197
175
153
143
135
143
157
152
150
153
144
130
137
156
169
175
170
159
157
145
130
134
133
114
106
96
83
90
90
86
84
74
59
39
22
14
17
20
9
-10
-27
-47
-60
-64
-84
-104
-122
-145
-169
-202
-220
-225
-246
-259
-271
-298
-317
-332
-332
-325
-324
-306
-294
-284
-260
-246
-227
-204
-190
-172
-173
-181
-187
-181
-161
-153
-143
-135
-144
-152
-154
-140
-119
-111
-101
-95
-101
-93
-86
-83
-78
-70
-65
-84
-88
-87
-87
-53
-16
4
28
36
49
77
102
126
139
144
146
144
148
147
150
159
178
187
184
187
182
177
176
188
203
207
208
212
212
206
213
213
204
189
183
183
178
181
185
186
184
169
155
145
131
121
119
114
107
113
110
90
95
101
89
76
65
62
44
27
26
25
29
25
5
-3
1
-5
-9
-12
-13
-16
-24
-30
-42
-49
-45
-55
-71
-80
-97
-136
-170
-171
-180
-199
-208
-213
-221
-237
-227
-216
-210
-190
-191
-193
-178
-165
-143
-117
-101
-82
-69
-70
-81
-95
-82
-66
-70
-65
-63
-79
-85
-86
-96
-110
-112
-96
-99
-108
-115
-119
-102
-85
-71
-53
-37
-33
-25
7
28
32
34
40
50
61
74
86
91
89
102
105
102
94
86
97
100
102
100
92
86
76
83
86
84
89
90
93
104
110
116
123
125
140
163
167
149
147
159
156
152
144
129
118
106
98
93
78
65
53
37
31
26
20
27
31
28
43
52
46
51
61
76
84
77
77
62
38
24
4
-12
-45
-78
-95
-131
-148
-169
-205
-200
-206
-232
-234
-233
-224
-197
-180
-170
-157
-145
-122
-104
-85
-63
-47
-28
-21
-29
-34
-28
-25
-25
-32
-44
-53
-67
-85
-84
-77
-73
-67
-66
-63
-58
-46
-31
-25
-23
-24
-21
-19
-24
-23
-17
-20
-26
-32
-35
-41
-43
-39
-27
-2
4
8
25
33
55
77
87
114
138
144
151
148
157
176
178
193
198
188
188
169
161
152
125
117
110
100
85
68
58
50
42
36
22
1
-12
-16
-14
-12
-4
-6
-12
-8
-5
3
11
17
22
34
44
38
35
40
48
55
47
31
22
10
3
0
-11
-19
-27
-45
-49
-44
-41
-40
-30
-34
-58
-62
-66
-68
-61
-65
-70
-76
-92
-106
-117
-132
-129
-130
-141
-137
-136
-122
-99
-82
-68
-57
-43
-38
-43
-38
-36
-41
-31
-26
-33
-45
-63
-67
-69
-66
-57
-62
-60
-46
-42
-45
-35
-25
-18
-5
0
-15
-24
-28
-36
-37
-46
-45
-45
-53
-54
-55
-54
-50
-46
-33
-24
-22
1
21
42
76
95
110
132
136
139
154
166
175
176
177
161
151
154
143
123
112
107
87
67
59
51
52
47
49
50
40
48
47
50
63
65
65
64
67
70
82
96
97
89
79
69
53
60
58
42
45
43
28
5
-13
-24
-33
-31
-43
-55
-58
-77
-74
-60
-60
-47
-45
-40
-33
-33
-28
-41
-40
-32
-35
-45
-49
-48
-48
-53
-62
-57
-67
-63
-56
-75
-67
-68
-72
-57
-52
-48
-47
-49
-46
-47
-30
-22
-25
-3
3
0
-8
-28
-30
-44
-55
-59
-73
-82
-89
-103
-112
-120
-133
-129
-121
-110
-97
-90
-83
-74
-59
-54
-46
-22
-8
1
8
13
15
17
25
30
40
47
51
60
58
60
59
65
78
65
61
67
54
55
51
32
24
8
-5
-13
-22
-27
-30
-25
-23
-12
-4
5
36
52
69
96
109
121
138
150
157
165
162
149
148
135
115
99
78
55
30
15
4
-9
-21
-24
-18
-25
-35
-42
-28
-13
-7
3
7
6
-5
-5
-3
-11
-11
-20
-18
-19
-38
-41
-46
-52
-46
-50
-34
-23
-30
-21
-16
-1
10
6
17
28
38
56
64
66
67
60
61
57
41
30
19
9
-3
-16
-32
-51
-62
-82
-99
-101
-112
-125
-131
-128
-127
-127
-122
-118
-102
-90
-83
-64
-51
-35
-12
-5
3
13
8
21
39
43
49
50
44
28
16
18
23
19
12
18
18
11
8
1
10
14
2
-4
-21
-28
-26
-34
-31
-23
-28
-36
-36
-47
-51
-32
-21
-14
-3
1
5
12
30
37
46
64
74
79
82
83
90
106
108
115
118
116
114
99
96
87
71
60
36
26
23
4
-5
-10
-15
-11
-16
-24
-27
-23
-35
-47
-48
-49
-45
-54
-60
-62
-77
-81
-87
-91
-92
-90
-79
-59
-37
-41
-37
-15
-5
6
21
45
61
64
67
66
65
68
70
60
53
47
25
9
-6
-28
-47
-57
-76
-103
-107
-115
-121
-107
-100
-96
-88
-80
-76
-67
-43
-31
-14
11
7
-7
-1
-9
-15
0
-2
-8
-4
-3
-9
-20
-12
-11
-1
24
22
28
29
21
19
11
18
22
22
29
26
13
0
2
-2
-6
3
7
5
-2
-19
-16
-18
-30
-11
2
3
10
9
14
14
12
26
38
57
74
78
89
82
81
97
92
91
89
90
91
72
56
55
53
48
50
42
35
26
13
19
17
10
15
20
16
5
13
8
-1
13
11
5
3
0
-1
-7
-1
3
0
12
9
-8
-4
-9
-20
-27
-23
-13
-15
-9
-2
-7
-8
-6
-14
-7
4
0
-3
-5
-5
-15
-29
-28
-23
-21
-22
-31
-42
-48
-52
-53
-47
-42
-43
-42
-37
-34
-40
-37
-35
-34
-17
-13
-12
-7
-8
-11
1
7
-15
-13
-14
-20
-23
-34
-37
-41
-41
-45
-47
-52
-57
-47
-43
-41
-29
-29
-31
-18
-16
-14
-3
-3
6
8
1
1
-3
7
13
10
7
16
18
0
9
20
13
13
17
21
18
13
9
5
3
0
-3
-4
-3
-8
-9
-3
-10
-17
-15
-6
4
17
20
9
8
16
16
16
30
52
71
69
48
44
46
41
42
46
54
55
53
48
29
8
21
29
22
34
26
24
26
14
24
26
30
36
32
38
22
5
2
2
-5
-1
4
-6
-16
-16
-6
-13
-21
-5
1
3
4
0
3
8
17
14
13
21
16
12
12
15
13
7
7
15
23
19
18
20
15
3
-12
-20
-29
-34
-39
-49
-52
-57
-67
-72
-65
-64
-63
-65
-63
-50
-51
-45
-29
-22
-17
-13
-16
-15
-6
2
2
10
17
9
4
-1
-9
-7
-6
-13
-13
-21
-29
-33
-46
-52
-50
-39
-31
-33
-25
-25
-27
-18
-23
-27
-24
-19
-12
-25
-29
-19
-29
-29
-27
-30
-30
-33
-25
-26
-23
-13
-3
7
-4
6
20
20
29
37
47
57
55
55
50
54
64
60
62
71
60
53
48
37
28
16
17
13
9
4
-6
-7
-10
-3
-4
2
15
15
20
23
22
25
30
38
48
38
33
35
22
17
10
4
4
-10
-8
-11
-27
-28
-19
-17
-27
-26
-20
-21
-18
-10
-2
-3
6
3
6
20
3
4
13
11
1
-24
-33
-33
-25
-27
-35
-21
-22
-30
-22
-16
-13
-2
4
5
18
17
13
16
12
13
6
-3
-16
-31
-29
-35
-38
-32
-41
-37
-34
-37
-27
-27
-12
0
8
16
6
12
22
22
25
35
37
31
29
13
6
4
-7
-1
5
-3
-10
-15
-9
-7
-9
3
4
7
15
14
18
29
36
35
37
39
27
22
20
14
10
1
2
-7
-17
-13
-12
-14
-10
0
2
6
18
28
32
41
41
44
57
55
53
52
51
50
32
16
15
-1
-17
-14
-30
-42
-51
-63
-71
-67
-64
-72
-64
-63
-60
-46
-53
-42
-23
-20
-12
-7
-10
-13
-10
-4
-8
-13
-5
-2
-14
-13
-14
-17
-10
-4
2
14
18
11
10
12
9
12
12
4
10
9
2
-7
-22
-24
-24
-27
-28
-22
-22
-15
-11
-21
-19
-13
-12
-10
1
5
-2
-1
2
1
3
6
8
9
25
27
11
19
29
32
27
18
33
37
39
44
46
50
43
40
39
33
31
34
37
36
28
15
3
-3
-8
-13
-5
-6
-14
-17
-13
-11
-18
-15
-3
5
8
6
8
18
19
20
27
31
34
32
41
42
36
36
31
25
19
24
14
10
7
-4
0
-10
-17
-19
-19
-18
-20
-26
-35
-27
-31
-33
-20
-21
-25
-24
-30
-29
-30
-36
-28
-27
-20
-24
-36
-31
-35
-34
-31
-27
-19
-24
-21
-12
-11
-9
3
13
14
14
15
13
10
16
21
20
19
15
16
10
-8
-5
6
3
-5
-10
-2
-7
-22
-21
-21
-23
-23
-20
-18
-18
-12
-8
-11
-12
-8
-2
14
19
25
33
35
34
26
32
33
34
39
26
20
19
6
-10
-8
-10
-12
-11
-22
-24
-15
-12
-8
4
11
16
22
20
23
14
23
33
22
23
14
10
3
-7
-16
-23
-17
-17
-22
-20
-22
-25
-19
-22
-22
-8
-8
-5
7
17
12
9
12
5
9
-6
-13
-3
-17
-25
-24
-27
-31
-41
-38
-32
-29
-28
-15
-8
-3
2
0
2
-6
0
-2
-9
-9
-12
-11
-16
-20
-23
-29
-26
-19
-15
-6
-2
-4
7
9
11
14
13
19
16
21
20
15
13
1
4
-2
-14
-20
-27
-17
-14
-21
-7
-5
-2
10
13
30
36
46
58
60
68
63
55
60
55
39
32
17
5
2
-20
-35
-37
-43
-47
-49
-53
-50
-36
-27
-20
-11
1
22
34
38
52
62
55
57
52
40
44
35
26
13
-1
-14
-33
-39
-41
-39
-29
-21
-20
-19
-6
-10
-9
-2
14
32
32
31
34
33
23
7
3
6
1
-14
-23
-28
-42
-51
-53
-47
-47
-50
-32
-28
-25
-10
-5
-4
10
22
16
21
24
7
14
16
-3
-4
-10
-19
-12
-22
-37
-34
-17
-10
-14
-13
-8
6
10
0
-8
-3
6
10
10
3
4
2
-4
-14
-25
-19
-14
-15
-27
-19
1
-7
2
13
16
30
33
40
44
51
61
48
41
37
38
31
6
5
-4
-14
-14
-36
-35
-34
-38
-37
-37
-29
-17
-7
-9
-4
10
11
11
24
24
16
17
20
17
17
13
-2
-6
-9
-14
-15
-23
-22
-24
-20
-17
-15
0
1
3
11
5
9
13
17
19
22
25
21
19
10
3
3
-8
-18
-14
-12
-19
-21
-30
-45
-44
-35
-37
-38
-35
-35
-25
-15
-14
-5
-2
-11
6
16
7
16
24
32
25
12
8
5
4
14
16
0
15
24
5
2
-13
-22
-13
-15
-5
-2
-11
-10
-17
-14
-13
-23
-7
7
6
10
19
22
16
16
14
17
22
22
34
37
22
19
17
14
14
12
20
16
6
12
4
-1
5
9
-1
0
14
14
22
21
15
25
15
15
22
14
11
-3
-8
-2
-12
-19
-21
-31
-23
-16
-28
-26
-11
-11
-10
-6
-9
6
18
19
19
9
17
20
20
22
5
7
12
2
-3
-3
-12
-27
-26
-23
-25
-23
-23
-14
-14
-19
-16
-15
-8
-5
-4
0
0
4
2
-6
-8
-16
-16
-13
-13
-12
-13
-18
-19
-18
-20
-9
-6
-7
0
0
7
10
15
18
9
9
7
1
8
2
-8
-7
-15
-24
-21
-21
-26
-20
-20
-15
-1
-3
-6
2
7
4
12
9
15
27
19
18
18
16
14
12
9
9
5
1
11
11
9
7
10
4
9
23
25
19
17
26
22
20
20
4
-1
1
-1
-11
-21
-25
-28
-26
-32
-39
-25
-12
-8
-7
1
8
11
7
12
28
15
17
25
18
17
8
2
-12
-18
-4
-10
-19
-10
-15
-12
-16
-26
-3
-2
-4
4
3
9
10
0
0
2
-1
0
-4
2
6
-3
-10
-8
-14
-18
-14
-20
-8
-3
-14
-1
0
-8
-4
0
0
4
5
13
17
7
8
5
5
-2
-3
8
-5
-4
14
10
3
11
10
3
10
15
14
16
10
6
3
-6
-12
-16
-13
-14
-14
-3
-3
-7
-10
-8
1
6
3
14
29
24
26
28
26
23
30
33
30
18
17
10
0
12
-3
-9
-6
-17
-5
-14
-19
-22
-17
1
-8
-1
1
-1
9
15
12
12
19
17
21
26
11
15
14
2
-1
-11
-19
-23
-23
-33
-39
-34
-41
-43
-36
-34
-27
-11
-8
-5
5
6
9
10
15
11
11
25
16
16
14
1
9
3
-8
-6
-15
-19
-18
-22
-27
-25
-31
-32
-25
-26
