0
2
1
1
2
0
0
2
0
0
0
0
0
0
0
2
0
1
1
1
1
2
2
1
1
2
1
0
1
0
0
1
1
1
1
0
0
0
0
-1
-1
-1
-1
-2
-1
-2
-2
-1
-1
-1
-1
0
0
-1
0
-1
-1
-1
0
-2
-2
-1
-2
-2
-2
-3
-2
-1
0
-1
-1
0
0
-1
0
0
-1
-2
-2
-2
-3
-2
-2
-1
0
0
-1
0
-1
-1
0
0
1
1
1
1
0
1
-1
-1
1
0
-1
-1
1
-1
1
1
0
1
2
1
1
0
1
2
0
2
1
0
0
0
0
1
0
0
-1
0
1
-1
1
0
0
0
1
1
0
0
0
1
0
0
0
-1
-1
-1
0
0
1
-1
-2
-2
-1
0
0
1
0
0
1
0
2
0
1
-1
-1
0
0
-1
0
0
1
-1
-1
0
1
0
-1
2
2
1
3
1
0
1
1
0
0
2
1
0
0
-1
1
-1
0
1
-1
1
0
0
0
0
0
1
-1
0
2
1
1
0
0
0
-1
0
1
0
-1
1
-1
-1
0
0
-2
0
0
0
0
0
0
-1
0
0
-1
-1
-1
-1
0
2
0
1
2
1
2
1
0
1
1
1
2
1
2
1
1
2
1
1
1
1
1
0
1
0
-1
0
-1
-3
-2
-3
-2
-1
-3
-2
-3
-2
-1
-1
-1
-2
-1
-3
-3
-2
-2
-3
-3
-1
-1
-1
0
0
-1
-2
-2
0
0
-1
0
-2
1
0
1
1
1
0
0
1
0
1
3
1
1
1
2
0
0
1
1
0
0
1
0
0
-1
0
0
-1
0
0
0
0
-1
-1
0
0
1
-1
-2
-1
-1
-1
-2
-2
-2
-1
-3
-1
0
0
1
0
-1
0
1
-1
0
1
1
0
0
1
1
0
1
1
0
2
1
1
1
-1
1
1
2
2
2
2
1
2
2
2
3
2
1
2
0
0
-1
0
2
3
3
3
4
3
1
0
1
0
1
2
0
0
0
-1
-2
-2
-1
-1
-1
-1
-2
-1
-1
-2
-2
-2
0
0
-1
1
-1
-1
-1
-1
-1
-1
0
-1
0
0
1
1
-1
-1
0
0
-1
1
2
2
2
2
1
1
1
1
0
0
1
0
0
0
0
1
0
0
-1
1
-1
-1
-2
-1
-1
-1
-1
-1
-1
-1
0
-2
0
-2
-1
-2
-3
-2
-3
-2
-2
-2
-2
-3
-3
-3
-3
-1
0
1
1
1
1
1
1
-1
1
0
0
1
0
-1
0
0
-1
-1
0
-1
-1
0
1
1
1
1
0
1
1
-1
-1
0
0
-1
-1
1
0
0
1
-1
-2
-1
-2
-1
1
1
1
2
1
1
1
1
1
2
2
1
1
1
1
2
1
2
2
2
2
3
3
2
3
2
3
2
0
1
0
1
2
3
1
2
1
1
0
1
0
1
1
0
0
1
1
0
1
1
2
2
0
1
0
-1
-1
0
-1
-2
-1
0
-1
-1
-1
-1
0
-1
-1
0
-2
-1
0
1
0
0
2
-1
0
0
0
0
0
0
1
1
1
0
0
1
-1
-2
-1
-1
-1
-1
-2
-1
-1
-2
0
-3
-3
-3
-2
-2
-2
-2
-2
-3
-3
-3
-2
-1
-3
-2
-2
-2
-2
-2
-3
-2
-3
-2
-2
-1
-1
-1
-1
0
-1
-1
-2
-2
0
1
2
0
1
1
-1
-1
-1
0
0
0
0
1
0
1
0
1
-1
0
1
0
0
0
0
-1
-2
0
1
-1
-2
0
-1
0
0
0
-1
-1
0
-1
0
-1
0
0
1
2
2
1
2
1
2
2
1
2
0
1
2
1
1
1
2
2
3
4
3
2
2
3
2
6
6
3
3
2
3
3
3
4
3
3
3
2
1
0
0
2
1
2
2
1
2
3
1
2
1
1
0
0
1
0
0
1
-1
-2
-2
-1
-2
0
-1
-1
-2
-3
-3
-2
0
0
-1
-2
-3
-1
-2
-3
-2
-1
-1
-1
-2
-2
-1
-2
-1
-1
-2
-1
1
0
0
-1
-3
-1
-2
-3
-1
-4
-2
-1
-1
0
-1
-2
-3
-4
-1
0
-1
1
1
-1
-1
-3
-1
-2
-3
-3
-1
0
0
1
-1
-3
-3
-2
0
-2
-1
-3
-2
1
0
0
-1
-3
-2
-1
-2
1
-1
-2
-2
-2
0
1
-1
-1
0
0
0
-1
1
0
-3
0
-2
1
2
3
0
1
-1
-1
3
2
6
3
3
3
0
2
2
3
4
1
2
0
1
2
2
3
3
2
3
2
3
2
2
3
4
2
2
-1
-1
1
0
2
2
2
0
0
1
2
2
-1
0
-1
-2
2
3
1
1
-3
-1
0
2
5
0
-1
-1
-2
4
3
1
3
-1
-1
-1
0
1
1
1
0
2
1
3
2
-1
2
1
3
3
1
2
-3
-2
-2
-1
-2
-3
-5
-1
0
0
2
-2
-2
-1
-4
1
0
-2
1
-3
-1
-2
-3
-3
-4
-3
-1
1
1
-1
-3
-3
-2
-4
-2
0
-4
-2
-4
-4
-2
-4
-2
-5
-3
-2
-3
-2
-3
-3
-3
-2
-3
-1
-4
0
-2
-3
-2
-4
-4
-4
-5
-3
0
-3
-1
-2
-3
-2
-2
-1
-1
-2
-3
-1
-3
0
0
0
2
-1
0
1
-1
-1
0
-1
2
0
2
2
0
-1
0
2
6
4
2
3
0
4
3
3
4
2
4
6
4
4
5
4
5
9
8
10
7
4
5
4
7
6
4
5
6
5
9
5
8
6
3
7
6
5
6
5
4
4
4
7
7
6
5
3
5
5
6
7
7
7
4
5
2
2
2
0
3
1
4
3
1
2
3
0
4
1
0
-1
-3
-4
-2
-3
-1
-1
-4
0
-6
-2
-4
-4
-5
-1
-2
-5
-1
-10
-8
-9
-10
-7
-8
-7
-9
-8
-7
-10
-11
-11
-11
-11
-9
-11
-13
-12
-15
-14
-16
-16
-16
-18
-18
-18
-17
-18
-16
-17
-17
-15
-16
-15
-18
-18
-18
-16
-16
-15
-16
-14
-13
-13
-13
-10
-10
-6
-8
-3
-2
-3
-1
-2
-3
-4
3
2
7
8
8
8
9
13
15
16
17
16
16
19
17
23
22
19
25
25
30
31
28
24
28
26
33
34
32
33
29
31
27
28
28
25
31
31
33
35
31
33
28
32
29
33
29
30
29
32
29
28
28
27
27
24
28
22
20
14
15
8
8
2
3
-8
-14
-16
-24
-23
-29
-30
-37
-40
-43
-49
-51
-55
-58
-57
-61
-61
-65
-67
-67
-68
-68
-66
-68
-69
-72
-63
-64
-62
-60
-62
-66
-59
-60
-57
-51
-50
-42
-41
-37
-39
-34
-30
-28
-25
-21
-17
-14
-4
-7
-7
-1
-1
-1
9
6
9
15
17
24
19
30
23
31
38
35
48
49
42
59
52
53
53
48
58
57
68
71
74
69
70
66
66
72
72
84
86
90
90
85
79
79
78
81
83
78
85
75
79
82
75
76
72
69
69
67
58
60
50
46
37
28
24
12
3
-9
-17
-27
-31
-39
-42
-54
-71
-70
-87
-86
-87
-96
-104
-105
-110
-115
-111
-114
-112
-126
-121
-134
-120
-131
-126
-124
-139
-119
-134
-129
-116
-118
-113
-99
-107
-91
-89
-83
-87
-69
-81
-69
-60
-72
-51
-70
-51
-63
-47
-40
-35
-34
-26
-20
-6
-11
-1
7
4
18
19
13
24
19
17
49
27
53
57
51
84
54
84
82
81
102
103
112
114
113
124
117
119
128
113
142
124
132
143
129
147
132
147
140
146
144
138
145
127
135
115
135
123
128
125
124
114
118
106
109
98
96
96
76
82
59
53
40
38
24
9
0
0
-21
-34
-45
-63
-66
-76
-88
-90
-113
-109
-124
-128
-127
-141
-142
-151
-151
-158
-174
-183
-189
-182
-191
-177
-182
-178
-196
-172
-209
-161
-178
-178
-142
-180
-151
-180
-141
-180
-128
-152
-123
-148
-123
-132
-128
-93
-129
-65
-111
-60
-92
-62
-69
-51
-34
-27
-25
-24
26
-34
35
-11
30
22
20
77
20
91
34
90
71
68
105
93
120
107
144
108
152
119
141
151
138
170
141
168
146
181
149
198
143
178
164
163
176
188
181
187
174
167
184
144
186
166
154
184
135
173
153
163
176
151
177
138
144
139
145
124
134
105
110
83
77
56
33
33
12
25
-24
-7
-47
-64
-65
-74
-88
-95
-118
-132
-127
-164
-156
-164
-196
-191
-204
-212
-207
-261
-229
-267
-262
-248
-293
-240
-269
-270
-241
-277
-226
-276
-210
-238
-247
-186
-259
-167
-236
-174
-200
-195
-138
-209
-113
-149
-131
-122
-98
-135
-73
-116
-80
-69
-51
-32
-34
-40
-24
-17
-5
27
11
23
43
28
76
55
75
80
62
146
71
140
127
138
127
184
78
210
80
234
113
201
187
126
252
118
252
162
240
185
233
173
218
223
194
275
186
259
201
192
232
190
228
197
245
209
233
214
244
200
236
207
191
207
184
202
159
214
88
174
96
86
110
43
58
18
11
-2
-3
-76
-14
-127
-101
-74
-181
-99
-144
-209
-155
-215
-213
-206
-265
-249
-237
-327
-225
-305
-317
-220
-402
-210
-394
-299
-279
-361
-242
-309
-255
-326
-212
-349
-220
-288
-299
-173
-285
-184
-236
-190
-232
-190
-179
-261
-17
-303
0
-188
-129
-91
-122
-56
-57
-51
-63
54
-132
130
-166
100
-22
15
135
30
148
70
198
27
235
95
98
278
63
276
147
200
182
205
145
235
144
301
207
211
255
255
188
282
207
210
297
223
319
263
259
291
231
269
261
227
288
238
286
264
301
242
291
215
279
271
224
273
206
253
211
219
216
146
199
84
163
16
85
62
-2
68
-76
-3
-74
-118
-147
-97
-229
-154
-197
-235
-265
-263
-314
-299
-349
-296
-472
-225
-501
-382
-297
-540
-228
-526
-335
-441
-374
-406
-335
-337
-426
-302
-412
-298
-357
-282
-310
-333
-202
-344
-241
-160
-272
-128
-147
-170
-164
-117
-157
-189
-26
-91
-18
12
-114
37
-122
53
-98
91
115
44
139
18
127
68
203
42
165
185
156
237
239
142
262
80
253
177
144
387
152
245
334
121
307
240
133
347
222
270
318
141
387
269
154
418
168
285
335
279
265
298
260
333
264
314
339
221
381
207
293
361
245
273
355
221
265
274
141
314
127
145
195
120
64
131
-11
89
-77
-11
-47
-97
-70
-152
-115
-212
-215
-240
-240
-213
-368
-298
-392
-367
-327
-521
-208
-543
-390
-341
-613
-290
-541
-363
-525
-322
-447
-349
-438
-393
-340
-534
-207
-497
-138
-446
-255
-232
-364
-168
-331
-372
-84
-314
-284
-213
33
-398
45
-129
-131
-22
-73
-68
-121
8
180
-161
132
105
-82
140
-24
194
-41
164
92
156
148
102
191
58
246
211
-54
457
138
165
307
260
136
293
95
260
208
123
555
-96
534
254
-28
663
-75
490
253
326
297
472
206
384
449
110
606
86
447
434
245
514
316
351
413
270
242
538
246
266
476
71
406
183
57
418
-138
252
188
-267
485
-425
120
9
-311
39
-175
-340
66
-420
-247
-97
-673
95
-558
-140
-544
-232
-567
-295
-545
-421
-339
-622
-90
-718
-250
-647
-404
-441
-457
-259
-549
-212
-357
-190
-510
-404
48
-688
-101
-100
-462
-98
-498
-6
-437
-202
-129
-526
246
-372
-90
-40
-425
192
-253
51
-30
60
-263
268
-322
199
-180
142
105
-321
650
-556
432
142
-249
475
-234
341
22
175
332
-59
463
93
335
60
512
-155
497
144
554
210
274
665
-204
678
122
241
535
329
502
403
632
301
250
568
7
585
366
337
640
345
579
607
188
562
213
462
364
452
480
272
483
174
325
92
229
-67
126
195
-190
331
-91
-111
-207
136
-638
-31
-250
-594
62
-494
-454
-203
-481
-629
-329
-621
-523
-626
-382
-769
-134
-891
-282
-679
-870
-26
-1359
-44
-395
-995
224
-974
-256
-413
-688
-201
-571
70
-784
334
-998
345
-1008
-42
36
-932
893
-1103
451
-503
-27
43
-378
853
-1292
1237
-696
136
574
-1037
1382
-1185
482
683
-819
1152
-444
344
472
-238
553
-147
577
-190
1067
-244
437
708
-525
970
122
103
565
301
396
212
492
352
589
-216
1296
-442
909
955
-361
1526
-30
436
649
211
656
702
259
1091
371
788
594
427
989
-17
1296
274
625
959
106
1003
148
635
215
-150
717
-184
212
379
-292
86
-157
-455
-282
-199
-723
-260
-471
-634
106
-1208
-209
-1020
-1161
-591
-1228
-908
-437
-1688
63
-1336
-1333
-96
-2188
-411
-1207
-785
-1159
-11
-1723
162
-1122
-337
-582
-869
609
-1470
-155
266
-1130
-481
869
-1407
1101
-759
-438
579
-1492
366
-331
-181
346
-253
215
112
-411
-355
-78
-1
-55
711
114
502
441
82
-397
940
-587
299
807
223
892
890
610
40
914
-55
148
860
1330
100
1591
981
-76
947
226
602
670
1505
454
1263
1124
238
1007
338
565
1362
554
1783
1200
979
1430
889
950
963
1018
893
1133
1079
995
887
339
495
-71
-26
611
-446
285
204
-759
11
-551
-1402
-210
-1148
-1082
-386
-1551
-841
-932
-2026
-1314
-881
-2402
-1230
-1064
-2256
-1086
-1350
-1865
-1197
-1971
-1213
-1264
-1860
-612
-1301
-1634
-94
-1757
-757
-669
-1255
-38
-508
-658
-108
-570
-166
-111
-753
570
-723
260
-9
-311
791
-858
-18
672
-550
711
1136
-217
537
807
-517
91
968
-224
991
1258
-261
1159
311
-789
1127
-189
467
1511
308
1653
616
816
22
6
1046
72
1613
2200
501
1531
1476
-36
776
1362
-33
832
1856
949
1880
1549
1067
782
1032
916
1435
1385
2391
1372
1551
1996
353
1248
480
502
883
795
240
884
128
-97
3
-1187
-658
-964
-1182
-834
-890
-819
-1137
-1270
-1858
-1763
-1567
-2218
-1545
-1369
-1656
-1172
-1835
-2109
-2181
-2056
-2182
-1724
-1265
-1569
-1277
-1408
-1472
-1507
-1039
-1682
-1077
-58
-952
-355
324
-1159
-500
-1017
-1064
271
-924
213
308
-220
-1049
474
-663
-559
833
-989
437
841
209
-41
3
610
-798
742
1853
-1229
1191
1702
-967
1094
1210
-200
786
802
905
1003
1205
1318
436
776
1627
484
1373
2783
1532
2722
2143
1016
1310
1127
1292
2069
2667
2438
3129
1794
1774
1622
1030
2177
2150
2624
3010
1752
1561
1023
32
281
-1
197
510
294
104
-464
-1283
-1958
-2404
-2571
-2260
-1773
-1625
-1097
-2129
-2620
-3174
-3619
-3170
-2690
-1887
-1884
-2236
-2178
-2566
-3273
-2241
-2328
-2113
-1452
-1042
-1456
-1299
-942
-1327
-1244
-934
-414
-771
197
555
86
364
262
-591
60
703
-188
434
286
119
300
-54
596
-587
-393
146
-1091
207
227
-838
622
-172
-333
-444
-363
-404
-566
898
1295
571
311
479
-550
-22
1294
571
1499
1506
798
1861
2164
2345
2415
2379
2078
1714
1947
3317
2648
3716
4035
2356
2851
2130
2594
3301
3516
3778
3691
2844
2150
2046
1498
1130
1419
1458
822
785
8
-737
-1132
-1590
-2240
-1689
-2303
-2630
-2147
-2774
-3073
-3102
-3694
-4238
-3753
-3959
-3500
-2743
-3135
-3265
-3208
-3808
-3499
-2771
-2511
-2009
-1738
-1784
-2238
-1857
-1554
-1367
-172
-139
-42
175
157
212
378
866
875
955
923
440
829
502
-502
486
841
804
899
523
-14
208
-1103
-1035
149
350
555
1051
-176
-1135
-1226
-1610
-587
100
5
522
102
-524
-54
-688
234
781
2489
3050
2443
2593
944
553
1503
2349
3254
5067
3975
3274
3033
2056
2245
3477
4520
4482
5029
3609
2381
1779
1156
1665
1963
1792
1582
916
-72
-873
-1558
-1638
-1908
-1995
-1768
-2116
-2347
-2757
-3316
-3971
-3723
-4216
-3335
-3027
-3297
-3175
-3886
-4451
-4540
-3828
-3091
-2038
-1894
-1840
-2320
-2858
-2362
-1969
-1111
-288
165
-100
-513
-595
-164
-153
1249
1480
1065
1377
314
178
367
880
1153
1284
1146
701
192
-188
16
393
357
163
799
49
-329
-123
-917
-419
150
409
-63
-1
366
-145
485
1857
2256
1472
2502
984
671
2217
2052
3236
4430
3808
2832
2455
2221
2868
4286
5387
5238
4654
3463
1915
1885
1882
2343
2990
2221
1505
601
-712
-1117
-907
-1107
-856
-1243
-2254
-2751
-3274
-3970
-3526
-3443
-3840
-3519
-4429
-4246
-4331
-4549
-4189
-4258
-4145
-4035
-3529
-3487
-3287
-2893
-2887
-2572
-1821
-1527
-1196
-946
-901
-543
-596
340
708
1103
1274
705
745
342
1054
777
996
1441
813
664
732
410
393
825
747
326
-228
-77
-464
37
93
14
-200
-472
-1048
-242
1065
1900
2791
1800
1042
-239
138
1182
2805
3630
4047
3188
1792
1831
1844
3389
4382
5226
5017
4108
2996
2294
2268
2833
3608
3423
2961
1560
593
-305
-145
247
669
529
-727
-1751
-2973
-3031
-2160
-1497
-1621
-2238
-3739
-4592
-4463
-3668
-2829
-2390
-2787
-4314
-4376
-4095
-3442
-2265
-1762
-2256
-2708
-3281
-2975
-2121
-1221
-444
-650
-657
-844
-528
-183
192
698
57
-101
116
24
230
728
215
-294
-66
-33
-528
327
157
-660
-401
-635
-411
-251
-212
-577
-334
-505
921
2480
2693
2080
1213
-310
90
2264
3255
4310
4772
2804
1355
1994
2342
3654
5590
5970
4597
3867
2784
1702
2440
3045
3636
3275
2147
1304
-382
-1137
-683
-632
-324
-154
-1034
-2838
-3493
-3552
-3665
-2400
-1614
-2650
-3719
-4456
-4663
-4390
-2624
-1738
-2352
-2864
-3398
-3722
-3126
-1106
-759
-1145
-1241
-2081
-2333
-1247
128
496
657
527
-296
16
523
957
1097
590
565
-261
-48
361
-42
-275
-769
-1427
-1460
-624
-735
-878
-1180
-2152
-2060
-1794
-1246
-864
-1097
-1129
-1624
-819
1081
2621
1759
1469
44
-631
1906
3244
4279
5045
4223
1857
1981
2839
4036
5731
6730
5605
4292
3554
2536
2736
3872
4226
3904
3229
1506
337
-738
-815
-188
15
-263
-900
-2735
-4403
-3947
-3820
-2702
-1561
-2678
-4162
-5283
-5650
-4817
-2824
-1868
-2046
-3052
-4465
-4629
-3691
-1697
-349
-527
-948
-1965
-2387
-1262
163
1226
1746
1024
289
375
701
1574
2039
1728
1228
515
114
121
92
282
38
-773
-576
-1048
-1461
-1684
-2022
-2575
-2095
-1788
-1784
-1162
-1827
-1687
1018
718
325
982
-1589
-651
1311
1705
2937
4265
2461
1429
2091
2811
4031
5897
6473
5107
4597
3391
3018
3816
4658
5098
4196
2799
1841
629
569
1555
1336
298
-277
-1452
-3243
-2832
-2603
-2209
-1790
-2961
-4169
-5378
-5164
-4026
-3358
-2647
-2771
-4351
-5233
-4492
-3513
-2086
-858
-1252
-2209
-2722
-2421
-1431
136
1018
1363
343
-1
397
612
1733
2706
2372
1746
1310
321
261
428
1386
892
808
659
-1066
-1443
-1325
-1401
-962
-440
-1240
-2711
-2848
-2773
-2378
-407
3151
850
-556
-1151
-3933
-1047
2277
3081
3368
3570
295
-513
1434
3113
4931
6276
5787
3904
2993
2557
2667
3592
4983
4579
3435
2086
890
116
261
1509
1791
399
-412
-2218
-3863
-2760
-1915
-1358
-1198
-2664
-5011
-5922
-4867
-3646
-2187
-1635
-3022
-4551
-5462
-4481
-2830
-1053
-112
-1109
-2499
-2869
-2485
-892
916
1529
1565
391
-106
418
986
2470
3018
2765
1849
935
587
743
1316
1964
1951
902
525
-462
-743
-521
-214
-424
-693
-1108
-2234
-1751
-1661
1248
3247
547
337
-2441
-2838
307
2384
2582
3582
1925
-1279
-357
1556
3047
4481
5522
3723
2528
2310
1802
2330
3684
4368
2902
1741
1230
-341
-270
755
1379
715
-210
-1217
-3821
-3602
-2615
-1741
-399
-734
-2873
-5794
-5807
-4378
-2790
-751
-914
-3423
-5785
-5393
-4161
-1611
1023
-56
-2142
-3423
-3527
-2013
765
2102
1653
356
-1278
-970
328
1877
3379
2955
1670
926
-72
-19
1191
1605
1728
1876
155
-157
-384
-998
470
576
-35
-183
-1431
-2232
-1052
-360
1218
5347
2563
774
-844
-2725
440
4032
4989
4720
3618
-594
-1056
1350
4111
6085
6485
4926
2367
1027
1186
2240
3552
4360
3487
732
-700
-1128
-1798
-247
1271
463
-1249
-2451
-4541
-5211
-3374
-2290
-1498
-1836
-3873
-6152
-6688
-4872
-2898
-1365
-1563
-3040
-5224
-5871
-3744
-1871
515
827
-1063
-2615
-2929
-2033
465
2042
2353
1697
-434
-743
442
1483
2689
3436
2290
676
332
-280
251
1548
1727
812
-34
-951
-1331
-1119
-82
414
-177
-966
-2178
-2578
-1846
-285
1469
5401
1876
159
-1500
-2758
1423
5056
5321
4745
3279
-922
-210
2676
5377
6434
6570
4924
2707
2205
2631
3378
4064
4586
3651
1015
361
-418
-1150
1
1285
427
-1429
-2219
-4353
-5175
-3346
-2072
-995
-1920
-4421
-6460
-7418
-4901
-2321
-1333
-1986
-3424
-6223
-6376
-3159
-1381
460
480
-1775
-3466
-3124
-1355
743
1905
2438
1360
-647
-329
1204
1523
2804
3643
1623
983
623
-71
195
1737
1277
976
331
-1107
-1334
-1013
-286
266
-193
-1193
-2523
-2808
-2498
756
5029
2467
1498
-1702
-3643
-547
3540
5000
5476
4780
-216
-1011
1299
3974
5938
7363
5809
3444
2314
1594
2972
4328
4891
4490
1795
-27
-645
-933
-191
2091
1072
-1808
-2391
-4464
-5180
-3199
-1620
-616
-2215
-4660
-6647
-7605
-5138
-2315
-1291
-2211
-3636
-6774
-6978
-3783
-1208
380
155
-1643
-4209
-4144
-1883
597
1938
2323
1202
-1425
-973
678
1719
3288
3942
1965
234
295
88
944
2424
2505
1006
-324
-1030
-1184
-312
1064
1229
280
-599
-2137
-2869
-924
-278
4523
5820
1253
281
-2817
-2527
2497
5825
5717
5785
2692
-1579
-254
3456
5520
6772
6999
4324
2218
1471
1769
3547
4771
4846
2994
682
-873
-1449
-791
497
2237
194
-2717
-3399
-4900
-4560
-2124
-776
-1520
-3174
-5790
-7846
-5853
-3411
-1744
-1097
-2917
-5513
-7142
-5814
-2801
-270
477
-694
-3311
-4408
-3427
-1234
1509
2189
1171
-609
-1953
-1242
686
2470
3420
1761
443
-930
-1363
216
1437
1990
1233
-96
-2221
-2324
-877
7
1310
1099
-162
-2122
-2978
-2159
724
6293
4339
2739
-352
-2743
-627
3514
5988
6327
6216
1611
-499
1253
4134
5933
7490
7161
4305
2356
1389
1825
3827
5275
5271
1978
109
-1165
-2313
-445
2028
1924
-1042
-2721
-4964
-5784
-3287
-1370
-42
-1650
-4416
-6954
-8010
-4842
-2158
-1103
-1469
-3247
-6349
-7147
-4150
-1489
551
875
-1238
-3645
-4078
-2554
-32
2278
2654
1286
-1240
-2249
-569
1215
2744
3992
1510
-1087
-1770
-1558
-170
1729
2099
345
-1753
-3556
-2783
-1524
361
1155
77
-1458
-2698
-3049
-1917
566
5310
4767
1402
561
-2127
-916
3797
6262
5806
6542
2925
-63
1706
4666
6509
7575
7665
5223
2907
1599
2484
4277
5439
5656
2425
-182
-1096
-1688
-394
1904
2306
-1142
-3731
-5256
-5745
-3685
-1556
-423
-2158
-5014
-7385
-8225
-5444
-2160
-1357
-2102
-3552
-6296
-6995
-4351
-1674
676
805
-1315
-3187
-3941
-2583
233
2720
3065
1858
-1008
-2247
-769
1569
3671
4654
2505
-947
-1829
-2307
-485
2195
2686
1097
-1526
-3913
-4212
-2417
-97
887
669
-1757
-3466
-4284
-3382
-377
4098
5184
1592
285
-3144
-2147
2558
5815
6142
6621
3413
-685
940
3889
6479
7952
8020
5651
2981
1662
2501
4455
5657
6143
3569
86
-604
-1088
-310
2311
3045
-7
-2954
-4286
-5114
-3936
-1426
-115
-1615
-4216
-6377
-7830
-5681
-2456
-1326
-1672
-3017
-5582
-6961
-4963
-1944
375
764
-760
-3065
-4349
-3285
-671
1921
2686
1672
-921
-2495
-1586
596
2496
3748
2068
-679
-2331
-2646
-1099
795
1612
894
-1733
-3850
-3877
-3020
-598
194
-270
-1242
-3144
-3937
-2010
121
4867
4354
1451
-42
-1862
-619
3633
6206
6009
6305
2751
551
2345
4876
6459
7930
7839
5674
3636
2359
2502
4304
5473
5447
3065
566
-1147
-1990
-605
1913
2539
-503
-3216
-5054
-5995
-4001
-1172
40
-1081
-4482
-7419
-8252
-5384
-1747
-181
-993
-3001
-5641
-7190
-3984
-385
1636
1698
-387
-2950
-3648
-2055
929
3123
3448
2364
-1302
-2005
-319
1104
3031
4301
1671
-1440
-2440
-3132
-1143
694
933
-146
-2696
-4780
-4700
-4154
-1788
-797
-1747
-2374
-3934
-5090
-3622
-1731
3130
4336
1292
-130
-2873
-2132
2058
5862
6199
6778
3464
-173
1129
4069
6875
8215
8412
6487
3459
2021
2675
4360
5894
6065
3659
916
-738
-1846
-728
1332
2786
424
-2549
-4104
-5540
-4845
-2243
-369
-960
-2777
-6170
-8252
-5816
-2982
-944
28
-1502
-4591
-6497
-4915
-1580
1858
2988
1041
-1983
-3489
-2716
188
3788
5145
3619
154
-1541
-986
1253
3960
4928
2909
-143
-2215
-3214
-1269
1363
1634
523
-1534
-4415
-5191
-3593
-2099
-910
-699
-2009
-4041
-4984
-3899
-2650
881
5019
2023
386
-1975
-3408
-278
4068
6058
6545
5020
477
-210
1689
5250
7465
8245
7196
4281
1606
1254
3116
4781
5945
4438
1044
-1037
-2359
-1943
-216
1802
1279
-2337
-4242
-5491
-6087
-4070
-1473
-619
-2283
-4853
-7331
-7654
-4700
-1528
-294
-804
-2596
-5490
-5937
-2733
1072
2780
2532
170
-2760
-2634
-386
2769
4941
4676
2031
-746
-1010
1083
3558
4933
4004
1445
-1116
-2448
-1284
597
1569
874
-607
-3176
-4292
-3292
-2766
-1918
-952
-1270
-2927
-3832
-3918
-3039
-2032
2504
5034
1193
477
-1952
-2794
1239
5790
6710
6613
4532
81
-87
3178
6842
7813
8237
6875
3005
806
2269
3925
4803
5303
2889
-311
-1501
-1919
-1732
-405
766
-1191
-4119
-4398
-5453
-6258
-4413
-2498
-2424
-3524
-4235
-7039
-7168
-4799
-3647
-1647
-568
-2165
-5138
-4888
-2830
-250
2121
2749
427
-1469
-1165
-371
2698
4683
3625
1648
-8
204
1611
3456
3682
2357
108
-1527
-1158
-546
820
1097
-863
-2569
-3005
-2741
-2262
-1651
-1486
-2351
-2884
-2573
-2651
-1943
-1359
293
3406
2188
2046
601
-898
809
3405
4781
6399
7040
3241
1641
2881
4352
6121
8298
8470
5672
3027
1626
1689
3205
5033
4194
1422
-227
-2525
-3692
-1956
14
-817
-3068
-3893
-5848
-7083
-5355
-3545
-3009
-3540
-5008
-7046
-7556
-5462
-3683
-2310
-1531
-2063
-4845
-5065
-2176
-503
1222
2580
738
-1281
-824
-178
2301
4072
3568
2646
410
348
2176
2778
3826
3422
925
-1182
-856
-701
206
724
-332
-1847
-3636
-3100
-2842
-2569
-1408
-1807
-2552
-2748
-2740
-3428
-2142
-1866
-1010
1026
3327
4072
1022
1126
-52
698
4483
7394
7290
6141
4200
1498
3168
5826
7602
7850
7413
5534
2773
2708
3712
3252
3018
2897
1051
-565
-723
-2216
-3204
-2495
-2601
-3433
-3670
-4011
-6063
-7303
-6248
-4917
-3796
-3776
-4415
-6855
-6996
-5048
-3831
-1521
-335
-1572
-3925
-3395
-1858
-25
1934
2418
1393
-10
-284
-140
2015
3342
3137
2441
1536
1584
1484
1011
1428
1839
276
-128
117
-526
-1021
-2011
-2454
-2291
-1842
-1833
-1917
-1986
-2572
-3028
-3137
-2161
-1414
-1323
-963
-531
1990
3999
2314
2513
1617
916
3166
5581
6776
7299
6137
3271
3309
4727
6419
6702
7203
7051
4811
3006
2989
2513
2341
2818
1568
606
167
-2087
-3411
-3194
-2741
-2914
-3899
-3767
-5073
-6970
-6764
-5247
-4330
-3675
-4262
-6083
-5966
-5064
-4036
-2357
-1038
-1471
-2578
-3097
-1636
-77
702
1889
1309
587
332
323
1349
2349
2314
1761
1390
1293
1095
739
567
263
2
-613
-721
-487
-1190
-2254
-2742
-2725
-2813
-2267
-1408
-1645
-2372
-2476
-3252
-3318
-2081
-901
-795
-229
1085
3564
3922
2267
3157
1669
2669
4796
6210
7202
7285
5564
3446
4580
5335
5419
5841
7374
6698
4474
3148
1987
1305
1255
814
1053
963
-949
-3369
-4391
-4003
-3486
-3918
-4036
-3356
-5554
-6859
-6491
-5594
-4095
-4147
-4640
-4505
-4249
-4236
-3240
-2099
-1033
-1007
-2167
-1006
396
909
1632
1475
1243
1111
694
1318
3008
2633
2068
1281
407
772
1036
693
1207
546
-816
-1750
-2083
-1191
-1544
-2321
-2640
-2904
-3421
-2432
-2525
-1592
-1698
-3402
-3316
-2398
-1839
-517
94
-504
-18
442
2494
5402
5517
4900
3276
1711
3450
5200
7113
8687
7768
4751
3251
3046
4259
5947
6834
7018
4804
2237
1052
47
125
858
346
-137
-1342
-3246
-4323
-4715
-4916
-4918
-4817
-4187
-4824
-6402
-5845
-6062
-5610
-4301
-4327
-3690
-3364
-3738
-3154
-2037
-1539
-988
-897
-331
242
570
1181
1630
1173
671
618
1038
2036
2041
1465
843
-210
-248
259
599
1486
541
-1488
-2244
-2853
-2460
-1815
-1415
-1126
-2155
-3142
-3162
-2807
-2305
-1593
-1735
-2036
-1468
-1551
-1103
-521
96
246
1014
2521
4865
6382
5157
4534
2627
2873
4073
5372
7296
8027
7112
4633
3177
2913
3167
4066
5602
6252
5530
2959
464
-949
-1329
-1116
-236
624
19
-1646
-4220
-5375
-5731
-5905
-4609
-3123
-3214
-3705
-4701
-5523
-4806
-4542
-3951
-2783
-1814
-983
-1652
-1712
-1235
-1645
-1330
-9
836
1397
1580
737
444
184
-286
-298
817
1035
706
453
39
-429
-806
-584
-887
-1179
-1278
-1784
-1643
-1230
-1643
-2170
-2598
-2466
-2200
-1456
-805
-600
-1513
-1983
-1670
-1295
178
1258
1673
872
28
117
1337
3931
6902
6834
4971
2450
673
1781
3615
5927
6957
6896
4887
2634
1580
1943
2983
3381
4182
4572
3842
2328
636
-799
-1468
-1564
-862
-305
-440
-1648
-3279
-4381
-4522
-4353
-4203
-3631
-3558
-3946
-3471
-2162
-1762
-2583
-3681
-4616
-4065
-2133
294
1747
1139
-678
-3008
-3525
-2065
169
1716
1827
750
-963
-1981
-1941
-1066
-287
13
-551
-850
-762
-501
-12
-251
-1016
-1532
-1418
-792
697
1557
1345
581
-605
-1191
-692
390
1890
2423
1717
299
-374
-114
636
1234
1073
799
384
681
678
585
418
907
1918
2311
2563
1433
727
709
988
941
1458
2622
3134
3063
2438
1705
1495
2212
2562
3166
3368
3001
2482
2082
1736
878
-518
-837
-418
165
690
429
-592
-1589
-2233
-3055
-2639
-2165
-1795
-1232
-803
-1337
-2027
-2450
-2953
-2817
-2519
-2169
-2355
-2725
-2642
-3119
-3381
-3009
-2762
-2524
-2616
-2363
-2332
-1856
-1242
-1247
-917
-391
-445
-443
576
1325
1199
1178
798
433
944
1842
2673
2798
2498
1590
1212
1258
1743
1882
1865
1597
742
458
319
212
-401
-903
-1290
-1456
-1699
-1318
-948
-1026
-1186
-1390
-1353
-798
252
842
1208
1165
560
123
76
448
1262
2285
3275
3768
3405
2652
2016
2092
2594
3622
4489
4333
3465
2199
1382
1162
1439
1337
1104
434
-349
-616
-547
-472
-996
-2030
-2992
-3687
-3928
-3152
-2079
-1830
-2418
-3233
-3904
-3622
-3179
-2925
-1965
-1800
-2207
-2173
-1881
-1214
-847
-1112
-1139
-1345
-1410
-852
153
1368
1918
1936
1362
868
419
375
1079
2065
2557
2002
1350
870
423
222
415
284
156
85
-53
266
-124
-1187
-1435
-1684
-1341
-507
-196
-464
-1130
-1677
-1446
-498
19
-2
-554
-965
-1052
-654
291
1463
1883
1450
977
1075
1933
2856
3387
2708
1447
577
529
1519
2743
2870
2247
1481
800
568
750
960
1165
791
499
499
149
-43
-431
-1003
-1373
-1557
-1802
-1540
-1067
-750
-685
-1084
-1511
-1935
-2310
-1856
-969
-101
716
914
386
-569
-1016
-809
-4
877
1382
905
320
594
735
986
896
8
-1118
-1510
-1177
-567
270
386
-283
-867
-1423
-1861
-1655
-1229
-1247
-1225
-1084
-899
-526
-497
-842
-1590
-1866
-1789
-1092
-83
579
406
-97
-72
96
404
798
848
611
1027
1391
1385
1320
884
457
229
6
-166
-215
245
201
-123
-301
-163
107
-188
-616
-790
-319
531
1018
992
214
-820
-1315
-1155
-241
1181
2022
2289
2123
1265
389
464
1394
2642
3558
3803
3355
2527
1634
1214
990
860
1194
1304
1678
1927
1549
612
-54
-538
-894
-1153
-1163
-630
-361
-348
-830
-1420
-1629
-1657
-2028
-2170
-2100
-2202
-2098
-1713
-998
-882
-1687
-2473
-3015
-2941
-2303
-1610
-908
-626
-728
-1051
-833
-129
175
-5
-142
-262
-121
503
1197
1774
1139
-22
-1068
-1563
-766
167
598
531
-397
-1410
-1496
-622
-223
-603
-1324
-2139
-2076
-1729
-1046
-383
-415
-1287
-2479
-3092
-2597
-1371
-203
542
386
210
237
955
2624
3692
3935
3569
2854
2676
3055
3514
3888
4191
4470
4370
4362
4269
3957
3229
2816
3250
3523
3326
3093
2524
1695
516
-375
-927
-1227
-1241
-1569
-1351
-941
-1156
-1926
-2512
-3082
-3627
-3591
-2887
-2044
-1366
-1220
-1669
-1928
-1904
-1857
-1858
-1341
-1136
-1000
-399
176
481
359
-94
-872
-1322
-1397
-1146
-736
-227
16
-333
-689
-869
-971
-749
-582
-810
-1234
-1473
-1292
-1062
-852
-977
-1637
-2182
-2387
-2443
-2390
-2073
-1735
-1308
-835
-893
-1013
-1188
-1282
-1035
-688
-109
341
598
480
295
133
63
116
494
1036
1532
2337
3405
4990
5952
6105
5130
3513
2966
2996
3280
3533
3636
3764
4084
4646
4054
2976
1778
1065
954
1120
1369
1071
745
549
-72
-946
-1601
-2275
-2711
-2573
-2061
-1640
-1175
-983
-1355
-2090
-2720
-2618
-2294
-1538
-1119
-1504
-1647
-1269
-724
-347
-347
-1053
-2049
-2239
-1659
-457
437
584
185
-1104
-2041
-2434
-2485
-2071
-1697
-1726
-2061
-1823
-1295
-640
-301
-594
-1333
-1896
-1765
-1382
-883
-558
-523
-661
-782
-606
-623
-724
-595
-674
-785
-633
-305
46
625
1181
1151
1080
625
124
-107
-139
161
385
655
630
673
940
2134
4332
5725
6395
5455
3902
3103
2877
2824
2771
3089
3373
4138
4635
4232
3349
2232
1841
1762
1500
1557
1046
297
-18
-494
-1077
-1504
-1661
-1880
-2143
-2421
-2498
-1901
-1539
-1560
-2336
-3056
-3011
-2605
-1601
-1053
-1442
-2248
-2885
-2615
-2101
-1756
-1656
-1655
-1857
-1879
-1526
-1184
-668
-595
-989
-1360
-1568
-1672
-1841
-2113
-2078
-1887
-1325
-475
119
98
-267
-713
-812
-340
-190
-433
-654
-705
-769
-476
220
651
467
-40
-532
-860
-736
-303
7
220
310
149
328
683
835
521
-64
-425
-821
-935
-822
-58
1034
3064
5274
6278
6441
5065
3977
3229
3276
3217
2724
3297
3716
4508
4517
4311
3702
3038
2762
1951
1254
500
-176
-675
-1035
-1194
-1616
-2039
-2081
-2403
-2607
-2835
-2804
-2586
-2668
-2797
-3287
-3150
-2505
-1565
-995
-1082
-1346
-2171
-2353
-2182
-1781
-1667
-2034
-2265
-2535
-1806
-804
205
689
327
-474
-1465
-1592
-1362
-1061
-1008
-1144
-1086
-752
-37
678
1062
1070
613
128
-96
-124
-222
-265
-364
-623
-558
-152
389
611
266
-489
-1276
-1520
-1357
-763
-349
-251
-103
-125
18
129
87
-100
-376
-660
-1100
-1152
-903
111
1406
3807
5976
6634
6782
5671
5072
3994
3553
2709
1954
2305
2456
3583
3823
3871
3334
2485
2040
1163
288
-434
-1390
-2438
-3118
-2995
-2512
-2087
-1913
-2394
-2540
-2614
-2299
-1981
-2068
-2210
-2851
-2767
-1903
-563
300
336
-181
-910
-1172
-1102
-690
-1045
-1915
-2889
-3063
-2081
-469
588
931
564
-347
-944
-1107
-817
-1218
-1710
-2393
-2501
-1486
57
1306
1731
1522
509
2
-209
-245
-233
-585
-756
-694
-266
475
895
710
300
-383
-811
-745
-909
-1187
-1364
-1541
-1211
-476
68
242
151
-200
-663
-1209
-1079
-1195
-1274
-1283
-846
524
3301
5894
6539
6903
5770
5111
4265
3489
2490
1232
872
920
1905
2667
3695
3694
3363
3139
2000
1097
372
-797
-2030
-3076
-3349
-2734
-2165
-1632
-1062
-693
-247
-21
-418
-974
-1713
-2688
-2812
-2292
-1220
-344
-159
-175
-415
-580
-386
-200
-975
-2087
-3218
-3358
-2602
-1728
-452
31
-98
-14
43
285
504
-130
-1374
-2262
-2502
-1935
-932
61
963
1326
1537
1826
1652
911
-100
-1205
-1727
-1644
-1308
-618
-215
-125
-94
-319
-72
-46
-788
-1590
-2490
-2922
-2660
-2121
-1618
-1350
-1468
-1523
-1179
-968
-361
-168
-492
-764
-1103
-867
249
1404
3465
5645
6431
7410
7175
6801
6499
5337
4129
2711
1852
1911
2064
2483
2965
2909
3099
3374
3081
2214
1363
-233
-1745
-3055
-4020
-4075
-4232
-3907
-3094
-2436
-1204
-519
-687
-669
-1214
-1894
-2581
-2898
-2608
-2572
-2727
-2249
-1675
-828
138
541
707
317
-637
-1342
-1920
-2337
-2352
-2283
-1947
-1306
-558
385
807
682
379
-160
-569
-777
-897
-1003
-668
-379
-123
301
465
801
891
856
795
233
-428
-1247
-1906
-1945
-1879
-1672
-1511
-1395
-1165
-846
-804
-726
-908
-1516
-2002
-2437
-2396
-2026
-1384
-926
-626
-7
912
1856
2572
2770
2626
2133
2183
2729
4368
5752
6182
7067
7060
7349
7267
6480
5467
3721
2620
1448
643
654
368
423
623
1077
1453
1411
1165
259
-956
-2254
-3576
-4625
-5503
-5784
-5476
-4655
-3303
-2287
-1402
-533
-285
-422
-1048
-1465
-2035
-2981
-3414
-3634
-3287
-2704
-1774
-742
340
1095
1066
761
47
-928
-2183
-2969
-3109
-2687
-1994
-1257
-296
466
1253
1797
1910
1830
1230
233
-467
-591
-577
-394
-28
290
536
706
1102
1272
809
46
-936
-1756
-2080
-2242
-2149
-2150
-2310
-1985
-1640
-984
-197
-59
-454
-1000
-1323
-1376
-902
-435
-77
294
650
1451
2098
2742
3389
3448
3405
3593
3795
5134
5848
5731
6598
6241
6219
6327
5531
4952
3562
2377
1406
697
8
-722
-1269
-1459
-948
-701
-249
-145
-1099
-2030
-3012
-4171
-4803
-5929
-6542
-6320
-6114
-4637
-3318
-2119
-923
-550
-388
-596
-1180
-1521
-1676
-2125
-1850
-1377
-1020
-313
27
251
506
585
1008
1247
719
423
-10
-409
-134
-261
-139
193
-7
499
1246
1689
2260
2211
1650
1333
888
688
346
-466
-920
-1462
-1862
-1501
-1210
-1063
-1014
-1238
-1458
-1308
-1361
-1374
-1347
-1895
-1740
-1731
-1702
-1293
-1005
-697
-516
32
588
1222
1324
1618
1874
1847
2442
2613
2876
3024
2862
2806
2571
2754
3113
3946
5373
5281
5469
5627
4801
4887
3855
2732
1621
-166
-910
-1651
-2170
-2561
-2866
-2982
-2717
-2307
-2002
-1527
-1707
-1877
-2178
-2919
-3496
-4343
-5115
-5143
-5384
-4719
-3291
-2434
-1076
179
1012
1788
1989
1824
1446
305
-492
-702
-1138
-718
-359
-179
402
883
1604
2212
2212
1816
1244
261
-371
-1041
-1618
-1359
-1464
-974
-141
285
1328
1801
1823
2047
1577
639
-347
-1339
-2172
-2693
-2840
-2535
-2107
-1602
-766
-164
584
1324
1169
594
-296
-1168
-1703
-2175
-2228
-2000
-1930
-1191
-350
298
1207
1843
2045
1945
1894
2065
2115
1822
1684
1532
1155
1362
1290
1170
1090
792
807
1154
3026
3365
3791
4664
3830
4317
3374
2565
1726
-388
-1013
-1970
-2387
-2328
-2286
-1576
-776
92
427
955
840
-117
-905
-2137
-3067
-4338
-5221
-4894
-4670
-3570
-1976
-823
315
1142
1502
1868
1777
1484
1196
-166
-850
-981
-1185
-452
100
463
919
1208
1687
2072
1682
1179
428
-651
-1119
-1410
-1546
-1321
-1396
-1393
-839
-520
86
517
466
620
336
35
-116
-612
-893
-1268
-1595
-1570
-1697
-1889
-1794
-1572
-1445
-953
-622
-218
111
62
244
330
-114
-364
-554
-1055
-1122
-1206
-1019
-283
220
1017
1693
1942
2407
2112
1818
1446
960
552
92
0
-263
-168
-50
443
998
1230
2029
3069
3342
3430
3977
3472
3259
2703
2000
1489
352
399
90
-293
-130
-491
-698
-454
6
238
672
732
326
-6
-534
-719
-1342
-2307
-2495
-2820
-2956
-2250
-1690
-950
-192
235
773
911
921
1196
662
256
61
-548
-705
-995
-1379
-1536
-1731
-1469
-850
-592
-386
-135
-556
-642
-775
-1301
-1350
-1696
-1888
-1824
-1360
-682
-202
460
996
1303
1263
1424
1090
245
-211
-928
-1534
-1767
-1890
-1809
-1782
-1495
-882
-375
283
829
682
362
134
-394
-875
-1321
-1604
-1787
-1692
-1002
-312
623
1177
1551
1819
1778
1911
1589
1319
843
357
98
-42
264
322
249
320
401
527
944
1663
3031
3372
3639
4748
4702
5099
4993
4370
3754
2432
1979
1323
591
180
-589
-841
-562
14
394
577
557
-39
-415
-739
-1104
-1862
-3152
-3771
-4406
-4659
-4330
-4200
-3779
-3375
-2835
-1865
-925
-129
484
456
248
227
-63
-136
-292
-786
-1143
-1395
-1051
-406
114
556
824
1111
1315
1580
1583
1359
884
35
-321
-809
-1128
-1156
-1410
-1251
-1051
-821
-238
-193
-286
-414
-861
-1068
-1368
-1865
-2125
-2234
-2247
-1937
-1586
-1118
-582
-427
4
577
589
723
723
605
687
791
998
1185
990
1089
1103
776
1111
1064
796
864
932
1160
1522
1649
1722
1318
887
958
609
492
357
175
257
737
2212
3394
4284
5247
5324
5337
4988
4368
3408
1907
822
-338
-1151
-1654
-2318
-2450
-2375
-1980
-1470
-952
-335
-540
-1005
-1260
-1721
-2552
-3350
-3881
-4468
-4810
-4478
-3924
-3278
-2403
-1496
-708
107
1075
1872
2197
2443
2438
1929
1449
1062
559
-130
-698
-1178
-1515
-1589
-1281
-723
-165
555
934
976
851
453
-211
-916
-1381
-1982
-2546
-2770
-2595
-2346
-1927
-1217
-637
-215
80
207
194
64
-264
-510
-632
-662
-600
-622
-517
-159
247
790
1243
1521
1768
1656
1668
1703
1506
1209
703
358
98
140
148
359
544
458
753
923
1274
1374
1282
1288
1062
972
1163
1311
1210
980
560
485
543
636
1285
1622
2055
2772
3052
3600
3709
3387
2719
1640
872
-154
-1104
-2009
-2819
-3331
-3175
-2389
-1731
-905
-399
-109
235
354
398
-132
-1234
-2125
-3042
-3736
-3702
-3759
-3651
-3279
-2682
-1601
-486
645
1697
2092
2138
2140
1734
1062
319
-644
-1409
-1984
-2322
-2179
-2030
-1729
-1246
-833
-106
485
702
854
896
457
50
-467
-1103
-1430
-2013
-2252
-2216
-1953
-1286
-769
202
1125
1680
2094
2329
2352
2041
1593
1001
299
-399
-813
-763
-475
61
731
1226
1823
2298
2468
2524
2237
1545
831
-14
-621
-931
-1302
-1154
-1128
-758
-315
-57
575
636
838
766
485
280
-379
-538
-773
-868
-702
-636
-372
-190
276
741
1719
2428
2724
3139
3091
3321
3147
2971
2672
1808
1188
437
-210
-853
-1660
-2273
-2446
-2051
-1493
-655
89
485
779
709
703
232
-849
-1766
-2806
-3601
-3885
-4084
-3707
-3175
-2424
-1268
-339
663
1438
1671
1705
1629
1308
762
125
-579
-1184
-1703
-1898
-1775
-1685
-1438
-1005
-620
-111
428
828
1074
1293
1366
1271
1137
678
237
-146
-328
-433
-581
-595
-514
-317
148
866
1467
1819
1842
1456
1063
646
102
-452
-1123
-1616
-1870
-1879
-1402
-908
-459
-176
30
223
206
100
-356
-818
-1425
-2016
-2187
-2294
-1962
-1432
-946
-227
326
799
1339
1574
1738
1672
1428
1236
974
904
798
850
888
874
957
1052
1223
1452
1751
1821
2047
2079
2148
2314
2219
2108
1464
991
548
89
-111
-524
-736
-844
-577
-82
345
826
1001
1032
1053
1020
793
70
-730
-1558
-2395
-2755
-2840
-2793
-2731
-2506
-2028
-1484
-850
-291
103
299
406
388
490
480
216
-33
-369
-468
-360
-295
-202
-161
-123
-68
251
571
782
897
828
996
928
777
553
-35
-545
-1164
-1570
-1726
-1876
-1948
-1987
-1764
-1368
-937
-491
-186
-256
-420
-615
-808
-965
-1222
-1537
-1790
-1885
-1743
-1387
-929
-290
186
477
827
1071
1242
1171
1017
802
548
265
173
258
169
373
532
661
872
941
1048
985
856
774
615
622
554
426
235
68
153
115
213
261
325
825
1169
1841
2470
2843
3491
3563
3691
3689
3203
2691
1979
1297
512
-203
-613
-806
-762
-508
-119
211
453
662
645
366
-204
-952
-1642
-2419
-2987
-3258
-3414
-3238
-2897
-2292
-1641
-942
-297
312
806
1134
1334
1128
850
391
-28
-410
-933
-1216
-1534
-1692
-1669
-1586
-1388
-1235
-1025
-830
-559
-439
-313
-313
-560
-756
-1087
-1304
-1513
-1530
-1590
-1702
-1350
-1141
-655
-97
363
653
663
847
731
491
202
-85
-428
-768
-711
-545
-279
-47
199
420
698
921
1023
1073
877
578
165
-47
-286
-569
-702
-687
-492
-152
327
708
1042
1295
1501
1612
1749
1733
1578
1306
1008
891
729
628
658
537
529
687
817
963
1173
1695
1864
2362
2776
2820
3053
2681
2588
2127
1725
1499
853
614
114
-169
-401
-459
-216
-182
84
146
200
53
-84
-173
-658
-1023
-1483
-2039
-2525
-2961
-3177
-3268
-3251
-2927
-2524
-2132
-1612
-1078
-667
-359
-218
-269
-461
-769
-1069
-1303
-1560
-1747
-1848
-1905
-1737
-1506
-1030
-610
-277
147
349
577
639
765
660
414
313
-84
-275
-479
-581
-722
-756
-506
-485
-176
-42
95
164
125
198
134
132
30
-119
-121
-73
-29
68
210
299
370
512
607
694
699
565
475
419
457
430
465
549
529
629
699
908
1107
1134
1182
1175
1069
959
916
850
785
772
806
815
820
813
815
729
685
611
412
392
244
360
628
729
1258
1338
1610
1881
1811
1962
1755
1655
1425
1181
999
606
265
-99
-375
-691
-770
-731
-861
-823
-795
-846
-964
-1112
-1312
-1580
-1800
-1963
-2177
-2360
-2501
-2588
-2424
-2250
-1920
-1501
-1192
-820
-582
-311
-131
-90
-69
-207
-382
-607
-837
-1064
-1178
-1218
-1198
-1103
-1003
-830
-616
-309
-75
162
242
220
172
111
175
193
225
405
411
390
468
472
490
520
648
689
618
562
456
338
268
322
341
277
249
203
224
326
516
648
693
764
673
577
510
326
207
72
-4
-10
-20
136
251
305
442
513
484
416
337
176
-32
-208
-346
-521
-736
-824
-920
-946
-935
-791
-616
-468
-235
12
360
564
828
1179
1270
1475
1755
1900
2173
2257
2390
2448
2423
2410
2268
2184
2007
1641
1247
833
401
64
-176
-332
-468
-607
-743
-865
-959
-1043
-1243
-1467
-1751
-2037
-2390
-2675
-2924
-3055
-3101
-3108
-2832
-2518
-2154
-1641
-1160
-730
-344
-79
17
-26
-160
-361
-531
-666
-726
-727
-620
-402
-117
254
606
949
1272
1506
1718
1839
1874
1808
1636
1365
1077
667
286
-25
-319
-502
-604
-559
-533
-455
-317
-183
-2
127
160
60
-73
-281
-447
-552
-606
-629
-755
-712
-589
-356
-65
244
482
522
591
596
585
499
322
181
-105
-265
-364
-518
-481
-482
-473
-303
-105
33
149
196
266
291
435
581
589
571
545
503
436
552
591
586
626
753
1047
1490
1857
2225
2705
2808
2980
3000
2926
2807
2468
2244
1778
1329
874
438
81
-171
-349
-637
-864
-1130
-1368
-1539
-1670
-1848
-2143
-2431
-2727
-3068
-3190
-3128
-3143
-3075
-2842
-2604
-2315
-2023
-1669
-1366
-1148
-841
-570
-365
-122
66
188
319
383
434
434
366
337
331
340
256
183
155
149
183
266
403
496
362
268
259
130
94
12
-57
-191
-296
-265
-290
-268
-279
-231
-152
-13
185
246
364
426
488
625
709
761
671
563
504
412
305
202
47
-123
-181
-238
-250
-242
-268
-206
-179
-77
45
19
31
-6
-88
-174
-222
-283
-354
-345
-301
-217
-114
48
314
501
805
1078
1246
1433
1494
1582
1660
1708
1743
1734
1655
1615
1676
1590
1682
1839
1875
1991
2171
2235
2168
2044
1851
1488
971
510
-66
-654
-1147
-1609
-1985
-2235
-2303
-2404
-2314
-2042
-1802
-1616
-1469
-1320
-1448
-1558
-1663
-1851
-2079
-2287
-2346
-2427
-2382
-2131
-1812
-1473
-1065
-687
-388
-69
190
373
405
403
363
234
129
6
-82
-202
-211
-171
-72
68
210
391
553
737
826
938
969
841
721
500
321
110
-115
-279
-496
-584
-602
-491
-316
-208
-76
-13
61
81
99
128
60
-32
-135
-160
-175
-174
-142
-110
-88
-92
-107
-96
-145
-188
-267
-335
-340
-394
-345
-321
-283
-170
-43
106
207
355
501
629
730
931
1081
1206
1344
1367
1490
1519
1629
1630
1607
1621
1471
1501
1448
1556
1499
1441
1449
1296
1357
1233
1129
1016
886
823
630
617
517
378
282
200
114
-58
-161
-354
-532
-697
-818
-960
-1107
-1243
-1389
-1539
-1600
-1660
-1702
-1681
-1706
-1703
-1727
-1646
-1639
-1678
-1698
-1749
-1755
-1784
-1721
-1708
-1606
-1429
-1291
-1044
-774
-525
-292
-70
142
348
467
541
554
489
427
448
445
450
493
525
601
694
867
1037
1104
1131
1049
1003
895
735
525
245
-20
-319
-445
-598
-660
-630
-693
-635
-534
-354
-291
-196
-149
-226
-217
-269
-294
-399
-537
-591
-640
-569
-443
-346
-256
-171
-72
-52
54
143
145
116
127
206
263
389
550
674
832
982
1099
1177
1218
1226
1218
1213
1247
1241
1265
1284
1261
1288
1326
1356
1335
1303
1236
1136
1016
891
779
619
526
397
264
275
193
91
25
11
-85
-125
-134
-204
-244
-377
-486
-703
-878
-1047
-1256
-1398
-1523
-1557
-1572
-1545
-1445
-1390
-1308
-1167
-1074
-959
-898
-904
-879
-881
-846
-819
-794
-691
-602
-485
-272
-79
86
258
405
509
629
741
749
685
616
517
425
320
216
123
-57
-174
-237
-316
-311
-298
-304
-276
-267
-207
-164
-228
-224
-286
-299
-358
-444
-459
-554
-562
-535
-433
-347
-306
-206
-150
-103
-42
13
7
1
-21
-27
57
102
160
247
291
341
377
430
448
464
498
506
493
528
553
527
550
540
495
479
465
389
355
304
244
217
237
277
317
352
385
451
509
563
623
644
675
670
659
609
675
663
631
654
571
497
458
420
389
319
283
276
219
236
205
200
176
135
80
-69
-177
-328
-484
-600
-702
-727
-804
-860
-847
-851
-818
-736
-645
-601
-586
-549
-573
-611
-625
-692
-745
-740
-785
-796
-776
-805
-750
-622
-531
-384
-280
-155
-65
29
164
293
370
360
396
394
364
359
391
331
280
286
286
308
308
312
309
251
206
185
138
73
-45
-139
-271
-372
-404
-486
-511
-557
-619
-592
-552
-538
-542
-526
-536
-592
-610
-593
-549
-548
-454
-384
-350
-289
-235
-154
-106
-33
39
40
105
150
207
281
355
429
468
556
606
688
734
787
896
928
996
1064
1083
1080
1059
1079
1035
1012
968
883
859
764
743
705
612
562
457
442
350
269
210
136
95
4
68
14
49
42
34
79
3
28
-99
-216
-353
-492
-593
-722
-725
-779
-721
-652
-590
-444
-368
-306
-261
-215
-243
-252
-303
-345
-399
-458
-485
-492
-456
-400
-306
-219
-107
-83
-47
5
32
31
51
95
82
99
96
90
102
84
20
-59
-107
-189
-255
-324
-408
-491
-549
-586
-586
-631
-636
-601
-630
-593
-518
-498
-529
-565
-597
-628
-639
-643
-646
-624
-627
-608
-515
-444
-351
-251
-172
-78
24
72
136
183
133
153
118
64
47
34
49
100
219
336
451
629
726
845
952
1042
1128
1133
1145
1113
1095
1040
992
1002
1005
1003
1031
1075
1125
1136
1179
1186
1134
1055
962
892
737
571
407
212
75
-107
-222
-288
-348
-346
-335
-241
-265
-213
-213
-267
-262
-351
-391
-511
-572
-653
-738
-703
-700
-633
-531
-386
-261
-150
-3
74
159
140
150
142
75
33
-64
-123
-233
-280
-296
-308
-234
-191
-121
-44
32
83
102
115
71
-27
-117
-237
-386
-520
-634
-777
-821
-804
-830
-756
-669
-629
-588
-568
-589
-599
-645
-731
-793
-881
-985
-1049
-1076
-1075
-1018
-956
-848
-720
-598
-491
-398
-292
-225
-165
-99
-63
-8
5
39
133
232
306
427
545
622
723
827
940
1030
1074
1092
1138
1107
1074
1043
996
945
883
859
816
761
762
768
767
795
808
824
822
806
757
676
614
471
400
303
201
151
44
14
-69
-129
-150
-185
-164
-194
-202
-190
-210
-189
-161
-161
-154
-132
-129
-112
-108
-104
-90
-75
-18
30
106
177
236
256
285
305
272
325
264
222
200
100
63
-36
-98
-128
-217
-270
-293
-339
-384
-399
-430
-483
-507
-495
-524
-543
-544
-611
-642
-692
-731
-753
-759
-773
-745
-691
-663
-601
-582
-568
-542
-533
-513
-500
-524
-555
-608
-613
-605
-571
-535
-492
-458
-433
-369
-292
-238
-176
-144
-116
-110
-91
-57
7
80
152
250
346
425
465
537
588
616
661
716
731
733
717
721
710
677
676
679
658
616
618
640
652
707
744
750
761
738
715
642
567
491
418
295
244
211
145
129
118
96
65
77
73
47
32
31
23
-17
-34
-46
-98
-60
-43
-74
-99
-128
-147
-170
-154
-145
-169
-178
-225
-209
-223
-229
-217
-206
-161
-143
-117
-90
-20
3
67
94
118
159
127
160
137
139
114
57
9
-37
-60
-128
-111
-141
-160
-190
-258
-285
-350
-457
-527
-598
-667
-740
-800
-800
-824
-801
-776
-724
-740
-708
-681
-710
-692
-690
-668
-687
-646
-615
-614
-560
-496
-409
-323
-226
-134
-47
44
146
237
287
356
399
434
458
471
483
505
548
576
604
637
688
708
745
751
741
729
691
627
593
555
467
411
383
320
318
320
305
326
309
320
318
296
309
289
228
233
198
142
122
86
62
30
23
20
32
8
-16
4
-49
-56
-42
-52
-43
-68
-58
-61
-50
-38
-32
33
20
8
40
33
1
2
-2
-29
-24
15
0
-17
29
25
47
49
74
42
20
0
-19
-60
-123
-126
-153
-164
-218
-236
-260
-284
-300
-351
-371
-405
-472
-506
-513
-546
-587
-632
-667
-661
-663
-654
-634
-604
-594
-578
-500
-461
-413
-385
-362
-308
-274
-193
-148
-110
-67
-39
36
94
185
281
332
352
380
402
428
446
440
416
399
404
411
413
435
461
458
449
403
430
382
339
317
272
235
189
169
134
125
118
107
119
143
163
199
221
257
250
261
275
250
222
160
113
84
44
-17
-57
-88
-113
-131
-113
-98
-59
-40
-38
-38
-50
-67
-96
-92
-90
-134
-115
-149
-137
-133
-116
-44
-20
18
11
44
59
94
82
62
42
-15
-44
-86
-102
-88
-75
-90
-88
-68
-91
-68
-39
-24
-41
-40
-77
-109
-143
-145
-174
-219
-216
-263
-275
-280
-230
-215
-184
-99
-87
-85
-72
-45
-67
-61
-74
-105
-107
-99
-93
-92
-46
-12
7
64
79
119
143
147
178
154
136
128
120
76
33
21
3
9
50
69
126
160
177
224
238
256
249
243
202
156
105
67
39
16
-25
-26
-62
-95
-89
-103
-77
-55
-52
-64
-70
-47
-50
-52
-33
-45
-72
-103
-123
-121
-158
-139
-121
-110
-78
-24
22
40
62
42
66
33
6
5
-53
-98
-131
-162
-192
-207
-188
-156
-120
-99
-37
-10
24
35
42
29
2
-5
-34
-35
-45
-67
-63
-73
-76
-44
-39
-28
2
39
57
102
141
139
143
130
146
110
101
111
116
108
103
93
89
108
102
142
157
146
131
112
89
83
62
61
46
14
6
0
26
23
55
76
69
89
99
123
124
143
128
63
42
27
5
-5
14
12
-1
26
28
41
81
63
95
100
85
104
83
46
52
31
21
31
-8
-30
-30
-52
-65
-50
-32
-30
-16
-20
20
25
13
8
-12
-34
-76
-142
-171
-155
-163
-163
-147
-134
-129
-127
-117
-107
-115
-137
-155
-186
-215
-219
-235
-251
-252
-254
-262
-241
-225
-205
-168
-164
-160
-151
-142
-139
-124
-106
-98
-78
-67
-67
-50
-28
-29
-1
9
-5
30
9
6
49
9
9
39
37
58
71
52
73
81
61
53
61
82
69
64
58
39
22
36
12
17
43
34
66
96
103
115
138
152
158
154
162
147
130
139
131
145
167
171
200
217
252
274
268
255
253
231
185
192
180
177
166
184
197
168
163
165
184
193
190
146
116
110
59
34
14
-38
-64
-74
-102
-117
-99
-100
-119
-113
-117
-115
-112
-138
-126
-146
-167
-160
-138
-151
-137
-109
-95
-82
-101
-82
-49
-70
-65
-24
-44
-82
-108
-134
-161
-170
-193
-196
-190
-181
-168
-136
-85
-76
-53
-41
-47
-72
-94
-93
-138
-161
-167
-166
-166
-196
-174
-186
-172
-147
-133
-136
-97
-84
-82
-59
-59
-47
-56
-69
-57
-38
-31
-31
-42
-44
-55
-37
-18
23
36
60
94
95
105
126
136
151
144
125
116
84
71
66
82
65
80
131
155
203
250
277
289
288
282
269
245
238
207
164
158
142
105
87
79
88
86
91
118
110
96
86
84
71
44
28
7
-31
-45
-64
-52
-53
-65
-19
-5
10
53
59
66
80
87
77
55
29
15
-6
-20
-60
-64
-58
-58
-58
-32
21
26
45
14
-6
-3
-28
-57
-91
-106
-155
-183
-199
-192
-193
-184
-172
-170
-127
-114
-114
-86
-86
-111
-118
-133
-142
-167
-188
-198
-209
-208
-182
-159
-132
-91
-87
-80
-45
-34
-40
-42
-58
-62
-63
-83
-68
-61
-45
-23
6
44
51
67
67
80
99
89
93
58
25
8
-25
-38
-45
-57
-68
-41
16
42
57
78
96
133
120
127
133
111
79
71
54
52
45
72
74
110
107
94
132
132
129
106
127
120
115
114
96
80
41
52
37
17
37
42
61
74
84
82
68
66
62
62
65
55
47
27
14
-18
-33
2
29
35
78
104
93
91
86
81
44
29
6
0
-8
13
33
11
29
46
55
47
40
51
12
1
-36
-63
-67
-89
-122
-101
-109
-116
-93
-113
-101
-102
-126
-116
-125
-145
-131
-150
-169
-183
-186
-175
-172
-144
-88
-72
-69
-40
-20
-12
-7
-13
-5
-12
-33
-59
-53
-77
-96
-104
-106
-82
-84
-67
-96
-100
-91
-86
-60
-47
-57
-61
-92
-102
-98
-71
-54
-54
-44
-25
-14
-19
13
33
34
29
42
45
28
30
43
44
68
65
50
62
88
87
83
94
97
108
124
127
141
157
151
137
127
151
174
154
151
172
166
152
157
186
200
209
216
204
191
183
183
196
180
169
132
117
108
96
117
103
100
113
87
73
53
27
1
-29
-53
-104
-136
-153
-179
-176
-134
-146
-134
-139
-178
-161
-172
-159
-151
-191
-201
-211
-198
-191
-157
-147
-163
-174
-178
-168
-183
-170
-144
-127
-127
-115
-86
-67
-46
-35
-47
-24
-40
-60
-29
-24
-29
-30
-24
-36
-38
-24
-1
14
19
19
16
15
9
-16
-22
-43
-60
-57
-55
-35
-27
-26
-18
4
5
-18
0
23
19
42
50
49
73
71
45
69
55
40
52
54
44
39
47
53
53
37
77
65
50
60
48
62
59
48
55
49
57
85
89
113
139
149
124
136
157
129
125
138
121
126
130
131
126
102
91
94
79
75
85
97
102
86
59
35
24
5
10
-3
-7
-22
-27
-35
-33
-45
-65
-74
-91
-87
-105
-106
-98
-110
-106
-112
-120
-112
-100
-68
-62
-41
-56
-66
-80
-76
-48
-40
-35
-33
-31
-64
-73
-67
-40
-38
-33
-6
5
17
18
6
-8
1
-4
-20
-23
-28
-27
-53
-24
-9
-12
10
26
61
31
18
14
-36
-69
-73
-88
-100
-130
-139
-141
-139
-131
-120
-110
-115
-109
-77
-77
-76
-88
-118
-121
-129
-114
-126
-107
-93
-96
-64
-17
-13
39
60
63
96
69
80
119
102
107
100
72
70
84
82
115
142
146
154
153
163
181
170
167
146
122
96
77
94
90
107
108
96
73
61
72
83
91
97
90
75
64
68
71
54
31
20
4
-21
-28
-36
-33
-22
-32
-31
-33
-40
-32
-26
-22
3
-14
-22
-28
-46
-29
-10
6
20
20
6
2
19
37
49
55
56
35
30
48
56
50
40
50
34
6
23
26
-2
-27
-40
-63
-68
-76
-58
-90
-97
-86
-104
-105
-83
-92
-108
-114
-153
-164
-159
-154
-154
-134
-141
-151
-144
-164
-146
-150
-155
-122
-138
-120
-135
-137
-130
-111
-120
-95
-59
-51
-51
-79
-36
-17
-13
29
47
48
55
84
105
100
115
127
124
102
109
111
95
106
113
100
77
90
106
123
121
105
128
109
77
79
86
69
53
36
32
50
51
67
32
7
21
5
6
25
41
52
32
7
17
12
13
39
75
89
73
35
12
-4
-8
-3
-8
-7
-24
-44
-32
-11
28
36
33
44
37
39
28
18
28
38
45
55
55
13
16
28
45
49
55
53
17
-16
-3
5
-5
-9
-31
-32
-71
-67
-49
-60
-52
-34
-37
-59
-70
-53
-49
-63
-44
-43
-63
-93
-97
-117
-120
-79
-77
-48
-32
-33
-30
-46
-57
-51
-66
-57
-60
-91
-99
-107
-100
-99
-119
-76
-47
-55
-5
14
-1
13
5
-11
-11
-10
-17
-32
-34
-54
-52
-32
7
49
66
89
69
53
47
48
66
50
51
49
26
10
9
23
42
48
68
91
69
69
87
67
58
72
70
81
57
63
66
70
71
56
85
89
82
85
97
86
44
42
40
58
39
14
18
-5
-4
-3
2
10
4
-4
-13
9
27
5
-5
-8
-18
-29
-29
-47
-18
-2
-2
9
-21
-35
-40
-38
-6
14
5
-7
-23
-35
-37
-44
-40
-28
-30
-46
-49
-57
-70
-87
-83
-86
-64
-49
-72
-60
-46
-57
-46
-59
-55
-41
-41
-39
-74
-68
-80
-78
-81
-79
-51
-66
-51
-48
-49
-56
-70
-81
-88
-72
-69
-26
22
38
61
51
25
11
32
54
75
81
77
80
62
50
46
48
48
57
58
54
65
64
53
42
35
14
9
19
18
16
12
1
-18
-16
-13
9
18
18
33
10
21
4
6
18
-2
-1
5
10
20
-6
-18
-5
-7
12
28
49
29
22
15
18
28
27
34
51
35
30
39
48
32
18
36
47
55
57
78
79
62
51
41
38
57
39
43
67
71
66
48
44
22
7
0
21
21
3
6
-12
-7
-18
-14
-26
-32
-56
-59
-53
-26
-17
-36
-29
-23
-4
4
19
20
4
-15
-22
-26
-40
-28
-40
-45
-54
-57
-40
-40
-30
-33
-50
-48
-57
-81
-83
-67
-65
-73
-52
-58
-57
-59
-77
-63
-49
-41
-31
-39
-33
-33
-33
-39
-48
-41
-51
-66
-86
-81
-85
-56
-52
-42
-18
-32
-34
-12
-11
4
-5
-2
-14
-28
-20
-41
-46
-10
-20
-20
14
4
2
3
9
-20
-5
-7
-2
-17
-11
-1
-31
-11
-4
13
36
58
53
52
46
32
37
31
40
46
36
32
46
40
52
74
73
68
91
92
73
104
104
90
109
111
96
120
104
105
109
89
105
122
138
120
106
86
93
108
109
74
74
76
48
39
56
64
53
38
61
83
67
68
44
40
37
12
22
19
5
3
-11
-17
-18
-35
-33
-39
-44
-54
-74
-89
-96
-90
-96
-97
-84
-83
-75
-64
-79
-80
-97
-111
-119
-101
-103
-130
-124
-123
-128
-126
-109
-132
-126
-124
-123
-108
-115
-81
-69
-85
-80
-73
-85
-104
-104
-92
-104
-95
-84
-83
-50
-55
-52
-12
-37
-47
-56
-64
-39
-32
-32
-35
-39
-30
-22
-21
-3
6
-3
0
-14
-23
12
7
25
41
38
34
41
33
35
45
35
26
29
37
52
77
79
96
114
104
107
99
99
102
110
107
97
94
69
71
76
83
106
115
121
129
111
112
111
111
108
115
90
83
75
70
83
90
105
112
113
102
99
98
89
94
78
84
91
88
60
36
15
2
12
0
15
-6
-16
-37
-30
-18
-7
-6
-11
-8
-42
-58
-76
-91
-123
-104
-106
-112
-117
-102
-86
-93
-73
-64
-66
-69
-94
-86
-81
-84
-61
-87
-77
-92
-90
-97
-92
-58
-72
-82
-68
-80
-80
-76
-87
-84
-92
-80
-65
-59
-59
-88
-85
-75
-91
-70
-82
-84
-74
-78
-64
-42
-49
-39
-23
-36
-42
-47
-26
-30
-1
11
2
11
6
0
7
5
-2
31
32
54
72
74
80
90
111
122
121
101
96
98
97
109
117
125
151
155
125
105
102
76
88
67
71
78
75
70
69
73
56
63
54
47
42
28
24
14
12
10
1
2
-10
8
6
0
6
-6
-5
6
10
-16
-8
-13
-27
-39
-40
-51
-56
-42
-34
-29
-17
-13
-31
-20
-9
-17
-20
-14
-25
-25
-30
-24
-24
-59
-32
-8
-26
-25
-19
-8
1
-10
-9
-15
-33
-45
-47
-47
-45
-45
-43
-54
-29
-25
-24
-21
-23
-32
-35
-29
-27
-34
-61
-55
-59
-64
-46
-45
-31
-28
-38
-40
-34
-28
-36
-33
-10
11
10
15
10
14
3
20
18
27
29
20
51
64
50
42
49
68
82
74
58
25
0
14
24
50
62
62
78
50
33
34
31
46
52
57
75
62
49
47
34
40
45
59
54
41
43
22
10
11
23
12
-3
5
-11
-25
-30
-43
-51
-44
-48
-51
-52
-56
-63
-67
-76
-48
-43
-58
-46
-36
-32
-44
-27
-42
-52
-54
-68
-51
-44
-35
-30
-22
-14
-36
-44
-27
-41
-36
-43
-36
-34
-36
-36
-25
-16
-21
-1
-28
-27
-33
-21
-12
-7
-14
-13
-4
-9
-6
3
11
10
-5
-26
3
-7
-12
6
22
17
14
21
15
29
18
11
35
24
6
11
6
24
27
27
33
36
52
58
40
31
33
16
16
19
25
34
45
44
35
54
55
47
82
67
42
47
50
31
23
19
16
10
6
25
25
26
23
30
8
10
29
28
40
43
15
16
13
8
4
10
15
8
-6
-17
-4
-4
-1
-1
0
-9
-3
-8
-15
-6
-9
-15
-13
3
-14
-13
-4
-18
-16
4
14
22
2
7
3
3
6
18
27
39
36
23
28
26
-1
-4
-9
-18
5
-18
-20
-17
-18
-18
-9
-7
-9
-10
-16
-37
-39
-38
-50
-53
-71
-78
-84
-77
-74
-72
-73
-76
-90
-85
-75
-84
-87
-86
-76
-95
-96
-87
-83
-93
-93
-84
-65
-50
-58
-34
-8
-8
-15
-2
-3
-16
-16
-4
6
4
17
9
15
31
30
42
62
74
81
90
83
79
71
70
71
70
89
82
82
91
89
82
55
60
58
66
66
63
49
18
20
23
12
18
25
17
8
4
3
-9
-13
0
3
7
27
8
15
2
6
21
14
32
32
24
39
27
16
23
5
-13
2
-17
-12
-15
-17
15
24
23
36
47
17
9
27
16
21
12
5
-3
-23
-23
-27
-22
-10
-23
-16
-18
-24
-39
-27
-45
-56
-48
-45
-25
-44
-39
-25
-38
-37
-47
-48
-30
-22
-29
-34
-37
-41
-36
-2
0
-16
-15
-9
-5
-18
-20
1
3
-4
11
-10
-18
-29
-30
-28
-14
-32
-36
-40
-14
-8
-10
5
1
6
-6
-2
5
5
-6
-8
-29
-32
-20
-15
-15
-19
-11
-17
-28
-2
-12
-8
-6
-19
-27
-20
-18
-21
-8
-9
0
22
21
21
12
-2
-7
11
8
15
24
18
32
22
9
22
30
6
0
-4
3
8
23
24
24
43
42
34
26
39
51
53
56
55
45
65
74
46
52
84
55
58
65
56
56
64
62
58
52
49
36
23
22
14
31
21
22
26
26
0
3
2
-3
-13
-23
-12
-7
-29
-28
-31
-39
-44
-57
-32
-35
-26
-30
-58
-49
-39
-50
-55
-45
-45
-51
-69
-69
-55
-46
-42
-31
-27
-31
-14
-4
5
1
9
-3
-21
-3
6
3
19
14
4
6
21
25
21
18
17
17
25
40
28
0
3
-11
-24
-32
-20
-15
-38
-45
-51
-49
-40
-36
-37
-29
-25
-36
-48
-38
-40
-42
-53
-61
-53
-35
-31
-21
-8
3
-2
-10
-10
6
17
9
28
33
27
28
32
32
24
17
25
38
38
46
41
34
29
30
37
32
25
16
4
-2
-12
-2
2
6
17
24
3
6
8
-10
-11
13
8
2
13
6
-1
7
-17
-17
-3
-14
0
-10
-15
-6
5
4
4
10
17
13
17
18
13
12
12
16
29
23
24
34
34
44
55
50
50
67
56
40
32
18
12
0
14
6
1
16
2
-10
4
-3
-20
-11
-15
-19
-20
-12
-11
-2
-8
-11
-6
-28
-41
-34
-31
-29
-27
-32
-14
-19
-28
-17
-15
-17
-9
-9
-10
-17
-24
-24
-31
-21
-22
-24
-33
-22
-25
-28
-30
-23
-14
-27
-24
-11
-17
-14
-8
0
7
-5
-7
-20
-14
-5
-12
-6
-5
-8
-15
-14
-28
-27
-26
-38
-27
-29
-8
-1
8
6
-4
0
-2
9
5
9
22
11
12
10
12
9
16
13
18
13
27
42
43
43
29
26
21
8
15
17
17
20
30
29
29
44
44
43
44
33
37
40
23
34
20
11
11
12
11
9
14
4
3
9
17
11
10
19
18
7
12
17
-6
-22
-9
-4
1
1
-8
-3
-14
-9
-20
-19
-20
-17
-19
-13
-10
-16
-17
-19
-22
-16
-8
-5
1
-2
9
4
-6
-2
-12
-19
-14
-5
-6
-13
-20
-19
-26
-27
-19
-16
-17
-15
-14
-22
-17
-10
-20
-17
-7
-3
-14
-17
-15
-11
-13
-13
-10
-11
-11
-10
-7
5
4
4
5
18
15
15
26
14
13
18
18
15
15
18
23
15
9
18
15
16
19
8
9
6
-7
-9
-4
-1
3
-16
-5
-6
-13
-12
-10
0
3
-8
-7
-8
-10
-13
-19
-12
-23
-20
-28
-36
-32
-41
-39
-39
-31
-18
-17
-11
2
4
4
18
21
16
9
10
6
5
6
14
13
1
21
37
50
57
58
53
44
42
47
60
48
51
43
30
20
16
26
13
11
5
8
0
-1
6
6
1
-2
-5
-7
-13
-27
-26
-23
-35
-33
-27
-31
-23
-25
-25
-26
-24
-20
-21
-22
-29
-34
-31
-33
-29
-26
-31
-25
-22
-15
-9
0
1
1
1
-2
10
3
-5
14
9
0
12
9
9
10
2
3
1
6
-4
-2
-5
-12
0
-16
-22
-16
-16
-15
-10
-11
-11
-22
-28
-13
-15
-14
-13
-6
-12
-14
-10
-15
-18
-17
-7
-13
-2
3
4
15
13
12
16
23
25
29
36
26
28
29
33
23
18
39
34
41
37
42
41
26
29
23
30
28
22
30
25
16
10
12
9
2
5
9
5
7
-2
2
2
-6
7
8
-2
-3
-2
-10
-15
-15
-10
-9
-9
4
7
9
7
5
6
4
12
8
4
13
16
12
12
16
8
-3
4
0
4
8
2
3
2
6
3
1
-1
2
0
-11
-15
-15
-23
-24
-11
-11
-12
-19
-27
-27
-38
-52
-47
-42
-45
-44
-41
-35
-38
-40
-35
-30
-27
-30
-29
-34
-28
-27
-24
-22
-24
-17
-10
-15
-7
-2
-3
-3
-3
2
2
-3
-7
-9
-12
-14
-13
-10
-4
1
0
3
3
9
8
16
19
23
30
22
13
21
20
19
19
9
15
12
5
17
19
10
12
18
14
19
11
15
18
6
12
19
15
13
23
17
16
19
21
20
22
22
20
21
19
14
16
18
16
26
24
21
19
18
19
17
13
12
11
10
8
2
5
3
6
9
8
15
8
3
17
9
11
11
8
10
0
-2
-4
4
3
-1
-1
1
-6
-12
-10
-6
-7
-6
-11
-19
-8
-16
-21
-11
-8
-14
-15
-21
-26
-30
-28
-28
-28
-27
-21
-14
-15
-17
-14
-20
-23
-21
-22
-27
-29
-36
-34
-27
-30
-24
-15
-17
-15
-9
-11
-13
-11
-11
-18
-10
-14
-17
-13
-17
-20
-13
-13
-21
-16
-7
1
-7
-3
1
-2
-3
-1
-8
-2
-9
-6
-3
1
4
-1
9
14
17
26
32
23
21
25
21
18
14
15
15
10
18
22
29
30
29
34
31
30
27
25
28
23
16
17
11
9
