-26
-28
-30
-29
-20
-17
-34
-25
-23
-33
-33
-31
-26
-26
-18
-16
-26
-15
-17
-30
-17
-18
-28
-20
-19
-13
-16
-12
-3
-6
-11
-15
-3
-2
-8
8
10
2
0
7
-2
-1
13
2
4
8
2
7
14
18
7
1
10
5
-3
0
8
11
10
19
15
4
9
7
-1
3
9
4
11
6
0
3
1
2
13
15
5
6
15
14
20
21
8
5
3
2
6
7
8
11
6
-2
10
10
6
20
19
12
5
1
4
-4
-4
-3
-7
9
12
0
-6
-8
-6
-2
-4
-5
-9
-11
-9
-13
-10
-4
-12
-15
-7
-6
-8
-14
-8
-8
-9
-5
-12
-12
-4
-2
-6
-7
-13
-10
2
-8
-11
-5
-4
-10
-20
-16
-6
-5
-7
-11
-11
-13
-9
-4
-3
5
1
1
8
-4
-10
-2
10
10
7
1
-2
4
1
3
4
0
9
13
3
3
11
8
1
2
10
11
4
6
9
-4
-2
1
-6
-5
-15
-9
5
3
2
-2
-8
4
12
7
8
4
1
2
4
7
4
0
0
7
6
14
14
4
0
-1
1
2
1
0
7
11
1
5
9
5
7
-4
-7
1
-4
-3
2
0
-4
-4
-3
-1
5
5
0
4
6
3
-9
-8
-6
-13
-10
-10
-4
-8
-11
-6
-13
-13
-1
9
-3
-11
6
10
-3
-4
-5
-7
-4
-9
-10
-1
1
9
6
3
7
5
1
3
10
11
14
20
17
7
-1
6
10
8
4
4
-2
-14
-2
5
10
14
6
12
8
4
3
-5
4
4
-5
-3
-6
0
-2
-14
-13
-5
-11
-18
-8
-10
-11
-2
-12
-10
-7
-5
-3
-8
-4
-9
-10
-12
-14
-7
-5
-8
-10
-10
-4
-6
-9
-10
-22
-20
-8
-2
-3
-7
-1
0
2
2
-4
3
0
-8
1
8
9
5
8
10
1
-1
7
9
14
20
17
11
1
7
12
7
12
14
8
15
19
13
22
14
12
14
7
9
10
3
2
9
11
14
18
7
-1
5
9
2
4
7
1
5
6
-6
7
10
-7
-2
2
3
9
5
3
6
7
10
10
11
12
14
16
9
-2
1
1
2
3
-7
-7
-3
0
4
9
13
3
-4
2
-3
2
2
-7
-7
-6
-2
-10
-2
-1
-7
-3
-10
-7
-8
-18
-20
-10
-11
-26
-20
-15
-12
-8
-17
-19
-12
-20
-21
-22
-22
-14
-16
-12
-15
-16
-13
-9
-1
-7
-3
-5
-10
-3
1
-5
-4
4
7
1
-2
-2
-5
4
5
9
17
8
6
10
16
21
23
30
24
21
21
14
20
25
22
28
27
21
16
16
18
24
29
14
12
21
12
11
13
7
6
22
23
12
16
18
14
13
11
1
2
0
-5
-2
0
0
-3
-1
3
3
-2
-9
-14
-14
-17
-14
-20
-26
-15
-11
-11
-19
-26
-15
-11
-11
-12
-21
-31
-34
-17
-8
-21
-17
-5
-7
-11
-15
-15
-8
-3
-8
-11
-5
3
2
-5
-2
-1
-8
-3
3
-7
2
-3
-2
9
8
14
10
2
1
1
5
3
-8
0
4
-6
5
10
-4
0
7
8
11
5
0
2
-3
-5
-6
-2
-1
4
3
0
11
4
0
2
3
5
-4
3
5
0
7
6
9
5
0
3
7
8
12
10
12
17
12
14
27
23
24
33
25
19
17
21
29
32
25
24
28
18
22
22
16
23
24
20
11
1
14
17
3
3
1
-1
-1
-5
-7
-5
2
-6
-15
-16
-7
1
-9
-14
-11
-11
-19
-22
-17
-19
-17
-24
-30
-28
-21
-22
-26
-26
-22
-9
-24
-36
-33
-32
-19
-26
-27
-14
-24
-24
-20
-24
-14
-13
-9
1
-9
-22
-25
-18
-14
-9
-9
-4
3
-1
0
-1
4
9
12
14
17
8
5
14
12
7
3
13
26
20
19
14
13
13
11
16
5
4
16
24
21
12
16
22
16
24
29
16
16
20
25
35
28
25
26
14
13
19
17
17
18
23
25
17
17
24
12
4
6
2
9
5
-2
2
2
-2
0
1
2
-10
-20
-8
-11
-6
0
-9
-14
-11
-8
-18
-9
3
-7
-9
-15
-26
-23
-21
-17
-20
-24
-21
-27
-35
-27
-16
-13
-22
-29
-20
-14
-12
-12
-4
-1
-9
-2
6
-1
-1
-8
-8
-7
-10
-9
-7
-10
-7
3
-2
-6
-9
-2
-4
-5
8
10
21
22
10
21
18
12
13
16
15
8
13
18
17
3
-1
13
8
10
15
7
5
5
5
0
4
13
2
-2
4
3
3
0
-3
-1
-6
-8
-12
-9
-5
-8
-4
-8
-5
-5
-11
-3
-7
-10
1
-2
-4
1
5
8
4
5
5
-3
0
6
4
6
5
0
2
8
7
0
10
15
13
21
12
10
15
2
-1
1
-5
-9
-4
2
-8
-11
3
-2
-2
7
-1
-7
-1
-7
-14
-12
-13
-7
-2
-4
-7
-10
-8
-10
-9
-1
-7
-7
-5
-8
-11
-17
-15
-14
-4
-3
-7
-7
-19
-19
-17
-20
-19
-20
-16
-8
-6
-14
-10
-12
-14
3
-7
-9
2
-1
14
13
3
13
5
5
10
2
7
14
11
12
19
7
-3
15
15
10
27
22
23
22
0
10
21
11
10
15
26
32
17
13
19
10
6
21
20
6
13
19
3
1
10
2
-4
6
13
-4
-3
7
-6
-2
-4
-7
-8
-15
0
-5
-21
-6
-7
-26
-16
2
-14
-20
-12
-25
-21
-7
-17
-16
-11
-19
-6
-5
-13
-8
-22
-27
-9
-13
-21
-6
-9
-14
-3
-5
-17
-1
-5
-12
1
-9
-11
1
-2
7
6
-15
4
7
-17
10
14
-3
18
9
-4
18
11
-5
16
17
4
18
11
-1
9
5
-1
12
13
13
7
1
6
8
2
-5
2
5
-1
6
6
1
1
1
5
-3
-13
-2
3
3
1
-9
-3
-1
-11
-11
-8
-9
-2
0
-16
-5
10
-6
-11
-4
0
-6
-10
-2
8
3
-4
2
-4
-9
1
-2
-1
-5
-13
-7
-5
-6
10
9
-6
6
-6
-16
4
-6
-15
4
0
-9
8
7
3
12
-4
-3
11
-6
-3
19
6
-6
7
5
-17
0
1
-19
17
-6
-20
33
-8
-17
37
-14
-16
37
-22
-23
39
-25
-23
45
-26
-13
44
-36
-9
34
-45
-7
34
-43
-1
41
-45
9
39
-73
12
38
-66
42
29
-71
53
12
-76
68
19
-63
81
-4
-64
98
-34
-59
117
-48
-15
127
-72
3
108
-70
26
103
-75
39
95
-100
44
83
-103
76
66
-117
84
37
-122
86
7
-119
113
-9
-122
131
-50
-113
153
-82
-81
146
-113
-39
118
-138
-2
97
-147
12
69
-147
43
58
-156
61
23
-143
104
-12
-129
113
-38
-93
109
-64
-69
105
-78
-44
108
-107
-36
101
-117
6
91
-134
39
60
-136
90
37
-132
134
7
-110
164
-58
-76
171
-112
-14
156
-126
39
106
-135
73
63
-119
126
36
-101
135
-25
-68
135
-64
-34
99
-88
15
70
-82
30
20
-54
36
5
-30
25
11
-31
9
25
-28
2
18
-22
6
6
-20
6
10
-28
2
26
-28
27
12
-57
69
-19
-64
96
-63
-30
95
-100
22
78
-115
60
30
-104
92
-23
-60
107
-78
-6
103
-101
50
43
-101
97
-37
-39
108
-103
37
51
-113
104
-29
-88
114
-94
-7
93
-120
85
22
-125
142
-45
-66
162
-120
-8
139
-174
69
75
-173
138
-35
-116
166
-113
-34
117
-140
53
50
-118
94
-39
-44
110
-103
68
31
-107
165
-112
-22
154
-204
114
41
-201
223
-98
-98
246
-224
76
128
-220
216
-83
-48
178
-200
149
5
-127
212
-142
38
119
-192
165
-36
-128
184
-149
25
111
-141
102
-8
-25
55
-21
52
-78
73
32
-125
155
-109
-64
151
-187
61
64
-146
94
0
-78
28
40
-78
-17
106
-143
25
131
-184
95
79
-207
137
46
-199
185
-14
-217
258
-116
-134
288
-230
-4
192
-225
94
58
-122
82
-6
-38
-9
52
-47
-31
156
-180
68
120
-254
239
-62
-143
246
-196
47
85
-89
75
-15
56
-80
106
-12
-104
248
-212
90
143
-289
299
-113
-97
280
-294
194
1
-159
251
-223
125
5
-116
181
-147
97
-6
-50
108
-115
85
-35
-10
69
-99
151
-120
47
64
-190
251
-206
76
88
-229
300
-243
100
60
-225
253
-254
145
-21
-138
280
-332
220
-24
-195
327
-301
194
-23
-148
242
-282
242
-141
-41
199
-364
342
-206
-71
276
-361
241
-72
-113
181
-178
119
-58
-8
42
-115
150
-149
60
-9
-78
102
-165
133
-168
86
-26
-155
281
-367
267
-36
-194
390
-389
250
22
-222
376
-354
160
89
-315
363
-261
42
161
-285
263
-162
15
91
-174
203
-172
110
61
-199
277
-180
-7
182
-225
138
16
-131
140
-61
-68
131
-126
19
110
-176
190
-49
-56
246
-274
235
27
-251
448
-347
112
260
-458
493
-274
-80
363
-524
465
-190
-136
405
-494
384
-132
-135
371
-411
348
-41
-238
405
-359
131
180
-366
320
-101
-143
243
-114
-48
106
9
-198
238
-76
-208
328
-232
-40
208
-204
7
183
-239
13
208
-389
246
36
-324
458
-356
82
189
-365
422
-353
152
116
-362
426
-315
30
215
-323
136
84
-281
284
-8
-280
436
-358
21
276
-357
243
-20
-139
54
25
-69
4
84
-158
18
9
-82
-32
170
-145
15
229
-344
229
34
-206
233
-56
-50
27
32
-91
18
63
-99
37
-1
-4
-14
34
-4
-43
53
-38
-11
127
-14
-73
274
-228
-23
328
-491
355
32
-408
461
-331
-53
241
-234
71
219
-299
90
195
-418
439
-109
-145
237
-203
120
-69
112
-67
-45
170
-225
66
134
-258
220
10
-307
369
-279
-8
261
-323
281
-105
-102
229
-252
191
91
-365
393
-155
-259
583
-497
126
311
-624
451
-99
-336
604
-355
-111
460
-547
158
314
-414
249
108
-265
156
88
-155
96
55
-158
-63
238
-252
48
372
-621
443
-2
-509
607
-332
-25
270
-167
-41
173
-122
-101
348
-416
258
20
-213
347
-196
87
-24
-36
-102
69
-9
11
72
-61
154
-252
234
-190
34
164
-357
480
-348
108
232
-399
340
-160
-71
54
-45
28
43
87
-126
10
-98
-7
49
-61
138
-74
16
144
-117
81
-18
-92
80
-13
-31
123
-62
-31
62
-118
18
-74
-5
-8
-22
29
-44
17
-31
-49
53
-67
-5
82
-80
157
-70
36
43
-109
91
-217
195
-94
5
187
-283
276
-304
43
158
-383
276
-161
-9
129
-57
-8
-33
43
-132
110
68
-118
145
83
-255
152
-109
-146
210
-104
113
-117
108
14
-123
304
-206
-48
145
-22
-13
110
60
-140
52
-6
17
-62
97
116
-113
180
-25
-161
132
-127
-83
149
-231
114
23
-109
302
-353
101
55
-328
492
-289
210
207
-502
452
-252
-109
273
-169
128
200
-179
193
86
-471
360
-265
-145
324
-310
154
-50
-75
70
-193
84
-103
-146
351
-46
-111
363
-438
-92
214
-331
336
2
-2
284
-93
73
104
-117
-2
90
-243
212
16
-243
401
-240
-169
105
-265
19
98
54
-5
112
-113
-120
83
-151
-26
216
-49
51
149
-115
84
65
-172
-203
132
-331
123
389
-402
238
-173
-259
225
-165
222
105
-29
149
-31
102
-88
43
-68
-24
84
-119
197
-148
149
35
-175
152
-289
49
101
-49
33
-32
23
-86
-22
-10
-71
-25
55
17
229
-56
31
232
-409
189
-30
-311
415
-122
-13
295
-172
-3
-59
-72
28
-76
265
-98
-181
157
-183
43
174
-167
119
56
8
259
73
94
-146
-116
108
-141
62
6
-267
40
-99
96
119
-162
-52
-136
105
-45
95
158
-192
-31
121
-88
-72
249
-224
-40
294
-316
151
233
-274
64
-35
-37
-10
62
125
-134
124
-12
100
115
-206
137
-99
-26
87
-96
104
-90
17
55
-165
-5
21
-21
153
54
-32
-48
8
-25
-248
93
-61
-145
245
-53
-229
-148
-66
-2
126
152
14
40
-100
198
155
-64
362
19
46
400
-93
25
180
-283
179
111
-232
142
-245
-77
45
-297
-207
-175
-164
47
247
-176
-215
-209
-250
213
74
-20
-83
-171
106
174
329
95
-21
126
-9
352
326
161
154
-124
84
58
20
232
-98
-142
187
-129
-182
46
-334
-106
176
-308
-275
-126
-332
110
160
-234
-86
-191
-43
224
24
-80
-63
-188
72
307
147
242
-16
-103
77
82
251
269
222
92
123
62
-107
-42
-19
134
75
-23
-104
-258
-11
50
-84
-115
-203
-173
43
133
-115
-210
-141
-166
-70
-33
-87
-91
-50
88
147
103
4
1
62
70
306
316
-18
64
71
52
352
168
-72
-12
-79
37
216
56
-99
-162
-258
-150
-136
-78
5
-126
-32
-132
-88
70
-77
37
13
-80
-87
-32
79
-10
98
178
-90
-130
60
-59
61
295
-16
-16
91
-104
42
94
-52
36
77
64
66
21
34
-56
-75
12
-53
-38
-37
-171
-91
-54
-116
-64
-57
-209
-179
-46
-169
-25
-28
-78
-10
-55
70
56
94
110
75
168
166
170
245
212
136
97
55
77
127
183
203
69
-47
-33
-118
-18
80
-178
-28
-227
-458
-92
-275
-108
-7
-283
-146
-233
-196
36
40
-17
89
124
-2
89
49
43
201
148
217
154
45
156
128
123
70
-68
-69
-36
72
122
91
-2
-254
-274
-36
42
104
177
-58
-112
-35
-46
109
-18
-11
176
37
113
109
-112
29
9
0
210
85
23
33
-67
-21
-4
-19
54
-7
-31
68
-9
-103
-80
-111
-113
-3
-60
-98
-54
-213
-212
-92
-230
-160
-1
-150
-88
-114
-212
-96
-167
-126
-23
-45
-39
-50
-58
-33
61
133
139
127
13
9
108
35
151
159
25
123
8
54
206
97
145
134
92
93
87
115
-5
36
-13
-19
77
-49
94
49
-44
69
-22
10
27
-12
19
62
58
31
33
-24
82
102
126
203
27
68
161
89
129
167
80
45
82
83
92
142
148
3
10
-65
-146
9
-67
-64
-89
-113
-149
-282
-128
-183
-251
-124
-201
-236
-104
-163
-257
-154
-203
-186
-42
-145
-221
-242
-230
-163
-196
-146
-250
-277
-143
-242
-179
-194
-348
-259
-294
-311
-205
-277
-308
-319
-346
-169
-88
-105
-25
-37
-11
168
218
197
253
318
515
663
787
850
807
916
1019
1058
1175
1303
1202
1318
1491
1325
1367
1443
1297
1305
1405
1130
1028
920
488
465
74
-603
-766
-1048
-1261
-1142
-1468
-2140
-2506
-2823
-2790
-2391
-2421
-2541
-2644
-2818
-2559
-2133
-1857
-1476
-1280
-1010
-407
-28
274
572
689
953
1457
1900
2148
2195
2138
2201
2375
2478
2547
2377
2036
1854
1659
1450
1162
770
321
-107
-418
-736
-1015
-1311
-1638
-1984
-2267
-2424
-2526
-2538
-2434
-2380
-2413
-2200
-2047
-1854
-1363
-1045
-698
-380
-144
241
544
896
1334
1597
1861
2150
2309
2478
2523
2474
2615
2613
2629
2800
2725
2599
2415
2333
2218
1968
1915
1646
1496
1644
1316
943
271
-1225
-1844
-1629
-1530
-1214
-1509
-2893
-4175
-4589
-4318
-3464
-3022
-3426
-3868
-4212
-4005
-3223
-2529
-2192
-2019
-1566
-819
-27
321
513
743
1072
2042
2858
3087
2901
2451
2427
2874
3354
3500
3422
2948
2305
2206
2000
1562
1153
723
553
368
123
-320
-1160
-1892
-2257
-2273
-2037
-1984
-2330
-2731
-3081
-3400
-3202
-2675
-2398
-2023
-1596
-1485
-1392
-1201
-900
-387
238
804
1161
1216
1148
1224
1529
2001
2320
2500
2555
2206
1930
1917
1860
1925
2130
2144
2030
1808
1499
1405
1303
1326
1524
1575
1532
1400
994
462
-243
-1234
-1358
-904
-778
-605
-1151
-2663
-3754
-3783
-3112
-2161
-1844
-2457
-3208
-3745
-3591
-2636
-1800
-1608
-1527
-1247
-917
-416
7
237
422
831
1607
2256
2266
1871
1576
1678
2283
2894
3082
2822
2126
1580
1644
1640
1345
1154
853
557
540
282
-456
-1269
-1840
-1820
-1289
-974
-1398
-2310
-3110
-3274
-2594
-1727
-1339
-1583
-2062
-2049
-1559
-819
-243
-142
-116
75
486
951
1159
1108
1124
1427
1851
2213
2179
1653
1280
1343
1714
2066
2096
1872
1377
1195
1550
1770
1818
1672
1395
1515
1810
1738
1456
732
-761
-1266
-461
-79
47
-326
-1943
-3360
-3456
-2759
-1797
-1661
-2568
-3380
-3796
-3622
-2678
-1898
-1962
-2186
-2100
-1547
-825
-612
-382
-56
155
885
1677
1633
1171
1046
1296
2095
2879
2759
2429
1963
1424
1746
2214
2001
1561
1045
637
632
658
344
-220
-844
-1273
-1181
-939
-1203
-1959
-2600
-2785
-2583
-1985
-1572
-1826
-2280
-2443
-2063
-1260
-557
-329
-421
-419
-202
366
1022
1279
1335
1388
1592
1972
2140
2035
1872
1907
2173
2417
2458
2258
1881
1671
2058
2467
2262
1888
1532
1439
1990
2238
1841
800
-1053
-1877
-940
-39
50
-633
-2632
-4415
-4290
-3123
-1789
-1659
-3089
-4272
-4557
-4012
-2636
-1678
-1894
-2289
-2275
-1592
-534
-266
-204
291
683
1396
2248
2102
1401
1288
1845
2818
3583
3346
2571
1956
1675
2123
2707
2339
1495
738
203
349
501
78
-484
-1282
-1892
-1742
-1548
-1829
-2330
-2888
-3285
-3078
-2491
-2229
-2263
-2326
-2356
-2026
-1348
-745
-397
-262
-61
379
881
1248
1527
1763
1857
2115
2494
2623
2506
2287
2296
2451
2477
2406
2239
2006
1799
1866
2131
2021
1600
1257
1183
1430
1449
1202
766
-615
-2011
-1842
-1034
-747
-817
-1707
-3494
-4515
-4109
-2879
-1874
-2265
-3327
-4068
-4259
-3456
-2103
-1327
-1467
-1848
-1736
-884
-104
148
655
986
1025
1741
2378
2131
1787
1872
2373
3075
3396
3162
2675
2020
1822
2310
2438
2055
1399
559
188
179
135
50
-493
-1445
-1967
-1861
-1727
-1837
-2115
-2710
-3318
-3189
-2617
-2303
-2202
-2257
-2392
-2181
-1549
-943
-579
-415
-297
106
678
1097
1435
1622
1620
1813
2263
2544
2539
2382
2248
2330
2382
2429
2519
2299
1964
1851
1952
2004
1776
1652
1682
1520
1334
1233
810
-466
-1550
-1428
-956
-661
-675
-1620
-3317
-4298
-3890
-2699
-1836
-2242
-3367
-4206
-4326
-3452
-2070
-1372
-1737
-2300
-2158
-1277
-416
114
589
689
659
1313
2015
2045
1816
1862
2352
2900
3210
3237
2828
2192
1992
2368
2580
2303
1731
1040
587
478
510
437
-51
-884
-1489
-1601
-1582
-1707
-1906
-2371
-2986
-3102
-2860
-2720
-2514
-2423
-2579
-2401
-1983
-1676
-1258
-937
-718
-329
80
555
933
1124
1348
1636
1962
2268
2447
2404
2303
2268
2272
2454
2581
2540
2438
2171
1982
2045
2069
1989
2043
1915
1597
1394
1146
488
-503
-925
-818
-748
-637
-901
-2058
-3306
-3690
-3232
-2416
-2186
-2688
-3506
-4270
-4178
-3236
-2300
-2035
-2318
-2572
-2345
-1652
-935
-291
54
40
319
937
1401
1555
1579
1828
2268
2675
3055
3171
2764
2305
2420
2698
2731
2618
2132
1537
1191
1080
1158
929
302
-315
-741
-905
-936
-1160
-1651
-2182
-2620
-2756
-2513
-2302
-2391
-2600
-2667
-2577
-2341
-1837
-1385
-1237
-1092
-774
-367
16
469
850
981
1222
1597
1856
2078
2230
2170
2176
2383
2502
2569
2586
2326
2068
2073
2165
2227
2108
1802
1560
1472
1421
1292
915
-35
-926
-956
-612
-397
-435
-1210
-2549
-3297
-3049
-2303
-1790
-1991
-2836
-3770
-4016
-3431
-2574
-2139
-2264
-2575
-2630
-2112
-1400
-927
-662
-528
-311
231
902
1148
1109
1174
1409
2006
2607
2879
2802
2340
2117
2390
2612
2622
2501
2034
1551
1502
1438
1235
932
380
-7
-167
-374
-612
-1006
-1589
-2060
-2167
-2089
-2106
-2199
-2424
-2729
-2801
-2518
-2130
-1906
-1745
-1604
-1423
-1014
-538
-141
150
340
624
1068
1486
1736
1817
1869
1945
2122
2430
2560
2401
2130
1991
2033
2074
2098
2069
1866
1615
1486
1409
1302
1067
842
691
225
-224
-295
-318
-385
-433
-782
-1440
-1933
-2049
-1777
-1575
-1734
-2092
-2623
-2956
-2805
-2438
-2180
-2116
-2231
-2260
-1936
-1544
-1319
-1095
-903
-764
-344
159
428
520
527
766
1163
1510
1852
1934
1722
1613
1686
1819
1958
1898
1696
1577
1462
1427
1366
1064
700
406
282
297
169
-248
-748
-1145
-1360
-1278
-1173
-1345
-1681
-2039
-2155
-1939
-1708
-1496
-1372
-1392
-1263
-962
-649
-409
-255
-91
178
548
861
970
870
766
852
1091
1384
1543
1420
1134
920
952
1132
1237
1237
1135
895
773
894
936
812
743
782
868
968
989
669
164
-48
116
446
650
406
-209
-802
-1038
-825
-568
-605
-939
-1436
-1737
-1666
-1482
-1456
-1602
-1780
-1855
-1667
-1337
-1155
-1180
-1264
-1148
-801
-411
-165
-138
-236
-191
135
562
848
864
765
736
911
1211
1402
1392
1181
1010
1068
1180
1141
962
690
429
426
522
421
208
-96
-460
-579
-503
-514
-603
-759
-945
-1012
-941
-838
-822
-838
-825
-782
-620
-407
-363
-418
-387
-357
-292
-88
57
68
31
31
119
236
312
355
377
316
297
441
547
556
615
657
642
689
753
768
800
770
706
806
944
1013
1083
1069
894
633
528
632
696
706
672
449
97
-137
-166
-183
-295
-421
-595
-805
-915
-970
-1023
-1096
-1212
-1241
-1178
-1147
-1130
-1114
-1106
-1003
-850
-723
-554
-508
-528
-379
-193
-35
149
258
221
230
306
327
413
474
437
480
527
497
437
347
286
279
316
361
346
232
143
143
140
163
127
24
2
27
-15
-42
-79
-292
-433
-363
-297
-322
-412
-531
-684
-748
-648
-551
-529
-553
-612
-615
-583
-544
-394
-254
-205
-145
-94
-64
-4
55
129
286
404
522
675
754
782
830
919
1024
1143
1194
1201
1154
1073
1096
1150
1160
1082
957
849
801
843
812
708
555
298
142
134
76
-19
-160
-365
-511
-634
-686
-706
-860
-1004
-1064
-1115
-1130
-1100
-1116
-1224
-1292
-1253
-1142
-1013
-925
-820
-790
-768
-601
-446
-366
-259
-189
-172
-21
152
273
396
395
409
531
633
778
875
808
797
837
846
891
876
761
602
488
409
332
217
54
-84
-283
-416
-493
-675
-812
-907
-976
-969
-966
-993
-1051
-1101
-1109
-1017
-873
-805
-740
-680
-623
-468
-241
-20
122
210
266
351
511
662
785
853
889
914
935
981
988
998
1039
1059
1110
1123
1091
1057
1004
976
948
923
893
817
743
659
528
418
331
201
105
58
-63
-209
-332
-521
-667
-715
-793
-872
-892
-915
-979
-1043
-1097
-1111
-1093
-1053
-933
-852
-822
-718
-590
-471
-352
-228
-130
-61
94
272
350
411
524
583
640
744
745
679
670
650
622
634
579
448
338
282
204
89
1
-113
-255
-327
-334
-375
-476
-599
-710
-774
-781
-752
-750
-811
-901
-960
-948
-866
-771
-747
-728
-706
-696
-585
-405
-295
-254
-174
-74
40
173
296
411
457
534
694
828
897
937
1025
1049
1040
1113
1160
1144
1121
1087
1046
966
870
807
701
583
507
422
306
143
-20
-151
-257
-340
-396
-446
-550
-643
-679
-719
-731
-708
-705
-719
-672
-597
-554
-487
-457
-431
-352
-265
-114
16
77
140
201
269
365
484
573
579
522
510
528
547
597
590
526
458
386
352
367
287
167
110
37
-12
-55
-149
-261
-391
-468
-453
-471
-557
-640
-726
-826
-881
-879
-886
-933
-964
-916
-886
-875
-799
-745
-702
-606
-525
-452
-360
-268
-175
-56
55
147
245
344
458
535
601
708
772
813
878
900
879
902
899
844
833
785
712
691
633
542
419
252
131
69
-4
-67
-126
-265
-398
-465
-498
-510
-525
-521
-536
-570
-557
-516
-461
-401
-324
-248
-228
-198
-136
-81
15
140
242
321
376
389
385
418
476
533
571
587
550
496
496
488
506
517
475
457
410
352
327
286
231
186
139
66
-3
-79
-153
-216
-292
-330
-358
-461
-530
-536
-599
-642
-628
-643
-640
-605
-607
-632
-634
-640
-609
-513
-442
-418
-359
-302
-269
-197
-113
-61
-31
27
143
218
251
282
288
283
293
342
381
353
305
289
284
282
265
204
143
80
46
50
40
5
-66
-113
-139
-193
-202
-186
-229
-288
-296
-262
-249
-233
-187
-169
-200
-204
-146
-106
-84
-41
7
37
74
130
166
182
214
284
345
399
435
406
388
428
467
487
507
486
440
459
488
463
397
355
308
242
260
252
169
108
44
-27
-48
-57
-117
-176
-231
-279
-287
-300
-311
-319
-375
-418
-409
-389
-361
-347
-342
-341
-337
-300
-228
-181
-182
-157
-121
-100
-44
23
43
44
56
71
90
93
78
99
105
101
143
150
80
29
8
-42
-60
-43
-57
-86
-119
-149
-144
-136
-159
-185
-215
-238
-249
-234
-197
-189
-188
-173
-163
-150
-144
-124
-96
-71
-17
46
83
74
58
35
14
47
89
105
136
153
138
176
222
229
235
220
204
205
194
203
209
188
209
243
261
277
225
151
123
108
143
203
192
135
93
41
29
55
41
-16
-70
-80
-61
-29
-34
-80
-122
-135
-86
-34
-22
-21
-56
-90
-66
-16
17
9
6
10
10
24
22
-7
-40
-53
-45
-32
-34
-41
-40
-64
-90
-75
-70
-79
-82
-94
-94
-109
-118
-95
-94
-94
-73
-49
-28
-5
-6
-15
-16
-35
-27
0
-13
-14
-15
-46
-61
-71
-89
-91
-83
-40
39
90
42
-89
-328
-656
-783
-637
-311
128
477
601
475
177
-97
-235
-224
-78
145
324
384
348
216
60
-43
-82
-31
69
159
218
237
200
100
-21
-128
-172
-93
90
259
360
402
347
225
102
-19
-122
-194
-199
-126
-30
40
71
22
-82
-162
-193
-182
-122
-72
-59
-46
-71
-116
-131
-145
-119
-38
39
85
92
48
-15
-72
-85
-34
34
104
161
158
131
126
111
70
16
-9
-1
24
79
124
125
111
91
57
38
24
-5
-14
9
49
70
52
-4
-90
-180
-227
-214
-194
-173
-138
-138
-190
-253
-298
-328
-312
-231
-145
-66
-24
-21
-48
-90
-93
-62
-14
53
121
187
244
270
272
253
221
209
211
213
216
222
216
201
192
187
181
180
156
106
62
19
-28
-54
-63
-59
-71
-97
-120
-140
-160
-163
-161
-193
-206
-203
-203
-175
-146
-122
-96
-103
-119
-83
-56
-35
8
42
68
88
104
116
110
49
1
13
13
43
88
101
101
98
104
97
76
37
-8
-18
6
53
102
129
130
116
109
117
118
115
82
60
44
-12
-43
-84
-175
-262
-306
-300
-287
-267
-287
-404
-489
-478
-374
-159
81
253
324
291
191
104
78
110
195
328
445
481
439
305
126
-45
-181
-233
-226
-194
-150
-107
-72
-60
-61
-65
-72
-57
4
80
153
237
269
232
182
100
-31
-132
-178
-153
-80
0
63
33
-66
-176
-262
-268
-216
-142
-61
-17
1
42
82
97
109
117
98
82
75
62
70
55
27
35
27
24
36
12
-72
-239
-390
-436
-389
-239
-27
132
182
153
56
-66
-130
-167
-151
-38
97
200
273
278
184
46
-71
-127
-97
-8
76
117
78
-29
-154
-237
-222
-117
40
216
310
316
259
135
34
-18
-30
19
92
163
216
245
217
129
31
-78
-154
-137
-78
-19
13
8
-34
-112
-150
-150
-116
-26
50
110
136
106
47
-31
-94
-121
-96
-37
36
146
201
171
114
-8
-145
-194
-152
-65
28
105
109
37
-33
-76
-61
-9
28
43
25
2
8
64
119
99
39
-31
-122
-173
-160
-116
-52
-12
0
-1
-61
-184
-288
-325
-320
-237
-95
-13
-4
-64
-167
-226
-194
-78
74
203
237
169
61
-20
-23
66
198
293
288
202
96
5
-5
51
129
219
239
186
106
15
-48
-78
-73
-54
-17
52
108
129
75
-40
-158
-243
-242
-182
-97
-13
-40
-117
-159
-168
-109
-18
39
30
-5
-17
2
68
115
109
112
98
99
161
182
172
158
101
31
-23
-53
-50
16
122
198
196
74
-85
-187
-225
-121
57
159
198
165
55
-75
-185
-225
-185
-108
-11
65
55
-25
-102
-198
-278
-278
-264
-221
-114
-36
-9
-10
-69
-168
-207
-154
-54
67
148
182
223
212
191
199
163
127
89
39
-7
-15
59
153
232
203
21
-119
-172
-157
10
187
222
140
-4
-147
-245
-229
-94
57
156
203
200
77
-130
-276
-395
-455
-343
-162
16
185
249
191
50
-134
-246
-198
-52
161
363
432
404
273
101
-11
-123
-191
-141
-23
134
285
329
191
-47
-269
-422
-409
-237
13
256
349
339
238
-15
-204
-274
-273
-138
26
123
159
145
73
-62
-214
-348
-431
-395
-268
-73
115
167
177
115
-65
-182
-199
-160
-12
205
367
415
346
171
-35
-169
-205
-148
33
195
242
217
54
-217
-403
-429
-320
-127
83
218
152
-6
-100
-163
-173
-105
13
147
215
226
201
127
27
-53
-63
-47
-24
71
118
72
51
-28
-102
-67
-17
42
78
97
126
117
118
150
174
164
113
61
5
-44
-70
-73
-46
-31
-24
15
7
-61
-89
-168
-254
-222
-155
-29
125
181
209
160
16
-121
-207
-177
-66
96
189
148
46
-95
-188
-210
-179
-85
19
88
111
56
6
-14
-50
5
45
24
35
32
11
56
135
120
59
8
-22
-11
-15
-66
-68
-53
-57
36
131
109
40
-54
-154
-186
-166
-93
11
60
20
-62
-141
-207
-196
-132
-86
-23
18
1
21
95
48
-34
-18
-6
-12
79
250
265
203
188
117
-10
-70
0
72
73
123
114
33
-12
-133
-117
-24
-59
14
127
73
-7
-43
-33
-3
-5
47
19
-82
-134
-55
-26
-92
-20
-28
-74
-30
-64
-109
-74
-106
-51
74
32
112
148
11
-9
21
-16
14
141
186
110
69
38
-92
-85
17
47
57
105
101
38
41
-18
-125
-154
-107
-116
-2
113
74
139
102
-24
-131
-210
-199
-167
-8
154
96
65
32
-207
-311
-290
-266
-140
50
182
210
190
58
-167
-227
-151
-139
99
364
398
331
206
-14
-301
-260
-109
-49
185
274
98
120
18
-187
-116
-114
-102
46
133
135
172
105
-46
-153
-205
-104
4
51
144
141
-72
-81
-75
-261
-200
-86
-103
45
215
170
201
91
-175
-192
-169
-127
90
297
296
228
156
-36
-234
-155
-67
1
201
283
276
150
74
-48
-221
-144
-36
-13
107
209
125
58
35
-60
-203
-210
-170
-152
-28
68
145
128
-10
-70
-169
-286
-206
-210
-108
120
180
249
213
4
-236
-264
-235
-108
188
248
301
325
30
-160
-154
-294
-279
20
189
179
275
246
-41
-168
-228
-270
-218
-45
179
184
169
125
-107
-251
-229
-173
-100
55
197
56
102
142
-204
-182
-55
-154
-61
178
207
124
132
90
-18
-53
-86
-75
80
24
133
238
-39
46
12
-156
-37
-22
-56
-45
66
71
31
97
-25
-21
-9
-121
33
23
41
182
94
31
41
-148
-209
18
8
40
171
178
10
-49
-6
-153
-125
-52
40
65
163
284
21
-48
-74
-200
-174
-41
112
28
18
42
-40
-129
-168
-20
-56
-97
164
137
-37
123
73
-129
-7
9
-108
-43
2
16
46
-23
-90
-12
-85
-167
100
16
6
211
-11
-4
81
-129
-84
156
16
43
191
-47
-46
27
-105
12
63
-124
68
91
-141
-8
-37
-251
-121
70
-23
25
155
-15
-96
-40
-52
-9
-121
-34
66
-56
108
161
69
23
44
-54
-113
85
105
75
232
217
-7
-41
-63
-19
-2
101
277
95
136
100
-138
-87
-149
-169
-47
31
132
81
11
-30
-185
-188
-168
-21
77
-16
123
35
-100
-33
-52
-63
-25
68
54
-52
51
7
-168
-62
-37
-149
-142
-2
-1
-4
161
139
-8
-7
-12
-45
3
116
201
80
94
178
-47
-128
-26
-97
-40
88
61
36
-65
-221
-243
-197
-190
-45
79
85
95
113
55
-96
12
-49
-87
107
45
99
90
0
42
-47
-143
-119
10
-1
-8
158
76
-40
14
-21
-53
-43
66
147
101
200
239
85
-1
20
-40
-140
-58
110
-51
-56
134
-115
-49
39
-105
2
-4
-16
-4
130
102
-47
171
-10
-148
44
-56
-55
-24
67
51
-91
-35
-44
-189
-112
74
-15
18
75
68
-86
-43
78
-151
123
188
81
153
48
74
-83
-132
41
-40
-102
27
112
-15
-117
120
6
-248
33
65
-120
17
72
-9
-114
-7
105
-225
-36
128
-196
-15
126
26
-111
17
81
-278
-61
92
-108
71
167
67
-54
-8
27
-116
-6
173
34
9
148
47
14
-20
60
-13
-166
143
24
-4
203
38
-57
8
-29
-209
-19
62
-166
67
176
-65
101
-5
-228
-42
-225
-146
184
13
36
238
-110
-240
28
-139
-236
157
201
-68
95
110
-69
-82
-43
83
13
-94
160
117
-113
137
107
-101
73
70
-139
-29
89
-46
-2
131
72
31
-18
-25
44
-128
-179
44
-11
-132
69
168
-60
-183
40
-52
-264
49
69
-142
39
227
30
-122
143
-85
-354
31
44
-120
153
297
25
-18
151
-161
-265
98
-18
-47
246
142
75
9
-42
78
-125
-136
174
135
-42
192
310
-138
-82
190
-244
-112
205
-51
56
168
128
-78
-193
10
-239
-286
132
135
-95
54
222
-209
-304
132
-129
-276
310
270
-45
159
199
-141
-246
163
89
-130
249
220
-44
27
6
-126
-95
-27
-38
54
185
-41
-14
125
-224
-190
-34
-101
-26
57
98
68
-35
-83
-92
-55
-84
-80
84
76
-35
-9
93
-60
-166
18
-5
-106
45
122
-32
3
57
-66
-30
24
2
-12
31
36
-7
57
0
-9
53
-36
-88
5
-21
-119
80
103
-61
28
6
-122
-79
68
28
-31
129
15
-76
19
-10
-69
-127
82
-6
-160
160
-16
-206
101
-15
-237
15
61
-127
76
200
-14
10
86
-23
-1
20
32
96
-7
103
167
-86
32
-31
-232
-37
36
-29
63
191
-55
-82
32
-246
-105
23
-141
96
135
-62
51
58
-175
-79
89
-132
-51
249
-21
-70
248
-47
-181
32
-7
-82
7
299
111
-8
234
24
-117
-86
-37
-96
-91
250
130
41
227
-63
-193
-9
-75
-137
53
179
29
27
209
-128
-198
94
-238
-123
184
-17
47
147
8
-145
-54
-103
-228
72
-5
-52
233
-8
-75
154
20
-174
-6
191
-115
33
395
-63
-116
174
-116
-202
40
54
76
24
12
96
-57
-156
-8
113
-129
-48
233
-50
-75
112
-18
-71
-22
33
13
-52
-7
-56
-151
-45
-6
-110
39
130
-116
37
134
-192
3
116
-102
-13
159
35
-74
136
23
-153
24
58
-91
1
152
14
-40
47
-34
-185
-70
71
5
91
163
126
-2
-53
87
-16
-74
55
106
-58
-88
163
-102
-240
95
-79
-201
96
54
-145
-26
29
-130
-78
-6
-81
67
4
-23
198
-78
-109
144
-74
-102
123
41
-33
80
48
-68
8
-70
-112
119
-57
-45
272
-8
-119
120
-52
-170
9
87
5
20
78
-33
11
-46
-135
52
-85
-144
94
38
-18
2
36
-26
-186
-55
-38
-185
0
192
20
41
183
-108
-123
78
-114
-35
194
-10
87
227
-6
13
-39
-79
-61
-88
127
130
33
135
54
-117
-47
-35
-136
33
106
-38
173
179
-145
6
-8
-276
-109
-47
-35
133
54
120
110
-141
-173
-81
-112
-110
154
148
10
71
-49
-105
-36
-61
-12
82
65
107
196
56
12
17
-147
-112
1
24
59
127
127
26
-26
-84
-111
-130
-59
79
44
57
79
31
-74
-94
-71
-93
4
-11
119
156
-73
-3
10
-176
-149
76
46
-92
158
152
-111
14
62
-128
-100
6
-14
77
71
38
144
-38
-75
68
-81
-64
111
23
-1
182
76
-40
81
-15
-116
-10
20
-12
63
67
8
-10
-92
-59
-94
-86
89
-80
-84
135
-54
-151
45
24
-137
-53
61
6
-24
22
109
28
-77
113
40
-150
112
86
-113
143
117
-141
20
75
-151
-109
63
-51
-59
99
-1
-33
29
-82
-99
-10
-6
-17
60
87
-37
-22
-50
-141
-15
-50
-75
109
63
-42
25
28
-83
-111
-15
-8
-18
71
81
56
72
-21
-58
-18
-51
-23
71
120
15
-6
6
-138
-131
-24
-24
-40
51
102
23
14
32
-31
-63
33
66
93
181
54
45
100
-116
-97
52
-72
-29
127
43
0
-8
-86
-106
-87
-34
7
-7
54
93
11
6
48
-66
-138
69
95
55
211
98
1
-26
-119
-99
-43
-36
30
123
58
58
-2
-94
-69
-94
-10
100
82
107
150
92
-14
-25
-49
-112
-73
2
115
82
-17
79
10
-228
-135
-21
-168
-63
116
68
41
37
3
-116
-107
12
5
85
107
105
84
-16
19
-94
-154
-58
-45
39
86
70
78
18
-55
-65
-83
-43
-19
-35
119
164
36
45
89
-90
-187
-7
-13
-30
93
78
67
-13
-122
-75
-119
-187
-36
42
-30
96
173
-12
12
48
-170
-115
28
-41
63
185
111
49
18
-87
-184
-135
-138
-125
32
68
118
144
20
4
-43
-180
-64
62
26
170
253
138
71
-58
-154
-161
-165
-46
80
55
61
120
-15
-100
-54
-158
-170
-77
-11
83
143
124
45
-35
-167
-192
-107
-69
24
154
184
96
26
-16
-90
-128
-46
49
74
135
197
168
31
-11
-43
-183
-120
13
14
69
122
38
-37
-75
-130
-149
-85
-10
4
116
151
97
118
-7
-72
-56
-107
-71
16
96
81
85
82
-40
-105
-151
-128
-29
-1
87
172
106
75
81
-29
-70
-27
-72
-12
115
93
74
51
-96
-166
-127
-180
-88
75
59
115
133
37
-17
-32
-28
-32
21
64
123
158
110
42
-76
-136
-185
-192
-64
10
10
55
35
-55
-89
-100
-92
-27
60
101
127
160
106
18
-2
-73
-130
-73
-44
11
97
94
53
-5
-71
-112
-88
-13
26
91
121
76
74
16
-74
-70
-61
-99
-64
1
-9
-28
-10
-48
-153
-146
-102
-100
6
86
92
127
85
33
1
-28
24
43
40
96
108
45
45
19
-91
-98
-109
-127
-61
-8
-2
38
46
-69
-70
-20
-61
-29
68
114
66
67
117
36
-54
-14
-22
-75
19
63
47
91
9
-71
-31
-66
-111
-8
56
19
55
50
-28
-32
-64
-62
-1
-11
22
47
26
43
22
-5
7
-31
-3
52
55
122
95
30
34
7
-7
5
43
38
27
50
21
3
-14
-75
-77
-43
-44
-27
50
80
35
40
16
-69
-47
-18
-45
28
75
43
22
-8
-30
-56
-48
-53
-4
21
-23
72
96
-3
-9
-5
-32
-12
35
74
75
51
21
24
22
-56
-78
-25
-53
-59
15
22
-28
-42
-27
-74
-95
0
6
-3
89
75
23
25
2
-16
-4
-2
23
21
-56
-13
10
-73
-27
-14
-81
-31
3
-21
-4
6
-25
-12
0
-1
40
8
10
63
5
-31
32
-5
-75
4
34
-20
10
53
2
-36
33
9
-41
24
25
11
41
11
-44
-39
-37
-55
-27
-8
5
-22
-38
-4
-40
-45
14
28
10
35
67
36
3
24
34
-18
-10
36
26
4
40
41
-27
-11
-29
-52
6
-37
4
74
-10
5
39
-10
0
-7
-23
-11
-15
12
42
48
33
5
36
37
-5
12
-1
-21
-18
-8
23
22
55
54
21
16
-38
-66
-58
-44
-16
14
42
32
15
-10
-24
-15
-45
-56
4
44
48
96
92
39
4
-35
-43
-30
-6
32
93
85
49
37
-28
-58
-56
-75
-38
1
12
59
59
18
-6
-59
-110
-89
-45
-12
49
78
71
59
-11
-76
-66
-99
-107
-20
26
54
71
54
8
-52
-98
-108
-47
-19
28
118
87
67
74
-11
-72
-54
-63
-73
25
91
65
69
50
-37
-97
-106
-141
-90
5
28
66
90
36
-47
-59
-89
-135
-58
11
51
117
129
96
24
-52
-86
-110
-92
-8
57
89
135
98
-13
-88
-138
-137
-111
-43
65
118
113
93
72
-63
-145
-90
-100
-28
114
153
157
133
40
-53
-109
-138
-105
-25
52
119
143
89
21
-28
-83
-89
-66
-39
41
84
81
81
5
-74
-104
-120
-93
-41
32
80
72
57
40
-11
-54
-34
-23
-6
54
83
89
79
61
16
-37
-32
-34
-24
22
44
38
16
-5
-36
-67
-65
-44
-39
-25
24
28
21
45
26
-7
-16
-27
-58
-26
12
-3
10
6
-18
-39
-46
-34
-37
-47
-17
34
35
68
82
33
23
-2
-36
-15
13
16
33
58
25
-23
-42
-70
-84
-80
-67
-20
5
13
38
48
18
1
-27
-56
-28
0
25
52
76
53
0
-14
-42
-81
-70
-41
-29
-14
22
38
9
-28
-45
-67
-58
-15
3
24
49
67
56
5
0
3
-42
-29
49
57
32
64
70
12
-11
-23
-63
-40
-27
-21
39
32
-29
-15
-12
-76
-42
-4
-25
22
49
31
32
26
-1
-11
-1
-13
5
24
19
16
6
13
-10
-43
-26
-30
-33
19
33
19
37
12
7
13
-13
10
17
24
51
34
32
22
-1
-7
-13
-6
-1
16
22
26
15
-12
-9
-20
-21
0
-7
-5
15
3
-9
-13
-35
-30
-18
-10
1
10
17
16
20
6
18
6
-22
23
21
-6
31
31
6
21
5
-26
-6
1
-23
4
17
-22
4
28
-12
10
20
-18
-5
0
-4
3
1
-5
-4
-13
-17
-12
-41
-44
-13
-46
-31
-2
-37
-10
-7
-25
3
1
-17
1
24
12
9
24
20
5
14
8
3
12
3
17
-2
-19
-2
-30
-39
-20
0
8
-11
3
3
-23
-15
-27
-33
-15
-9
7
31
24
8
14
-8
-38
-34
-20
-26
5
41
19
29
23
-19
-14
-16
-22
-4
25
31
21
32
23
14
6
-26
-24
-10
-11
14
24
3
18
4
-18
10
6
12
39
40
32
31
31
5
3
11
2
6
7
15
3
-16
-14
-31
-36
-28
-27
-4
27
31
34
31
14
14
3
-4
23
28
23
37
35
3
-5
-9
-25
-12
2
17
16
13
29
13
1
-6
-20
-5
24
24
32
51
19
0
15
-2
-31
-6
-2
-27
-2
7
-12
-13
-13
-24
-31
-27
-13
-8
-10
8
16
-5
-5
5
-17
-17
-3
-3
6
12
20
20
20
15
2
-1
-4
-12
3
15
-3
1
0
-19
-21
-23
-19
-14
-18
-19
-3
13
2
5
16
0
-13
-13
-11
-28
-24
5
-2
-12
2
-9
-21
-20
-25
-23
-19
-20
-9
12
16
7
0
-22
-39
-28
-4
-2
12
29
27
24
14
12
-6
-21
-16
-7
14
28
33
24
5
-16
-40
-41
-42
-28
10
38
38
16
-4
-37
-47
-41
-50
-19
11
21
28
31
17
-7
-18
-34
-25
-2
22
51
50
25
5
2
-33
-53
-15
-11
0
45
44
26
19
0
-34
-37
-24
-4
21
41
55
32
20
6
-36
-32
-11
0
13
24
23
15
11
7
-9
-20
-16
-2
7
18
38
27
-4
-14
-21
-26
-19
-16
0
10
6
17
4
-10
-3
-1
9
6
10
34
30
19
24
18
9
20
32
28
31
23
0
-2
-11
-17
-6
-7
-18
-8
-8
-34
-27
-19
-26
-16
-11
-4
8
12
26
30
12
13
5
-16
-5
-1
-10
-2
-1
1
5
0
-5
-5
-8
-16
-1
-3
2
29
12
7
22
-3
-15
-6
-20
-21
-7
-16
-19
8
4
-18
1
-11
-35
-14
-6
-9
7
9
15
15
-5
-11
-11
-12
-13
-21
-7
4
-13
-4
8
-14
-21
-11
-29
-26
1
-1
1
18
1
-15
-9
-18
-19
-5
6
20
22
12
15
12
2
-3
-12
-2
13
18
17
5
7
-10
-21
-19
-32
-28
-9
0
0
8
6
-2
-2
-14
-13
0
-5
13
38
23
14
19
-4
-18
-11
-12
2
18
16
23
33
12
-10
-6
-11
-15
6
26
31
27
39
29
4
-1
-9
-9
-7
7
31
31
41
32
5
1
-9
-21
-17
-2
9
17
24
18
-6
-18
-28
-42
-23
-1
15
28
32
33
20
0
-10
-5
-7
-1
25
31
31
41
22
-1
1
-9
-6
10
12
14
16
18
3
-13
-16
-6
2
3
8
5
-2
4
1
-11
-8
-6
-12
-7
3
7
-5
-7
-3
-22
-29
-13
-10
-3
-5
-10
-7
-15
-14
-13
-15
-3
10
9
2
10
12
1
-2
-1
5
-4
0
19
10
-1
6
-11
-28
-8
-6
-11
-4
-8
-12
-7
0
1
-9
-17
-16
-20
-21
-22
-26
-15
-13
-25
-28
-23
-20
-15
-7
-5
-6
4
12
15
9
-7
-11
-14
-22
-3
2
3
29
28
9
1
-2
-8
-14
-4
2
0
8
7
3
5
-3
-11
-15
-10
4
9
12
10
-5
-19
-19
-24
-29
-28
-23
-16
-7
-1
-2
-7
-15
-11
-1
-5
3
13
16
17
18
13
5
12
18
23
22
16
24
17
8
3
-5
0
1
3
13
13
12
15
3
-6
-3
-2
-3
-1
-6
-2
3
-12
-14
1
-14
-23
-3
-16
-17
-1
-7
-2
10
15
18
23
18
6
8
-1
-4
12
18
19
20
25
27
13
0
1
0
-2
9
10
10
11
7
2
-9
-22
-17
-4
-10
-1
22
9
4
6
-4
-10
-14
-19
-14
-4
6
8
-3
-5
-3
-17
-25
-19
-11
-14
-7
7
-10
-22
-3
4
-2
2
10
12
18
21
17
16
6
4
0
-12
-6
10
3
12
19
-12
-3
11
-7
-7
-2
-13
-16
-3
-15
-33
-32
-33
-31
-26
-22
-7
-3
0
5
-1
-6
5
7
9
16
10
10
2
3
6
-2
-3
-3
-1
4
11
6
-5
-4
4
2
1
11
16
15
18
5
-7
0
1
-7
-12
2
11
0
6
0
-16
-14
-16
-26
-13
5
12
9
4
5
-3
-12
-7
-5
-5
-3
8
9
-1
4
3
0
5
-2
2
16
24
21
16
12
5
4
-1
1
18
14
7
19
14
0
1
-3
-6
-3
-1
-1
1
1
-4
-10
-15
-20
-20
-12
-1
-2
-3
11
8
-4
-1
-8
-11
-6
-8
-4
8
16
14
13
12
10
8
1
1
10
6
4
5
-3
6
16
2
-1
10
10
10
14
6
0
8
4
-3
-4
-10
-4
-2
-6
-7
-4
-7
-12
-17
-18
-9
0
7
11
15
17
11
6
0
-8
-8
-2
-4
2
9
12
13
9
1
1
-2
-2
1
6
14
21
23
19
17
13
4
0
-6
-7
1
10
5
4
8
4
-3
0
6
-3
-10
-7
-9
-10
0
2
1
-2
-7
-4
-9
-24
-25
-8
-5
-8
5
14
9
19
23
10
7
4
4
8
14
16
11
10
12
9
5
3
2
3
-5
-16
-12
-9
-11
-8
-3
-7
-2
1
-9
-11
-12
-20
-20
-14
-12
-7
-3
-4
-4
-3
-13
-19
-8
2
-4
-8
2
-2
-5
1
-2
-2
11
2
-8
-1
-1
-4
-4
1
8
9
11
13
5
-3
-5
-13
-22
-19
-15
-13
-7
-1
0
-2
-12
-18
-17
-16
-18
-12
-8
2
5
4
1
-3
-7
-11
-14
-12
-3
1
-4
-7
3
5
1
5
3
4
11
4
1
8
3
0
4
5
7
1
1
19
18
2
2
5
4
6
-1
-5
-2
-3
-9
-9
-12
-14
-12
-10
-9
-9
-3
8
11
12
11
3
6
3
-9
-3
1
-5
-1
5
-1
1
9
10
8
11
10
13
11
9
12
8
7
11
6
5
12
12
1
-4
-8
-13
-15
-12
-10
-7
-4
-6
2
-1
-8
-8
-6
-3
-10
-12
-3
1
5
7
6
1
-8
-9
-4
-7
-6
1
2
-1
3
4
1
5
11
2
-7
-5
-4
-3
-5
1
-1
-5
-2
-1
2
5
1
-5
-6
-4
-5
-4
2
4
-2
-10
-14
-17
-18
-10
-9
-10
-11
-6
-1
3
4
2
0
2
2
-5
-4
1
3
-2
-10
0
11
11
10
11
10
1
-1
2
-4
3
11
11
17
15
8
8
5
0
-5
-6
-8
-1
6
5
2
-4
-9
-3
2
-3
0
3
7
7
-5
-5
2
5
5
8
18
21
12
10
12
4
-4
3
11
20
29
28
17
14
11
-2
-8
-6
-3
10
19
13
14
24
16
6
3
-4
-2
6
11
16
17
9
9
3
-8
-6
-10
-20
-12
-1
-2
-4
3
13
15
5
1
8
9
6
7
12
18
18
10
6
12
13
4
6
13
9
3
4
-1
-10
-15
-10
-10
-13
-5
3
5
10
6
1
4
5
2
5
9
3
-3
-7
-9
-10
-14
-14
-12
-10
-5
-4
-4
-1
-1
-2
-4
-5
-3
4
5
1
4
1
0
6
9
3
5
5
0
-4
-1
7
8
5
5
3
1
-7
-9
-8
-8
-3
-8
-7
-3
-6
-6
-7
-12
-8
0
2
5
12
10
8
-2
-9
-3
0
-8
-6
3
4
3
-2
-6
4
6
1
0
5
7
8
13
10
4
