-2
5
0
-3
-3
-4
-7
-5
-3
-9
-12
-11
-10
-7
-3
4
3
-1
-4
0
4
4
6
4
10
20
9
4
10
5
13
14
6
10
16
11
4
1
3
7
8
6
0
7
7
4
13
7
8
8
-1
7
9
1
-1
5
0
-3
-1
-3
5
6
4
3
-5
-5
1
-5
-12
-8
-1
-3
-6
-4
-5
-5
-12
-9
-9
-26
-11
-4
-6
-3
-12
-7
0
-7
-10
-8
-4
-8
-9
-5
-10
-7
-1
-6
-9
-12
-2
5
5
6
3
1
1
-8
-10
-1
2
-1
3
0
-8
-1
-9
-11
-4
-7
1
0
3
6
0
2
-1
0
8
0
-2
3
2
13
9
1
3
1
10
15
7
5
6
11
17
10
1
1
5
9
5
3
4
1
2
12
10
-4
-5
-4
-4
5
2
-4
0
-2
7
6
-8
-9
-15
-7
-3
-8
-8
-10
-7
-8
-6
1
-1
2
4
-4
-6
5
10
2
3
3
-7
-1
-1
5
4
-14
0
3
1
3
-6
2
-1
-14
-6
-4
-7
-8
-2
2
-1
-7
-9
-3
2
-4
-12
-8
-1
-4
-3
-2
1
4
-10
-12
-2
-3
-1
-5
-1
5
-4
1
-1
-2
8
4
10
12
9
13
16
8
2
4
8
16
14
10
10
0
-1
-1
-1
2
2
-7
-15
-3
-4
-4
2
1
5
6
2
5
8
0
0
-1
3
3
-1
8
11
14
9
8
15
10
5
0
2
9
7
10
11
10
3
3
7
3
10
5
7
13
10
12
9
0
-2
-7
-2
3
-7
-1
-2
-9
1
-6
-17
-1
2
-12
-4
-2
-6
-4
-6
1
-3
-10
0
-6
-15
-6
-8
-6
-6
-1
2
0
-4
-15
-5
-2
-4
1
-6
-4
1
2
0
0
10
-2
-7
5
2
-1
-2
7
4
-4
-4
-6
0
-8
-1
2
-6
-3
5
5
-6
-2
0
0
-2
-5
-6
-5
3
-1
-11
-8
3
5
7
6
4
1
-6
0
-3
-2
7
-3
-4
1
-2
2
3
0
2
3
-5
-4
-3
-3
4
7
8
5
-1
-4
0
4
6
3
7
11
1
5
8
2
5
-2
-10
2
2
-2
1
-1
-4
-2
-6
-12
-2
-2
-11
-11
-7
5
-4
-18
-10
-1
5
3
-3
3
-4
-16
2
5
5
9
1
8
9
-3
1
7
1
1
-1
-9
0
0
5
12
5
8
13
9
0
6
7
-3
-1
-2
0
6
4
3
-7
-3
3
-7
0
-5
-9
-5
-10
-7
2
4
-5
-1
7
6
14
13
3
-1
-2
-1
-4
-2
5
8
-2
-3
-5
-10
1
2
1
-10
-13
1
-2
-3
0
-7
-14
-6
-8
-8
-7
-12
-7
-9
-3
5
-5
-12
-6
-5
-5
-5
-7
0
-1
-11
-6
1
5
5
6
19
5
-5
-4
-12
-6
-5
-7
-4
-3
0
-9
-9
-3
-6
-5
-2
3
5
1
-3
-5
1
6
3
6
11
-3
-2
4
1
6
5
2
0
-2
-5
4
6
-2
9
12
0
-6
-1
-1
2
11
2
-3
4
4
1
4
6
3
3
5
2
-1
3
-4
-9
1
0
-6
-4
-1
0
-3
-4
4
4
2
9
6
-3
2
0
-4
2
-8
-8
-1
-5
1
1
0
0
3
10
3
4
10
4
5
4
-2
0
8
-2
-5
6
-1
-9
-5
-8
-8
-4
-2
-5
-1
-1
-7
-3
-3
3
4
-1
-4
-3
1
0
6
2
-2
4
-1
-5
-5
-1
3
6
3
7
3
1
-2
-9
1
-13
-11
-3
-16
-8
-6
-7
-8
-4
-8
-18
1
5
-2
-2
3
2
-6
6
9
3
10
6
-4
4
6
-3
4
14
3
-3
0
-1
6
1
-4
-6
-4
5
3
1
6
3
5
4
7
4
-7
-4
-8
1
8
-4
-6
-7
-7
-9
-5
0
-3
3
0
-6
-6
-4
-7
-10
0
-1
5
15
6
6
9
2
8
10
6
11
5
6
10
-2
0
4
6
1
-5
8
6
-1
-2
2
6
6
6
8
-5
-3
8
0
1
-3
-5
-3
-10
-4
-4
3
8
3
2
4
5
-3
-4
-2
-5
-4
-5
0
2
-8
-10
-2
1
-6
-6
-2
-7
-13
-7
-8
-11
-5
0
6
3
-4
-6
-11
-8
-2
-2
6
8
8
18
14
1
-6
0
11
9
3
6
-2
4
10
11
14
5
1
-1
5
10
3
5
13
12
12
3
-5
2
-2
-6
-1
-5
-4
-5
-7
-1
-6
-2
1
-5
-1
-3
-8
-4
-5
-7
-4
2
-1
-11
1
7
-2
8
0
-8
2
-2
-2
-6
-9
1
-3
-8
-2
-2
3
-1
-6
4
-1
1
2
-15
-6
7
-3
-10
-4
-5
-15
-1
9
-1
-6
-5
1
5
1
1
-4
-7
-2
-2
-1
5
11
7
1
10
13
7
6
17
14
11
13
13
16
10
6
11
1
3
4
0
10
3
3
11
5
-1
2
7
4
-3
-7
-4
-5
-5
-5
-3
5
3
-2
4
14
8
4
11
1
-1
-4
-8
2
2
-7
-7
-1
7
6
-2
-3
-3
4
-1
0
2
-8
-3
-2
-4
-10
-5
4
-4
3
-3
-13
-9
-17
-10
-6
-8
0
-1
3
3
0
7
7
3
4
-2
-4
2
-4
1
1
-9
-3
-6
-7
2
-4
-9
-14
-12
-8
-8
-13
-12
4
0
-1
-1
-6
2
-9
-5
-11
-13
5
-3
3
-6
-14
15
-2
-19
-5
-2
8
6
2
14
3
2
11
6
12
8
-1
7
3
0
14
4
-5
9
-3
0
14
3
10
18
9
9
8
3
6
14
5
4
3
12
24
8
8
2
-7
14
6
-12
3
-10
-12
8
-5
4
6
1
15
1
7
6
-5
8
-2
0
7
-4
0
4
-11
-3
1
-11
0
-7
-7
-5
-6
0
-8
-13
-13
6
9
-12
-13
1
-5
-8
5
-14
-14
6
-11
-4
-4
-21
11
1
-6
7
-18
4
10
-4
20
10
6
9
-13
5
14
-2
-3
5
5
7
21
-1
8
7
1
17
8
6
5
10
6
9
2
-9
8
-3
10
13
-22
13
12
-21
10
10
4
14
-3
-14
1
-4
0
-5
-13
0
-12
0
12
-11
-6
10
9
1
4
-5
-14
21
-11
2
15
-19
20
-1
2
12
3
-2
-9
-1
-14
12
-2
-3
19
-18
11
18
-4
19
-13
3
14
-13
-1
-4
-5
-11
11
-3
4
3
-17
-3
-23
5
12
-5
-7
8
-2
-13
2
-7
-7
9
1
-6
-6
-18
-16
-2
9
-21
-5
6
-1
-8
-4
9
-22
22
-5
-30
2
-21
-2
4
-9
7
3
3
4
8
7
3
15
-12
8
4
9
6
-15
18
-11
4
5
-11
-9
-6
7
-5
-9
0
13
-9
-13
18
-5
-10
32
-10
0
28
-14
-9
25
-8
0
48
-10
7
-9
-1
29
-17
19
-13
6
22
-7
18
11
-12
-28
16
1
-34
42
-7
-5
19
-27
28
-9
0
5
8
-5
-27
34
-2
10
-11
1
25
-15
22
30
1
8
27
-2
-24
19
10
11
-11
-9
34
-43
11
0
8
12
-45
48
6
-7
-23
23
4
-47
44
-18
19
11
-44
62
-6
-59
44
18
-29
42
17
-41
40
-50
1
61
-75
43
18
-30
-21
16
14
-70
25
23
-35
-41
46
-7
-60
64
-30
-8
47
-59
23
40
-33
-33
30
-10
-59
45
-31
13
-17
-48
76
-42
-25
10
-3
7
-7
-20
35
8
-77
46
14
-23
13
-18
15
-14
-26
55
-14
-31
27
-16
-18
69
-52
-15
116
-145
43
78
-143
50
38
-46
7
18
-19
7
-10
13
55
-39
2
31
-33
7
-15
17
48
-49
3
39
21
-45
-6
105
-50
-65
112
11
-101
51
9
-17
16
-43
35
13
-36
-18
39
1
-93
79
38
-101
83
-33
-47
80
-74
-3
92
-75
-41
134
-75
-57
143
-68
-80
95
-10
-52
24
1
2
-8
-33
26
35
-67
-19
80
-36
-75
107
44
-101
76
34
-97
98
-10
-82
155
-67
-99
175
-86
-65
144
-84
29
43
-99
108
-11
-104
139
-2
-161
153
47
-219
138
93
-197
72
54
-91
5
-19
15
-30
-53
85
-36
-61
132
-119
-36
203
-183
3
165
-154
38
55
-22
46
-80
77
40
-125
70
27
-107
55
28
-102
72
7
-90
93
-30
-56
78
-59
-5
7
21
-18
-42
95
-66
-62
81
10
-70
5
119
-86
-84
183
-136
-90
183
-141
-63
180
-64
-75
108
-3
-97
5
51
-35
-22
52
19
-60
93
-45
-81
192
-152
-48
243
-243
48
190
-304
134
132
-217
58
195
-147
-93
311
-161
-172
287
-184
-143
283
-152
-86
337
-230
-123
391
-380
-6
385
-512
160
326
-444
88
272
-217
-119
209
46
-240
138
169
-295
116
100
-238
131
72
-108
90
105
-66
1
25
-51
30
-54
-1
99
-49
-17
33
71
-121
-39
211
-265
37
283
-269
-55
281
-164
-228
333
-104
-167
246
-82
25
31
-127
96
-77
-54
25
62
63
-119
200
-143
-67
255
-388
114
306
-422
121
286
-335
52
189
-198
67
78
-127
79
106
-228
5
184
-275
-10
225
-151
41
133
-143
97
-1
-267
282
-46
-368
519
-226
-228
530
-469
86
347
-490
202
269
-472
58
386
-439
-97
390
-207
-156
247
31
-128
59
-11
-36
-71
-43
2
47
78
-147
102
179
-277
53
210
-233
80
88
-152
209
-124
-180
394
-227
-261
472
-51
-321
296
174
-398
71
265
-286
9
245
-174
92
163
-340
209
122
-478
228
257
-395
108
222
-118
-105
77
174
-182
57
135
-87
26
70
-144
17
249
-372
-1
516
-399
-164
549
-174
-398
310
177
-467
79
412
-455
43
423
-536
224
302
-613
357
188
-484
276
109
-226
96
38
-49
47
33
-82
84
93
-206
-10
238
-298
-47
318
-338
110
158
-350
276
-11
-322
255
-50
-154
37
101
-35
-181
208
18
-127
113
82
-100
20
124
-114
-37
131
-111
-105
235
27
-352
394
148
-663
552
109
-697
550
-38
-383
498
-283
28
224
-319
191
-28
-19
35
19
18
9
70
-223
183
71
-316
234
110
-256
131
83
-156
-5
53
-200
85
201
-341
298
163
-504
463
-164
-331
523
-349
7
315
-161
19
19
2
23
-118
-17
183
-48
-118
159
63
-157
-50
-8
96
-91
-62
120
65
-73
-187
240
4
-301
141
126
47
-99
10
385
-418
-14
300
-397
266
33
-325
519
-129
-545
597
-108
-548
429
78
-314
204
-5
37
10
-352
403
-87
-360
517
-144
-71
229
-311
293
1
-465
479
81
-555
424
154
-534
354
-10
-412
498
-125
-345
492
45
-470
190
450
-523
-45
501
-462
96
195
-372
447
-207
-273
487
-262
-15
39
-30
235
-500
294
250
-689
568
28
-404
499
-120
-159
101
145
-180
-127
476
-325
-158
534
-319
-172
336
-126
-157
3
294
-203
-288
414
-199
-252
189
-9
-143
175
-29
-82
405
-361
-183
569
-497
-63
512
-314
239
37
-175
353
-206
-217
265
-56
-138
77
89
-20
-99
-54
-87
123
-227
-127
470
-176
-249
392
-30
-466
272
129
-432
503
128
-384
690
-236
-420
660
-536
11
259
-305
494
-484
160
297
-786
352
-141
-294
367
-346
312
56
-318
340
-376
199
-10
-299
737
-229
-166
612
-309
-281
444
-246
-326
627
-196
-380
684
-311
-463
453
-123
-345
136
291
-258
-105
513
-494
63
415
-727
555
62
-355
526
-135
42
-177
92
43
-390
465
-144
-178
439
-344
-114
261
-228
-141
222
98
-304
194
152
-411
273
167
-359
207
255
-314
48
400
-288
-352
589
-253
-482
799
-268
-355
489
-108
-338
133
213
-526
246
423
-579
362
203
-607
276
164
-353
186
218
-207
102
226
-377
132
219
-539
346
297
-456
157
165
-219
-141
26
135
-358
40
483
-480
222
322
-684
171
250
-310
-160
462
195
-586
454
351
-554
45
204
-68
53
-8
80
118
-369
-28
268
-277
17
134
-247
220
71
-347
196
59
-481
17
333
-140
-73
438
-63
-158
372
-341
42
256
-503
461
182
-389
326
-180
-91
85
-185
343
-234
-226
414
-282
-138
255
-280
-164
179
19
67
101
153
-213
-51
344
-363
53
189
-131
171
9
154
14
-274
-104
242
-33
-470
482
107
-723
542
145
-655
278
175
-493
186
611
-406
-237
607
-209
-560
535
308
-622
99
625
-149
-396
317
162
-755
69
614
-434
-75
440
-310
-164
149
-48
-118
-198
155
41
45
164
-84
58
-40
-172
74
153
-25
-120
145
308
-330
-154
487
-534
-76
628
-513
272
290
-584
228
157
-260
-133
80
251
-284
85
615
-376
-309
278
-78
-337
190
467
-456
15
488
-359
-200
156
109
-260
-74
441
19
-364
35
407
-252
-356
481
51
-416
301
196
-245
78
-155
-163
238
-170
-3
249
-213
43
12
-151
230
-179
-227
384
-42
-240
354
14
-312
192
245
-324
-28
522
-382
-166
641
-450
-362
513
-158
-274
495
52
-561
192
154
-467
142
283
-209
11
216
84
-176
-174
182
-100
-93
455
-29
-154
143
-122
-26
-20
85
14
-142
204
63
-75
-100
-56
-56
-182
218
13
-133
311
-176
-168
351
-339
-269
369
-109
-60
452
-19
-341
215
20
-384
267
284
-317
100
264
-175
-72
63
-117
-61
158
-60
56
307
-266
-260
337
-168
-427
377
207
-367
259
278
-450
68
211
-462
168
499
-405
-16
516
-408
-375
443
34
-332
259
223
-327
-42
192
-227
-65
265
-153
-159
342
-34
-341
194
125
-240
38
230
-31
-90
41
-32
-13
25
-52
18
104
34
-122
41
108
-274
-74
113
-44
21
-21
79
-21
-157
49
-8
10
62
-64
128
108
-86
42
-6
-144
-37
198
105
-69
248
34
-373
108
158
-290
50
186
-163
7
99
-72
-79
78
-19
-128
236
43
-248
170
110
-241
30
149
-159
-35
162
-36
-29
166
-63
-192
156
-23
-188
128
107
-60
-57
107
39
-47
127
5
-27
84
-64
-20
139
80
-80
-67
103
51
-154
37
178
-167
-103
154
4
-137
-15
-32
-146
91
42
-139
74
47
-158
20
144
-65
-160
-72
71
29
-44
56
-2
-120
-106
11
62
-41
-45
-37
28
22
-100
-15
-60
-45
-46
-53
219
-39
-172
112
-31
-102
-16
53
-18
-75
93
23
-21
45
-31
-19
85
31
-32
84
16
-38
81
32
11
11
-45
23
85
111
83
0
51
-67
-93
181
112
29
94
71
5
-82
75
143
-26
42
155
40
-99
-23
36
-145
24
168
-85
-40
17
-135
-79
74
-22
-135
19
16
-70
25
-4
-24
-130
-100
142
0
-8
100
-37
-88
-60
25
17
-37
14
1
-17
-30
-94
15
-6
-71
90
-36
-36
82
-144
-57
128
-117
-63
110
-77
-105
24
-24
-50
53
-79
-109
-2
-152
-110
15
-34
-70
-89
-23
-78
-95
-40
-87
-65
-35
24
-33
-48
-11
-117
-3
137
33
70
87
4
-5
51
79
20
119
90
76
154
23
45
52
-5
92
137
130
39
-25
77
41
4
179
193
57
43
140
113
58
173
153
145
186
83
164
199
74
219
240
118
173
78
80
217
124
138
206
73
25
89
98
64
89
52
-41
-48
-42
-67
-74
-57
-119
-230
-242
-231
-310
-269
-247
-323
-349
-445
-499
-476
-491
-493
-444
-525
-552
-548
-648
-569
-524
-547
-535
-507
-464
-535
-477
-366
-441
-302
-180
-227
-90
-58
-82
13
108
154
162
309
340
333
457
410
411
500
477
511
606
562
482
497
463
437
532
545
496
535
420
399
453
434
515
438
400
438
316
318
458
451
417
465
411
408
462
426
525
530
449
556
562
622
721
671
659
602
549
687
863
923
802
406
-114
-432
-373
-120
92
-35
-690
-1445
-1914
-1923
-1585
-1371
-1486
-1889
-2408
-2695
-2504
-2153
-2016
-1931
-1895
-1885
-1606
-1262
-999
-763
-719
-417
34
304
698
781
666
876
1089
1461
1867
1939
1823
1498
1267
1227
1324
1469
1492
1215
648
267
-28
-191
8
1
-357
-676
-976
-1301
-1297
-1158
-1252
-1273
-1309
-1361
-1228
-1054
-989
-948
-764
-600
-247
137
232
323
375
501
794
1110
1335
1315
1253
1302
1341
1438
1499
1482
1443
1345
1373
1283
1056
933
835
884
1044
1116
977
800
682
617
663
712
795
958
1024
1085
971
199
-593
-709
-253
402
787
396
-940
-2238
-2617
-1956
-879
-513
-1083
-2303
-3354
-3387
-2619
-1602
-1115
-1512
-2151
-2304
-1935
-1318
-644
-348
-428
-348
29
420
678
806
751
832
1341
1912
2122
2014
1593
1014
977
1380
1751
1941
1524
680
-21
-280
-153
83
175
-257
-995
-1512
-1751
-1753
-1636
-1702
-1907
-2090
-2185
-2118
-2019
-1942
-1901
-1746
-1425
-1070
-818
-732
-589
-305
22
469
917
1043
1027
1192
1390
1617
1918
1976
1888
1902
1864
1812
1859
1874
1674
1423
1433
1370
1303
1410
1279
1157
1034
854
1031
1192
1100
957
770
825
1211
1654
1880
1314
64
-921
-905
160
1316
1439
259
-1697
-3225
-3088
-1493
-150
-217
-1597
-3595
-4640
-3947
-2415
-1165
-1049
-2179
-3302
-3290
-2454
-1284
-363
-269
-581
-627
-293
266
710
865
951
1260
1887
2379
2499
2268
1727
1437
1733
2332
2732
2553
1838
946
367
352
580
731
462
-335
-1128
-1626
-1792
-1779
-1826
-1958
-2335
-2657
-2742
-2796
-2814
-2860
-2715
-2450
-2135
-1726
-1552
-1481
-1326
-972
-335
341
761
883
946
1026
1329
1838
2210
2336
2258
2229
2361
2491
2573
2470
2171
1921
1772
1805
1891
1750
1473
1190
940
793
855
1028
1081
853
476
255
341
779
1300
1425
715
-668
-1622
-1294
-54
1103
1248
-127
-2252
-3510
-2993
-1187
261
7
-1704
-3698
-4564
-3600
-1770
-475
-596
-1982
-3178
-3178
-2106
-695
245
320
-335
-803
-589
17
726
1184
1355
1469
1663
1902
2023
1990
1817
1690
1906
2350
2553
2246
1602
915
567
713
1078
1154
574
-407
-1276
-1570
-1379
-1150
-1205
-1827
-2606
-3078
-3080
-2664
-2431
-2466
-2629
-2841
-2696
-2319
-1990
-1696
-1539
-1273
-739
-165
269
441
535
714
1111
1717
2141
2262
2177
2130
2334
2643
2859
2817
2512
2195
2137
2329
2538
2521
2148
1630
1246
1146
1345
1594
1604
1255
631
177
279
771
1244
1308
524
-900
-1882
-1598
-368
735
685
-779
-2752
-3944
-3379
-1483
-117
-497
-2279
-4210
-4887
-3752
-1803
-477
-685
-2203
-3463
-3358
-2054
-365
660
568
-193
-895
-771
258
1324
1894
1986
1775
1597
1699
2103
2450
2439
2292
2189
2224
2304
2131
1737
1235
837
739
852
878
452
-353
-1117
-1554
-1614
-1486
-1540
-1968
-2579
-3112
-3250
-2980
-2711
-2626
-2713
-2859
-2864
-2654
-2206
-1755
-1451
-1144
-788
-365
24
345
670
1015
1430
1926
2335
2472
2533
2613
2763
3112
3273
3140
2875
2553
2419
2539
2708
2580
2189
1698
1189
1014
1100
1178
1165
789
136
-312
-312
34
518
702
58
-1168
-2144
-2142
-1065
141
429
-543
-2294
-3612
-3450
-1926
-378
-190
-1445
-3196
-4161
-3554
-1889
-366
-115
-1266
-2677
-3062
-2112
-559
707
1020
248
-763
-956
-151
1060
1936
2080
1663
1139
1051
1575
2208
2485
2259
1818
1608
1627
1706
1681
1392
952
668
647
693
484
-129
-820
-1196
-1288
-1165
-1144
-1562
-2192
-2732
-2865
-2563
-2239
-2160
-2379
-2683
-2802
-2579
-2035
-1550
-1316
-1211
-1082
-788
-277
267
635
905
1132
1352
1767
2188
2389
2533
2637
2720
2820
2851
2789
2609
2448
2455
2482
2449
2221
1796
1374
1064
970
1002
1046
884
398
-97
-339
-294
15
312
168
-534
-1416
-1849
-1489
-650
-51
-196
-1175
-2370
-2830
-2185
-938
-175
-447
-1537
-2686
-2958
-2189
-925
-76
-250
-1159
-1946
-1942
-1153
-20
780
741
49
-546
-526
91
995
1537
1447
1001
630
665
1074
1580
1693
1394
1041
818
823
957
955
703
344
59
-8
21
-95
-402
-783
-1050
-1143
-1142
-1164
-1348
-1706
-1970
-2027
-1925
-1746
-1669
-1748
-1879
-1886
-1748
-1428
-1029
-803
-649
-487
-343
-77
285
615
917
1154
1355
1568
1748
1907
2060
2188
2287
2313
2273
2215
2073
1911
1892
1890
1765
1578
1312
936
644
580
619
567
325
-37
-424
-661
-654
-502
-352
-416
-627
-771
-840
-843
-816
-749
-629
-538
-457
-405
-498
-684
-736
-566
-269
-55
-123
-374
-654
-761
-566
-218
60
-3
-304
-540
-591
-372
-15
224
232
-7
-288
-293
-51
228
416
372
165
2
-23
210
465
422
202
-19
-132
-60
96
109
-119
-449
-697
-707
-504
-381
-493
-742
-1008
-1113
-1010
-819
-707
-823
-1055
-1166
-1065
-868
-677
-526
-545
-640
-558
-297
-13
185
255
230
269
451
705
923
1013
961
908
1029
1227
1392
1483
1382
1213
1087
1053
1115
1130
1085
961
783
627
548
519
459
335
132
-44
-207
-293
-215
-212
-315
-411
-522
-533
-453
-367
-311
-348
-373
-304
-78
153
184
154
95
99
319
589
785
793
635
473
418
572
723
746
671
452
206
94
116
177
176
43
-177
-384
-522
-524
-413
-398
-500
-620
-781
-850
-794
-757
-716
-703
-793
-868
-893
-941
-946
-900
-875
-866
-851
-881
-961
-943
-842
-757
-654
-603
-626
-641
-584
-450
-326
-249
-235
-199
-92
30
179
269
253
208
234
372
525
601
598
523
467
530
673
823
891
826
732
667
649
741
796
747
693
559
444
439
407
402
387
234
84
-25
-113
-154
-165
-174
-234
-316
-348
-330
-308
-296
-259
-239
-221
-145
-42
72
108
119
199
282
391
515
622
684
685
716
788
834
877
875
838
806
731
729
743
689
628
487
356
282
188
130
75
-55
-207
-318
-408
-465
-506
-592
-668
-735
-797
-805
-829
-874
-911
-915
-877
-850
-842
-890
-940
-939
-885
-740
-622
-581
-594
-652
-659
-564
-449
-359
-293
-301
-315
-268
-184
-91
-31
-22
-37
-22
37
145
242
263
222
149
188
289
361
477
486
354
256
239
321
438
470
404
267
139
99
180
296
280
138
-35
-163
-179
-101
-7
9
-92
-192
-198
-154
-106
-68
-63
-87
-59
51
148
175
174
159
179
292
439
550
567
510
506
559
648
750
754
709
654
586
596
637
638
591
509
446
371
299
245
173
93
17
-8
-42
-142
-253
-371
-449
-451
-420
-384
-387
-500
-646
-690
-635
-545
-456
-435
-532
-662
-703
-600
-447
-319
-279
-359
-418
-405
-341
-218
-126
-156
-220
-233
-234
-188
-109
-73
-82
-99
-118
-129
-85
-50
-44
-25
-50
-48
-36
-19
39
34
36
64
78
140
177
159
147
142
140
171
229
217
173
153
92
84
126
135
138
116
48
-44
-72
-49
-33
-9
-35
-74
-81
-83
-35
33
36
28
65
119
181
207
203
225
280
363
441
446
402
341
325
426
537
548
468
383
295
238
263
280
244
151
50
-9
-54
-87
-115
-147
-189
-276
-356
-360
-336
-337
-344
-334
-342
-350
-305
-246
-209
-207
-192
-144
-95
-43
-1
21
28
17
40
85
118
142
141
115
75
56
43
48
69
22
-53
-70
-87
-92
-72
-92
-156
-225
-251
-228
-206
-214
-248
-274
-284
-259
-211
-182
-177
-176
-167
-131
-80
-50
-44
-52
-48
-38
-8
41
43
58
53
9
4
17
35
53
83
75
14
-13
-9
35
89
105
93
69
64
73
131
206
212
204
194
168
158
156
168
189
209
217
206
201
166
132
136
124
134
131
70
43
4
-76
-109
-110
-143
-164
-174
-220
-279
-330
-348
-331
-302
-285
-282
-276
-267
-219
-162
-119
-77
-59
-24
53
130
171
199
233
244
281
328
341
346
317
295
308
303
281
244
201
168
139
122
104
60
11
-6
-29
-64
-87
-135
-173
-181
-173
-142
-129
-143
-165
-187
-192
-160
-112
-63
-60
-112
-146
-151
-117
-32
28
12
-37
-82
-69
-22
22
62
34
-16
-42
-53
-9
25
23
16
-1
-6
13
54
89
78
71
83
68
50
76
110
113
117
128
111
100
115
124
121
100
47
22
6
-34
-38
-48
-90
-129
-180
-235
-262
-258
-259
-282
-308
-329
-350
-334
-307
-291
-238
-203
-193
-160
-111
-62
-16
58
128
146
154
179
222
271
325
354
336
302
287
315
343
337
298
225
161
137
148
148
125
72
3
-46
-72
-67
-61
-63
-96
-150
-163
-147
-101
-45
-54
-77
-81
-80
-26
55
81
71
52
40
70
129
147
118
79
39
31
56
84
87
45
-12
-62
-71
-39
-30
-45
-81
-126
-151
-130
-70
-45
-43
-68
-103
-82
-45
23
62
34
6
-21
10
57
76
83
50
26
17
5
-11
-32
-58
-104
-137
-159
-208
-248
-287
-326
-327
-317
-305
-294
-308
-342
-359
-332
-286
-243
-190
-147
-129
-113
-79
-21
29
71
120
155
174
184
189
218
227
222
260
283
266
215
167
160
169
190
214
180
120
79
44
54
75
62
50
27
-25
-44
-8
30
41
42
37
14
8
41
82
116
136
146
164
170
162
160
148
154
170
172
179
172
125
88
87
83
77
61
26
-7
-26
-28
-17
-26
-50
-72
-90
-71
-38
-29
-42
-52
-40
-30
-21
-7
-25
-48
-41
-24
-9
-5
-17
-44
-71
-72
-72
-91
-104
-140
-182
-191
-208
-231
-235
-245
-245
-239
-262
-277
-269
-245
-221
-201
-198
-201
-180
-150
-100
-38
-11
-12
11
35
45
78
109
125
139
140
152
162
135
128
127
92
74
70
62
55
53
22
-29
-49
-55
-47
-33
-34
-39
-55
-51
-11
19
42
56
43
44
80
118
144
165
162
156
169
177
193
190
168
171
187
185
173
149
103
74
91
107
104
80
35
3
-11
-2
21
23
11
-17
-34
-19
2
18
27
30
11
-2
7
15
22
22
27
19
-10
-23
-29
-31
-31
-47
-77
-107
-124
-147
-172
-181
-194
-212
-217
-213
-225
-239
-248
-236
-205
-194
-185
-181
-182
-161
-125
-84
-54
-41
-25
-8
-1
19
45
55
70
70
61
67
65
67
79
74
58
42
22
9
12
20
23
28
14
-12
-16
-27
-40
-23
-9
-4
1
-1
-14
-16
-2
4
21
35
38
60
76
70
63
65
82
92
94
113
104
81
86
90
106
118
117
117
88
53
50
52
73
105
108
90
67
53
63
103
124
118
118
103
86
97
117
120
93
57
54
67
67
59
43
22
-5
-22
-28
-41
-68
-94
-114
-132
-132
-135
-161
-182
-193
-214
-225
-205
-183
-168
-175
-198
-204
-192
-161
-110
-71
-61
-62
-61
-49
-20
14
34
31
19
22
38
67
97
87
62
50
41
39
57
72
64
54
34
13
15
12
2
-3
0
-2
-6
4
4
-24
-60
-77
-73
-64
-46
-34
-27
-22
-28
-18
-3
-7
-20
-3
29
61
67
55
64
68
85
114
128
114
92
97
110
118
126
121
95
62
54
82
107
115
105
84
70
57
57
66
67
55
38
20
11
8
12
9
-11
-43
-59
-44
-38
-48
-64
-104
-135
-132
-112
-104
-104
-119
-149
-152
-141
-129
-112
-107
-122
-130
-114
-85
-62
-57
-77
-98
-96
-64
-7
31
44
24
-6
-22
-23
-3
18
30
36
30
11
8
16
19
11
-5
-15
-26
-34
-31
-25
-22
-23
-49
-80
-89
-84
-64
-41
-26
-33
-49
-50
-33
-12
11
46
43
29
38
41
65
95
97
98
102
108
122
133
133
116
101
100
118
133
127
123
102
75
66
75
86
88
80
58
38
41
58
58
43
28
28
39
56
74
63
44
12
-22
-19
-5
14
30
34
19
-3
-25
-53
-70
-82
-83
-77
-85
-87
-83
-79
-76
-87
-109
-129
-117
-88
-54
-33
-44
-61
-67
-63
-58
-40
-17
-6
6
6
7
11
-4
-21
-23
-28
-45
-46
-26
-6
-1
-10
-38
-84
-95
-75
-66
-56
-68
-85
-85
-80
-61
-52
-57
-66
-75
-64
-32
-7
0
5
9
8
12
30
50
63
73
75
75
74
75
95
114
108
88
68
59
77
90
90
85
63
30
13
33
54
64
64
36
-7
-33
-21
-2
6
5
-8
-31
-54
-54
-46
-32
-31
-42
-39
-33
-10
2
-4
-16
-41
-54
-44
-20
-1
14
28
26
19
2
-22
-49
-56
-19
30
71
84
70
17
-48
-81
-82
-27
40
84
94
56
-7
-65
-96
-78
-25
30
76
115
124
94
39
-79
-226
-276
-202
-40
154
297
321
199
1
-171
-257
-252
-159
-12
133
206
192
127
14
-120
-210
-192
-93
30
148
209
176
70
-69
-173
-198
-137
3
170
288
315
243
113
-22
-116
-144
-97
-2
114
210
242
208
109
-21
-127
-164
-134
-58
56
137
129
51
-55
-150
-211
-192
-120
-41
21
39
26
-19
-88
-152
-177
-154
-107
-26
49
65
19
-56
-123
-159
-143
-79
1
65
81
58
14
-38
-70
-87
-86
-51
-5
40
71
66
33
-23
-83
-104
-78
-30
14
40
41
22
-4
-36
-54
-44
-22
9
54
84
76
37
3
-18
-41
-42
-18
19
61
61
45
32
-3
-32
-42
-27
-10
8
42
57
50
36
29
26
17
15
37
62
77
78
86
89
65
43
49
77
110
134
136
113
77
53
48
55
64
64
68
60
40
24
1
-17
-41
-77
-90
-80
-54
-21
-15
-33
-66
-100
-117
-108
-84
-57
-20
-4
-3
4
-6
-21
-47
-56
-39
-17
13
34
29
11
-7
-15
1
9
-4
-17
-25
-25
-20
1
2
-39
-78
-94
-94
-71
-26
9
11
-3
-31
-55
-61
-55
-28
-4
8
16
25
36
35
17
-2
-17
-27
-10
33
65
75
56
23
-8
-26
-28
-10
19
27
33
35
37
34
1
-12
-8
7
44
75
75
46
0
-34
-38
-24
6
49
85
92
76
57
30
0
-17
-21
-15
-9
-10
-10
-26
-47
-67
-66
-41
-16
19
42
25
-28
-86
-129
-156
-133
-55
30
94
125
103
55
6
-42
-44
-23
15
58
81
94
79
44
-11
-57
-70
-41
15
58
85
58
-11
-77
-130
-147
-123
-75
-28
0
2
-11
-49
-88
-97
-106
-108
-77
-39
1
27
19
-4
-26
-44
-30
17
63
86
93
92
73
50
50
42
20
12
19
16
13
13
14
16
20
26
27
29
39
33
22
16
6
14
41
58
62
56
41
25
21
34
60
69
52
37
9
2
13
19
41
44
31
9
-23
-35
-28
-19
-26
-26
-34
-39
-40
-47
-48
-55
-45
-47
-50
-34
-29
-28
-20
6
17
29
33
10
-15
-40
-44
-43
-29
6
36
67
95
94
54
29
-3
-35
-20
-2
28
53
55
12
-79
-145
-193
-211
-181
-116
-79
-70
-54
-88
-145
-202
-220
-180
-94
30
156
243
247
187
91
-1
-51
-54
11
118
216
269
229
128
10
-112
-173
-149
-61
51
140
168
114
-21
-187
-292
-307
-211
-41
126
237
236
135
8
-115
-185
-149
-47
83
214
291
288
210
85
-16
-63
-52
33
131
203
209
122
-16
-153
-229
-207
-92
34
127
165
113
16
-89
-165
-177
-149
-85
0
63
78
31
-45
-101
-127
-102
-25
73
148
169
141
77
11
-28
-10
58
140
192
197
159
74
-27
-84
-99
-89
-58
-24
-37
-112
-220
-312
-364
-361
-272
-127
4
71
68
12
-61
-133
-154
-92
6
132
242
278
241
162
75
0
-25
6
82
146
163
119
12
-124
-232
-272
-237
-136
-37
34
50
8
-61
-132
-162
-142
-78
3
82
137
126
89
56
36
33
55
101
138
145
114
69
8
-44
-52
-17
46
92
89
48
-15
-78
-112
-92
-40
21
64
68
36
-24
-84
-111
-97
-49
7
46
65
56
26
-8
-40
-62
-35
51
132
178
169
119
44
-16
-17
31
108
147
160
146
79
-21
-105
-143
-152
-107
-38
10
26
-7
-73
-157
-233
-244
-194
-112
-2
70
93
71
-8
-101
-141
-118
-37
95
205
259
229
130
16
-85
-125
-83
-3
65
118
110
48
-22
-118
-188
-182
-149
-99
-19
56
70
29
-28
-85
-142
-156
-73
16
101
178
190
141
53
-9
-36
-36
-8
46
87
96
84
42
-5
-49
-78
-61
-28
-9
11
4
-14
-33
-61
-78
-79
-53
-16
25
47
47
13
-34
-42
-33
3
49
74
63
36
18
21
22
31
91
135
152
160
108
21
-43
-92
-82
-16
37
74
60
7
-56
-120
-153
-136
-117
-91
-29
-9
-27
-63
-114
-140
-144
-116
-38
41
104
143
121
74
20
-32
-32
41
135
187
193
152
63
-30
-66
-67
-65
-26
14
25
2
-43
-95
-157
-191
-204
-183
-107
-28
23
54
62
15
-40
-26
6
48
100
130
128
95
53
37
18
3
17
28
53
77
62
35
6
-38
-66
-66
-76
-69
-31
10
16
-11
-17
-14
-13
16
59
59
29
11
-8
-1
45
68
50
36
47
57
27
-9
-21
-25
-7
40
52
30
17
-17
-50
-56
-81
-61
8
57
87
55
-20
-104
-179
-201
-123
-23
22
52
28
-20
-86
-150
-134
-76
7
101
171
175
111
16
-55
-69
-67
-25
67
144
167
117
34
-48
-158
-216
-169
-80
4
76
124
95
-8
-118
-161
-153
-84
53
132
141
97
1
-62
-81
-112
-105
-52
34
105
89
56
23
-40
-68
-51
-25
35
83
106
144
129
25
-55
-60
-38
17
81
106
74
-1
-36
-61
-115
-119
-72
-23
52
104
86
69
38
4
-8
-35
-28
29
73
150
224
163
68
13
-72
-113
-62
0
66
84
65
38
-67
-162
-168
-173
-121
-11
19
33
58
7
-55
-70
-105
-123
-48
49
110
128
125
91
4
-57
-64
-64
-51
5
61
83
85
61
-11
-88
-72
-61
-61
-6
2
-7
14
6
-9
-53
-106
-87
-61
-63
-33
0
18
49
36
-3
-47
-92
-105
-47
19
39
81
93
59
35
11
-34
-61
-53
-20
25
64
86
47
-1
-14
-49
-77
-57
13
80
98
125
99
1
-71
-89
-89
-73
-29
24
93
92
43
30
-45
-113
-83
-47
-1
73
92
86
99
39
-9
1
-3
29
67
102
96
43
4
-12
-16
-57
-67
-57
-66
-18
20
11
10
-33
-92
-81
-81
-102
-67
-22
24
76
84
82
48
-8
-55
-50
11
29
97
163
140
103
34
-47
-80
-90
-63
13
39
41
56
13
-43
-73
-128
-131
-83
-50
-2
28
10
22
-1
-73
-79
-60
-49
-13
35
46
45
53
53
30
-18
-47
-42
-7
42
85
111
85
43
-17
-55
-56
-52
9
40
61
61
-13
-63
-86
-103
-69
-13
26
45
25
10
6
-41
-61
-39
-29
40
97
106
131
87
-15
-54
-52
-63
8
105
121
106
37
-45
-108
-137
-100
-57
-10
30
19
-13
-19
-75
-154
-129
-81
-56
10
77
78
72
41
-16
-28
-57
-40
49
121
177
150
65
27
-47
-97
-40
-17
4
46
32
60
42
-43
-45
-75
-102
-56
-29
-5
46
39
28
38
-25
-99
-127
-106
-50
4
51
86
62
9
21
13
-35
-22
28
65
116
166
150
101
35
-54
-94
-93
-78
-19
15
30
42
-21
-89
-105
-107
-94
-52
18
72
72
67
60
28
6
-1
32
79
63
104
120
60
52
-13
-45
-20
-43
10
44
-31
-48
-22
-54
-50
-4
-24
-41
-19
-33
-55
-41
-24
-30
-25
-13
28
38
-3
23
33
2
11
-8
12
51
24
58
69
-23
-45
-9
-46
-22
36
24
37
18
-44
-58
-67
-66
-46
-26
7
15
38
37
-10
-14
-27
-68
-27
32
9
3
8
13
-45
-86
-52
-64
-61
-14
47
50
4
1
3
-46
-24
31
34
56
33
20
42
-24
-40
-5
-37
-19
8
-1
-3
-23
-35
-30
-33
-29
5
16
51
122
120
68
42
11
-72
-25
70
46
89
95
12
3
-68
-145
-52
-36
-57
81
68
1
25
-44
-48
-39
-87
10
78
49
108
115
0
-25
-36
-93
-47
12
28
78
66
10
12
-41
-87
-3
-8
-11
95
63
57
74
-31
-49
-65
-130
-54
2
-19
47
73
15
-17
-49
-84
-104
-69
52
114
130
157
89
-22
-85
-96
-66
-22
39
124
116
25
-35
-104
-180
-164
-98
-29
39
62
74
73
-4
-62
-44
-81
-74
68
88
91
150
43
-23
-18
-92
-43
-1
-14
107
100
26
52
-25
-107
-69
-59
-13
47
31
114
108
-34
-42
-49
-158
-134
0
20
51
108
54
13
-36
-95
-70
-31
22
84
120
112
55
-22
-39
-87
-125
-9
41
21
86
82
-30
-52
-48
-97
-81
-13
34
37
62
104
16
-42
-25
-80
-73
1
46
92
93
49
35
-26
-87
-63
-64
-32
41
48
73
45
-26
-33
-29
-76
-96
7
41
29
76
67
-37
-117
-91
-68
-53
27
84
81
68
49
-3
-63
-74
-62
-18
25
81
88
52
52
-32
-107
-82
-71
-21
92
102
75
77
-22
-90
-64
-49
-13
8
58
94
17
-2
26
-65
-99
-37
-59
-15
57
37
53
19
-71
-79
-46
-32
22
102
81
39
13
-12
-9
-6
29
14
0
46
33
-5
-7
11
-27
-47
-32
-14
-17
-17
59
34
-28
-21
-53
-32
30
38
51
55
13
-5
19
25
12
21
27
10
-10
35
32
-24
-3
0
-21
-23
2
2
-32
-16
11
-32
-48
10
-27
-71
0
-21
-43
11
25
22
15
2
-28
-2
30
47
37
18
12
-16
-20
13
43
-6
-7
6
-81
-32
2
-55
28
47
-8
5
6
-15
-9
-28
7
3
-56
44
72
1
-14
-44
-135
-134
-35
-7
70
96
-4
-6
-5
-99
-63
28
-6
30
63
44
47
-13
-1
-15
-58
-29
-33
-13
41
77
47
26
-8
-83
-90
-58
-6
17
51
102
74
53
0
-58
-72
-92
-44
25
97
105
71
49
-31
-80
-98
-10
28
52
120
71
35
-2
-41
-71
-65
-43
-12
30
49
118
54
-27
1
-72
-86
-14
14
34
60
64
37
4
-19
-27
-69
-15
16
-11
63
54
14
16
-6
-81
-102
-26
1
41
119
108
32
1
-23
-63
-51
-2
36
44
76
56
-11
-21
-63
-75
-30
6
25
27
14
2
-51
-63
-63
-92
-32
-26
-37
43
45
-12
51
38
-54
-3
43
36
55
67
37
22
-39
-58
-1
-22
-23
22
17
-26
-21
-66
-40
-18
-92
22
51
-25
33
48
-7
-4
-33
-37
24
-11
66
83
-10
15
-47
-73
-18
-16
-23
1
49
19
0
33
-4
-31
-17
-7
14
23
15
24
24
2
-37
-60
-21
-53
-76
18
29
11
11
48
62
-25
-23
-9
-41
-3
62
92
77
52
24
-48
-72
-25
-17
16
61
46
17
-22
-29
-15
-23
1
-18
-6
26
-13
23
58
-16
-46
-27
-51
-43
-22
33
31
-31
-7
-1
-17
1
56
61
35
25
-13
-30
31
56
25
77
0
-75
-17
-24
-20
-12
-18
-22
-37
-23
15
-1
5
-3
-57
-28
-8
8
30
75
79
-22
-5
-28
-102
-20
25
8
69
55
2
43
-15
-43
-25
-65
-16
16
50
99
37
-30
-37
-96
-142
-31
23
26
69
40
25
0
-62
-55
-26
-29
6
75
81
65
43
-33
-48
-52
-105
-19
62
21
88
102
-18
-45
-53
-70
-1
-15
18
60
19
52
11
-31
-56
-92
-85
-25
17
29
63
37
-3
-41
-71
-70
-25
4
46
91
89
62
9
10
-16
-62
-36
-14
8
76
81
19
17
-48
-105
-65
-35
0
23
88
57
0
14
-52
-57
-38
-44
-9
13
31
52
45
19
4
-53
-61
-4
-25
42
83
53
44
1
-13
-57
-40
-37
-25
38
2
37
36
-17
-10
-40
-73
-7
1
-41
87
59
-21
48
-24
-29
-22
-57
9
6
33
46
28
10
-16
-31
-49
9
0
-3
44
35
-10
18
34
-45
-11
-18
-36
-1
-42
4
35
-17
0
-40
-103
-51
-19
11
88
70
15
37
-6
-68
0
6
-12
40
13
2
22
-20
-34
-35
-51
1
9
-7
55
23
-13
17
2
-21
3
39
30
22
23
-9
-15
-26
-27
20
4
10
-4
-26
-17
-33
-47
-5
35
-10
49
56
-11
12
7
-10
-12
32
22
-34
6
-4
3
27
2
-10
-56
-53
-17
16
50
97
56
-6
4
-81
-52
-2
-32
51
79
40
33
20
-46
-72
-55
-62
-15
13
31
113
110
25
0
-67
-135
-56
11
46
100
93
53
-5
-43
-75
-140
-117
-42
-7
68
126
92
23
-18
-79
-132
-80
-49
6
144
181
107
64
-36
-173
-169
-96
-48
38
132
152
98
31
-38
-153
-170
-110
-52
53
138
145
90
63
-30
-111
-109
-134
-67
31
116
160
125
61
-49
-115
-165
-123
-48
-3
129
149
129
88
-35
-115
-150
-117
-82
10
102
145
147
77
25
-78
-147
-143
-104
-19
70
157
135
102
31
-96
-98
-115
-101
4
81
115
112
96
29
-51
-110
-121
-93
-76
5
97
134
151
103
8
-81
-134
-165
-54
67
81
148
132
51
-24
-91
-121
-126
-96
-30
61
110
116
108
37
-56
-102
-142
-108
-18
35
117
167
93
21
-30
-116
-110
-61
-39
18
58
81
113
77
27
-47
-133
-131
-72
-3
54
124
120
69
30
-47
-104
-141
-124
-39
39
91
125
112
25
-19
-66
-122
-97
-81
-2
109
125
101
73
-8
-96
-108
-107
-76
-37
21
115
109
104
63
-54
-96
-112
-99
-13
65
83
108
92
43
-8
-108
-126
-117
-87
-12
37
115
104
43
10
-58
-100
-106
-95
-22
67
113
152
132
51
-26
-86
-118
-132
-101
-22
48
124
130
91
37
-105
-154
-122
-116
-42
60
104
134
128
45
-34
-109
-170
-141
-60
28
107
141
137
94
-13
-95
-122
-157
-108
15
83
149
174
90
29
-46
-145
-149
-103
-52
45
143
142
118
49
-59
-104
-136
-124
-46
5
60
121
96
49
9
-61
-98
-95
-59
13
59
97
124
93
34
-6
-27
-71
-76
-32
-5
56
100
93
86
19
-59
-70
-105
-111
-32
21
75
122
83
42
-9
-74
-71
-58
-42
-4
48
91
97
90
58
-9
-78
-71
-55
-31
56
86
88
85
42
-29
-79
-82
-93
-62
-17
6
31
56
58
15
-6
-27
-57
-49
-19
34
60
90
72
10
-3
-40
-53
-51
-44
-16
-3
19
36
43
13
-3
-21
-68
-54
-26
1
34
48
41
16
3
-37
-71
-60
-55
-40
-2
34
29
23
14
-26
-47
-59
-34
-8
15
50
44
34
18
-12
-35
-43
-44
-46
-22
5
28
42
32
-1
-38
-57
-64
-41
-7
25
23
8
33
12
-17
-16
-43
-46
-32
-21
32
58
54
50
27
-9
-50
-54
-22
2
23
64
71
14
-16
-11
-47
-59
-38
-29
-12
36
53
40
30
-23
-34
-32
-43
-23
7
58
65
58
60
19
-33
-58
-50
-31
7
44
62
69
54
35
-6
-37
-46
-49
-12
24
59
57
25
23
-26
-70
-75
-59
-21
18
70
87
64
26
-21
-41
-37
-35
-21
21
35
54
70
44
22
-38
-65
-57
-61
-9
30
51
80
59
26
-5
-43
-76
-68
-25
1
33
59
44
25
-4
-44
-59
-73
-69
-17
15
57
71
49
40
-6
-51
-40
-42
-34
21
50
67
65
30
-7
-46
-75
-68
-36
-15
7
41
50
47
21
-31
-63
-96
-93
-37
3
53
99
71
36
3
-43
-66
-61
-34
3
39
74
89
67
30
-16
-52
-89
-103
-51
6
52
89
79
25
-52
-91
-91
-78
-26
31
61
77
68
44
19
-34
-73
-52
-44
-25
40
76
61
37
10
-48
-65
-57
-59
-10
50
65
65
56
23
-23
-50
-48
-56
-48
-3
17
22
52
29
-28
-10
-22
-52
-11
5
-2
19
28
14
12
-10
-37
-26
-25
-3
16
4
9
5
-11
9
12
-11
-5
-5
-29
-18
1
5
19
18
4
-17
-37
-38
-31
-22
-8
10
6
-3
2
-14
-10
12
-13
-23
-7
-16
7
38
34
28
1
-16
-13
-27
-22
-9
-6
19
31
19
6
-14
-27
-33
-30
-20
-12
7
24
32
34
11
-21
-39
-43
-23
9
27
45
46
22
-11
-37
-47
-40
-15
27
65
69
48
30
1
-30
-38
-37
-36
-5
43
58
58
48
-1
-45
-73
-68
-33
11
58
75
72
50
2
-40
-65
-59
-32
7
44
69
68
46
32
-19
-51
-47
-47
-2
40
70
71
50
22
-31
-60
-62
-42
-22
18
56
55
59
28
-25
-43
-61
-62
-33
1
30
58
64
44
21
-17
-52
-62
-53
-17
16
42
56
43
19
-21
-44
-59
-64
-39
-7
34
52
53
47
5
-34
-43
-57
-61
-27
-2
19
47
35
19
1
-37
-63
-60
-58
-42
-2
21
33
45
33
0
-33
-44
-36
-23
-5
17
26
19
25
5
-23
-27
-51
-53
-15
-2
8
26
21
5
-5
-23
-33
-40
-40
-25
-12
7
21
18
13
10
-2
-20
-24
-21
-16
13
27
23
30
10
-1
-4
-12
-8
-10
-7
5
-3
-8
6
-6
-15
-4
1
12
14
2
-14
-10
-2
-4
13
24
19
13
12
10
-14
-28
-22
-8
8
30
44
36
29
20
-3
-21
-22
-20
-6
30
43
48
43
7
-16
-26
-41
-42
-19
19
39
50
50
18
-17
-40
-45
-36
-12
27
47
56
47
19
1
-9
-35
-35
3
34
56
65
51
29
-7
-39
-46
-39
-18
14
41
48
49
34
2
-29
-42
-46
-46
-25
1
21
35
35
11
-7
-12
-18
-3
24
35
40
34
23
9
-7
-17
-31
-33
-6
7
9
27
31
6
-10
-18
-30
-25
-16
-10
6
1
-7
-8
-18
-7
3
-14
-9
2
-9
3
6
-11
-8
-13
-13
-9
-1
15
10
1
-2
-14
-14
-8
0
8
8
8
-11
-31
-27
-36
-38
-26
-28
-14
-4
-4
5
2
-7
-19
-24
-14
-21
-13
7
2
2
10
-2
-12
-13
-14
-8
-4
-2
7
6
-2
-3
-6
-27
-41
-35
-22
-13
1
12
21
18
16
16
-19
-35
-29
-19
0
10
13
9
6
-10
-28
-25
-26
-7
13
20
34
34
20
16
5
-20
-24
-12
-2
15
33
47
45
20
-3
-22
-29
-17
-4
5
13
14
7
4
9
5
3
1
-8
4
19
15
22
27
24
26
21
13
15
20
22
24
15
1
9
13
12
23
18
2
-6
-9
-3
6
6
13
22
16
14
8
1
1
-3
1
14
17
17
23
24
17
10
4
2
1
-3
4
22
27
17
19
6
-6
-2
-10
-9
1
2
7
2
-6
-1
-11
-17
-2
-3
-3
10
4
6
11
0
-6
-16
-24
-12
7
14
17
15
3
-11
-23
-26
-24
-18
-10
2
4
2
9
-10
-30
-24
-20
-13
-5
0
7
6
-6
-16
-25
-33
-19
-8
-7
4
-1
-4
-7
-15
-21
-28
-18
-10
-9
2
7
4
-10
-19
-21
-22
-12
-5
-2
2
8
7
-5
-13
-15
-9
-9
-13
10
20
14
7
-1
-16
-33
-19
-17
-11
3
9
8
-4
13
1
-17
-4
7
6
6
12
14
18
13
5
1
-1
0
-1
-3
-4
8
18
17
24
20
15
11
-4
-4
-1
6
15
14
19
18
5
0
-6
-17
-13
-15
-4
23
32
40
41
27
18
2
-2
-1
2
25
25
24
39
28
2
-17
-26
-35
-28
-6
7
22
35
40
21
1
-4
-10
-1
11
25
29
22
17
3
-9
-23
-31
-20
-13
-3
19
21
13
10
0
-20
-17
-9
-10
12
24
31
30
13
1
-17
-30
-28
-20
-16
-4
2
-1
2
-12
-23
-23
-27
-18
-4
12
28
28
