4
14
16
15
10
9
15
11
1
5
3
-8
-6
6
0
-9
6
8
6
8
-4
-3
-4
-11
-6
-7
-17
-22
-14
-9
-14
-12
-10
-12
-6
-14
-19
-18
-18
-13
-23
-18
-9
-19
-16
-13
-13
-11
-8
-8
-13
-16
-13
-13
-16
-18
-11
-4
-13
-8
-6
-14
-12
-5
-9
-11
-12
-25
-23
-16
-15
-8
-2
-11
-9
-2
-2
-1
1
2
-1
2
9
7
7
11
15
9
3
7
8
6
11
4
4
3
2
19
12
7
20
17
9
12
15
15
15
25
28
18
17
17
14
19
20
15
13
10
10
7
0
6
5
0
8
-6
-5
8
2
0
-2
7
14
8
5
0
3
0
-6
-4
-7
-3
3
3
-3
-10
-8
-14
-14
-4
-5
-9
-6
-6
5
-1
-8
5
-7
-8
0
-2
-4
-11
-15
-16
-18
-18
-13
-21
-17
-12
-22
-15
-14
-12
-11
-17
-9
-9
-13
-12
-12
-10
-11
-14
-19
-8
-5
-11
-8
-5
-15
-7
7
2
7
1
-4
-1
-6
-4
-9
-6
-2
5
10
-4
7
16
3
3
1
8
8
2
7
1
2
6
-1
-1
8
18
13
11
25
16
14
23
11
1
12
15
7
19
18
9
11
12
10
15
17
8
10
7
6
5
4
12
2
0
2
1
7
8
0
2
5
-7
4
8
4
10
-3
1
10
3
-7
-2
-4
-9
2
-8
-5
-2
-11
-2
-7
-13
-13
-11
-15
-12
-2
-7
-8
-6
-15
-21
-13
-7
-10
-9
-13
-11
-8
-10
-7
-13
-14
-11
-14
-11
-9
-3
1
-7
-8
-7
4
10
-3
-5
-4
-7
-2
-2
-3
0
8
8
3
7
6
-2
-4
1
1
-8
2
12
5
2
11
15
3
4
8
9
12
12
11
16
18
4
6
13
8
14
11
6
8
-2
1
13
5
3
11
1
4
10
9
11
3
3
2
-3
0
-2
2
-1
-3
-3
-2
4
4
8
5
3
4
-4
2
-1
-3
0
0
6
6
1
4
6
11
10
5
4
3
-1
2
1
-12
-14
2
-5
-13
0
-10
-8
-1
-14
-8
-10
-18
-15
-14
-9
-13
-22
-16
-21
-25
-15
-18
-21
-12
-13
-19
-16
-11
-15
-7
0
-8
-12
-13
-7
-2
-5
-10
-9
-4
-5
-4
-3
-11
-6
-1
-6
-5
-2
-6
-7
1
9
9
7
5
9
10
0
7
4
6
8
-7
-5
1
4
10
9
8
17
15
14
17
11
12
20
23
16
8
8
9
7
10
15
18
16
10
17
11
9
15
12
11
8
10
4
1
14
15
13
5
6
11
8
6
1
5
7
0
-5
-6
-2
-15
-18
-8
-15
-9
-5
-7
-6
-8
-10
-4
3
-9
-14
-9
-13
-13
-15
-13
-8
-13
-14
-19
-14
-8
-12
-16
-16
-11
-4
-7
-5
-11
-21
-13
-14
-9
-2
-7
-2
0
-6
-5
-7
-8
-6
-7
-8
-10
-10
-4
-8
-10
-10
-9
2
2
-1
-1
6
13
10
10
5
1
2
-2
2
6
6
11
14
15
11
21
20
7
7
8
5
4
6
8
0
-1
6
4
4
8
12
8
11
15
4
4
9
13
21
13
14
14
7
4
6
8
0
1
5
-5
4
8
3
2
6
4
1
12
9
2
7
2
-15
-11
-1
-9
-12
-10
-6
-9
-8
3
-2
0
-3
-14
-1
-4
-18
-17
-18
-4
6
-6
-12
-1
-3
-8
-4
-9
-6
-12
-19
-13
-17
-17
-13
-13
-8
-5
-4
-3
1
6
-6
-5
1
-8
-2
-2
-4
1
-5
-16
-8
-7
-8
3
3
-9
-4
1
4
3
-5
7
13
7
8
3
2
8
11
8
8
11
15
7
-4
5
5
4
0
-2
8
7
2
8
9
-2
0
4
6
18
17
20
14
9
22
21
15
13
15
10
16
22
14
5
8
11
0
-1
7
14
10
-2
9
6
1
5
10
9
0
1
6
-5
-7
2
0
-9
-6
3
0
-3
-1
5
2
-10
-1
1
-6
-4
-7
-8
-9
-11
-19
-17
-7
-16
-14
-7
-14
-12
-6
-10
-4
-1
-11
-7
-3
-13
-13
-7
-8
-6
-5
-6
-4
-17
-20
-11
-12
-7
-4
-9
-12
-14
-11
-8
-4
-9
-9
-8
-6
-1
-6
3
1
-5
1
-1
6
5
2
9
2
-1
7
3
3
4
1
4
8
3
4
7
9
12
13
19
18
19
15
4
0
2
15
18
20
17
7
14
13
14
15
12
15
10
2
11
12
10
14
6
6
-2
-10
6
4
-5
4
7
-7
3
9
0
1
-7
-8
-3
-7
1
5
6
12
-2
-5
4
0
-3
-2
-13
-5
6
5
6
-7
-2
-3
-10
-6
-6
-7
-10
-4
-8
-10
-10
-14
-16
-16
-9
-18
-8
1
-19
-11
-17
-22
-9
-13
-24
-14
0
-15
-15
-1
1
-3
2
-5
2
2
0
-2
-10
0
4
3
-10
-4
-6
-6
4
6
3
-1
8
7
11
1
11
0
1
28
5
28
10
-5
22
9
6
0
-3
-3
-4
4
3
2
-7
7
9
-5
21
9
-5
9
4
13
17
8
8
0
-3
7
10
10
-1
6
12
10
-4
-8
13
-3
12
22
1
7
3
0
-3
-8
-10
0
8
2
1
4
-1
-5
-13
-4
15
-1
3
5
2
-4
-9
0
-6
-2
-9
4
-4
-22
-16
-21
-26
-5
-5
-8
8
-18
-13
-6
-18
-12
-9
8
-6
-25
10
-21
-17
5
-19
15
-9
-18
21
3
-9
-8
-18
-9
-7
8
1
-20
13
4
-9
11
13
17
-1
5
26
5
10
11
21
1
-6
27
-4
2
1
18
20
-11
27
16
-3
6
25
13
-5
23
25
2
-8
14
18
-2
-8
38
24
-48
19
33
-31
6
30
27
-15
6
14
2
4
-58
23
-14
-61
31
23
-3
-19
46
16
-55
24
27
-9
-18
15
36
-43
-17
26
-4
-7
2
13
3
-56
-3
45
-75
-22
48
-9
-34
-2
48
-45
-5
23
8
-11
-83
38
-28
-73
-7
-21
-13
-73
18
9
-66
22
4
9
-37
-15
36
-51
-14
18
15
-38
-16
48
-9
-24
42
21
-21
11
6
41
-24
-21
66
-19
16
26
14
18
-37
46
-7
-5
9
20
42
-82
76
31
-73
66
31
-5
-4
29
10
7
12
-44
57
2
-72
71
13
-63
59
47
-16
10
23
11
-32
33
24
-34
17
-5
12
-23
-2
30
-53
48
-29
-20
84
-87
15
65
-35
-29
44
11
-100
64
-2
-63
74
-38
-14
27
-34
8
-13
-13
-20
1
2
-41
9
8
-34
-8
31
9
-35
11
25
-63
44
14
-63
34
-32
-41
39
-16
-59
20
28
-62
24
52
-97
53
2
-80
32
-17
4
-36
18
13
-54
18
-2
-4
-1
-4
18
-9
62
-17
-21
87
-62
-26
62
-37
-36
80
-49
-25
85
-52
4
69
-23
-23
90
-21
-30
73
-29
-1
56
-27
2
39
-7
-16
33
14
-29
37
0
11
-2
23
25
-30
58
12
-49
19
16
-68
27
41
-53
26
32
-63
-7
75
-73
-8
120
-143
16
116
-154
58
51
-86
19
8
-13
-30
34
-52
-19
51
-83
4
27
-43
22
16
-17
26
-40
27
22
-81
26
48
-73
-15
55
-67
-42
51
-33
-35
64
-49
19
9
-49
5
10
-4
-58
56
-12
-67
99
-2
-67
74
-26
-12
16
-9
-11
7
-5
-52
91
-20
-97
128
-28
-123
173
-73
-58
117
-90
30
12
-13
44
-1
5
-6
24
-32
-4
78
-71
81
-12
-46
122
-99
59
22
1
30
-21
113
-75
-30
93
-86
6
69
-35
0
-19
42
-22
3
86
-58
27
27
-42
50
-56
56
52
-84
69
-20
-40
-11
43
-29
-30
106
-125
63
47
-128
118
-55
-14
28
-36
42
-80
65
0
-42
38
-29
16
-49
36
44
-82
58
2
-97
79
-56
-51
73
-108
36
53
-96
34
29
-79
12
39
-100
58
-34
-88
127
-142
-14
113
-134
54
19
-45
20
-10
30
-34
21
-33
33
18
-73
92
-24
-55
76
-33
-23
70
-55
45
21
-55
50
26
-3
-40
68
-5
-48
62
11
-19
-32
63
34
-134
160
-12
-143
205
-110
7
100
-50
-16
47
14
-105
134
10
-94
103
45
-103
52
42
-46
6
16
10
7
-3
-15
77
-83
36
74
-59
8
-3
-10
33
-53
61
50
-170
175
-71
-40
103
-87
47
-9
29
-43
32
50
-109
56
100
-169
44
90
-67
-23
27
55
-115
-19
118
-66
-116
202
-109
-112
140
-52
-44
46
-30
-61
90
-131
79
-11
-97
68
-79
89
-57
-51
109
-130
14
32
-56
70
-156
149
-12
-139
171
-12
-54
-8
88
-36
-89
125
40
-143
145
-80
-14
87
-179
225
-72
-88
145
-43
-7
11
37
-32
18
-15
21
105
-153
73
121
-181
96
11
9
-65
-12
142
-143
12
81
-6
-102
46
65
-77
-24
102
-13
-45
86
-94
75
-23
-80
173
-54
-102
108
6
-119
104
20
-88
84
-77
11
99
-154
106
110
-203
56
98
-146
8
120
-70
62
-55
41
43
-156
89
39
-99
-24
163
-170
17
119
-203
139
-24
-130
117
-75
-14
-38
91
7
-227
276
-54
-181
217
12
-139
8
169
-160
-56
184
-147
-53
161
-97
28
29
-95
146
-132
49
-2
-36
32
-109
171
-141
-8
160
-150
37
83
-48
5
73
-16
-126
151
-55
-109
158
-39
-71
2
228
-221
-67
363
-287
-24
208
-45
-110
12
233
-218
-92
369
-266
-45
249
-235
146
10
-107
182
-130
-41
141
-48
-89
123
-25
-83
163
-202
44
224
-306
112
111
-161
-76
93
194
-337
195
102
-339
216
-13
-27
16
-57
143
-77
-96
153
-39
-85
89
-70
102
-72
-84
207
-250
122
86
-187
222
-79
-155
134
30
-104
119
67
-140
-20
17
19
-158
223
84
-389
334
-18
-360
306
16
-71
-51
21
135
-315
171
151
-310
103
86
-108
11
60
14
-152
46
180
-318
209
95
-429
446
-155
-109
391
-304
104
-5
-166
163
-58
18
97
-56
-76
24
70
-57
-34
213
-178
-134
359
-235
46
234
-330
258
-190
-10
313
-342
203
-32
-39
-44
119
80
-283
240
-122
-77
35
198
-83
-236
330
-153
-312
468
84
-498
495
-110
-303
389
-215
93
115
-316
260
-7
-34
31
-65
218
-381
76
252
-132
-75
110
38
-137
19
73
61
-128
-15
-33
15
22
9
201
-199
-34
98
-158
28
129
64
-179
-2
156
-128
-117
200
-17
-246
218
-123
-62
395
-523
181
251
-536
374
-28
-195
230
-128
-96
136
4
-131
91
-84
44
-28
-59
100
90
73
-488
519
25
-714
748
-77
-337
191
70
3
-313
418
-214
-178
407
-450
313
49
-248
316
-236
84
45
-52
158
-114
161
-92
-30
260
-324
195
53
-249
302
-89
-92
213
-26
-307
335
46
-428
422
-4
-261
71
202
-153
-318
650
-564
2
644
-933
618
78
-640
625
-135
-302
160
198
-339
5
423
-494
235
73
-332
334
-231
50
136
-49
-101
228
-56
-407
576
-241
-296
608
-314
-74
334
-424
279
-115
-192
203
-141
185
-282
183
28
-337
254
-155
112
30
-257
354
-137
-176
257
6
-289
197
63
-284
466
-199
-62
312
-362
129
-111
-5
77
-287
522
-206
-287
525
-328
-338
468
-92
-242
440
-40
-142
143
-59
-178
136
137
-395
413
244
-674
496
37
-520
251
-44
28
-55
-2
184
-54
-89
61
12
-114
40
59
111
7
30
14
98
-164
-127
301
-275
153
141
-95
199
-310
-4
77
-175
-123
171
144
-332
305
-10
-196
335
-484
77
456
-448
-14
640
-224
-510
678
-205
-554
731
-381
-341
815
-455
-261
597
-192
-486
124
256
-435
149
291
-116
197
-158
-68
17
-151
180
-201
166
293
-403
161
143
-201
-218
50
54
-188
162
79
-51
57
-168
-98
141
-144
-134
255
13
-119
348
4
-109
23
-123
-49
-82
201
105
-41
197
-101
-265
80
-169
-3
121
-61
219
22
-145
-60
142
-291
-194
454
-203
-12
513
-267
-9
229
-394
57
231
-129
29
251
34
-226
112
50
-304
47
76
-115
135
176
-60
-122
76
-131
-231
187
177
-167
194
226
-312
148
105
-309
99
74
-105
117
225
-97
-161
148
-295
-229
260
-101
-32
246
59
-182
-37
67
-244
13
228
-99
152
269
-195
-24
148
-223
15
100
-68
163
-48
-51
56
-93
-82
-154
27
-15
-197
113
106
-84
-42
15
-25
-85
51
22
55
161
-45
39
107
-143
-49
12
-46
8
60
-1
-108
12
-129
-89
-17
-78
88
-38
-3
71
35
5
-7
199
-47
-57
233
-87
81
185
-81
56
47
-90
-78
16
-91
-11
60
-62
-12
-29
-121
-194
-77
71
-11
-63
175
165
-143
25
140
-88
-64
116
191
100
114
122
-88
-68
14
-151
56
198
-144
27
150
-166
-32
21
-292
-62
96
-138
147
198
-157
-74
-6
-87
-24
106
22
-39
172
-66
-85
137
-131
-131
13
111
16
10
224
-61
-119
63
33
37
-17
109
72
-59
8
-42
-20
-81
-30
44
-75
-41
-130
-86
50
-107
-79
55
-52
-48
81
88
35
-5
-13
35
101
96
119
97
8
-55
29
86
-76
1
-15
-113
16
-21
-41
-28
-79
-99
36
-1
-18
48
-19
49
-29
80
139
-61
1
99
70
-30
29
44
-103
1
-33
-60
76
-106
-83
17
-83
-56
-79
-27
49
32
50
72
113
-41
-96
148
139
63
198
199
42
-46
-26
17
-22
-6
87
13
26
10
-61
0
-110
-133
-94
-86
-22
-21
38
-19
-122
-99
-195
-128
-42
-112
69
44
-57
14
-110
-153
-141
-159
-23
97
132
43
11
8
-197
-72
132
16
120
243
90
88
105
-23
-30
45
22
128
144
73
97
-94
-70
-95
-122
-5
-119
30
52
-119
1
-41
-96
-89
-50
71
-21
47
128
31
47
53
-55
11
112
-35
112
259
102
73
135
132
35
87
187
95
151
204
168
243
104
-34
55
32
-7
178
200
71
40
-3
-23
-72
-78
-30
-17
-57
-45
-31
-176
-252
-292
-354
-353
-320
-336
-335
-322
-427
-381
-286
-302
-270
-172
-147
-180
-34
-30
-110
7
-23
-53
75
77
53
104
109
102
98
153
164
77
102
123
84
121
85
4
-22
-47
-46
10
66
19
-67
-87
-69
-53
-14
-23
-119
-107
-45
82
279
258
159
150
155
206
410
583
594
680
736
811
986
1035
1112
1209
1212
1331
1562
1559
1361
954
116
-534
-750
-826
-552
-466
-961
-1650
-2277
-2633
-2675
-2470
-2316
-2273
-2127
-1857
-1528
-1260
-1188
-1169
-924
-276
555
1245
1674
1613
1381
1356
1521
1731
1889
1809
1581
1620
1532
1364
1264
739
176
-91
-253
-286
-434
-759
-1149
-1511
-1608
-1619
-1619
-1548
-1436
-1269
-936
-711
-761
-730
-672
-431
149
717
923
859
751
674
822
1124
1383
1424
1235
1073
830
702
586
198
19
-75
-241
-210
-188
-366
-606
-796
-770
-703
-606
-507
-467
-176
50
302
689
959
1148
1296
1542
1761
2242
2896
3377
3664
2762
784
-753
-1278
-961
137
879
-123
-2171
-3944
-4593
-4041
-3348
-3088
-3167
-3468
-3280
-2522
-1776
-1739
-2203
-1768
-492
1216
2731
2985
2372
1664
1554
2372
3468
3822
3086
2286
1975
1966
2175
2088
1460
495
-242
-342
-237
-609
-1579
-2497
-2812
-2648
-2381
-1985
-1853
-2373
-2514
-1876
-1239
-883
-799
-802
-528
33
609
954
1077
824
621
1259
1811
1632
1237
709
310
436
760
861
566
-239
-956
-1004
-761
-696
-814
-939
-1062
-1072
-705
-338
-373
-682
-743
-281
325
949
1352
1543
1742
1853
2350
3104
3343
3121
2904
2886
3173
3886
4658
4737
3058
-237
-2861
-3536
-2773
-1075
141
-1088
-4289
-6934
-7384
-6062
-4547
-3718
-3592
-3667
-3357
-2447
-1272
-956
-1264
-476
1723
4018
5100
4606
3352
2342
2370
3716
4971
4785
3280
1535
631
455
388
129
-342
-1011
-1671
-1982
-2163
-2882
-3678
-3747
-3122
-1959
-1230
-1382
-1489
-1395
-1165
-141
1178
1498
1065
879
993
1226
1442
1285
962
711
473
502
638
-29
-1281
-1845
-1668
-1255
-711
-523
-890
-1392
-1656
-1450
-833
-346
-366
-276
172
470
578
713
742
684
891
1441
2057
2171
1875
1696
1900
2464
2739
2743
2688
2323
2104
2315
2526
2325
2185
2564
3050
2872
599
-3029
-5351
-5460
-3572
-854
-55
-2706
-6667
-8535
-7231
-4316
-2018
-1505
-2252
-2803
-2120
-337
1180
1267
965
1988
4032
5655
5664
4075
2229
1483
2395
3981
4189
2240
-608
-2516
-2544
-1447
-638
-843
-1762
-2743
-3335
-3198
-2811
-2813
-2525
-1253
405
1390
1084
-4
-611
22
1785
3655
4186
2803
683
-490
-392
170
404
121
-434
-994
-1335
-1630
-2325
-3177
-3414
-2457
-916
-28
-262
-1283
-1930
-1606
-473
1038
1848
1528
810
568
802
1056
1205
1298
1428
1490
1414
1269
850
310
269
977
1967
2344
2099
1627
1056
803
1028
1657
2233
2214
1932
1733
1562
1685
2409
3186
2449
-414
-3522
-4790
-4029
-1945
-169
-1098
-4459
-7372
-7560
-5008
-2223
-1202
-1779
-2717
-2617
-1112
862
1802
1357
1212
2475
4259
5068
4244
2692
1775
2023
2924
3183
1798
-666
-2558
-2635
-1466
-607
-735
-1566
-2276
-2342
-1774
-1032
-770
-897
-627
342
1337
1452
717
122
357
1285
2129
2063
853
-817
-1757
-1535
-869
-731
-1326
-2180
-2791
-2905
-2759
-2695
-2704
-2551
-1972
-1044
-261
-216
-639
-666
97
1361
2330
2601
2282
1740
1489
1714
2131
2229
1980
1737
1421
888
309
-178
-313
96
800
1377
1526
1124
412
66
474
1251
1964
2282
2036
1621
1300
1143
1267
1569
2082
2853
3666
3726
1800
-2017
-5285
-5779
-3809
-882
696
-1218
-5574
-8713
-8114
-4807
-1663
-458
-979
-1886
-2060
-919
680
1370
1421
2205
4085
5588
5403
3650
1682
953
1657
2966
3290
1621
-1168
-3232
-3430
-2362
-1406
-1012
-924
-1032
-1318
-1570
-1631
-1684
-1432
-293
1338
2233
1684
181
-1006
-843
280
1409
1865
829
-1191
-2506
-2486
-1861
-1630
-1835
-2095
-2319
-2381
-2271
-2097
-2060
-1927
-959
663
1742
1716
1162
801
1115
2090
3089
3419
2832
1913
1335
1260
1244
848
503
399
112
-357
-761
-1075
-1210
-748
223
952
1312
1294
954
948
1283
1563
1919
2325
2297
1869
1537
1150
728
747
1111
1531
2041
2445
2455
1829
-321
-3552
-5444
-5022
-3159
-968
-409
-2778
-6086
-7291
-5633
-2482
76
674
-232
-1125
-825
641
2138
2922
3295
3976
5072
5543
4452
2377
840
675
1590
2427
1684
-830
-3602
-4967
-4468
-2998
-1816
-1439
-1514
-1802
-2018
-1823
-1566
-1273
-394
971
1978
1918
701
-801
-1228
-237
1197
1842
1019
-1012
-2837
-3410
-3026
-2432
-2170
-2224
-2274
-2135
-1898
-1788
-1638
-1163
-93
1512
2751
3039
2522
1827
1728
2397
3279
3566
3047
2135
1225
610
362
161
-42
-125
-350
-769
-1251
-1655
-1673
-1051
89
1081
1500
1451
1109
876
1095
1621
2106
2258
2030
1719
1417
867
226
-51
295
917
1289
1362
1103
838
1232
2107
2207
323
-2750
-4632
-4332
-2463
-310
73
-2287
-5309
-6061
-4071
-1237
428
416
-423
-746
227
1922
2920
2734
2458
3029
3983
4227
3230
1476
143
37
633
657
-633
-2838
-4660
-4863
-3652
-2368
-1834
-2045
-2382
-2217
-1620
-964
-420
-114
269
1212
1911
1492
509
-392
-786
-68
996
1019
-20
-1663
-3072
-3265
-2510
-1708
-1321
-1261
-1253
-1045
-538
-62
332
901
1687
2659
3306
3096
2394
1826
1651
1971
2377
2063
1079
6
-802
-1100
-1128
-1269
-1413
-1413
-1361
-1295
-1224
-1236
-1093
-402
720
1772
2305
2307
2071
1826
1826
2113
2400
2276
1840
1427
1070
800
525
242
161
371
773
1137
1347
1394
1384
1786
2356
1707
-490
-2764
-3709
-3031
-1155
410
-280
-2987
-5194
-4972
-2696
-243
844
482
-458
-792
246
1752
2420
2370
2317
2583
2814
2326
1100
-168
-814
-815
-789
-1466
-3022
-4611
-5175
-4422
-2983
-1904
-1657
-1708
-1413
-858
-199
597
1142
1313
1721
2305
2179
1344
471
-110
-48
573
747
-130
-1540
-2996
-3868
-3439
-2412
-1815
-1534
-1259
-1022
-688
-121
460
982
1579
2285
2917
3066
2501
1728
1345
1305
1450
1441
892
-143
-1179
-1709
-1675
-1516
-1510
-1345
-1072
-954
-791
-589
-360
176
1107
2143
2801
2860
2514
2168
2136
2305
2507
2513
2093
1546
1060
624
436
375
166
100
364
561
755
1006
922
904
1479
2357
3072
2769
646
-2219
-3866
-3652
-1984
-229
-307
-2450
-4757
-5402
-4128
-2035
-509
-206
-562
-485
347
1353
1890
1824
1577
1845
2488
2488
1506
14
-1257
-1652
-1388
-1368
-2094
-3261
-4085
-3995
-3127
-2095
-1339
-822
-195
546
1047
1163
1138
1264
1565
2187
2686
2062
556
-741
-1290
-1155
-753
-796
-1745
-3038
-3695
-3464
-2640
-1730
-1176
-785
-250
305
815
1231
1463
1703
2152
2613
2710
2257
1396
678
437
419
305
-161
-877
-1453
-1732
-1747
-1541
-1212
-828
-237
382
572
496
597
1083
1950
2878
3432
3373
2869
2258
1922
2032
2187
2051
1730
1298
676
-46
-672
-1029
-1001
-589
21
413
372
164
138
549
1449
2484
3338
3689
2830
451
-2193
-3438
-3071
-1611
-44
-145
-2359
-4907
-5883
-4741
-2435
-498
271
84
-302
-229
329
821
965
1159
1790
2497
2376
1092
-670
-1926
-2202
-1743
-1271
-1499
-2434
-3363
-3526
-2838
-1785
-741
244
1177
1856
1951
1442
788
491
794
1644
2245
1615
-5
-1473
-2175
-2187
-1742
-1508
-1939
-2576
-2985
-3060
-2734
-2115
-1357
-383
729
1506
1715
1579
1375
1462
1960
2493
2631
2173
1334
559
37
-249
-396
-548
-729
-842
-917
-1019
-1029
-826
-377
317
957
1216
1213
1165
1260
1744
2487
2939
2867
2579
2193
1757
1535
1373
1064
788
572
370
99
-385
-881
-1008
-668
-104
437
773
817
799
1029
1596
2255
2777
3228
3454
2873
1111
-1232
-3098
-3730
-2923
-1553
-1067
-2258
-4321
-5510
-4972
-3216
-1413
-372
-76
17
511
1336
1765
1580
1279
1395
1981
2313
1683
222
-1308
-2138
-2033
-1557
-1481
-2021
-2847
-3272
-2851
-2023
-1266
-487
264
800
1156
1185
724
296
393
883
1426
1412
462
-782
-1455
-1506
-1300
-1158
-1438
-2102
-2448
-2096
-1542
-1211
-955
-583
-75
621
1263
1353
1021
820
975
1389
1732
1682
1196
563
141
-49
-139
-200
-319
-413
-354
-175
-49
-22
158
491
791
1083
1265
1272
1273
1424
1703
1934
1975
1747
1356
1082
979
902
826
678
305
-64
-171
-259
-419
-511
-438
-110
346
779
1111
1307
1456
1732
2216
2681
2937
3061
3015
2384
780
-1394
-3190
-3858
-3256
-2079
-1549
-2562
-4455
-5591
-5139
-3400
-1392
-69
359
380
601
1130
1557
1551
1390
1534
1921
2107
1628
350
-1138
-2100
-2313
-1983
-1724
-1994
-2507
-2821
-2659
-1955
-966
-37
759
1395
1617
1475
1279
1022
879
1145
1424
1192
527
-338
-1148
-1550
-1589
-1621
-1772
-1980
-2156
-2060
-1713
-1428
-1224
-886
-337
347
1029
1457
1517
1356
1193
1265
1471
1524
1423
1237
939
596
311
-47
-402
-554
-531
-326
-146
-192
-315
-322
-221
-85
170
507
782
1052
1328
1479
1439
1309
1323
1401
1324
1136
865
577
428
377
328
200
-71
-202
75
528
867
1060
1098
1065
1251
1712
2120
2242
2147
2017
1990
2042
1761
676
-1045
-2654
-3425
-3180
-2394
-1932
-2413
-3452
-4108
-3846
-2816
-1599
-677
-97
352
868
1329
1425
1167
891
924
1271
1541
1282
409
-680
-1537
-1988
-2094
-2063
-2121
-2273
-2267
-2055
-1696
-1145
-515
134
775
1168
1169
996
865
764
767
887
809
430
-22
-461
-836
-1103
-1268
-1342
-1371
-1362
-1328
-1319
-1291
-1192
-1028
-693
-200
200
482
750
907
940
997
1122
1225
1276
1287
1183
921
556
184
-107
-274
-322
-326
-309
-298
-298
-245
-203
-199
-118
64
380
813
1158
1306
1421
1587
1713
1754
1702
1489
1211
1115
1181
1162
1001
739
398
129
10
14
138
336
580
842
1034
1042
932
899
1058
1351
1615
1782
1839
1724
1378
611
-718
-2165
-3050
-3082
-2430
-1755
-1734
-2397
-3200
-3452
-2883
-1908
-1107
-666
-428
-110
471
1033
1135
745
259
79
320
721
795
368
-387
-1158
-1628
-1778
-1793
-1815
-1774
-1493
-1002
-434
26
167
67
34
310
814
1247
1380
1181
894
633
378
189
-49
-358
-536
-592
-818
-1301
-1850
-2331
-2540
-2316
-1826
-1359
-1018
-742
-502
-249
93
459
804
1172
1579
1893
1948
1798
1506
1070
669
465
397
373
354
236
4
-244
-461
-594
-559
-426
-257
35
379
624
821
1030
1232
1444
1661
1805
1830
1709
1468
1204
1001
858
733
609
442
223
22
-84
-67
74
335
669
975
1137
1174
1213
1297
1408
1555
1779
2035
2194
2102
1508
292
-1226
-2418
-2829
-2499
-1904
-1643
-1974
-2610
-3000
-2824
-2309
-1798
-1416
-1146
-738
-34
656
898
615
87
-327
-332
65
438
438
73
-461
-970
-1316
-1517
-1665
-1718
-1542
-1085
-489
63
366
292
7
-207
-226
-33
313
588
632
453
108
-342
-776
-1057
-1200
-1233
-1169
-1155
-1288
-1500
-1670
-1770
-1765
-1527
-1129
-685
-178
292
623
813
883
921
1013
1182
1405
1583
1618
1460
1131
759
484
318
230
222
216
130
23
-47
-152
-292
-373
-336
-110
309
770
1160
1432
1531
1549
1538
1472
1418
1406
1375
1293
1203
1061
855
630
386
151
15
56
291
645
965
1150
1181
1115
1045
1080
1204
1354
1544
1705
1802
1899
1888
1584
944
39
-975
-1826
-2225
-2168
-1923
-1829
-2006
-2326
-2629
-2703
-2480
-2161
-1885
-1618
-1263
-704
-89
219
188
-17
-311
-453
-224
164
363
320
124
-174
-503
-800
-1082
-1355
-1537
-1439
-1009
-470
-67
30
-191
-525
-713
-625
-296
69
261
218
50
-110
-286
-514
-767
-980
-1135
-1246
-1272
-1305
-1486
-1669
-1667
-1545
-1354
-1041
-699
-428
-138
201
536
876
1149
1315
1438
1536
1607
1660
1638
1509
1288
1057
858
643
383
126
-69
-174
-192
-153
-111
-151
-177
-55
188
496
810
1081
1285
1417
1471
1415
1252
1078
991
993
1089
1201
1186
1073
936
779
645
626
731
887
1044
1192
1264
1204
1103
1076
1183
1405
1627
1688
1560
1373
1245
1218
1141
786
84
-831
-1595
-1943
-1943
-1783
-1665
-1761
-2043
-2245
-2304
-2361
-2417
-2422
-2305
-1929
-1322
-708
-341
-289
-455
-628
-573
-292
39
272
311
169
-38
-224
-420
-693
-1013
-1243
-1218
-910
-484
-164
-120
-364
-671
-814
-764
-630
-519
-481
-481
-446
-403
-416
-510
-717
-968
-1117
-1119
-1060
-986
-908
-882
-907
-890
-734
-491
-246
-37
156
360
602
883
1068
1065
995
1006
1129
1333
1496
1424
1155
922
851
874
893
839
673
471
361
360
327
172
-4
-76
41
354
700
876
887
849
829
883
980
983
918
961
1116
1310
1496
1536
1370
1119
958
931
983
1046
1055
1014
953
902
875
849
840
858
840
789
751
737
794
875
830
588
113
-606
-1333
-1832
-2103
-2155
-2061
-1993
-2054
-2204
-2363
-2488
-2532
-2463
-2249
-1915
-1507
-1055
-633
-309
-116
-63
-104
-151
-155
-101
11
93
92
22
-116
-343
-623
-929
-1221
-1335
-1178
-835
-440
-146
-99
-287
-503
-578
-535
-438
-326
-255
-202
-137
-73
-95
-310
-642
-941
-1102
-1077
-912
-783
-746
-732
-710
-569
-292
-19
178
341
551
790
1063
1348
1518
1539
1489
1434
1393
1335
1257
1151
1003
893
834
759
630
448
230
67
21
35
61
93
118
160
295
510
667
713
709
718
768
876
1039
1152
1149
1101
1075
1032
964
931
954
1042
1156
1247
1259
1164
1037
985
996
999
965
879
748
611
512
412
319
260
206
203
270
281
156
-120
-578
-1143
-1626
-1902
-1975
-1935
-1891
-1944
-2079
-2219
-2358
-2451
-2456
-2406
-2288
-2033
-1645
-1193
-794
-522
-415
-466
-527
-443
-231
10
180
221
150
21
-97
-246
-490
-725
-859
-823
-572
-241
-55
-100
-276
-474
-614
-624
-547
-490
-437
-345
-236
-129
-78
-125
-261
-417
-543
-616
-627
-575
-469
-343
-212
-130
-142
-167
-124
2
220
507
791
1020
1174
1288
1426
1555
1623
1642
1599
1477
1323
1183
1076
979
867
731
545
306
22
-252
-433
-464
-333
-91
187
411
519
556
626
769
923
1032
1076
1058
1030
1054
1141
1194
1160
1085
998
909
849
777
685
646
657
690
746
752
661
566
521
527
589
678
739
733
675
551
362
110
-193
-556
-1002
-1458
-1807
-2007
-2078
-2045
-2024
-2092
-2197
-2267
-2253
-2130
-1931
-1737
-1560
-1347
-1078
-757
-427
-207
-190
-292
-369
-352
-234
-89
-23
-92
-255
-375
-413
-452
-497
-534
-573
-538
-353
-131
-39
-91
-233
-407
-519
-504
-423
-388
-389
-361
-324
-290
-267
-333
-503
-646
-667
-565
-388
-218
-123
-80
-23
57
151
260
314
313
362
471
611
745
836
876
853
828
854
916
972
1030
1088
1087
1027
953
859
719
585
509
424
348
303
227
117
35
7
28
105
207
260
249
272
360
478
630
789
910
984
1072
1174
1231
1240
1242
1252
1263
1270
1243
1151
1004
849
731
642
568
503
408
284
178
93
25
7
22
15
19
45
38
2
-70
-231
-532
-940
-1333
-1619
-1763
-1809
-1870
-2016
-2203
-2317
-2286
-2143
-1954
-1780
-1640
-1456
-1166
-807
-461
-231
-169
-199
-217
-198
-137
-74
-81
-176
-342
-509
-645
-788
-931
-1031
-1050
-959
-742
-487
-331
-292
-294
-250
-120
58
204
266
231
160
134
148
133
59
-81
-240
-339
-374
-359
-317
-291
-261
-195
-58
101
240
410
607
807
1038
1294
1473
1537
1531
1510
1485
1442
1360
1172
903
635
406
254
180
109
-28
-165
-220
-212
-149
-41
45
83
162
332
555
796
981
1054
1039
1011
1021
1040
1041
998
902
816
781
767
721
635
541
503
560
687
816
893
894
825
744
691
657
624
568
514
460
406
368
326
251
144
39
-90
-233
-402
-652
-987
-1377
-1723
-1943
-2025
-2011
-1995
-2034
-2108
-2153
-2115
-1992
-1812
-1604
-1396
-1174
-920
-686
-498
-377
-342
-354
-354
-324
-291
-295
-342
-427
-547
-683
-832
-981
-1114
-1212
-1204
-1050
-786
-498
-271
-166
-164
-177
-123
24
264
527
713
808
806
691
525
361
210
114
67
25
-12
-53
-117
-203
-270
-305
-284
-178
-12
205
436
651
839
980
1079
1152
1227
1280
1292
1253
1175
1072
918
730
512
303
127
5
-40
-63
-112
-200
-295
-347
-310
-176
27
247
427
573
695
793
863
909
950
980
1022
1106
1200
1235
1158
1001
831
724
713
788
884
916
872
772
641
492
342
238
172
144
183
282
357
359
315
236
134
42
15
58
95
76
-15
-192
-478
-851
-1277
-1705
-2052
-2241
-2262
-2193
-2158
-2231
-2353
-2416
-2353
-2138
-1809
-1448
-1118
-828
-555
-331
-199
-178
-241
-314
-347
-327
-298
-328
-462
-680
-905
-1076
-1167
-1188
-1139
-1000
-782
-498
-216
-19
69
108
209
434
735
1001
1154
1173
1094
1004
921
772
560
356
165
35
-7
-59
-198
-366
-483
-505
-375
-134
114
323
514
719
934
1147
1292
1322
1276
1220
1202
1195
1166
1055
796
439
90
-183
-335
-368
-358
-366
-382
-353
-272
-191
-104
5
144
341
611
898
1105
1177
1121
1008
930
932
948
943
926
871
777
683
590
475
383
364
399
463
553
617
604
538
468
415
381
359
341
319
287
252
199
102
-21
-166
-299
-365
-350
-298
-279
-312
-401
-555
-757
-968
-1216
-1510
-1765
-1924
-1992
-1992
-1971
-2030
-2169
-2249
-2200
-2027
-1768
-1461
-1180
-932
-654
-363
-129
-14
-4
-54
-112
-109
-65
-69
-208
-468
-779
-1039
-1174
-1183
-1102
-982
-853
-703
-521
-288
-42
161
341
529
739
986
1269
1483
1552
1505
1410
1331
1270
1197
1038
757
405
82
-141
-288
-391
-503
-627
-677
-592
-392
-146
85
230
352
529
753
997
1188
1272
1226
1116
1035
985
918
789
585
323
81
-84
-198
-288
-361
-400
-403
-333
-174
12
203
390
562
735
902
1045
1134
1134
1079
1007
915
833
786
724
630
521
408
299
216
179
140
108
141
207
253
273
249
173
101
57
41
34
10
-17
-54
-98
-142
-192
-231
-243
-194
-97
-12
44
40
-38
-131
-245
-402
-606
-874
-1215
-1544
-1758
-1849
-1857
-1840
-1859
-1933
-1990
-1906
-1692
-1420
-1150
-941
-778
-598
-379
-194
-89
-71
-128
-181
-172
-127
-115
-190
-351
-543
-672
-698
-652
-580
-487
-346
-149
97
364
595
738
839
959
1118
1313
1473
1525
1453
1297
1124
973
855
715
499
208
-88
-329
-511
-604
-642
-662
-651
-565
-398
-216
-29
148
310
485
666
826
898
873
795
714
670
651
606
476
269
47
-136
-239
-275
-280
-278
-251
-194
-114
-4
133
272
418
595
783
922
981
963
873
739
611
488
351
200
65
-19
-55
-65
-49
-33
-38
-25
42
151
290
416
486
529
557
555
550
542
506
442
385
347
292
225
138
20
-103
-168
-146
-92
-41
-27
-77
-167
-251
-315
-404
-555
-793
-1101
-1404
-1639
-1760
-1802
-1829
-1861
-1878
-1830
-1712
-1541
-1354
-1178
-1000
-812
-596
-378
-231
-189
-202
-205
-171
-91
-26
-58
-203
-377
-494
-531
-489
-406
-341
-285
-176
5
233
495
734
908
1031
1131
1208
1244
1226
1132
993
865
755
648
511
342
152
-37
-188
-307
-397
-486
-550
-560
-508
-374
-203
-52
53
152
303
498
712
891
980
963
881
780
662
542
421
281
146
44
-47
-150
-260
-347
-405
-405
-328
-225
-113
-1
120
259
419
586
718
801
817
794
748
681
594
478
350
219
99
-1
-63
-73
-48
11
114
228
303
369
424
454
489
547
599
590
531
442
329
216
123
57
-8
-83
-162
-224
-245
-252
-241
-226
-227
-233
-226
-206
-220
-272
-380
-553
-740
-933
-1133
-1342
-1554
-1728
-1811
-1786
-1707
-1630
-1557
-1469
-1323
-1101
-823
-538
-301
-149
-49
38
113
188
226
200
135
44
-53
-143
-216
-271
-312
-359
-393
-399
-369
-254
-76
144
384
602
773
887
958
1002
1035
1049
1029
977
901
781
603
407
222
48
-104
-240
-370
-489
-576
-601
-559
-464
-331
-209
-91
44
207
408
607
765
865
872
785
672
572
476
404
309
146
-46
-232
-354
-380
-356
-328
-292
-227
-142
-33
94
227
358
482
600
699
768
773
727
662
596
546
478
354
190
40
-71
-121
-108
-76
-34
-1
60
164
275
395
504
575
606
630
635
609
583
539
464
349
201
29
-136
-253
-339
-385
-413
-440
-444
-429
-386
-302
-190
-73
25
84
79
35
-39
-141
-241
-354
-546
-799
-1043
-1228
-1310
-1305
-1283
-1290
-1304
-1267
-1151
-979
-799
-632
-492
-353
-184
-5
126
188
205
191
166
149
93
-29
-189
-355
-482
-546
-569
-580
-567
-507
-396
-251
-79
103
276
436
578
701
799
869
893
858
765
631
492
361
267
186
49
-135
-307
-429
-485
-472
-462
-472
-448
-381
-227
-7
202
358
444
513
607
707
753
732
672
589
530
473
364
208
58
-68
-142
-142
-138
-142
-139
-124
-75
7
83
161
271
385
522
660
736
763
759
732
671
568
409
236
117
29
-37
-92
-164
-244
-274
-228
-129
-5
100
188
260
303
343
376
381
378
378
355
299
208
94
-9
-86
-154
-226
-302
-358
-357
-304
-230
-164
-96
0
132
271
341
309
209
97
29
-11
-118
-340
-659
-961
-1129
-1162
-1129
-1128
-1183
-1232
-1198
-1052
-839
-640
-490
-355
-202
-14
169
274
292
255
213
196
169
69
-108
-304
-482
-607
-660
-657
-639
-598
-525
-432
-290
-98
130
361
538
647
693
699
689
695
686
621
506
371
257
144
14
-148
-315
-439
-491
-469
-443
-450
-453
-390
-227
5
251
437
538
596
674
775
839
834
763
645
523
437
334
193
55
-70
-148
-187
-239
-303
-345
-329
-242
-101
14
81
129
197
306
420
495
485
411
327
232
123
-10
-164
-312
-412
-448
-441
-437
-431
-378
-288
-146
36
207
351
455
528
594
641
650
654
638
594
525
410
277
164
78
9
-45
-108
-173
-183
-123
-41
29
82
143
241
379
474
466
358
204
104
71
50
-40
-274
-596
-863
-984
-978
-927
-917
-950
-973
-950
-855
-731
-606
-484
-344
-185
-54
25
29
-4
-13
13
28
4
-86
-245
-391
-502
-557
-552
-528
-496
-471
-461
-452
-393
-248
-26
206
366
434
420
398
421
487
563
579
514
419
322
235
153
43
-80
-159
-172
-146
-128
-144
-171
-147
-43
126
297
409
450
466
494
531
549
540
505
461
420
346
234
97
-34
-108
-131
-147
-188
-259
-334
-349
-306
-263
-230
-196
-123
-9
104
169
181
166
167
231
304
322
257
139
41
9
41
72
85
69
41
34
54
98
163
257
345
395
401
354
306
310
355
408
426
384
311
256
220
205
184
142
123
131
158
178
157
106
86
142
239
293
239
80
-104
-209
-213
-193
-239
-410
-647
-837
-917
-894
-836
-805
-806
-809
-803
-757
-696
-637
-540
-416
-293
-206
-182
-217
-275
-303
-298
-286
-286
-304
-354
-431
-516
-593
-592
-504
-366
-226
-137
-97
-67
19
186
392
554
617
608
573
565
570
564
529
459
394
326
240
128
-17
-140
-193
-162
-90
-16
11
-4
-10
11
79
176
275
355
413
450
442
392
325
275
253
237
198
127
21
-93
-171
-211
-222
-220
-219
-205
-164
-129
-116
-79
-10
89
206
298
329
305
263
243
272
306
313
272
185
81
-12
-65
-77
-43
20
73
96
92
77
98
182
304
429
489
469
428
409
422
465
486
464
412
334
262
200
142
103
86
79
72
39
-19
-67
-94
-64
22
100
115
28
-101
-203
-248
-230
-214
-279
-428
-628
-826
-936
-934
-872
-818
-827
-870
-916
-939
-877
-740
-568
-398
-281
-228
-206
-201
-175
-122
-61
3
19
-15
-73
-160
-242
-270
-235
-168
-104
-84
-104
-107
-54
58
192
324
402
410
391
374
375
390
394
367
311
236
164
108
54
14
-23
-73
-130
-177
-197
-163
-89
-24
19
39
49
94
176
260
327
349
323
269
231
219
212
189
146
97
38
-25
-79
-120
-156
-165
-136
-107
-89
-83
-100
-92
-23
74
171
247
296
321
332
341
351
365
366
352
323
277
239
229
249
278
303
297
256
235
251
300
358
381
356
307
268
261
279
293
285
255
205
157
113
62
21
-5
-16
-27
-39
-65
-106
-132
-134
-110
-64
-20
-18
-59
-126
-204
-252
-269
-250
-214
-218
-278
-380
-482
-539
-522
-466
-431
-441
-496
-546
-565
-531
-478
-442
-401
-364
-323
-275
-248
-243
-259
-270
-249
-211
-183
-178
-202
-233
-244
-241
-229
-209
-187
-162
-139
-124
-116
-122
-111
-75
-28
32
72
95
119
129
130
130
111
94
109
126
124
80
-15
-99
-130
-96
-43
-14
-22
-67
-103
-97
-52
16
77
114
140
174
212
254
291
317
341
344
328
293
250
220
198
180
143
109
86
77
96
109
111
124
159
208
267
308
327
352
380
420
455
445
410
358
319
304
292
265
198
104
29
-11
-17
-6
-16
-35
-40
-46
-26
24
68
119
159
187
214
214
205
202
204
208
208
180
137
102
71
42
12
-12
-31
-35
-22
-7
2
6
-9
-22
-18
-5
-5
-23
-54
-100
-149
-208
-285
-355
-402
-426
-447
-476
-526
-575
-599
-596
-570
-549
-527
-513
-508
-480
-463
-444
-411
-367
-306
-249
-211
-209
-230
-238
-212
-171
-133
-108
-133
-168
-180
-177
-147
-120
-113
-124
-140
-141
-129
-115
-101
-84
-64
-51
-40
-24
-21
-32
-24
-10
17
62
88
97
93
76
83
114
174
245
301
330
338
353
384
426
448
449
437
421
419
422
425
391
341
302
262
244
241
207
160
124
101
102
98
69
31
1
-1
18
35
44
32
16
13
14
11
2
-5
-6
0
33
68
79
96
117
140
173
208
236
262
281
294
309
301
294
287
262
236
211
193
186
175
175
162
126
104
87
65
66
80
95
91
78
66
29
-18
-45
-69
-69
-48
-39
-48
-88
-152
-197
-215
-224
-225
-248
-300
-351
-421
-483
-523
-562
-571
-576
-594
-616
-649
-675
-670
-639
-591
-540
-514
-517
-527
-519
-495
-450
-393
-355
-344
-343
-355
-369
-351
-320
-280
-232
-205
-185
-160
-129
-77
-4
63
126
176
224
282
327
367
406
432
445
455
449
424
416
422
428
430
410
348
278
243
247
282
319
323
296
257
230
240
274
296
308
294
267
241
208
174
146
120
100
82
47
10
-10
-24
-21
-6
10
27
38
37
32
29
35
65
107
149
168
161
142
117
119
141
152
154
142
118
95
91
86
72
65
72
92
119
151
161
139
133
125
116
145
165
166
163
142
114
86
69
64
60
45
23
0
-22
-20
-2
14
18
6
-23
-44
-49
-49
-47
-78
-130
-178
-230
-292
-357
-426
-514
-579
-610
-644
-680
-711
-745
-774
-785
-770
-752
-733
-711
-698
-667
-634
-588
-519
-469
-419
-367
-331
-298
-253
-198
-139
-88
-50
-11
16
55
108
145
170
208
248
291
346
379
389
386
383
397
416
439
453
435
411
386
352
339
321
301
278
241
202
167
149
135
145
158
168
179
177
186
184
184
189
188
196
215
217
206
189
155
139
144
165
194
195
177
151
132
130
132
128
120
108
92
92
98
92
81
63
38
16
7
-8
-29
-36
-43
-72
-97
-109
-111
-88
-51
-17
12
31
51
75
105
136
170
199
213
231
241
233
209
180
156
146
138
124
97
64
46
44
47
64
80
73
59
46
30
33
40
29
-10
-59
-117
-184
-228
-263
-318
-386
-451
-519
-561
-588
-608
-626
-670
-715
-739
-732
-688
-635
-588
-550
-522
-489
-449
-420
-398
-362
-324
-281
-235
-215
-219
-230
-231
-209
-162
-101
-56
-34
-23
-5
29
73
123
171
205
225
233
236
247
269
285
295
286
269
249
230
226
222
222
230
241
257
264
266
273
271
288
325
356
391
411
393
373
363
344
335
336
335
331
298
258
218
169
129
102
78
65
59
38
16
11
14
15
21
29
27
33
36
24
17
2
-13
-19
-34
-44
-60
-69
-57
-52
-46
-26
-7
0
18
56
106
149
177
197
214
231
249
259
272
277
267
243
200
162
135
107
92
85
56
30
10
-5
-2
5
9
12
15
11
6
-3
-12
-25
-47
-64
-89
-134
-184
-242
-309
-351
-373
-411
-445
-487
-534
-566
-587
-603
-612
-613
-615
-624
-634
-629
-621
-621
-608
-604
-598
-575
-562
-539
-510
-481
-444
-404
-353
-294
-246
-200
-146
-108
-58
12
75
142
185
208
231
245
269
306
333
339
337
324
302
281
264
260
264
270
273
267
260
258
270
283
303
348
381
387
390
388
383
372
366
384
384
364
334
288
254
244
248
256
251
245
234
218
222
243
255
262
263
255
244
217
196
181
144
112
89
50
7
-32
-82
-109
-128
-144
-148
-163
-160
-146
-137
-121
-88
-52
-25
2
20
41
60
85
119
140
145
140
124
105
107
114
122
127
110
96
88
94
105
121
134
143
141
121
93
57
22
-12
-47
-81
-119
-178
-247
-310
-365
-405
-436
-461
-486
-519
-561
-599
-629
-641
-635
-623
-614
-622
-633
-639
-636
-610
-586
-574
-557
-539
-526
-507
-493
-474
-442
-400
-353
-302
-257
-212
-177
-136
-81
-33
27
87
120
153
193
219
236
245
241
250
252
256
253
238
234
217
203
206
214
224
242
267
302
332
350
367
380
405
433
454
476
494
508
521
532
540
551
548
538
536
527
520
510
493
471
436
405
378
345
317
293
266
234
185
145
118
82
47
2
-53
-94
-119
-136
-152
-169
-188
-210
-226
-228
-221
-212
-201
-180
-155
-132
-117
-110
-111
-102
-72
-42
-14
16
28
27
27
31
40
55
68
71
62
63
61
43
22
0
-28
-69
-115
-162
-209
-245
-282
-326
-364
-402
-446
-464
-474
-483
-479
-483
-485
-478
-472
-459
-445
-427
-402
-386
-370
-349
-342
-331
-310
-299
-296
-288
-297
-310
-302
-298
-289
-280
-278
-265
-250
-232
-204
-177
-147
-96
-47
-2
35
55
78
98
126
160
197
231
246
255
257
264
264
263
270
275
298
321
340
352
354
374
384
388
420
447
467
483
493
503
515
529
547
545
533
521
497
482
469
453
436
397
354
310
272
260
244
224
209
192
177
173
166
158
156
152
146
131
116
99
61
32
24
1
-21
-51
-102
-138
-164
-190
-209
-227
-239
-270
-308
-320
-325
-320
-292
-271
-264
-250
-249
-257
-243
-209
-173
-151
-141
-134
-139
-146
-145
-146
-147
-138
-147
-167
-179
-197
-219
-239
-242
-246
-249
-257
-271
-288
-311
-322
-316
-312
-303
-293
-291
-289
-288
-281
-264
-234
-207
-195
-175
-161
-150
-133
-127
-116
-114
-120
-116
-115
-110
-102
-108
-116
-107
-86
-62
-41
-23
-11
-2
9
32
64
88
102
116
133
146
152
158
164
159
153
157
157
156
151
150
142
130
141
152
158
176
200
217
227
249
281
314
337
354
377
392
414
423
431
431
411
393
382
364
341
326
302
273
248
220
214
208
203
206
203
199
202
200
191
189
180
171
148
126
114
87
59
37
3
-35
-63
-98
-140
-170
-202
-232
-246
-252
-257
-270
-284
-287
-286
-283
-262
-250
-244
-233
-235
-228
-227
-226
-216
-213
-211
-220
-214
-210
-219
-215
-209
-201
-195
-186
-172
-169
-166
-159
-155
-149
-144
-142
-140
-143
-146
-150
-154
-145
-143
-150
-157
-167
-163
-156
-150
-134
-124
-114
-108
-104
-98
-93
-74
-50
-22
-4
12
27
21
33
38
41
60
65
62
50
36
33
17
4
5
5
7
3
-11
-19
-14
-17
-15
-8
-12
-15
-21
-17
-18
-18
2
13
19
36
49
58
76
95
128
158
181
212
230
252
269
287
315
325
343
353
359
368
364
363
351
344
348
344
341
339
336
334
338
331
315
313
305
288
282
270
261
242
204
182
146
109
88
52
15
-15
-42
-70
-97
-116
-129
-130
-134
-140
-131
-126
-126
-115
-121
-119
-123
-146
-146
-168
-201
-218
-246
-266
-289
-311
-331
-356
-378
-387
-380
-374
-359
-343
-327
-301
-277
-249
-223
-204
-186
-146
-120
-104
-85
-93
-98
-113
-116
-118
-128
-123
-130
-137
-148
-140
-130
-133
-109
-95
-70
-33
-13
16
38
58
80
82
93
104
94
82
71
55
27
-5
-22
-51
-79
-94
-107
-109
-114
-116
-118
-123
-110
-93
-72
-49
-34
-20
-18
-8
7
23
49
53
64
68
65
77
82
90
107
115
120
138
148
156
176
203
227
239
255
269
276
291
313
320
331
336
331
324
318
320
321
318
319
316
309
298
287
282
284
281
277
273
253
229
209
188
175
158
134
114
82
52
23
5
-7
-34
-50
-68
-87
-99
-117
-129
-136
-157
-180
-198
-223
-252
-279
-299
-324
-358
-382
-402
-419
-436
-445
-460
-465
-450
-443
-431
-409
-375
-347
-332
-299
-266
-237
-209
-179
-148
-124
-102
-88
-79
-76
-71
-67
-58
-45
-46
-42
-39
-34
-30
-33
-15
4
20
30
31
44
48
49
54
54
58
56
47
37
29
30
27
13
3
3
-1
-3
2
6
9
16
30
45
54
59
67
69
71
74
81
86
83
78
76
68
66
70
68
64
68
79
77
83
96
103
117
125
138
154
172
202
216
227
244
255
264
274
283
290
293
296
298
299
300
300
299
299
305
312
314
319
318
306
292
286
275
248
228
202
173
143
103
68
28
-7
-43
-87
-127
-150
-173
-202
-213
-223
-234
-247
-265
-270
-282
-295
-288
-295
-311
-307
-312
-325
-343
-362
-372
-381
-378
-380
-381
-385
-390
-396
-398
-376
-362
-352
-327
-306
-289
-265
-246
-219
-192
-169
-145
-130
-109
-94
-82
-67
-53
-43
-28
-8
-1
18
41
51
65
86
104
114
123
127
132
147
167
173
169
174
174
169
171
176
180
183
186
168
165
175
177
175
168
175
174
160
155
139
122
117
107
100
79
61
59
33
15
17
26
25
9
23
38
32
39
57
76
97
112
123
140
151
171
171
166
180
166
154
145
128
122
109
97
88
81
76
73
71
76
89
92
100
106
106
106
99
105
112
95
80
70
49
19
-12
-28
-54
-90
-112
-131
-155
-178
-203
-214
-225
-228
-223
-236
-231
-220
-212
-207
-203
-195
-192
-188
-189
-188
-183
-181
-186
-190
-202
-220
-221
-231
-241
-248
-254
-245
-253
-253
-250
-254
-235
-216
-206
-189
-163
-149
-135
-100
-77
-59
-29
3
23
40
61
88
108
128
147
148
152
155
151
161
164
158
163
169
166
159
157
156
154
160
162
164
174
176
170
167
170
174
176
181
179
168
158
147
135
122
101
85
69
57
40
18
10
-2
-21
-22
-21
-25
-22
-10
-4
3
23
34
51
73
78
85
76
82
82
74
70
58
40
18
-4
-30
-39
-61
-76
-77
-91
-100
-104
-94
-90
-85
-76
-61
-43
-30
-13
2
16
27
42
50
44
48
46
40
35
27
17
5
-3
-13
-31
-33
-30
-28
-26
-28
-33
-40
-31
-26
-19
-7
-6
-1
-2
-8
-12
-20
-14
-16
-35
-45
-51
-55
-60
-69
-70
-69
-64
-64
-64
-63
-58
-55
-51
-38
-30
-26
-20
-12
-9
-12
-5
13
24
28
26
31
39
38
36
37
40
53
53
47
52
58
58
54
52
55
50
51
50
37
35
22
16
16
5
9
12
5
5
6
-1
4
9
6
9
11
9
7
-1
-7
-10
-26
-37
-45
-54
-67
-84
-103
-110
-112
-126
-130
-128
-130
-131
-139
-137
-134
-127
-112
-111
-113
-111
-102
-104
-103
-90
-94
-95
-80
-82
-84
-75
-72
-65
-56
-61
-45
-25
-18
-7
5
20
36
47
62
72
80
93
105
110
115
120
122
123
135
141
137
143
152
153
151
151
157
158
167
166
155
161
163
149
142
136
124
109
100
91
70
62
57
37
30
25
13
21
24
15
17
12
6
10
2
-7
-5
-5
-9
-14
-29
-38
-38
-47
-55
-66
-77
-83
-93
-95
-92
-93
-91
-84
-82
-79
-67
-49
-38
-30
-17
-7
-3
-6
-1
1
-10
-8
-11
-16
-30
-42
-49
-55
-51
-63
-60
-57
-68
-57
-50
-49
-40
-29
-22
-24
-24
-20
-13
-9
-15
-17
-20
-29
-43
-55
-56
-63
-72
-75
-84
-90
-88
-103
-107
-103
-98
-98
-99
-84
-84
-80
-76
-68
-52
-46
-36
-30
-18
-12
-10
6
16
18
27
39
46
54
61
69
80
89
100
103
108
114
121
125
126
132
139
132
132
136
132
129
134
140
138
134
136
143
134
126
129
124
114
97
89
73
58
50
38
21
7
2
-17
-31
-31
-41
-51
-58
-68
-76
-80
-92
-94
-88
-94
-93
-93
-96
-94
-100
-97
-97
-101
-104
-114
-112
-117
-125
-131
-137
-121
-124
-133
-127
-121
-114
-104
-95
-91
-70
-58
-62
-49
-37
-31
-21
-9
-10
-6
6
7
8
6
8
14
21
28
19
26
26
18
23
17
15
25
28
20
14
21
14
12
22
15
15
25
18
18
15
14
26
22
26
30
35
45
45
51
53
54
68
68
57
57
61
58
57
48
48
56
45
40
51
47
52
66
60
66
73
74
86
91
92
98
112
110
107
114
109
105
101
91
82
61
53
52
39
34
31
23
29
24
17
26
19
24
30
19
20
24
13
5
5
-8
-12
-17
-34
-42
-56
-69
-87
-105
-109
-126
-137
-148
-160
-153
-156
-164
-154
-144
-144
-136
-122
-118
-109
-100
-92
-95
-100
-90
-87
-88
-89
-94
-96
-86
-90
-90
-80
-88
-79
-65
-65
-67
-54
-37
-36
-32
-23
-10
-6
-4
4
7
12
21
35
36
36
44
41
44
45
44
52
56
53
53
57
60
63
62
67
76
75
70
74
80
78
77
71
76
84
78
83
86
90
101
96
102
111
102
98
101
94
91
86
72
70
67
54
38
34
37
24
16
14
6
6
2
-6
-1
3
7
4
10
19
12
19
18
13
12
-5
-13
-7
-22
-41
-41
-50
-55
-58
-67
-69
-69
-61
-62
-66
-61
-50
-48
-49
-46
-46
-35
-30
-29
-31
-29
-22
-31
-38
-43
-44
-41
-58
-68
-61
-66
-71
-71
-74
-64
-58
-55
-46
-41
-32
-26
-27
-21
-7
-1
-2
-3
1
1
-7
0
2
-2
6
1
-6
0
0
-4
1
6
8
7
11
10
4
14
17
11
23
25
22
29
29
28
34
36
38
39
38
38
39
43
44
41
45
51
50
51
55
53
60
62
53
50
56
54
50
56
50
54
63
46
53
57
53
61
62
61
57
53
50
49
38
32
35
20
14
1
-5
-6
-27
-37
-35
-42
-56
-62
-66
-69
-69
-72
-73
-68
-65
-70
-69
-64
-67
-65
-60
-59
-69
-74
-66
-65
-73
-74
-71
-72
-72
-70
-74
-73
-64
-61
-60
-56
-44
-35
-29
-21
-9
-7
-3
9
14
16
18
21
23
28
23
16
21
24
20
18
24
24
22
25
29
34
33
44
48
52
55
55
63
68
66
66
67
61
60
59
50
49
46
36
32
29
22
13
12
7
5
6
2
-1
0
11
6
0
10
11
10
10
10
7
6
3
-4
-9
-11
-15
-12
-9
-14
-11
-11
-12
-1
-2
-7
-1
11
5
-1
3
2
3
-2
4
-5
-11
-7
-16
-19
-27
-28
-27
-40
-45
-46
-49
-57
-57
-47
-53
-52
-50
-51
-47
-46
-42
-45
-38
-34
-41
-37
-40
-48
-36
-34
-48
-43
-38
-38
-35
-36
-28
-24
-22
-18
-12
-14
-9
8
9
3
12
16
21
20
19
34
40
41
40
41
52
55
50
46
59
66
56
57
59
58
65
62
59
62
64
65
54
48
51
52
46
43
42
38
34
37
33
29
37
31
31
37
31
25
21
29
21
8
16
15
3
5
-4
-11
-6
-16
-22
-21
-26
-30
-26
-29
-35
-27
-29
-28
-25
-25
-23
-21
-22
-31
-27
-28
-36
-39
-41
-45
-49
-59
-54
-51
-60
-59
-62
-57
-56
-58
-56
-44
-41
-46
-35
-33
-32
-24
-24
-18
-18
-21
-19
-20
-29
-33
-22
-34
-45
-39
-41
-48
-47
-42
-44
-45
-39
-34
-33
-28
-20
-15
-12
-5
-1
-4
7
12
9
16
23
24
23
28
35
35
38
37
47
45
42
52
46
47
59
54
55
58
59
66
63
71
73
70
78
73
65
70
74
69
61
61
63
53
56
60
54
53
50
50
42
35
40
37
27
21
17
17
14
7
14
17
12
11
9
8
5
3
-2
-3
-8
-16
-19
-30
-32
-33
-45
-48
-44
-57
-70
-61
-68
-76
-66
-75
-78
-75
-82
-77
-74
-67
-66
-70
-59
-60
-60
-54
-55
-44
-46
-55
-46
-50
-54
-41
-45
-49
-41
-44
-47
-37
-36
-35
-25
-22
-18
-18
-21
-10
-3
-2
-2
-2
2
-1
2
2
5
7
8
16
11
2
14
26
14
15
22
22
18
16
25
25
28
30
32
32
31
40
37
42
55
48
45
52
54
53
55
60
62
50
54
59
51
48
50
57
47
40
38
32
42
36
32
32
28
30
20
23
29
24
24
26
27
23
18
19
22
23
19
5
3
2
-9
-10
-18
-21
-17
-26
-32
-34
-37
-34
-26
-28
-38
-35
-36
-40
-39
-44
-41
-46
-48
-44
-58
-58
-52
-51
-50
-58
-61
-59
-59
-56
-57
-58
-55
-48
-51
-56
-46
-36
-29
-31
-22
-17
-24
-15
-8
-13
-11
-1
-6
-10
-9
-8
-5
-6
-6
-4
-3
1
-1
5
11
11
12
10
13
13
14
13
18
18
11
19
19
15
18
27
30
19
24
27
23
26
26
32
36
24
28
29
29
34
38
42
32
41
43
26
30
41
41
30
29
26
28
30
22
26
35
35
25
30
29
28
33
31
33
26
22
26
24
17
12
25
16
5
4
-2
0
-1
-2
-3
-11
-16
-14
-22
-28
-27
-27
-23
-34
-43
-42
-36
-40
-45
-38
-47
-53
-47
-50
-58
-55
-46
-49
-55
-62
-63
-55
-53
-55
-51
-42
-53
-46
-36
-41
-36
-29
-26
-23
-31
-34
-23
-18
-15
-15
-16
-11
-14
-11
-12
-13
-5
-1
-1
-6
-7
3
6
8
14
13
18
19
18
22
28
39
32
42
45
34
42
38
44
48
39
41
38
38
36
34
38
39
35
31
38
39
29
34
45
44
34
32
40
34
31
30
26
29
27
25
18
20
23
14
13
9
7
4
1
3
6
6
-3
0
13
-2
-8
9
11
-1
-5
4
3
-7
-9
-5
-4
-15
-21
-13
-22
-21
-16
-23
-21
-19
-19
-31
-29
-20
-25
-26
-31
-25
-27
-36
-24
-24
-33
-24
-27
-32
-28
-32
-26
-25
-23
-20
-24
-23
-23
-21
-24
-23
-16
-23
-24
-17
-22
-22
-19
-15
-17
-22
-22
-22
-18
-20
-14
-5
-6
-7
-1
1
0
4
5
10
11
5
9
4
10
14
6
6
5
9
2
-1
16
12
14
22
19
27
25
21
34
36
37
33
37
44
43
48
41
39
48
38
34
24
20
32
27
20
20
24
22
23
14
22
28
17
23
22
21
23
20
19
20
15
1
2
-2
-7
-7
-11
-13
-13
-15
-18
-17
-19
-18
-25
-17
-17
-31
-17
-20
-21
-9
-25
-29
-18
-27
-36
-30
-34
-36
-23
-31
-36
-28
-28
-28
-31
-29
-29
-27
-24
-19
-18
-14
-3
-7
-8
-5
-8
-6
-7
-9
-7
-7
-12
-5
-1
-11
-8
4
-1
-5
0
7
15
16
20
19
27
27
18
21
17
18
16
9
13
13
14
15
20
19
14
20
18
18
22
21
30
23
29
36
22
27
27
24
27
22
19
22
22
23
19
14
18
14
3
-5
0
-2
-3
-4
0
9
-1
6
10
2
13
2
-7
1
-2
-7
-13
-6
-10
-14
-11
-22
-20
-13
-15
-8
-7
-9
-2
3
-1
-4
-12
-9
-7
-19
-28
-27
-19
-17
-22
-23
-20
-21
-24
-24
-31
-27
-25
-22
-15
-32
-25
-12
-19
-14
-19
-17
-13
-16
-12
-16
-11
-9
-10
-15
-22
-22
-33
-28
-23
-32
-20
-15
-17
-3
5
6
13
16
12
18
14
7
13
12
17
13
2
-1
5
1
-7
4
8
9
17
25
26
25
34
41
41
33
34
39
40
47
42
48
55
49
46
40
39
33
31
28
24
21
23
20
20
28
25
23
21
20
30
21
22
34
29
26
22
17
5
-5
-7
-7
-16
-24
-21
-16
-11
-23
-20
-11
-11
-13
-20
-18
-10
-16
-14
-9
-18
-18
-19
-24
-28
-31
-30
-36
-30
-25
-33
-30
-21
-20
-21
-28
-28
-22
-24
-25
-19
-16
-11
-9
-12
-12
-12
-16
-19
-20
-22
-25
-23
-24
-25
-19
-19
-17
-16
-17
-8
-7
-6
5
8
7
11
18
11
-1
5
2
-5
-15
-13
-6
-12
-7
-2
-6
-4
2
3
-1
0
15
23
14
18
33
25
20
25
22
19
17
14
11
9
13
12
8
9
12
6
5
9
6
13
21
19
21
32
35
26
28
31
27
20
11
17
18
7
8
2
1
-2
-12
-6
-9
-12
-8
3
4
-1
0
8
14
5
4
0
-1
3
-8
