3
2
5
0
5
10
8
9
9
5
5
3
2
8
0
-1
12
11
0
3
3
3
21
4
7
19
-2
3
11
6
7
-9
-6
8
12
8
-4
1
10
4
-1
-3
5
5
-7
-7
-2
7
10
1
-3
-3
1
4
-1
-4
-4
-3
-5
-6
-2
3
-2
-4
3
-1
-4
2
2
-2
2
-4
-7
-3
-7
-3
-12
-4
8
-2
9
8
-1
-2
6
13
12
4
-2
4
-2
-2
7
4
11
11
2
-4
-8
-1
0
-11
-9
-7
-5
4
7
4
1
5
-2
-10
-9
-7
-5
-4
-6
-9
-8
2
5
0
2
-8
-7
5
-6
-4
3
-2
3
4
-1
-6
0
1
-7
0
-3
5
9
-9
-8
-4
-4
-2
-8
-3
9
7
10
4
-3
0
2
7
7
8
8
8
14
2
-6
-1
-3
-1
4
6
7
2
-6
2
5
-2
-2
-1
-10
-14
-6
-6
3
-2
-11
-1
2
3
-2
4
5
2
7
0
3
5
-5
-8
-4
-12
-12
-2
3
3
6
10
7
3
-1
1
0
-5
-13
-15
-8
1
3
2
5
6
4
1
2
8
9
9
13
8
-6
-5
6
8
12
14
11
7
11
12
12
14
15
9
9
10
1
9
9
-7
-7
6
20
15
17
13
3
7
8
18
15
0
12
19
11
4
3
2
-9
-14
1
7
5
6
0
1
1
-5
-6
-10
-11
-17
-18
1
7
-2
-6
-1
5
5
6
-2
-2
5
6
12
9
11
2
-7
-5
-1
12
6
-5
9
3
-7
2
-9
-4
5
-6
-3
-5
-6
-9
-11
-4
-12
-8
8
1
-13
-7
6
-1
3
9
4
7
12
9
7
10
6
0
-5
-3
11
7
2
3
2
8
13
18
13
6
13
9
9
11
-1
-5
-5
-2
4
4
1
0
7
4
-2
1
4
3
4
1
3
2
-3
5
10
8
2
6
10
12
18
8
3
11
12
5
3
6
5
0
-5
2
3
-7
-6
-5
-6
-3
-2
-7
-1
1
2
5
3
4
6
-2
-5
1
4
5
12
7
-1
4
6
4
1
-2
-5
-3
-2
0
2
-5
0
7
-12
-9
6
-6
1
11
-3
0
-2
-5
4
10
6
-1
0
-2
1
5
-2
-5
-5
-6
-9
-5
-4
-8
0
-4
-4
-1
-4
0
6
8
3
-2
-1
-3
-3
2
-7
0
6
5
8
5
1
-5
-1
5
0
-4
-2
-2
-9
-1
4
2
4
-4
0
-1
-2
10
8
9
3
-2
6
12
11
-2
4
6
-1
4
0
-1
13
4
-5
4
3
9
8
0
11
10
4
0
-3
-6
3
3
-6
2
-6
-6
14
8
2
0
-3
-5
-14
-15
-8
-4
3
1
1
5
-7
-6
2
2
-3
-9
-8
-6
-13
-13
-8
-12
-12
-6
-7
-6
3
5
-10
-23
-13
-12
-10
2
5
0
-14
-16
-8
-17
-20
-10
-11
-1
2
-4
-7
-22
-9
5
0
6
2
6
10
0
-2
0
-2
3
3
1
0
-6
4
3
1
6
-4
1
-2
-10
3
0
-11
-6
-9
-16
0
-1
-9
-5
-11
-8
-8
-8
-3
-6
2
2
-5
-9
-15
-4
-1
3
2
-5
0
-7
-8
-5
4
2
-9
3
11
0
-1
2
-7
-10
-5
-6
-6
-4
4
1
-6
-2
-2
0
4
-3
-7
-4
-1
-7
-9
-10
-20
-7
0
-2
1
-2
-4
-9
-7
4
5
-6
-11
-11
-9
-5
-1
1
-8
-10
0
-3
-6
-7
-13
-9
-5
-4
-4
-10
-16
-16
-10
-2
-9
-15
-5
-4
-7
-6
-7
-1
-1
0
-6
-6
-8
-18
-11
-7
-14
-9
-3
-6
-3
-2
-7
-8
-12
-12
-6
4
-4
-5
4
3
2
0
0
-2
-3
5
0
-3
1
-1
-6
-6
-9
-3
2
6
3
-3
5
2
-6
-6
-4
-2
1
2
-10
-6
-3
-9
-1
-1
-5
-5
-7
-13
-9
0
-4
-3
2
-1
-1
2
4
-5
-9
-3
-9
-15
-5
3
-11
-9
4
-7
-3
-1
-9
5
4
-2
2
-1
-7
-8
-9
-4
8
5
-1
8
19
11
7
2
-12
-4
9
-4
-4
6
2
-5
-7
-1
-6
-8
-3
-2
-4
-15
-7
-8
-18
-3
2
1
-4
-4
-7
-11
-5
-2
1
1
-3
1
6
1
-5
6
5
5
5
-1
7
10
1
1
3
13
9
-3
6
9
12
13
2
10
13
5
8
5
7
12
2
-3
2
11
8
13
11
3
7
3
3
16
13
5
15
13
7
10
0
-5
9
15
10
6
-2
-8
0
-3
-6
1
-4
-9
-14
-9
1
-5
-13
-5
-1
6
5
-12
-12
2
8
5
5
4
-4
-12
-13
-7
-8
-7
0
4
-1
-6
-6
-3
-5
-12
-3
0
-4
3
3
-6
-1
2
-15
-6
4
-7
7
10
-4
5
3
2
5
-2
6
9
8
14
9
11
10
0
6
8
6
10
9
9
9
5
12
13
9
8
5
13
14
7
7
15
16
9
8
10
4
3
3
-1
-1
-9
-6
4
4
7
7
4
-1
7
8
10
17
8
8
8
3
0
2
9
3
1
1
-4
3
5
-3
-6
-7
-3
0
-1
4
6
1
-5
-11
-6
-5
-13
-5
-8
-4
5
-2
0
2
2
3
-7
-7
0
-6
-6
0
-5
10
19
0
-2
9
5
-2
-1
5
-1
2
8
3
4
3
4
13
12
7
1
-2
5
4
9
13
6
11
6
10
17
0
3
12
8
5
15
11
3
8
5
8
5
-1
4
8
6
-3
5
11
12
7
-1
6
-3
-3
0
-8
1
-1
-4
-4
-6
-5
-11
-3
3
0
-2
-1
-4
-8
-10
-11
-5
-3
-6
-5
-8
-7
2
-3
-6
4
3
1
-9
-11
-8
-18
-9
-5
-16
-9
8
-3
-10
1
2
1
-4
-4
-1
4
-1
-5
0
1
0
1
1
5
10
6
1
4
-3
-2
5
-2
-1
-3
9
6
1
15
5
5
13
0
-8
0
-3
-9
-5
-6
-9
-9
-3
4
5
6
5
0
-7
-10
1
1
-6
1
1
-7
-4
-1
6
16
20
14
10
9
-4
-4
7
-4
2
13
3
9
15
5
5
9
7
0
2
2
2
12
5
-3
-15
-15
-11
-5
13
8
3
2
-7
-2
4
-1
-5
-5
-7
-8
-10
-7
-15
-30
-30
-23
-22
-17
-14
-19
-22
-27
-28
-24
-16
-4
0
3
1
-1
-3
-10
-19
-19
-6
4
8
1
7
18
20
19
5
-4
-7
-6
-10
-8
10
2
-11
-16
-21
-8
-1
-6
7
8
-18
-33
-29
-22
-13
-1
-8
-18
-19
-23
-23
-22
-14
-9
-7
1
6
5
9
10
3
8
26
51
67
74
70
56
49
45
45
44
32
21
14
21
30
24
18
2
-4
-1
0
22
35
28
18
18
26
38
47
50
32
2
-9
-14
-7
-5
-15
-9
6
27
52
56
27
-16
-48
-70
-56
-30
-8
7
1
25
56
51
31
-57
-232
-390
-445
-357
-133
116
278
293
165
-36
-218
-331
-362
-321
-249
-133
28
181
250
189
48
-138
-295
-318
-210
4
248
432
514
459
317
149
6
-74
-98
-76
-33
21
63
69
62
47
-2
-70
-156
-266
-353
-381
-327
-158
86
311
436
429
318
153
22
-29
-44
-22
18
90
197
307
380
340
208
20
-164
-263
-267
-183
-61
55
116
135
115
53
-3
-86
-178
-251
-285
-238
-127
16
147
218
200
90
-59
-195
-269
-267
-207
-94
29
131
198
180
121
44
-62
-140
-188
-193
-149
-77
38
127
178
177
109
15
-108
-204
-257
-271
-235
-172
-90
-16
29
34
4
-61
-130
-180
-182
-133
-53
51
147
219
213
167
127
81
74
102
144
196
235
259
287
308
323
332
315
285
252
196
160
138
114
115
127
156
196
209
178
133
87
41
15
1
4
26
43
44
25
-16
-104
-217
-313
-392
-422
-434
-450
-475
-529
-591
-677
-762
-809
-831
-825
-789
-746
-692
-630
-585
-539
-479
-395
-308
-219
-121
-19
95
186
236
261
263
275
315
360
409
458
481
492
474
444
414
369
353
357
350
354
359
359
382
417
435
452
454
450
482
522
574
643
700
761
805
819
813
814
834
864
915
956
986
1050
1160
1297
1392
1348
1085
611
42
-478
-878
-1192
-1479
-1769
-2005
-2147
-2226
-2277
-2399
-2638
-2904
-3090
-3094
-2906
-2590
-2229
-1857
-1445
-984
-499
-37
346
623
860
1100
1366
1646
1863
2002
2090
2159
2205
2213
2145
1938
1631
1313
1029
835
724
594
359
-17
-454
-864
-1192
-1434
-1660
-1884
-2037
-2075
-1965
-1728
-1479
-1289
-1180
-1098
-967
-769
-503
-228
49
368
719
1078
1404
1614
1678
1661
1613
1556
1512
1461
1389
1350
1353
1370
1397
1368
1271
1111
907
702
503
363
253
160
123
107
168
338
601
894
1079
1011
623
13
-634
-1159
-1534
-1829
-2085
-2276
-2341
-2252
-2056
-1909
-1925
-2101
-2337
-2458
-2389
-2159
-1836
-1495
-1125
-663
-129
425
877
1151
1292
1357
1437
1544
1630
1657
1609
1548
1527
1544
1554
1479
1295
1041
812
682
624
585
430
80
-374
-815
-1144
-1344
-1516
-1697
-1874
-1972
-1910
-1708
-1449
-1250
-1181
-1196
-1179
-1062
-861
-645
-433
-195
120
510
902
1226
1388
1403
1367
1317
1279
1224
1160
1118
1125
1228
1365
1472
1515
1498
1421
1285
1114
895
680
518
422
438
539
712
965
1273
1591
1759
1623
1141
422
-343
-987
-1486
-1911
-2280
-2573
-2708
-2626
-2394
-2175
-2111
-2220
-2406
-2519
-2490
-2349
-2174
-1992
-1738
-1341
-757
-80
533
996
1278
1454
1590
1714
1785
1727
1572
1400
1288
1286
1362
1408
1357
1241
1127
1104
1166
1172
998
570
-39
-610
-1033
-1298
-1473
-1648
-1785
-1809
-1649
-1369
-1098
-937
-958
-1043
-1073
-1025
-913
-818
-715
-534
-205
247
712
1057
1174
1135
1040
952
855
683
491
375
404
621
909
1134
1245
1249
1217
1181
1095
926
711
494
389
464
645
889
1169
1528
1987
2464
2776
2698
2182
1392
524
-259
-910
-1519
-2113
-2597
-2848
-2785
-2494
-2210
-2114
-2243
-2497
-2720
-2838
-2859
-2859
-2856
-2757
-2455
-1861
-1051
-240
426
924
1291
1604
1867
1985
1918
1677
1383
1204
1239
1398
1519
1570
1596
1688
1855
2032
2063
1791
1221
483
-202
-729
-1144
-1513
-1893
-2186
-2269
-2125
-1823
-1542
-1416
-1456
-1558
-1615
-1629
-1617
-1588
-1495
-1247
-785
-155
501
1033
1381
1585
1701
1744
1698
1524
1296
1151
1148
1294
1514
1683
1761
1800
1834
1856
1791
1559
1187
787
499
362
347
399
506
750
1139
1611
1980
1963
1511
794
-10
-738
-1401
-2083
-2800
-3400
-3690
-3568
-3114
-2605
-2247
-2098
-2048
-1974
-1854
-1772
-1836
-2001
-2118
-1979
-1512
-800
-31
620
1174
1683
2158
2524
2664
2515
2071
1529
1093
822
699
632
584
628
838
1194
1598
1845
1749
1324
679
-36
-678
-1274
-1867
-2398
-2745
-2785
-2508
-2018
-1500
-1127
-904
-750
-635
-582
-629
-763
-901
-889
-637
-174
382
885
1289
1616
1901
2098
2115
1922
1568
1193
933
812
787
759
726
766
894
1100
1265
1248
1029
700
416
267
204
153
134
224
570
1142
1766
2164
2097
1658
1020
370
-265
-1001
-1858
-2738
-3394
-3643
-3467
-3049
-2671
-2430
-2241
-1993
-1671
-1383
-1305
-1486
-1785
-1944
-1789
-1360
-785
-243
240
792
1469
2191
2759
2999
2844
2391
1869
1426
1080
764
451
231
257
566
1059
1559
1817
1720
1345
798
215
-407
-1134
-1938
-2680
-3139
-3234
-3018
-2601
-2166
-1766
-1362
-946
-565
-308
-274
-418
-567
-573
-362
-32
307
622
927
1292
1715
2073
2237
2207
2045
1850
1675
1499
1284
1003
742
626
691
870
1001
985
876
765
723
743
750
687
609
659
900
1300
1698
1829
1587
1118
596
100
-403
-1042
-1854
-2671
-3259
-3502
-3412
-3178
-3002
-2922
-2810
-2543
-2176
-1837
-1664
-1710
-1813
-1783
-1518
-1080
-637
-274
80
540
1136
1777
2263
2472
2412
2194
1983
1840
1691
1428
1095
844
812
1020
1348
1627
1698
1529
1205
824
397
-147
-836
-1618
-2318
-2742
-2910
-2877
-2722
-2550
-2320
-1981
-1559
-1118
-768
-600
-513
-399
-245
-30
172
336
489
691
1011
1396
1742
1940
1997
2012
2029
2049
2022
1849
1564
1273
1056
975
967
890
701
466
334
394
539
680
763
784
912
1209
1616
1915
1796
1273
585
-67
-610
-1157
-1834
-2626
-3291
-3626
-3577
-3262
-2973
-2869
-2869
-2748
-2449
-2098
-1857
-1831
-1922
-1927
-1680
-1195
-630
-152
212
633
1203
1843
2392
2712
2748
2548
2293
2092
1929
1737
1441
1130
963
1006
1231
1509
1708
1705
1460
1091
677
207
-403
-1170
-1969
-2641
-3035
-3149
-3075
-2911
-2691
-2399
-2009
-1517
-1038
-748
-659
-602
-503
-320
-75
139
329
539
816
1191
1589
1887
2040
2099
2151
2227
2257
2188
1999
1727
1450
1247
1131
1043
887
661
489
420
498
643
753
859
953
1117
1429
1771
1919
1680
1140
525
-73
-635
-1244
-1989
-2780
-3404
-3694
-3632
-3386
-3190
-3116
-3022
-2749
-2366
-2039
-1881
-1909
-1978
-1909
-1620
-1164
-700
-341
16
521
1174
1844
2357
2630
2710
2628
2472
2323
2139
1845
1471
1145
980
1012
1153
1315
1462
1469
1294
1017
695
259
-392
-1201
-2047
-2739
-3160
-3347
-3348
-3248
-3076
-2769
-2278
-1684
-1147
-781
-555
-328
-78
194
432
561
621
686
865
1177
1527
1806
1981
2145
2346
2535
2617
2555
2346
2040
1716
1426
1199
948
635
339
181
219
407
655
879
1061
1234
1480
1816
2102
2105
1672
1001
314
-332
-935
-1612
-2391
-3122
-3634
-3784
-3607
-3331
-3156
-3074
-2927
-2619
-2274
-2030
-1957
-2005
-2039
-1931
-1615
-1198
-811
-498
-123
437
1102
1728
2171
2419
2508
2463
2363
2252
2069
1758
1389
1102
980
1021
1157
1304
1381
1321
1144
922
673
301
-309
-1074
-1815
-2398
-2778
-3017
-3171
-3246
-3198
-2945
-2457
-1842
-1316
-932
-599
-238
181
539
766
858
851
870
993
1213
1445
1599
1724
1924
2206
2467
2609
2616
2491
2258
1979
1720
1455
1081
656
297
107
135
274
451
655
886
1198
1622
2080
2388
2273
1722
999
265
-451
-1219
-2111
-3032
-3781
-4202
-4220
-3942
-3629
-3419
-3223
-2861
-2355
-1900
-1631
-1569
-1605
-1629
-1514
-1253
-962
-707
-470
-67
564
1269
1894
2355
2676
2834
2843
2780
2625
2319
1865
1365
988
793
741
779
860
933
907
790
651
458
74
-532
-1251
-1953
-2522
-2966
-3306
-3512
-3576
-3467
-3119
-2528
-1852
-1252
-750
-258
250
690
1000
1140
1139
1057
976
995
1079
1155
1216
1338
1594
1926
2229
2438
2527
2492
2344
2128
1885
1561
1109
607
236
89
112
224
411
670
1007
1468
1983
2395
2443
2026
1354
603
-157
-1011
-2014
-3065
-3963
-4544
-4720
-4517
-4178
-3860
-3524
-3009
-2311
-1665
-1226
-1055
-1056
-1066
-1007
-864
-678
-529
-395
-90
464
1167
1848
2394
2843
3157
3306
3308
3137
2781
2237
1601
1042
667
453
327
314
370
379
336
289
219
-12
-470
-1088
-1733
-2306
-2785
-3187
-3495
-3658
-3668
-3434
-2913
-2229
-1553
-949
-330
323
934
1404
1678
1760
1679
1507
1350
1254
1165
1064
1044
1211
1535
1903
2209
2409
2524
2533
2435
2269
1986
1516
939
409
47
-133
-200
-166
-8
301
800
1434
2052
2368
2229
1793
1205
528
-286
-1320
-2489
-3575
-4379
-4782
-4778
-4543
-4234
-3863
-3291
-2488
-1681
-1066
-733
-632
-622
-616
-585
-547
-564
-613
-503
-119
476
1124
1700
2202
2640
2976
3182
3215
3030
2623
2050
1461
996
632
341
155
66
30
13
30
58
-21
-281
-723
-1232
-1720
-2213
-2684
-3102
-3411
-3568
-3558
-3290
-2803
-2219
-1612
-957
-220
501
1104
1551
1834
1944
1904
1779
1631
1473
1278
1126
1125
1288
1549
1834
2121
2361
2514
2568
2544
2415
2099
1587
1011
530
186
-39
-167
-176
-42
263
773
1405
1890
1983
1743
1334
831
190
-699
-1820
-2999
-3989
-4662
-4962
-4951
-4830
-4625
-4166
-3398
-2496
-1694
-1126
-767
-522
-329
-154
-44
-61
-163
-197
0
437
954
1442
1920
2414
2872
3240
3474
3505
3313
2900
2392
1917
1472
1041
651
365
154
-32
-177
-229
-270
-457
-778
-1154
-1527
-1932
-2367
-2772
-3122
-3381
-3502
-3418
-3125
-2706
-2249
-1700
-999
-249
430
1005
1474
1809
1983
2019
1993
1902
1717
1501
1370
1375
1485
1650
1866
2112
2304
2439
2534
2557
2439
2080
1563
1072
686
375
103
-70
-128
-29
292
813
1339
1544
1402
1095
714
250
-442
-1407
-2499
-3519
-4328
-4799
-4939
-4944
-4875
-4602
-3981
-3120
-2277
-1572
-1026
-615
-264
32
225
297
207
80
125
395
769
1112
1449
1856
2316
2727
3038
3212
3179
2948
2589
2228
1893
1501
1087
752
498
249
-7
-198
-359
-563
-847
-1169
-1478
-1795
-2157
-2522
-2812
-3021
-3182
-3237
-3101
-2825
-2504
-2101
-1545
-876
-209
408
950
1402
1750
1964
2079
2119
2057
1887
1710
1623
1618
1627
1671
1781
1914
2032
2126
2209
2221
2052
1719
1332
994
718
442
218
90
45
169
508
970
1353
1426
1265
1037
710
246
-440
-1374
-2412
-3364
-4090
-4521
-4723
-4848
-4865
-4604
-3992
-3204
-2440
-1790
-1263
-797
-388
-40
207
278
202
140
265
548
873
1182
1514
1929
2347
2702
2990
3138
3115
2942
2670
2393
2073
1678
1291
985
714
415
101
-162
-372
-644
-998
-1365
-1726
-2095
-2451
-2735
-2958
-3150
-3269
-3254
-3082
-2786
-2464
-2073
-1548
-966
-371
221
773
1253
1604
1847
2040
2155
2155
2067
1954
1886
1850
1840
1881
1958
2032
2097
2182
2287
2326
2187
1920
1617
1337
1075
830
632
453
325
372
637
991
1226
1189
991
747
417
-36
-706
-1607
-2597
-3510
-4210
-4616
-4850
-5012
-5012
-4746
-4146
-3366
-2609
-1930
-1370
-892
-451
-76
187
260
197
185
317
562
848
1129
1443
1805
2165
2491
2761
2908
2890
2772
2599
2366
2072
1725
1407
1136
858
534
184
-113
-391
-713
-1066
-1431
-1791
-2144
-2435
-2642
-2831
-2990
-3077
-3021
-2800
-2511
-2209
-1850
-1386
-871
-313
250
756
1172
1474
1724
1931
2073
2093
2001
1892
1808
1737
1705
1723
1748
1793
1830
1890
1970
1986
1914
1727
1510
1310
1117
939
771
614
499
530
738
1039
1272
1270
1101
872
577
197
-367
-1164
-2085
-2954
-3633
-4070
-4355
-4568
-4635
-4455
-3962
-3263
-2574
-1953
-1411
-945
-494
-86
189
278
242
218
305
494
684
862
1090
1398
1737
2042
2303
2489
2577
2561
2475
2322
2081
1787
1498
1254
1005
661
265
-86
-374
-654
-975
-1328
-1678
-2009
-2286
-2501
-2659
-2796
-2915
-2928
-2795
-2571
-2334
-2077
-1719
-1259
-745
-229
266
708
1072
1379
1637
1845
1962
1951
1881
1831
1801
1772
1753
1757
1770
1754
1758
1823
1881
1847
1712
1560
1437
1316
1200
1070
936
823
775
893
1122
1321
1312
1115
910
659
315
-182
-891
-1727
-2556
-3269
-3785
-4117
-4385
-4570
-4536
-4172
-3577
-2958
-2387
-1867
-1373
-896
-434
-60
161
228
236
355
588
826
985
1123
1359
1661
1964
2238
2442
2537
2555
2556
2549
2462
2236
1942
1664
1402
1095
682
246
-155
-554
-955
-1346
-1704
-2053
-2374
-2614
-2768
-2870
-2946
-2984
-2901
-2703
-2476
-2223
-1888
-1467
-1010
-541
-56
426
842
1164
1459
1742
1927
1993
2001
1993
1989
1957
1891
1842
1815
1775
1731
1739
1773
1754
1654
1515
1394
1294
1186
1069
951
826
746
791
942
1129
1205
1076
873
649
359
-47
-622
-1352
-2157
-2877
-3397
-3757
-4036
-4254
-4325
-4135
-3676
-3113
-2578
-2083
-1628
-1182
-711
-258
34
151
198
288
477
694
866
996
1153
1391
1670
1940
2149
2264
2310
2338
2386
2381
2249
2020
1744
1470
1204
897
527
131
-249
-606
-947
-1258
-1562
-1883
-2160
-2359
-2514
-2634
-2695
-2693
-2641
-2502
-2307
-2077
-1773
-1405
-980
-521
-61
358
726
1066
1360
1591
1747
1820
1820
1781
1731
1676
1635
1611
1596
1596
1634
1684
1730
1748
1711
1600
1451
1330
1208
1085
961
837
788
818
935
1110
1260
1266
1110
925
673
298
-227
-931
-1715
-2448
-3047
-3525
-3885
-4133
-4265
-4205
-3889
-3387
-2845
-2350
-1875
-1383
-913
-492
-156
47
128
169
263
429
602
712
833
1052
1338
1629
1901
2150
2344
2487
2573
2590
2515
2312
2032
1727
1420
1073
652
226
-126
-433
-745
-1046
-1317
-1570
-1821
-2037
-2183
-2313
-2476
-2636
-2715
-2695
-2595
-2446
-2226
-1895
-1464
-969
-430
135
642
1064
1421
1724
1956
2027
1977
1898
1798
1701
1610
1555
1558
1579
1615
1702
1822
1901
1880
1774
1650
1522
1357
1180
991
794
635
575
663
824
960
983
901
795
627
351
-58
-640
-1347
-2077
-2698
-3194
-3611
-3949
-4199
-4254
-4034
-3611
-3113
-2615
-2095
-1588
-1101
-584
-136
133
230
255
326
436
548
607
644
774
992
1274
1595
1872
2088
2250
2399
2532
2548
2418
2171
1894
1619
1284
868
421
29
-332
-663
-927
-1185
-1457
-1695
-1879
-2014
-2161
-2366
-2572
-2690
-2696
-2634
-2545
-2371
-2074
-1672
-1160
-556
41
544
973
1363
1703
1938
2030
1989
1874
1755
1640
1532
1481
1465
1479
1545
1673
1833
1930
1967
1939
1839
1694
1497
1264
1032
807
615
509
534
633
744
862
898
862
789
586
249
-227
-843
-1528
-2169
-2719
-3227
-3669
-3966
-4063
-3971
-3687
-3255
-2765
-2237
-1699
-1178
-687
-274
9
165
243
290
309
297
316
369
469
645
885
1157
1450
1745
1997
2213
2379
2446
2409
2281
2093
1844
1508
1136
754
381
59
-238
-515
-752
-987
-1223
-1435
-1617
-1823
-2065
-2294
-2486
-2621
-2679
-2654
-2556
-2379
-2089
-1687
-1187
-618
-84
381
823
1227
1543
1738
1815
1776
1660
1544
1469
1408
1363
1345
1368
1489
1665
1813
1890
1904
1851
1740
1589
1414
1196
926
693
567
538
588
699
852
1067
1242
1275
1234
1086
788
351
-232
-912
-1632
-2320
-2942
-3443
-3803
-4025
-4065
-3870
-3475
-2989
-2481
-1958
-1452
-999
-602
-308
-154
-127
-178
-231
-228
-176
-128
-47
154
444
775
1157
1546
1876
2118
2286
2376
2365
2257
2039
1753
1459
1147
828
527
292
75
-163
-359
-529
-741
-992
-1262
-1550
-1848
-2139
-2423
-2654
-2786
-2829
-2774
-2595
-2290
-1907
-1438
-868
-281
251
711
1099
1418
1659
1785
1789
1717
1630
1525
1426
1396
1409
1426
1493
1631
1773
1852
1878
1867
1800
1691
1516
1247
953
713
530
437
449
511
631
850
1147
1387
1484
1479
1345
1058
652
99
-618
-1392
-2126
-2789
-3313
-3681
-3899
-3945
-3753
-3347
-2878
-2384
-1874
-1406
-1005
-673
-443
-370
-387
-434
-480
-469
-425
-355
-218
39
415
804
1186
1560
1859
2078
2251
2341
2292
2160
1990
1769
1544
1305
1061
860
688
503
278
54
-173
-440
-733
-1066
-1437
-1828
-2194
-2468
-2670
-2823
-2903
-2891
-2739
-2420
-2024
-1598
-1126
-665
-225
222
642
974
1181
1301
1373
1401
1400
1372
1326
1295
1281
1283
1324
1410
1500
1544
1553
1546
1493
1389
1248
1081
888
712
617
606
690
815
982
1225
1512
1797
1974
2006
1914
1656
1247
720
87
-649
-1419
-2119
-2696
-3122
-3415
-3573
-3570
-3400
-3106
-2757
-2382
-2031
-1742
-1504
-1304
-1149
-1053
-1024
-995
-911
-778
-602
-396
-142
153
497
872
1227
1557
1815
2004
2166
2281
2319
2276
2185
2069
1943
1835
1693
1479
1227
954
689
412
93
-273
-698
-1111
-1471
-1802
-2127
-2420
-2651
-2808
-2847
-2767
-2613
-2417
-2163
-1830
-1447
-1000
-558
-186
164
488
768
990
1153
1258
1291
1291
1286
1264
1240
1236
1241
1247
1275
1315
1327
1327
1348
1340
1288
1252
1206
1152
1157
1212
1292
1394
1524
1685
1869
2041
2160
2129
1993
1785
1421
971
454
-181
-883
-1556
-2158
-2681
-3104
-3435
-3681
-3795
-3724
-3538
-3313
-3019
-2717
-2451
-2145
-1824
-1559
-1352
-1210
-1075
-923
-745
-540
-360
-137
157
481
847
1246
1621
1942
2249
2543
2762
2899
2962
2909
2775
2600
2350
2039
1711
1356
973
622
289
-58
-412
-751
-1073
-1412
-1736
-2039
-2320
-2567
-2761
-2915
-2985
-2947
-2848
-2670
-2396
-2036
-1633
-1201
-737
-303
93
461
746
944
1081
1133
1120
1092
1060
1004
947
963
1044
1173
1335
1505
1669
1828
1997
2130
2197
2192
2127
2041
1977
1925
1855
1781
1748
1764
1826
1929
1952
1831
1666
1446
1116
682
108
-619
-1400
-2115
-2768
-3354
-3829
-4196
-4423
-4449
-4263
-3958
-3604
-3208
-2788
-2373
-1956
-1591
-1337
-1182
-1070
-962
-844
-689
-510
-314
-38
339
780
1269
1760
2192
2564
2892
3171
3341
3369
3272
3085
2862
2611
2314
1974
1622
1256
898
607
339
19
-339
-707
-1052
-1378
-1724
-2104
-2497
-2842
-3103
-3280
-3365
-3364
-3298
-3123
-2791
-2356
-1902
-1438
-951
-485
-70
264
516
685
748
760
783
822
857
892
991
1193
1464
1752
2040
2303
2524
2711
2820
2833
2758
2594
2371
2167
2014
1860
1729
1668
1673
1736
1858
1981
1986
1862
1645
1322
901
348
-356
-1168
-1977
-2700
-3367
-3929
-4334
-4616
-4745
-4660
-4372
-3997
-3605
-3176
-2762
-2347
-1926
-1610
-1399
-1227
-1080
-926
-737
-517
-275
6
376
829
1310
1793
2241
2632
2996
3309
3502
3580
3555
3430
3246
3015
2749
2413
2045
1737
1436
1120
828
501
141
-210
-573
-978
-1437
-1913
-2407
-2883
-3269
-3592
-3883
-4072
-4092
-3991
-3768
-3406
-2990
-2557
-2055
-1529
-1029
-564
-183
106
325
530
712
846
982
1126
1287
1505
1777
2080
2374
2646
2884
3061
3197
3295
3284
3174
3002
2792
2580
2366
2180
2010
1859
1780
1745
1724
1727
1692
1538
1307
1026
630
101
-512
-1199
-1955
-2675
-3323
-3921
-4411
-4753
-4946
-4983
-4849
-4582
-4241
-3844
-3381
-2900
-2452
-2025
-1656
-1350
-1064
-795
-533
-270
38
371
722
1158
1619
2059
2495
2915
3274
3564
3778
3890
3913
3851
3737
3548
3284
2996
2664
2308
1969
1624
1236
820
412
-32
-516
-991
-1499
-2058
-2607
-3100
-3567
-3976
-4298
-4538
-4671
-4665
-4520
-4284
-3940
-3480
-2981
-2440
-1840
-1256
-742
-268
175
540
850
1137
1375
1572
1771
1994
2224
2468
2722
2950
3163
3362
3518
3600
3597
3525
3361
3146
2912
2616
2301
2022
1745
1517
1357
1215
1090
986
908
806
630
381
57
-358
-846
-1375
-1962
-2588
-3173
-3695
-4142
-4471
-4677
-4778
-4736
-4550
-4240
-3864
-3443
-2950
-2450
-1948
-1452
-1016
-630
-275
66
394
695
996
1283
1566
1899
2256
2604
2928
3219
3473
3689
3872
3980
3996
3917
3750
3525
3235
2885
2473
2003
1516
1030
539
40
-456
-969
-1495
-1987
-2468
-2938
-3394
-3828
-4193
-4504
-4732
-4877
-4928
-4846
-4660
-4357
-3943
-3460
-2902
-2297
-1663
-1011
-393
178
691
1138
1562
1946
2242
2480
2696
2887
3071
3265
3438
3543
3609
3683
3710
3694
3618
3452
3223
2947
2643
2310
1949
1563
1180
855
588
365
160
-31
-177
-294
-402
-526
-717
-978
-1289
-1636
-2006
-2392
-2800
-3221
-3594
-3858
-4025
-4107
-4074
-3950
-3745
-3415
-2999
-2544
-2066
-1602
-1155
-709
-280
113
450
750
1049
1318
1584
1885
2154
2404
2675
2936
3174
3372
3517
3594
3594
3538
3402
3183
2907
2561
2158
1731
1291
818
325
-131
-586
-1030
-1441
-1849
-2244
-2611
-2958
-3288
-3581
-3834
-4065
-4249
-4341
-4330
-4263
-4119
-3855
-3523
-3114
-2599
-2037
-1440
-812
-192
402
984
1539
2011
2413
2762
3047
3240
3400
3538
3592
3624
3637
3596
3530
3445
3318
3138
2935
2691
2384
2052
1714
1350
952
588
257
-81
-349
-543
-724
-856
-914
-958
-982
-962
-978
-1054
-1150
-1263
-1433
-1655
-1877
-2141
-2431
-2671
-2850
-3008
-3104
-3085
-3015
-2856
-2571
-2237
-1864
-1441
-1002
-573
-130
302
663
962
1246
1491
1676
1851
1997
2092
2166
2266
2356
2407
2457
2480
2457
2417
2365
2248
2075
1883
1644
1355
1040
707
328
-46
-400
-774
-1150
-1518
-1871
-2198
-2489
-2758
-3019
-3262
-3467
-3620
-3724
-3754
-3718
-3640
-3485
-3206
-2833
-2407
-1925
-1416
-883
-300
287
831
1330
1777
2161
2499
2789
3027
3181
3262
3301
3307
3291
3229
3119
2977
2803
2611
2411
2181
1911
1628
1326
1025
742
463
189
-74
-310
-507
-653
-759
-848
-916
-935
-920
-895
-854
-840
-858
-896
-941
-1004
-1107
-1226
-1348
-1481
-1603
-1698
-1775
-1822
-1832
-1806
-1743
-1615
-1440
-1246
-1018
-768
-493
-198
92
360
609
840
1051
1228
1366
1475
1543
1577
1607
1619
1594
1560
1531
1494
1471
1466
1427
1358
1286
1211
1102
952
746
461
152
-159
-509
-900
-1295
-1679
-2046
-2353
-2587
-2776
-2934
-3022
-3042
-3009
-2914
-2786
-2645
-2475
-2261
-2025
-1748
-1425
-1086
-728
-325
128
575
1030
1494
1907
2286
2627
2897
3085
3193
3222
3160
3044
2893
2668
2411
2161
1909
1673
1470
1290
1108
946
790
636
486
310
105
-146
-404
-640
-881
-1088
-1256
-1399
-1460
-1438
-1332
-1170
-966
-725
-505
-288
-100
1
25
-8
-147
-363
-586
-842
-1107
-1350
-1517
-1606
-1630
-1534
-1368
-1144
-853
-523
-198
99
373
565
689
772
790
748
681
621
547
494
496
518
572
681
805
925
1063
1178
1217
1207
1171
1079
910
691
428
114
-198
-485
-771
-1051
-1276
-1477
-1651
-1744
-1803
-1895
-1974
-2021
-2065
-2099
-2118
-2150
-2201
-2214
-2159
-2052
-1883
-1655
-1374
-1016
-568
-62
455
987
1516
2005
2461
2850
3127
3293
3363
3342
3226
3055
2827
2531
2235
1956
1688
1458
1274
1110
951
824
723
591
438
257
22
-223
-485
-775
-1051
-1289
-1489
-1612
-1640
-1587
-1437
-1215
-936
-589
-215
127
419
643
768
803
744
589
354
57
-261
-557
-818
-1023
-1148
-1173
-1117
-984
-766
-533
-310
-101
65
196
269
247
160
28
-114
-249
-370
-439
-481
-466
-358
-209
-18
198
401
583
724
832
872
812
688
518
297
53
-184
-431
-664
-838
-956
-1043
-1112
-1149
-1175
-1184
-1188
-1216
-1273
-1362
-1451
-1540
-1611
-1656
-1675
-1626
-1505
-1294
-1015
-673
-269
159
614
1066
1489
1855
2158
2396
2535
2603
2601
2520
2391
2214
1986
1763
1539
1305
1089
876
681
503
332
168
0
-176
-350
-504
-651
-787
-892
-985
-1049
-1069
-1050
-997
-909
-765
-583
-365
-108
167
446
727
1010
1281
1512
1677
1771
1794
1752
1642
1452
1194
886
543
192
-140
-443
-721
-954
-1122
-1203
-1246
-1250
-1214
-1177
-1125
-1078
-1038
-1025
-1047
-1084
-1132
-1163
-1184
-1188
-1171
-1117
-1000
-843
-653
-432
-205
17
218
392
521
596
610
569
495
393
263
121
15
-75
-155
-187
-189
-167
-136
-103
-67
-63
-100
-161
-255
-372
-507
-667
-812
-931
-1002
-1012
-968
-867
-704
-487
-241
33
319
587
804
970
1089
1144
1142
1080
977
834
677
544
427
328
255
208
179
192
246
286
317
352
364
373
373
350
311
265
235
220
209
219
264
337
436
564
713
878
1050
1218
1370
1492
1586
1635
1632
1575
1465
1314
1103
845
555
257
-39
-353
-637
-884
-1121
-1318
-1477
-1599
-1682
-1737
-1764
-1775
-1767
-1739
-1695
-1642
-1589
-1524
-1447
-1355
-1246
-1120
-979
-829
-657
-484
-302
-102
73
246
419
548
675
805
890
950
1008
1030
1031
1001
947
881
782
676
550
381
203
32
-145
-330
-507
-695
-877
-1016
-1127
-1225
-1302
-1339
-1355
-1346
-1285
-1218
-1137
-1007
-877
-738
-578
-404
-231
-82
75
238
384
519
630
712
783
849
876
898
913
898
877
853
834
828
830
837
853
878
910
955
991
1007
1015
1010
974
944
909
832
751
679
603
551
517
483
467
478
495
524
546
551
542
509
462
375
242
71
-119
-329
-538
-736
-952
-1151
-1317
-1436
-1518
-1564
-1555
-1519
-1455
-1341
-1211
-1069
-919
-781
-654
-532
-416
-314
-242
-188
-132
-81
-13
55
108
154
219
295
357
430
478
507
529
527
513
474
402
308
204
85
-39
-164
-299
-423
-541
-643
-711
-777
-836
-857
-868
-881
-865
-841
-827
-811
-771
-730
-706
-649
-591
-521
-422
-308
-167
-22
130
300
461
620
775
887
965
1021
1046
1048
1011
949
880
799
726
669
618
577
571
568
572
609
625
638
660
659
639
614
577
520
470
431
370
319
300
279
276
298
328
359
399
452
497
531
561
563
531
502
464
374
256
123
-24
-173
-314
-456
-597
-724
-824
-897
-944
-964
-974
-971
-955
-937
-907
-879
-874
-871
-871
-884
-891
-890
-884
-867
-828
-765
-691
-580
-461
-341
-204
-81
37
135
210
270
296
316
309
282
248
206
180
147
116
100
83
80
68
54
46
0
-49
-112
-209
-291
-395
-513
-612
-707
-772
-804
-800
-762
-705
-618
-502
-340
-180
-49
83
192
282
352
401
440
450
463
485
512
564
629
717
815
905
1011
1102
1173
1223
1235
1220
1182
1105
1003
893
773
656
552
467
401
362
342
336
341
352
364
367
358
336
294
237
178
130
86
41
3
-5
-1
-13
7
27
8
-23
-67
-140
-236
-352
-487
-623
-760
-885
-983
-1052
-1093
-1106
-1089
-1040
-973
-894
-810
-749
-698
-648
-611
-587
-586
-582
-577
-575
-528
-456
-382
-275
-144
0
156
305
447
559
638
682
684
658
580
473
355
214
79
-41
-153
-250
-328
-376
-422
-443
-459
-486
-498
-522
-545
-571
-611
-637
-653
-659
-629
-564
-488
-373
-240
-95
92
264
426
586
708
815
883
920
939
916
883
855
822
795
779
775
779
788
808
823
820
799
751
668
567
458
326
178
33
-96
-190
-262
-301
-307
-290
-232
-155
-71
23
118
193
241
282
304
311
304
275
245
221
193
162
154
143
139
144
126
105
71
25
-35
-129
-228
-335
-458
-576
-681
-779
-853
-892
-917
-912
-879
-838
-781
-718
-661
-606
-557
-524
-509
-499
-490
-474
-455
-422
-374
-308
-223
-142
-41
60
152
237
288
324
327
307
272
226
158
80
29
-29
-67
-82
-90
-81
-70
-40
-13
5
22
12
-11
-28
-66
-104
-126
-148
-164
-164
-143
-106
-48
19
81
143
200
252
294
319
323
331
335
328
330
333
336
350
374
403
427
442
455
455
448
445
429
398
356
310
275
253
235
223
224
240
270
289
330
366
381
402
403
394
363
320
276
215
157
106
57
9
-23
-41
-58
-76
-93
-103
-126
-162
-206
-264
-333
-414
-493
-566
-631
-682
-725
-751
-754
-740
-717
-677
-626
-592
-547
-480
-440
-417
-391
-370
-353
-325
-303
-278
-242
-208
-159
-93
-27
45
106
143
196
237
257
267
251
237
220
199
177
148
114
93
82
61
49
40
11
-6
-25
-57
-83
-128
-168
-200
-237
-257
-263
-277
-286
-270
-250
-216
-177
-143
-91
-48
-5
44
90
136
176
210
253
309
344
372
416
462
512
555
594
621
645
664
667
668
663
638
604
576
534
477
425
365
302
244
192
146
92
33
-9
-35
-59
-96
-109
-113
-133
-135
-132
-131
-123
-119
-112
-100
-78
-58
-46
-13
11
31
64
90
108
126
134
123
113
95
59
18
-27
-73
-124
-176
-233
-288
-326
-359
-383
-409
-430
-446
-465
-477
-491
-506
-523
-541
-545
-557
-561
-537
-522
-501
-452
-400
-338
-272
-209
-143
-88
-39
4
24
25
20
9
-11
-44
-74
-95
-116
-123
-127
-112
-98
-88
-63
-37
-22
-14
-2
10
6
-8
-12
-22
-27
-21
-12
14
49
93
140
187
252
316
358
403
448
475
493
508
516
512
504
498
499
489
481
486
478
458
452
440
406
374
331
263
208
151
81
31
-9
-56
-82
-86
-75
-67
-43
2
37
79
122
152
178
197
187
184
184
163
145
113
95
86
80
76
75
92
89
80
82
64
41
0
-53
-103
-162
-229
-304
-371
-430
-479
-505
-526
-543
-550
-543
-526
-517
-502
-484
-466
-454
-448
-434
-425
-421
-409
-390
-374
-357
-334
-310
-283
-252
-213
-168
-130
-96
-74
-49
-27
-19
-12
-16
-37
-50
-62
-90
-111
-118
-126
-127
-116
-98
-69
-31
-2
39
81
120
160
190
207
215
234
243
242
250
269
276
277
289
310
337
359
384
405
423
438
441
438
431
404
373
338
293
256
206
157
127
93
59
40
29
31
42
46
59
78
102
122
127
139
146
145
149
129
124
132
133
141
145
150
179
205
217
236
245
246
239
221
195
155
106
40
-25
-86
-145
-196
-245
-292
-331
-343
-370
-398
-400
-422
-433
-441
-466
-477
-496
-511
-515
-527
-529
-512
-497
-468
-424
-393
-345
-281
-230
-181
-132
-95
-57
-32
-26
-17
-20
-26
-30
-52
-60
-68
-73
-70
-65
-55
-51
-36
-24
-17
-9
-20
-33
-49
-61
-67
-90
-98
-92
-85
-76
-63
-30
6
44
89
117
160
197
216
245
249
262
280
275
281
264
263
271
267
279
273
277
286
289
305
304
302
307
297
282
270
253
236
208
185
172
148
137
132
126
140
155
167
179
184
206
221
223
219
194
170
139
100
54
4
-46
-91
-119
-146
-161
-169
-178
-169
-156
-144
-137
-145
-149
-155
-172
-200
-230
-249
-273
-287
-296
-295
-270
-246
-224
-189
-155
-120
-93
-76
-73
-82
-100
-125
-143
-175
-213
-228
-248
-247
-234
-227
-206
-173
-137
-119
-103
-87
-97
-118
-151
-184
-210
-255
-298
-319
-330
-327
-309
-270
-223
-165
-98
-40
12
56
100
137
152
160
156
146
139
137
150
161
186
215
248
294
332
367
391
411
425
415
394
357
316
274
222
175
140
110
100
97
100
116
131
150
176
196
204
202
193
171
142
114
90
70
52
32
37
54
64
94
131
166
199
222
231
227
219
207
170
121
81
48
5
-26
-44
-63
-60
-58
-55
-40
-28
-27
-20
-32
-65
-89
-126
-168
-201
-238
-274
-301
-314
-329
-324
-296
-294
-286
-268
-252
-239
-249
-249
-257
-270
-272
-295
-314
-310
-309
-298
-287
-277
-243
-207
-179
-150
-126
-107
-79
-56
-55
-46
-28
-34
-40
-28
-23
-17
-8
-4
11
28
37
57
71
88
100
103
115
115
117
108
90
95
83
59
45
33
16
-1
-8
-8
-4
4
18
29
55
82
101
128
153
173
186
201
212
217
209
203
211
203
201
206
208
217
213
222
240
244
249
259
259
256
246
230
217
210
201
182
158
143
134
114
98
98
85
74
64
34
7
-12
-36
-71
-103
-121
-144
-179
-199
-215
-229
-222
-222
-223
-219
-225
-228
-226
-220
-220
-224
-229
-233
-233
-228
-217
-210
-191
-163
-141
-125
-101
-77
-68
-53
-39
-29
-31
-38
-39
-46
-52
-48
-50
-50
-36
-32
-23
0
9
10
5
6
7
-9
-24
-46
-68
-81
-102
-111
-108
-103
-95
-87
-70
-53
-44
-25
-6
2
6
11
12
16
24
27
36
52
68
93
123
143
168
192
206
223
228
233
241
243
227
219
219
204
200
198
202
206
206
206
199
202
198
173
147
132
115
92
45
17
0
-26
-27
-43
-58
-47
-54
-56
-45
-45
-48
-52
-54
-58
-71
-78
-80
-92
-97
-98
-103
-95
-90
-76
-61
-60
-56
-40
-42
-52
-51
-53
-52
-65
-81
-97
-107
-106
-118
-121
-118
-109
-109
-125
-113
-109
-114
-104
-98
-96
-86
-74
-66
-51
-36
-26
-16
-16
-8
4
-3
-22
-29
-41
-55
-53
-66
-57
-54
-57
-40
-36
-21
-8
2
19
16
12
1
-7
-12
-19
-28
-32
-13
-1
2
31
55
78
108
131
153
159
159
159
145
126
108
93
82
72
71
71
79
99
109
126
149
156
143
135
137
110
76
47
13
-5
-27
-49
-57
-56
-47
-30
-16
-9
14
29
35
39
36
22
6
-2
-16
-34
-39
-41
-29
-21
-14
9
29
47
59
67
67
65
54
22
-6
-32
-55
-79
-107
-113
-111
-108
-100
-88
-72
-50
-30
-21
-14
-23
-29
-44
-68
-83
-110
-120
-127
-140
-135
-134
-116
-84
-63
-44
-14
12
23
35
35
28
26
24
13
-4
-19
-28
-27
-28
-23
-16
-15
-10
-6
8
9
-3
0
1
-15
-23
-24
-31
-39
-35
-27
-27
-20
-4
-1
0
12
21
24
33
34
29
36
37
45
52
50
56
72
84
81
88
93
86
86
87
84
74
69
50
39
35
20
20
6
-5
5
-2
-16
-15
-5
-3
0
0
5
23
17
20
27
24
28
23
17
14
3
-4
-8
-7
-20
-32
-29
-30
-20
-11
-15
-12
-10
-17
-19
-20
-38
-58
-71
-84
-91
-114
-133
-132
-130
-113
-100
-85
-61
-45
-34
-16
8
6
11
13
1
-6
-11
-11
-21
-32
-22
-14
12
20
11
26
34
37
46
36
23
9
-9
-25
-33
-50
-70
-63
-59
-57
-41
-34
-24
-10
2
10
14
10
4
-4
-10
-10
-13
-5
-3
-6
14
41
60
83
101
110
119
121
124
124
114
106
87
80
79
67
72
78
86
86
89
107
104
100
97
84
71
44
19
-2
-32
-46
-53
-73
-83
-80
-71
-65
-51
-34
-24
-18
-19
-18
-9
-19
-33
-44
-69
-70
-64
-78
-80
-73
-69
-63
-47
-33
-24
-16
-3
3
-6
-5
-6
-9
-7
-18
-14
-15
-20
-13
-21
-9
5
-6
-4
-19
-27
-18
-35
-40
-47
-66
-64
-69
-70
-56
-54
-39
-32
-34
-19
-20
-24
-26
-31
-40
-48
-53
-69
-71
-64
-60
-59
-55
-38
-23
-9
7
8
10
20
24
21
23
23
21
24
29
40
56
62
70
90
112
124
123
127
125
119
117
104
93
91
77
67
73
64
52
48
62
70
56
50
38
28
9
-12
-29
-42
-54
-75
-84
-96
-94
-79
-72
-62
-43
-25
-11
0
12
22
30
26
21
10
-12
-12
-12
-29
-14
-4
-7
6
17
30
54
65
62
63
70
64
36
20
6
-20
-41
-60
-66
-66
-67
-66
-73
-72
-55
-41
-38
-35
-34
-38
-35
-51
-63
-64
-72
-70
-64
-55
-44
-31
-17
-1
12
28
42
45
47
45
39
22
12
11
-11
-14
-8
-4
3
5
16
23
35
43
46
47
38
30
23
12
3
-6
-14
-18
-14
2
14
24
41
48
62
72
68
56
46
37
5
-5
-20
-55
-60
-59
-52
-43
-29
0
18
34
56
71
68
62
59
37
12
-10
-39
-56
-72
-76
-62
-51
-33
-9
-1
30
63
73
80
75
64
46
19
0
-18
-43
-59
-56
-55
-49
-39
-15
13
12
30
45
37
31
14
-8
-27
-56
-75
-82
-89
-96
-88
-62
-46
-25
3
21
39
55
53
43
36
16
-3
-20
-36
-41
-49
-42
-37
-25
1
24
49
56
66
82
83
76
55
37
19
-3
-13
-28
-31
-30
-32
-16
0
9
17
40
50
39
35
25
7
-8
-21
-41
-54
-59
-70
-62
-45
-47
-21
7
4
31
46
43
48
34
31
30
9
2
-9
-19
-9
-18
-22
-13
3
25
27
33
32
38
43
28
31
26
21
15
-6
5
-5
-19
-13
-16
-3
-2
-13
-5
-15
-24
-11
-10
-20
-20
-12
-15
-23
-19
-16
-20
-16
-19
-19
-16
-25
-16
-11
-19
-13
-4
4
15
26
36
38
45
41
35
33
19
6
-6
-12
-25
-43
-42
-43
-39
-21
-9
2
18
30
36
51
51
29
14
2
-10
-26
-40
-51
-61
-57
-43
-32
-9
15
35
55
74
72
76
77
55
45
19
-10
-13
-31
-39
-35
-28
-12
-4
25
44
51
76
74
67
70
40
20
4
-10
-16
-40
-45
-36
-27
-7
12
32
45
52
71
73
60
42
22
0
-28
-41
-63
-80
-69
-68
-69
-57
-31
-11
7
19
23
21
12
-4
-28
-47
-60
-73
-86
-93
-94
-83
-64
-40
-8
10
24
41
51
64
62
46
33
11
-8
-20
-30
-30
-34
-31
-17
-12
7
17
19
27
33
24
7
-6
-33
-51
-64
-84
-83
-83
-85
-65
-44
-32
-13
10
22
18
24
33
29
14
-3
-16
-19
-25
-30
-13
1
10
28
49
68
80
83
84
80
72
60
47
27
9
3
-2
-2
1
5
14
39
54
57
64
63
55
40
28
9
-14
-30
-48
-53
-55
-57
-55
-40
-18
-1
19
33
47
48
42
36
17
10
-4
-32
-40
-47
-55
-51
-47
-50
-21
8
16
31
40
49
47
42
36
16
6
-8
-35
-53
-54
-51
-48
-34
-26
-13
4
21
34
41
54
43
25
23
0
-29
-39
-52
-71
-72
-72
-72
-65
-54
-24
-8
4
17
25
39
27
22
22
-1
-15
-28
-43
-44
-47
-52
-47
-35
-23
-3
18
34
46
56
59
60
67
55
39
28
17
14
1
-9
-5
-2
2
11
34
38
42
54
49
59
46
22
16
2
-18
-37
-54
-70
-73
-66
-60
-42
-34
-23
-5
5
25
37
32
25
15
8
-13
-27
-35
-42
-40
-45
-45
-31
-22
-4
20
21
46
63
45
40
34
31
21
5
-7
-18
-23
-29
-35
-33
-26
-21
-20
-6
0
-7
-6
-10
-26
-24
-26
-42
-34
-30
-35
-31
-35
-16
-2
-3
16
20
16
13
10
10
4
-4
-19
-23
-15
-17
-18
-11
5
19
15
28
36
26
35
27
10
1
-7
-15
-28
-30
-21
-17
-10
7
33
47
55
71
82
78
59
51
38
12
-1
-26
-55
-56
-51
-46
-40
-21
1
24
50
60
66
73
71
55
30
9
-14
-41
-58
-73
-79
-68
-65
-49
-25
3
29
39
49
62
66
57
39
24
11
-9
-21
-35
-44
-40
-34
-17
-9
1
21
37
45
39
36
32
22
6
-16
-31
-45
-53
-64
-68
-58
-53
-42
-27
-18
-6
5
10
12
9
-2
-10
-16
-27
-37
-35
-34
-36
-24
-7
-9
-7
19
21
23
47
38
21
20
15
8
3
-1
-9
-10
4
-3
-4
12
12
17
26
31
27
18
16
2
-4
0
-15
-26
-21
-20
-25
-35
-24
-12
-7
2
7
10
5
4
5
8
13
6
4
7
7
-2
-8
-2
-1
4
4
0
-4
2
19
6
2
11
3
14
21
9
3
3
-1
-16
-15
-17
-16
-10
-9
-5
1
8
9
17
23
25
31
28
18
7
-8
-20
-18
-32
-41
-33
-34
-35
-33
-22
-16
-2
12
20
31
28
21
10
-1
-9
-21
-32
-47
-50
-53
-52
-35
-24
-11
12
33
49
66
68
63
65
44
35
25
-4
-11
-26
-46
-42
-29
-17
-4
20
36
41
71
77
65
66
59
34
8
-20
-44
-54
-77
-88
-78
-70
-43
-18
3
37
57
76
92
92
77
62
42
16
-13
-44
-54
-62
-65
-59
-52
-27
-5
19
47
71
90
80
70
63
35
15
-5
-33
-57
-74
-73
-77
-73
-58
-37
-10
11
32
50
50
42
40
22
-4
-29
-54
-83
-99
-93
-85
-81
-68
-45
-20
10
29
44
63
69
60
47
23
-7
-22
-41
-61
-65
-66
-64
-57
-37
-16
7
25
43
55
61
65
58
46
30
12
-17
-39
-38
-49
-56
-44
-32
-24
-10
-1
14
32
31
34
36
24
11
-2
-14
-29
-32
-35
-43
-40
-33
-22
-7
1
14
28
26
37
49
40
40
34
26
24
12
3
-1
0
-3
-1
1
1
4
10
28
35
27
25
29
37
34
22
22
15
13
14
-1
-5
-7
-19
-25
-21
-25
-27
-22
-17
-14
-15
-6
0
1
5
10
5
-1
-3
-18
-27
-30
-33
-34
-40
-36
-30
-18
4
3
11
31
31
37
39
21
23
21
-5
-10
-17
-28
-25
-22
-13
-11
5
12
26
49
49
49
45
40
30
13
-10
-34
-44
-54
-58
-59
-60
-47
-27
-18
3
22
26
39
40
38
27
9
-9
-25
-35
-55
-58
-61
-58
-36
-13
13
26
37
54
69
78
73
60
53
40
5
-28
-41
-51
-55
-53
-45
-29
-14
13
25
45
65
54
61
50
30
15
-21
-37
-54
-81
-81
-79
-81
-65
-36
-14
14
32
47
56
55
52
39
28
8
-20
-38
-57
-62
-64
-73
-52
-29
-18
8
24
37
62
73
64
57
42
17
-2
-16
-27
-46
-60
-56
-53
-34
-23
-7
18
32
50
55
60
58
39
32
19
-5
-29
-50
-59
-57
-63
-60
-40
-28
-18
6
24
29
40
54
52
34
24
7
-11
-16
-26
-43
-45
-37
-33
-24
-6
13
35
55
61
60
66
62
53
52
38
14
-1
-8
-11
-26
-32
-26
-16
-2
5
5
16
32
26
20
17
11
-4
-13
-19
-36
-45
-47
-42
-38
-32
-26
-17
-5
5
19
23
23
22
16
6
-9
-16
-14
-16
-21
-21
-7
2
4
15
22
41
47
49
55
39
28
14
4
-6
-27
-32
-27
-41
-40
-19
-10
-9
6
20
23
26
17
16
8
-11
-16
-38
-54
-51
-56
-60
-40
-29
-27
-13
6
29
38
37
36
30
24
13
-2
-15
-28
-32
-29
-34
-20
-15
-4
19
22
49
59
57
70
64
50
28
17
7
-12
-15
-30
-36
-25
-17
-5
4
12
25
38
38
33
38
26
9
4
-17
-37
-42
-49
-49
-35
-36
-22
-1
1
16
29
26
25
24
15
5
2
-10
-30
-38
-36
-38
-39
-23
-1
14
23
33
55
59
49
42
32
26
16
5
-14
-26
-36
-41
-34
-26
-21
-8
10
11
18
28
28
13
3
-1
-16
-31
-41
-48
-60
-56
-53
-55
-42
-38
-22
-7
2
14
16
19
13
6
6
-2
-9
-13
-15
-15
-19
-23
-5
8
14
27
34
35
41
40
25
33
32
16
9
-6
-12
-18
-20
-10
-9
-13
-6
-4
9
25
2
0
14
5
2
-7
-18
-15
-24
-29
-27
-31
-23
-14
-12
-7
6
16
16
22
25
31
18
7
17
13
5
-1
2
-8
-9
9
7
3
13
29
24
27
33
27
28
22
14
12
12
-1
-8
-12
-20
-13
-23
-20
-11
-13
0
-1
-5
5
4
6
4
-4
-14
-22
-17
-28
-36
-30
-39
-40
-30
-21
-11
-8
0
8
15
16
17
19
17
13
12
7
-5
-1
0
-8
-4
-1
9
9
14
27
28
21
19
22
23
18
10
5
-7
-7
-12
-24
-21
-23
-20
-14
-2
3
1
0
-6
-11
-3
-11
-16
-5
-21
-25
-22
-35
-31
-22
-12
0
10
14
20
28
24
27
31
22
13
9
11
5
-6
-4
-4
-3
5
7
19
30
29
41
45
41
37
20
18
9
-10
-13
-19
-28
-24
-22
-29
-17
-6
-4
9
10
18
18
2
10
5
-27
-30
-30
-46
-36
-40
-50
-30
-23
-13
1
19
31
18
31
41
25
22
21
7
-8
-7
-16
-17
-12
-11
6
10
19
33
43
49
48
49
38
26
17
2
-2
-9
-28
-35
-32
-32
-30
-19
-10
-1
7
7
11
13
13
6
-11
-17
-28
-41
-41
-39
-38
-40
-40
-24
-14
-4
9
17
28
33
28
23
21
11
1
-3
-4
-4
-14
-13
-11
-6
10
18
21
24
29
28
27
23
17
10
6
-2
-10
-18
-28
-25
-15
-17
-18
-12
-12
-12
-4
0
-4
-6
1
-14
-22
-15
-18
-21
-25
-27
-27
-19
-15
-19
-15
-12
-4
-2
-2
7
9
7
9
5
8
13
8
12
12
13
11
6
5
14
20
12
15
20
14
19
12
19
28
17
13
7
9
9
-5
-7
-6
-6
-6
-7
-10
-12
-8
-6
-4
-3
-2
-1
1
1
-6
-16
-19
-14
-20
-21
-9
-8
-8
-8
2
9
6
20
21
16
29
31
29
18
6
5
2
1
0
3
10
20
21
12
17
18
22
32
21
21
22
-8
-19
-11
-16
-28
-32
-27
-27
-22
-10
-8
0
7
5
7
9
5
-5
-10
-15
-27
-30
-36
-41
-33
-30
-11
-5
-8
12
24
36
39
35
30
24
18
10
-6
-19
-17
-17
-14
-17
-11
-3
-1
16
24
38
47
42
34
26
25
6
-18
-23
-17
-22
-34
-40
-33
-21
-11
2
5
13
31
29
30
29
13
-2
-12
-17
-24
-36
-38
-29
-29
-25
-9
12
20
19
39
50
42
46
40
27
17
0
-5
-11
-25
-17
-8
-5
2
15
25
32
43
52
58
44
33
32
11
-1
-14
-32
-35
-38
-35
-28
-20
-7
0
14
24
32
38
35
31
15
-1
-8
-19
-34
-36
-40
-40
-18
-19
-16
14
21
32
46
46
62
52
29
23
6
0
-12
-29
-23
-30
-23
-16
-14
3
9
29
38
43
51
37
32
20
4
-9
-31
-39
-38
-42
-35
-27
-22
-23
-15
8
21
30
35
20
18
19
-7
-18
-14
-26
-35
-37
-32
-26
-16
-1
9
22
26
33
34
28
36
22
14
7
-11
-11
-18
-27
-20
