3
11
0
6
5
7
9
0
7
3
9
10
0
2
-7
2
9
13
21
16
5
4
8
-2
-6
-7
-8
-8
-9
-5
-7
-3
-5
-7
-2
-3
3
9
6
2
3
-3
-1
10
-7
-12
2
-4
-8
-5
1
5
-3
-1
8
3
-5
-4
1
-4
-5
3
1
-4
-4
0
-5
-3
-2
-3
-1
-6
-7
-7
3
6
-5
3
9
1
9
10
8
6
3
4
-2
5
7
5
6
3
0
4
6
1
3
2
1
-4
-4
1
-9
-8
1
-4
-8
-10
-12
-3
-11
-11
-2
-11
-5
3
-9
-7
-7
-13
-6
1
-9
-12
-5
-7
-6
-13
-17
-15
-14
-12
-11
-12
-16
-14
-10
-12
-6
1
6
6
1
2
10
4
2
8
6
4
0
0
-2
4
9
3
9
13
7
2
5
13
8
1
2
1
-1
1
5
7
-1
1
8
-2
3
6
0
4
2
2
12
9
-4
1
5
-2
2
7
2
-2
-2
-4
-5
-5
-1
-1
-4
-1
2
0
3
-1
2
5
-7
-7
-5
-1
-3
-9
-4
-5
1
4
-1
-1
-5
-3
1
1
4
-2
-7
-3
-4
-8
-4
-5
-3
5
8
5
4
-2
1
10
6
7
8
2
1
-3
7
4
-2
10
-1
-4
0
-5
-9
-12
-3
-2
-5
-2
1
8
3
-5
1
10
8
-5
-7
-2
0
-3
-4
-1
-2
5
6
6
-1
4
9
2
7
3
4
8
2
5
6
-4
-2
8
11
20
15
8
18
9
-6
-6
-10
-10
5
10
0
-1
1
-6
2
4
-5
-3
-2
-2
2
0
-4
0
4
1
1
14
18
13
18
6
-1
2
0
-4
-9
-7
-7
-10
-8
-13
-11
-3
-11
-13
-3
-7
-13
0
-3
-4
8
-3
-4
4
-6
-5
-5
-11
-2
-3
-6
-6
-7
-6
-8
-3
-1
-9
-5
-2
3
-3
-12
-6
-5
-3
-10
-4
10
12
6
2
0
-4
3
1
1
-1
-8
9
4
-3
4
1
4
6
6
0
2
10
1
5
10
8
4
-5
1
3
5
6
1
-3
-4
-2
-2
1
11
13
11
12
10
2
-5
-3
4
3
4
2
-3
9
4
2
5
-1
3
-1
1
-2
-11
-7
-10
-5
5
-8
-1
6
4
15
2
-3
-3
-11
-9
-11
0
-3
-7
-5
-1
-2
-5
7
2
-6
-9
-13
-8
-6
6
12
5
-2
-1
3
2
4
1
2
1
-3
-4
-9
-5
1
2
6
9
-1
-2
12
2
5
12
1
14
9
9
27
20
15
12
5
3
2
-3
2
4
1
14
12
5
8
8
10
13
11
-1
1
-3
-14
-6
-5
1
3
-5
-4
0
6
0
-9
3
3
-4
8
4
2
9
-1
-1
5
-1
-4
-7
-1
-7
-3
8
1
8
12
4
10
2
-5
2
-2
-12
-7
-3
-5
-9
-6
0
-1
5
3
-8
-4
6
4
-3
-3
-3
-10
-16
-11
-8
-6
-4
-1
0
0
-1
-2
4
-1
-8
-8
-12
-11
-3
-11
-17
-13
-7
0
-3
-9
1
0
-4
0
-6
-1
-8
-9
-3
0
7
2
7
8
6
15
7
-3
-3
3
8
9
16
11
4
7
18
18
10
13
7
-1
-3
-6
-3
-3
5
12
9
13
18
17
9
15
19
9
6
-3
-1
5
-2
5
16
21
8
0
10
12
1
-4
4
5
4
13
18
16
12
6
-4
3
1
-8
4
5
7
3
-5
-4
-5
4
-3
-9
5
6
5
6
1
-9
-16
-9
-4
-8
1
4
-5
-9
-12
-10
-17
-21
-15
-17
-9
-6
-4
5
-2
-4
-2
-19
-17
-10
-14
-5
9
1
-13
-5
-5
-2
2
-7
-12
-10
-6
-3
3
1
-3
3
9
8
10
10
0
-1
-4
-1
14
17
18
9
7
-6
-16
-3
-3
-4
7
9
12
13
5
3
4
-1
9
12
2
-6
-7
-3
0
5
19
16
19
22
11
6
-1
3
1
-8
0
-5
2
7
1
11
0
-8
6
9
14
15
7
8
6
6
7
-1
0
-8
-5
9
14
13
13
4
-9
-3
6
14
4
3
1
-9
6
2
-12
-9
-8
-8
-8
-9
-5
7
-4
-11
-10
-18
-11
-6
-5
-12
-16
-9
-7
-10
-11
-12
-7
-5
-3
4
-9
-7
0
-18
-16
-14
-25
-16
-16
-12
-7
-6
-6
-10
-3
-12
-14
-12
-18
-8
-1
-10
-9
1
-2
-2
6
2
-4
-6
-12
-5
-5
-10
-4
-1
0
5
3
-1
-11
-15
-14
-8
2
10
6
1
5
5
8
-1
-1
11
1
3
7
2
7
5
5
15
17
12
16
12
4
9
6
-1
-2
-3
-1
1
5
9
10
7
0
13
10
2
-6
-15
1
-1
-7
-11
-11
-3
-15
-8
5
1
6
4
3
3
1
-4
-3
-4
-8
7
8
-5
-1
3
-2
-3
0
5
7
3
2
9
6
-3
-6
-7
-1
-3
-8
-8
-10
-5
-7
-13
-5
-7
-10
-11
-14
-9
-11
-8
-6
-8
0
-4
0
6
1
-4
-14
-13
-13
-7
-7
-3
-6
-19
-7
-14
-24
-22
-28
-24
-25
-24
-19
-11
-10
-15
-9
-4
-10
-1
8
1
1
5
7
6
13
19
13
8
9
6
4
5
-2
-5
-6
6
9
1
8
2
6
11
16
19
21
26
15
9
8
15
9
3
0
-4
-3
-7
-3
-8
-13
-5
-6
-9
-3
-5
-10
-9
-3
0
-4
3
2
-7
-6
1
5
7
10
13
8
1
1
-2
-9
-3
-5
-9
-11
-10
-6
-16
-27
-16
-8
-12
-9
-8
0
10
13
8
7
8
8
4
0
5
10
10
11
20
6
-4
7
-1
1
0
-2
9
3
-6
-3
3
-2
-2
2
6
8
12
7
7
15
18
12
11
14
14
13
11
11
4
3
0
-8
-2
-5
-9
-10
-16
-22
-18
-19
-13
-2
-6
5
6
6
15
18
24
14
11
20
22
11
7
9
7
11
0
-5
6
-1
-16
-28
-24
-13
-15
-10
-2
-10
-3
1
-4
10
14
10
18
17
20
22
20
10
3
13
7
-1
-3
-8
-2
-11
-14
-15
-26
-26
-18
-17
-15
-3
3
14
29
28
33
41
37
32
27
23
31
30
18
14
12
1
-7
-12
-12
-15
-22
-25
-28
-34
-29
-33
-36
-28
-23
-12
-5
6
20
24
37
41
35
40
28
27
31
19
5
-4
-14
-32
-35
-37
-37
-32
-29
-18
-14
-1
-6
-5
3
-15
-19
-25
-34
-39
-45
-49
-42
-46
-53
-44
-45
-44
-41
-59
-67
-75
-93
-107
-116
-122
-127
-127
-116
-89
-75
-69
-51
-34
-9
11
10
5
15
22
7
8
22
28
32
44
67
65
64
78
89
89
76
76
83
78
68
64
65
74
85
101
115
131
143
153
163
177
196
193
192
199
183
175
160
139
145
138
144
147
156
185
190
202
211
217
227
216
216
204
192
178
145
101
45
-9
-80
-174
-265
-363
-468
-570
-660
-748
-810
-839
-866
-845
-791
-733
-651
-552
-435
-317
-211
-106
-4
75
138
190
242
286
307
326
339
351
365
360
340
317
289
255
219
175
119
73
26
-30
-68
-92
-124
-148
-171
-193
-194
-194
-195
-196
-190
-170
-141
-108
-66
-19
37
100
150
200
232
257
295
306
308
304
282
266
258
239
227
237
232
231
246
257
259
245
224
200
175
140
114
120
125
162
256
351
470
617
750
875
969
990
923
776
530
202
-175
-599
-1038
-1444
-1785
-2060
-2229
-2265
-2203
-2031
-1766
-1452
-1102
-746
-395
-99
128
312
453
548
594
628
662
717
785
858
958
1055
1143
1215
1256
1245
1176
1064
900
703
475
214
-44
-282
-495
-668
-800
-895
-955
-981
-966
-939
-926
-919
-910
-911
-928
-943
-938
-916
-869
-766
-617
-441
-210
49
296
549
760
903
998
1019
968
859
696
518
331
151
8
-92
-139
-142
-98
-34
43
127
201
249
267
258
230
189
142
111
88
107
165
253
404
575
781
1023
1252
1480
1710
1900
2022
2095
2078
1936
1692
1333
871
317
-299
-941
-1577
-2160
-2664
-3064
-3323
-3412
-3368
-3200
-2897
-2513
-2083
-1614
-1149
-722
-341
3
300
557
801
1014
1217
1427
1627
1818
1983
2113
2190
2191
2123
1971
1741
1443
1090
704
307
-81
-456
-795
-1073
-1291
-1461
-1584
-1649
-1678
-1691
-1678
-1647
-1607
-1554
-1489
-1420
-1326
-1195
-1046
-867
-640
-391
-139
134
403
638
844
1000
1098
1131
1095
1015
896
744
574
413
270
146
75
38
26
46
93
147
196
256
301
318
339
358
368
380
395
423
477
546
641
777
915
1075
1267
1463
1666
1853
2032
2190
2280
2284
2151
1883
1481
909
224
-550
-1391
-2230
-3015
-3688
-4209
-4534
-4635
-4534
-4247
-3780
-3190
-2531
-1823
-1122
-481
78
555
968
1287
1543
1783
1974
2154
2348
2517
2666
2771
2828
2804
2689
2491
2187
1793
1326
816
288
-246
-745
-1193
-1581
-1882
-2116
-2276
-2353
-2385
-2370
-2302
-2214
-2125
-2012
-1881
-1750
-1595
-1421
-1229
-1000
-722
-404
-82
262
618
931
1207
1433
1568
1620
1600
1494
1312
1084
843
611
366
155
12
-95
-149
-144
-100
-37
40
138
222
280
328
367
398
431
479
534
597
706
840
997
1201
1436
1692
1958
2216
2450
2631
2722
2669
2446
2059
1483
740
-122
-1074
-2055
-2998
-3830
-4491
-4970
-5206
-5160
-4908
-4474
-3861
-3158
-2418
-1673
-971
-357
161
611
992
1301
1601
1882
2161
2478
2802
3113
3393
3615
3732
3716
3567
3272
2834
2287
1649
963
285
-364
-947
-1446
-1840
-2125
-2317
-2419
-2455
-2452
-2421
-2387
-2377
-2388
-2403
-2425
-2438
-2411
-2323
-2157
-1886
-1508
-1051
-531
39
590
1079
1506
1812
1961
1985
1885
1669
1363
1021
690
374
123
-12
-65
-31
80
229
405
576
707
782
794
754
671
570
457
369
321
319
394
531
717
949
1217
1500
1791
2075
2327
2550
2696
2751
2707
2482
2075
1509
760
-125
-1074
-2063
-3035
-3903
-4618
-5136
-5423
-5453
-5238
-4839
-4269
-3567
-2806
-2022
-1259
-556
57
594
1065
1466
1832
2181
2512
2838
3164
3465
3718
3902
3980
3920
3723
3381
2887
2280
1595
875
153
-523
-1134
-1658
-2057
-2348
-2538
-2629
-2632
-2589
-2520
-2431
-2364
-2332
-2330
-2345
-2361
-2384
-2342
-2233
-2046
-1726
-1304
-801
-244
330
870
1343
1731
1988
2098
2069
1912
1658
1347
1011
685
421
228
131
139
221
371
566
754
913
1033
1084
1062
970
844
696
544
432
374
364
417
558
752
981
1264
1556
1833
2113
2356
2535
2626
2583
2349
1907
1287
460
-523
-1567
-2630
-3652
-4544
-5226
-5673
-5864
-5768
-5410
-4867
-4150
-3304
-2430
-1571
-754
-18
607
1122
1560
1929
2242
2534
2836
3132
3420
3698
3934
4090
4144
4043
3780
3370
2795
2088
1292
470
-321
-1054
-1671
-2155
-2492
-2673
-2730
-2680
-2551
-2393
-2221
-2072
-1992
-1958
-1987
-2079
-2168
-2264
-2318
-2277
-2134
-1850
-1449
-956
-391
189
736
1212
1588
1819
1905
1844
1654
1390
1068
736
451
233
125
117
222
431
671
942
1193
1374
1489
1524
1470
1333
1146
959
782
648
581
570
644
788
981
1204
1443
1688
1916
2127
2286
2396
2436
2349
2111
1669
1046
250
-724
-1789
-2849
-3884
-4817
-5526
-6009
-6241
-6169
-5822
-5259
-4525
-3639
-2694
-1757
-839
-16
692
1288
1787
2211
2565
2893
3199
3488
3771
4006
4191
4312
4303
4143
3834
3369
2745
2007
1184
319
-515
-1267
-1898
-2396
-2754
-2947
-2981
-2912
-2773
-2582
-2390
-2207
-2072
-2006
-1988
-2035
-2120
-2193
-2227
-2206
-2075
-1800
-1420
-953
-412
156
701
1169
1529
1768
1852
1799
1638
1385
1096
807
529
334
247
250
361
573
829
1099
1356
1543
1633
1647
1571
1402
1204
993
798
646
562
565
635
772
965
1183
1401
1607
1799
1957
2072
2157
2188
2137
1983
1661
1169
518
-317
-1275
-2272
-3286
-4256
-5055
-5636
-5998
-6093
-5878
-5400
-4759
-3932
-2967
-1983
-1017
-99
713
1382
1940
2403
2756
3044
3294
3516
3715
3886
4010
4061
4023
3858
3542
3089
2496
1776
973
146
-678
-1437
-2066
-2578
-2928
-3105
-3151
-3062
-2901
-2685
-2426
-2194
-1980
-1826
-1750
-1715
-1750
-1823
-1872
-1884
-1826
-1656
-1373
-992
-529
-22
475
922
1283
1533
1668
1661
1537
1343
1082
800
557
357
226
222
327
508
759
1044
1309
1530
1690
1744
1693
1567
1371
1143
947
788
682
676
769
911
1113
1356
1573
1748
1885
1970
1993
1971
1939
1880
1755
1573
1279
829
260
-472
-1348
-2272
-3195
-4100
-4917
-5525
-5922
-6092
-5965
-5559
-4973
-4206
-3256
-2247
-1242
-242
685
1470
2134
2705
3146
3480
3751
3968
4117
4223
4273
4224
4088
3839
3434
2920
2322
1606
799
-10
-784
-1506
-2118
-2592
-2945
-3161
-3225
-3196
-3103
-2934
-2717
-2494
-2284
-2104
-1979
-1900
-1865
-1863
-1863
-1821
-1720
-1547
-1275
-892
-450
19
508
942
1277
1533
1685
1696
1593
1433
1217
971
762
593
482
465
548
703
907
1156
1371
1526
1632
1647
1548
1384
1172
920
713
569
476
467
570
738
947
1213
1452
1616
1744
1823
1826
1795
1756
1680
1584
1489
1327
1005
570
13
-741
-1589
-2448
-3332
-4191
-4893
-5405
-5727
-5772
-5528
-5075
-4443
-3585
-2608
-1636
-630
345
1162
1861
2480
2971
3346
3627
3831
3959
4034
4076
4016
3875
3671
3324
2876
2375
1765
1048
329
-389
-1115
-1753
-2276
-2714
-3048
-3221
-3280
-3276
-3170
-3019
-2848
-2650
-2442
-2263
-2127
-2022
-1938
-1881
-1800
-1648
-1467
-1212
-831
-396
51
534
976
1310
1572
1738
1771
1690
1555
1361
1112
910
750
604
543
573
662
810
997
1167
1272
1341
1345
1243
1084
885
642
417
270
197
211
322
502
738
1011
1292
1511
1639
1722
1729
1653
1586
1527
1439
1389
1387
1360
1233
980
601
36
-670
-1446
-2309
-3199
-4014
-4714
-5230
-5505
-5517
-5265
-4790
-4075
-3175
-2162
-1066
-13
942
1816
2548
3118
3550
3838
3981
4012
4000
3927
3760
3539
3273
2952
2580
2149
1647
1079
456
-182
-802
-1401
-1970
-2483
-2907
-3233
-3464
-3596
-3629
-3595
-3512
-3317
-3051
-2808
-2549
-2291
-2068
-1844
-1631
-1427
-1225
-986
-676
-334
56
453
807
1141
1432
1660
1821
1900
1886
1813
1704
1552
1376
1185
1019
900
813
783
796
796
786
776
736
688
601
463
340
237
179
160
196
300
426
612
850
1062
1228
1349
1416
1411
1391
1391
1398
1418
1494
1633
1776
1880
1832
1606
1214
604
-194
-1106
-2106
-3173
-4153
-4928
-5489
-5800
-5780
-5431
-4852
-4028
-2968
-1841
-751
293
1244
2050
2682
3138
3435
3575
3616
3624
3598
3529
3410
3272
3147
2970
2701
2383
1972
1420
800
163
-516
-1252
-1966
-2608
-3176
-3633
-3955
-4143
-4219
-4167
-3944
-3602
-3224
-2844
-2465
-2099
-1778
-1508
-1287
-1121
-986
-847
-624
-324
-23
294
689
1120
1516
1893
2211
2387
2442
2452
2375
2174
1897
1588
1255
923
664
456
259
95
-19
-67
-73
-80
-103
-114
-103
-89
-27
72
148
227
378
594
796
961
1135
1292
1400
1531
1691
1813
1911
2047
2212
2377
2506
2506
2299
1936
1387
605
-300
-1309
-2424
-3496
-4355
-5004
-5472
-5623
-5440
-5044
-4396
-3461
-2441
-1458
-464
485
1292
1937
2436
2767
2957
3089
3178
3245
3295
3295
3257
3232
3172
2971
2676
2307
1770
1119
479
-238
-1060
-1850
-2542
-3165
-3690
-4035
-4247
-4361
-4318
-4092
-3747
-3348
-2918
-2497
-2076
-1654
-1320
-1067
-837
-688
-587
-382
-137
53
303
651
976
1279
1640
1946
2112
2214
2265
2245
2105
1869
1577
1234
904
618
365
159
-13
-137
-181
-178
-185
-187
-135
-90
-72
14
125
162
206
330
454
575
737
909
1054
1188
1359
1516
1606
1674
1746
1839
1961
2101
2245
2359
2370
2239
1975
1542
842
-54
-989
-1992
-3040
-3950
-4661
-5210
-5504
-5433
-5062
-4515
-3778
-2835
-1841
-870
112
1004
1700
2228
2632
2910
3057
3080
3059
3042
2995
2955
2955
2921
2773
2525
2263
1875
1288
626
-77
-867
-1673
-2378
-3011
-3596
-4046
-4307
-4398
-4341
-4114
-3733
-3255
-2740
-2210
-1678
-1225
-919
-718
-554
-454
-421
-364
-237
-100
91
405
779
1139
1503
1893
2198
2369
2477
2464
2286
1996
1653
1278
831
402
54
-241
-447
-570
-599
-561
-493
-390
-241
-97
-15
60
146
187
195
234
322
401
504
696
910
1091
1305
1542
1737
1894
2040
2193
2306
2398
2500
2560
2569
2471
2233
1867
1328
589
-273
-1167
-2125
-3090
-3876
-4475
-4921
-5128
-5023
-4707
-4251
-3551
-2682
-1816
-955
-70
738
1360
1861
2285
2568
2709
2798
2883
2932
2936
2920
2889
2789
2565
2259
1878
1340
689
27
-658
-1381
-2083
-2687
-3191
-3607
-3889
-3985
-3943
-3808
-3536
-3139
-2701
-2266
-1844
-1447
-1124
-893
-700
-558
-472
-385
-259
-63
178
451
772
1126
1430
1674
1913
2073
2072
1998
1903
1711
1416
1123
837
484
175
-16
-176
-322
-398
-378
-356
-341
-260
-199
-209
-185
-106
-54
-16
62
162
285
457
694
950
1178
1411
1669
1887
2033
2129
2181
2158
2087
2087
2125
2103
2107
2197
2239
2125
1916
1615
1027
196
-635
-1539
-2636
-3677
-4458
-5119
-5599
-5657
-5371
-4921
-4274
-3316
-2227
-1210
-204
751
1518
2086
2513
2826
2956
2902
2807
2763
2697
2556
2440
2361
2197
1934
1707
1415
892
272
-308
-932
-1645
-2294
-2831
-3341
-3764
-3969
-3956
-3868
-3666
-3265
-2768
-2234
-1708
-1200
-762
-469
-257
-79
34
25
-7
62
147
232
413
675
909
1130
1438
1759
1938
2029
2083
1987
1767
1500
1171
742
285
-84
-377
-615
-776
-854
-862
-815
-707
-558
-415
-306
-201
-65
68
176
286
402
539
715
953
1239
1507
1765
2050
2301
2471
2598
2662
2633
2582
2563
2524
2451
2383
2301
2106
1782
1363
746
-93
-1001
-1913
-2891
-3826
-4559
-5106
-5455
-5506
-5238
-4764
-4136
-3310
-2354
-1388
-448
453
1233
1827
2267
2607
2817
2854
2808
2766
2674
2526
2400
2274
2070
1763
1438
1086
587
-2
-587
-1207
-1851
-2427
-2920
-3343
-3686
-3863
-3853
-3733
-3497
-3127
-2645
-2124
-1616
-1088
-606
-250
3
217
370
408
423
473
516
568
693
877
1072
1254
1454
1667
1805
1836
1795
1702
1513
1205
864
514
106
-301
-603
-833
-1062
-1195
-1167
-1104
-1031
-856
-616
-435
-280
-60
155
283
412
610
786
930
1159
1459
1711
1949
2231
2504
2663
2710
2759
2735
2594
2451
2345
2225
2053
1930
1867
1708
1401
1053
624
-62
-845
-1568
-2378
-3288
-4031
-4528
-4946
-5203
-5079
-4711
-4291
-3642
-2702
-1772
-935
-39
832
1484
1972
2407
2703
2780
2760
2761
2690
2513
2333
2174
1971
1675
1341
1001
555
-30
-610
-1132
-1736
-2369
-2841
-3181
-3486
-3643
-3556
-3357
-3115
-2715
-2174
-1666
-1195
-709
-306
-36
136
252
304
279
240
240
326
483
630
840
1146
1378
1512
1689
1804
1678
1465
1281
940
446
26
-343
-787
-1155
-1303
-1354
-1391
-1272
-997
-737
-493
-207
37
171
249
312
355
381
412
511
705
973
1291
1684
2126
2492
2795
3081
3234
3195
3063
2828
2452
2013
1589
1183
815
561
428
393
444
540
570
502
347
-10
-575
-1250
-2018
-2908
-3741
-4376
-4888
-5201
-5145
-4769
-4205
-3400
-2329
-1208
-145
904
1832
2499
2927
3161
3165
2956
2613
2227
1830
1422
1065
800
590
393
212
50
-145
-445
-788
-1106
-1499
-1953
-2322
-2604
-2848
-2985
-2938
-2754
-2492
-2093
-1572
-1028
-503
-10
398
681
833
888
860
757
581
399
307
242
196
245
355
437
524
666
739
697
620
526
337
80
-141
-365
-612
-783
-839
-827
-759
-620
-425
-183
56
271
492
651
751
839
967
1104
1174
1284
1466
1614
1743
1941
2125
2189
2225
2289
2273
2124
1930
1730
1463
1152
911
753
592
488
517
626
715
708
656
502
88
-494
-1083
-1797
-2700
-3502
-4034
-4490
-4828
-4748
-4335
-3858
-3153
-2108
-1055
-175
728
1588
2141
2441
2646
2675
2412
2060
1798
1510
1174
907
775
693
559
461
398
200
-158
-497
-801
-1231
-1733
-2114
-2383
-2636
-2769
-2668
-2454
-2216
-1830
-1300
-781
-344
46
380
563
623
629
548
384
201
77
13
-27
-27
16
112
226
320
447
562
579
545
536
472
301
123
-6
-158
-311
-353
-321
-296
-227
-61
122
241
364
492
550
575
643
707
722
751
841
958
1082
1242
1421
1579
1725
1866
1987
2048
2038
1959
1819
1607
1348
1069
781
520
349
281
268
335
470
556
546
481
287
-157
-738
-1355
-2078
-2848
-3473
-3920
-4253
-4339
-4055
-3574
-2995
-2203
-1272
-417
341
1065
1624
1906
2029
2071
1929
1647
1367
1103
836
603
464
387
307
230
166
84
-85
-344
-602
-883
-1227
-1533
-1725
-1857
-1970
-1936
-1734
-1507
-1254
-901
-533
-257
-17
219
353
355
330
292
179
48
-43
-117
-185
-207
-165
-89
0
91
201
326
399
419
448
460
410
353
338
306
248
249
284
277
267
303
315
255
229
238
188
161
194
258
341
450
629
814
990
1199
1390
1552
1695
1791
1816
1786
1690
1529
1313
1042
742
467
258
97
22
76
219
410
656
917
1074
1085
971
681
175
-435
-1082
-1822
-2547
-3093
-3487
-3727
-3714
-3438
-3002
-2431
-1697
-941
-280
325
828
1132
1263
1267
1148
925
658
436
274
188
171
223
364
510
613
692
694
555
317
46
-294
-698
-1060
-1327
-1539
-1644
-1582
-1405
-1189
-911
-573
-274
-54
89
155
119
-29
-216
-380
-550
-722
-791
-722
-638
-498
-234
28
211
402
629
711
685
718
697
555
419
370
271
127
97
113
96
120
202
225
194
187
155
55
-43
-122
-199
-213
-168
-83
69
296
571
825
1097
1369
1543
1651
1728
1725
1616
1467
1293
1078
859
679
528
415
381
425
534
705
911
1106
1280
1396
1376
1217
948
489
-143
-770
-1407
-2109
-2729
-3116
-3373
-3547
-3422
-3045
-2672
-2210
-1557
-947
-502
-90
278
446
450
438
418
283
145
159
226
294
436
671
884
1018
1135
1212
1164
959
696
422
64
-320
-602
-808
-978
-1045
-990
-888
-807
-702
-560
-482
-480
-495
-544
-638
-740
-812
-833
-813
-764
-655
-488
-288
-87
115
320
462
561
658
715
684
617
584
548
466
401
401
381
338
325
334
280
172
71
-44
-196
-346
-444
-512
-542
-454
-291
-106
128
412
700
961
1211
1416
1550
1622
1648
1631
1545
1406
1247
1067
876
712
591
524
490
506
618
766
904
1058
1198
1265
1217
1072
822
400
-175
-750
-1332
-2009
-2608
-3005
-3296
-3476
-3376
-3063
-2704
-2255
-1680
-1103
-635
-223
136
350
421
466
521
501
460
513
650
792
959
1195
1400
1506
1540
1518
1384
1088
704
312
-101
-544
-902
-1132
-1316
-1417
-1368
-1227
-1102
-979
-794
-645
-601
-578
-560
-599
-678
-701
-669
-639
-575
-422
-214
-23
173
377
506
535
546
487
320
146
-22
-215
-366
-420
-436
-432
-347
-215
-122
-32
67
84
38
1
-33
-122
-214
-210
-176
-147
3
241
440
660
959
1202
1359
1520
1648
1659
1597
1551
1450
1273
1107
959
822
678
596
593
579
608
703
836
983
1092
1192
1275
1267
1147
961
685
249
-270
-750
-1258
-1820
-2269
-2549
-2790
-2941
-2825
-2570
-2338
-1995
-1493
-1034
-712
-370
-19
155
239
396
507
516
590
769
945
1072
1243
1422
1482
1461
1395
1249
972
613
275
-45
-395
-703
-894
-1020
-1102
-1100
-1009
-901
-835
-775
-709
-701
-747
-807
-875
-951
-998
-972
-894
-751
-565
-337
-64
186
363
468
520
452
283
101
-112
-368
-602
-721
-753
-764
-675
-476
-289
-106
131
334
426
437
420
343
185
26
-105
-235
-299
-260
-143
42
281
564
861
1133
1357
1517
1609
1608
1537
1433
1295
1124
927
775
687
604
560
565
582
621
706
812
899
997
1101
1178
1249
1296
1226
1035
793
425
-87
-615
-1138
-1718
-2258
-2608
-2810
-2921
-2833
-2542
-2186
-1768
-1258
-768
-392
-95
148
279
319
338
332
321
372
476
635
835
1045
1261
1429
1530
1520
1395
1181
854
453
52
-328
-684
-952
-1099
-1156
-1137
-1046
-932
-825
-732
-672
-656
-695
-770
-848
-903
-902
-855
-758
-623
-456
-258
-79
44
113
122
51
-86
-241
-424
-623
-750
-802
-801
-711
-544
-348
-161
23
217
312
298
272
182
9
-161
-280
-382
-449
-390
-227
-39
209
544
842
1081
1303
1458
1507
1469
1405
1310
1170
1053
975
920
900
912
948
990
1024
1036
1037
1038
994
937
945
961
948
990
1084
1080
989
899
697
312
-122
-558
-1081
-1639
-2051
-2343
-2601
-2682
-2536
-2307
-2034
-1639
-1201
-859
-565
-277
-77
6
85
200
293
400
591
844
1094
1336
1581
1767
1814
1744
1567
1263
846
373
-62
-479
-845
-1053
-1129
-1117
-1034
-872
-673
-542
-475
-448
-515
-670
-857
-1040
-1193
-1285
-1290
-1202
-1008
-744
-468
-183
63
213
251
196
41
-212
-515
-793
-1032
-1218
-1273
-1192
-1013
-761
-441
-86
186
363
481
495
396
223
46
-108
-253
-319
-233
-61
138
438
795
1081
1301
1475
1560
1509
1372
1259
1106
897
779
755
745
792
929
1066
1141
1189
1219
1169
1027
872
716
570
469
456
541
678
870
1099
1288
1367
1293
1073
680
102
-540
-1180
-1810
-2358
-2696
-2824
-2781
-2528
-2092
-1602
-1137
-667
-277
-70
11
3
-97
-233
-295
-248
-133
88
451
844
1203
1519
1715
1742
1614
1329
924
463
-19
-449
-756
-917
-944
-851
-656
-417
-219
-87
-43
-153
-393
-688
-1018
-1338
-1589
-1719
-1698
-1554
-1275
-913
-544
-205
37
145
123
-8
-258
-579
-864
-1097
-1263
-1275
-1137
-930
-641
-268
80
325
491
584
528
363
208
50
-135
-246
-205
-89
82
345
653
923
1128
1294
1368
1311
1166
999
828
645
516
493
541
639
798
1000
1160
1244
1282
1241
1110
918
699
488
304
188
173
267
438
671
973
1287
1539
1717
1811
1741
1466
1081
622
61
-529
-1024
-1424
-1742
-1902
-1897
-1823
-1699
-1491
-1298
-1184
-1121
-1111
-1162
-1266
-1326
-1297
-1218
-1033
-704
-286
161
622
1040
1350
1535
1563
1438
1221
928
589
281
39
-124
-194
-172
-97
-44
-29
-50
-182
-440
-744
-1076
-1429
-1725
-1907
-1963
-1909
-1711
-1405
-1090
-757
-471
-282
-201
-238
-351
-530
-725
-890
-997
-997
-883
-697
-440
-123
158
371
527
586
531
402
240
69
-75
-142
-117
-39
101
303
510
676
806
888
880
809
727
636
559
507
521
610
721
878
1060
1189
1267
1286
1233
1108
928
720
527
383
300
307
399
534
711
912
1058
1152
1223
1235
1188
1143
1132
1117
1122
1153
1168
1112
965
748
392
-72
-562
-1065
-1550
-1944
-2196
-2346
-2383
-2294
-2137
-1960
-1804
-1671
-1570
-1488
-1400
-1279
-1086
-807
-446
-8
491
976
1395
1709
1893
1925
1785
1519
1158
741
333
8
-228
-375
-422
-402
-348
-311
-329
-446
-652
-918
-1245
-1565
-1826
-1994
-2050
-1963
-1748
-1480
-1178
-838
-566
-399
-271
-238
-284
-363
-439
-470
-488
-442
-332
-209
-86
54
181
234
245
242
199
144
116
125
145
189
282
384
467
531
574
557
497
425
346
267
227
252
303
409
562
717
855
956
1011
995
915
805
686
571
492
491
543
643
814
1015
1203
1371
1469
1496
1449
1331
1199
1052
942
889
908
1004
1132
1283
1400
1425
1305
1035
650
115
-506
-1083
-1593
-2012
-2266
-2317
-2261
-2124
-1873
-1635
-1479
-1390
-1353
-1380
-1454
-1457
-1366
-1204
-947
-558
-103
323
713
1016
1177
1183
1070
872
608
347
136
9
-41
-14
60
123
152
98
-39
-261
-590
-955
-1283
-1561
-1761
-1818
-1741
-1600
-1410
-1179
-960
-840
-801
-818
-899
-1001
-1057
-1020
-909
-697
-381
-32
323
630
846
952
937
841
685
506
361
273
255
316
423
529
618
670
651
561
420
262
92
-45
-99
-87
-30
74
222
371
475
551
606
585
545
527
516
534
577
684
810
920
1041
1122
1155
1135
1074
1004
928
870
856
891
949
1026
1127
1218
1239
1222
1173
1081
981
882
823
781
728
693
619
445
188
-144
-525
-933
-1334
-1654
-1881
-2015
-2041
-1985
-1889
-1774
-1662
-1596
-1569
-1550
-1529
-1457
-1317
-1119
-830
-478
-93
294
602
825
958
968
872
722
553
361
198
92
30
8
-7
-37
-93
-211
-393
-629
-893
-1152
-1381
-1543
-1623
-1608
-1504
-1351
-1183
-1025
-873
-793
-774
-739
-708
-666
-571
-405
-195
50
313
544
714
797
821
783
697
614
530
478
473
490
515
537
539
483
381
255
114
-28
-135
-176
-171
-98
28
163
297
394
448
446
393
332
266
225
257
348
494
706
935
1142
1318
1427
1451
1414
1329
1217
1117
1065
1074
1128
1217
1337
1442
1478
1463
1386
1225
1024
844
708
617
614
699
803
897
949
883
656
287
-175
-713
-1265
-1728
-2057
-2253
-2309
-2245
-2112
-1976
-1889
-1867
-1912
-2029
-2159
-2237
-2217
-2088
-1818
-1406
-933
-441
41
449
718
847
872
807
680
570
496
447
438
482
515
484
408
255
14
-285
-593
-865
-1106
-1273
-1355
-1358
-1314
-1248
-1172
-1119
-1104
-1127
-1154
-1159
-1118
-1003
-795
-513
-189
173
513
776
926
968
924
784
613
472
360
321
358
440
544
632
692
694
616
510
385
242
137
93
85
105
156
229
288
314
330
320
296
293
315
364
427
542
676
809
938
1023
1078
1094
1091
1077
1042
1039
1061
1094
1178
1286
1390
1480
1527
1532
1473
1351
1190
999
803
640
541
515
554
624
707
751
713
589
337
-66
-567
-1087
-1573
-1967
-2224
-2318
-2292
-2181
-2013
-1858
-1769
-1757
-1797
-1881
-1972
-2004
-1923
-1705
-1398
-1007
-556
-135
226
496
652
675
610
519
408
311
271
285
317
335
338
274
124
-76
-326
-592
-828
-996
-1073
-1098
-1055
-974
-900
-835
-820
-833
-887
-972
-1018
-1029
-991
-876
-714
-521
-307
-86
89
238
383
461
520
600
649
691
751
793
808
796
765
694
596
505
405
321
269
249
239
240
230
194
155
102
33
-30
-51
-43
4
103
238
389
529
680
822
914
1013
1099
1145
1191
1228
1273
1324
1337
1353
1362
1336
1290
1248
1210
1144
1094
1068
1019
967
918
837
745
654
573
507
462
441
441
440
397
304
150
-101
-435
-805
-1182
-1512
-1769
-1939
-2026
-2079
-2089
-2066
-2068
-2103
-2130
-2147
-2145
-2062
-1898
-1670
-1359
-999
-637
-315
-50
162
295
358
399
415
429
468
513
564
589
574
515
375
187
-21
-235
-433
-600
-718
-805
-856
-893
-948
-1014
-1086
-1166
-1224
-1253
-1249
-1176
-1049
-878
-676
-458
-244
-60
114
259
384
495
589
687
777
853
925
970
972
957
911
824
741
659
572
501
460
444
438
418
367
299
216
123
39
-19
-29
2
73
179
288
395
476
507
528
546
566
602
669
760
876
1001
1101
1163
1180
1145
1076
1001
929
866
848
872
928
993
1037
1054
1006
898
731
550
384
234
170
154
187
264
298
293
195
-34
-353
-732
-1107
-1446
-1686
-1796
-1818
-1772
-1697
-1622
-1592
-1619
-1680
-1757
-1802
-1791
-1686
-1475
-1179
-840
-495
-181
62
227
307
340
329
302
304
332
378
423
452
428
335
176
-37
-280
-512
-694
-834
-913
-930
-922
-899
-866
-870
-902
-943
-994
-1014
-990
-946
-846
-691
-509
-320
-143
34
208
352
491
624
733
820
864
892
911
905
882
839
784
720
648
583
517
452
383
295
236
178
122
81
43
37
24
17
36
68
121
175
237
276
296
320
319
323
355
411
485
593
726
852
960
1029
1065
1050
990
925
861
808
788
806
857
929
987
1005
995
936
828
690
531
382
273
205
195
232
281
329
328
250
100
-118
-399
-722
-1035
-1277
-1441
-1528
-1530
-1512
-1506
-1503
-1546
-1613
-1670
-1706
-1688
-1606
-1456
-1241
-992
-749
-535
-387
-300
-265
-278
-278
-265
-208
-106
20
162
283
351
348
268
120
-55
-229
-376
-478
-511
-471
-415
-360
-319
-327
-388
-493
-601
-691
-751
-742
-645
-509
-329
-127
44
181
260
297
315
315
335
396
496
628
772
915
1011
1054
1032
939
817
659
508
392
296
251
235
231
240
236
208
158
99
29
-11
-4
11
46
99
139
176
186
174
169
165
192
258
359
489
629
761
858
916
930
906
860
809
785
776
798
849
881
892
878
841
782
696
613
545
487
441
414
390
353
310
238
148
52
-50
-148
-267
-385
-513
-683
-853
-1023
-1186
-1326
-1444
-1538
-1604
-1641
-1658
-1637
-1581
-1510
-1429
-1343
-1238
-1123
-1004
-872
-758
-670
-573
-485
-399
-306
-228
-134
-36
30
76
131
160
155
132
90
44
-26
-81
-115
-141
-155
-164
-166
-186
-203
-214
-260
-315
-371
-429
-461
-467
-432
-376
-295
-182
-56
67
158
238
303
331
357
392
427
478
535
609
680
727
769
773
757
754
736
705
674
636
579
517
436
317
215
119
17
-53
-96
-106
-90
-68
-21
20
53
90
114
153
224
309
414
549
700
840
964
1047
1092
1113
1108
1082
1055
1027
1000
975
934
879
822
738
632
539
441
352
292
243
205
158
101
44
-22
-97
-167
-213
-258
-321
-386
-484
-612
-753
-922
-1091
-1243
-1360
-1430
-1474
-1493
-1495
-1486
-1476
-1475
-1457
-1412
-1364
-1298
-1201
-1071
-932
-797
-667
-552
-435
-340
-282
-204
-125
-57
23
101
170
222
251
259
234
184
136
84
27
-10
-41
-54
-70
-122
-181
-248
-330
-419
-486
-510
-489
-429
-347
-246
-143
-55
20
74
122
185
274
385
531
696
847
969
1030
1045
1018
957
887
819
771
739
711
690
645
553
413
232
51
-112
-248
-327
-349
-326
-265
-165
-57
17
93
156
204
281
377
489
622
764
905
1016
1084
1104
1078
1032
961
880
820
778
750
730
699
644
576
493
376
261
167
87
26
-12
-25
-39
-62
-91
-124
-163
-213
-244
-275
-316
-356
-413
-486
-577
-685
-799
-917
-1021
-1101
-1167
-1230
-1281
-1323
-1339
-1341
-1314
-1265
-1209
-1131
-1052
-975
-897
-818
-732
-640
-536
-419
-295
-173
-64
19
75
100
71
43
19
-32
-61
-73
-86
-82
-95
-131
-163
-219
-265
-280
-310
-314
-277
-246
-197
-133
-72
-2
76
160
246
345
443
529
621
691
731
761
769
762
750
728
704
671
631
599
547
495
438
376
330
289
251
227
205
189
174
157
160
145
131
142
141
151
174
191
224
263
310
361
404
459
518
552
577
608
609
592
563
516
470
422
403
391
393
410
421
441
451
440
405
358
307
250
208
169
136
94
58
15
-67
-161
-245
-325
-400
-451
-477
-485
-477
-479
-506
-549
-611
-692
-766
-824
-866
-878
-860
-838
-813
-786
-778
-785
-813
-837
-848
-852
-838
-800
-737
-670
-600
-524
-473
-433
-394
-364
-331
-307
-281
-261
-266
-268
-274
-301
-328
-349
-371
-376
-366
-345
-309
-258
-193
-129
-82
-41
5
56
111
189
283
382
488
591
685
759
804
825
820
806
798
786
766
741
711
680
640
601
561
516
480
442
411
393
351
300
261
217
173
153
142
138
169
208
236
266
280
281
282
272
272
276
280
307
336
364
388
400
408
402
382
364
341
300
274
265
229
192
172
143
113
80
58
47
27
16
3
-31
-66
-117
-176
-240
-306
-355
-398
-425
-454
-478
-496
-519
-542
-582
-613
-633
-647
-652
-647
-625
-613
-604
-584
-561
-541
-530
-505
-482
-474
-449
-427
-424
-431
-451
-458
-471
-480
-485
-489
-479
-461
-453
-456
-446
-457
-471
-467
-476
-466
-445
-426
-387
-345
-297
-230
-156
-73
19
115
202
290
369
425
486
520
552
596
625
645
655
662
653
621
580
531
485
450
418
392
394
394
387
402
406
399
394
390
391
399
396
404
429
425
426
420
399
383
365
336
313
304
305
300
283
271
252
224
194
166
144
129
121
116
124
134
139
142
143
142
136
130
105
86
71
38
6
-12
-37
-71
-92
-113
-134
-156
-181
-209
-237
-258
-294
-318
-338
-365
-387
-417
-434
-440
-444
-436
-429
-422
-412
-412
-417
-432
-453
-466
-475
-483
-485
-465
-449
-437
-429
-432
-425
-428
-421
-409
-403
-396
-380
-354
-350
-335
-330
-332
-325
-345
-355
-356
-367
-366
-360
-341
-300
-257
-203
-161
-122
-75
-53
-23
6
45
109
165
237
321
391
455
516
559
584
602
607
589
583
584
576
572
556
535
522
505
484
474
460
439
436
420
399
382
366
349
330
333
321
304
292
269
257
224
206
209
211
229
232
241
249
239
224
203
182
153
135
127
114
109
89
60
39
3
-44
-77
-92
-109
-124
-121
-111
-105
-104
-107
-109
-112
-128
-130
-120
-117
-122
-127
-132
-143
-164
-203
-239
-280
-323
-350
-371
-384
-385
-370
-346
-321
-322
-343
-357
-391
-432
-449
-458
-447
-416
-384
-354
-331
-322
-330
-347
-375
-377
-360
-339
-299
-262
-224
-194
-199
-216
-235
-264
-292
-302
-292
-263
-233
-203
-177
-167
-170
-173
-171
-158
-125
-59
30
112
207
284
338
383
401
419
432
452
487
516
563
612
640
649
646
622
572
528
480
434
406
372
348
326
301
272
242
221
202
181
168
176
179
181
191
198
202
193
171
153
156
146
129
131
128
131
121
87
52
12
-22
-52
-68
-66
-64
-57
-55
-68
-87
-102
-120
-144
-166
-170
-176
-162
-137
-129
-110
-113
-117
-126
-150
-151
-155
-168
-153
-144
-153
-149
-163
-171
-180
-198
-196
-195
-184
-152
-125
-106
-69
-47
-46
-38
-56
-87
-103
-123
-138
-138
-140
-147
-150
-155
-174
-209
-237
-257
-277
-293
-306
-308
-295
-283
-267
-247
-238
-236
-231
-227
-220
-204
-192
-176
-144
-115
-87
-62
-35
1
30
74
142
186
223
263
293
313
326
330
327
331
333
344
360
373
394
398
407
412
407
398
388
375
353
338
322
306
285
256
239
216
189
167
143
121
103
89
72
58
42
28
15
2
-9
-23
-36
-37
-32
-28
-32
-35
-28
-35
-45
-64
-98
-119
-149
-173
-185
-196
-194
-186
-176
-165
-150
-155
-173
-184
-199
-218
-237
-249
-230
-201
-187
-151
-119
-113
-96
-80
-76
-57
-38
-29
-8
11
22
39
52
47
40
29
6
-12
-32
-49
-65
-86
-96
-105
-123
-127
-128
-139
-148
-167
-184
-202
-228
-235
-228
-233
-231
-228
-228
-219
-220
-204
-184
-167
-134
-100
-53
2
48
91
121
139
152
168
180
182
197
202
210
236
250
266
274
263
251
236
211
194
187
172
165
168
175
192
205
213
220
230
232
227
218
203
197
194
190
193
183
174
163
134
113
97
77
66
50
27
13
-10
-27
-42
-60
-75
-102
-115
-112
-115
-105
-88
-84
-91
-102
-121
-140
-149
-159
-165
-164
-166
-157
-135
-116
-116
-109
-108
-126
-137
-142
-147
-130
-118
-119
-98
-82
-75
-62
-64
-59
-29
-15
9
42
77
114
115
119
122
105
81
54
36
22
13
15
22
24
9
-8
-22
-59
-92
-111
-124
-131
-137
-123
-104
-97
-94
-94
-101
-109
-118
-132
-126
-105
-73
-41
-8
27
52
67
74
85
84
66
64
74
97
110
125
146
149
159
150
131
114
92
100
104
106
129
148
163
176
178
176
158
138
131
131
130
118
135
153
146
142
125
106
95
69
54
48
39
33
34
25
-4
-12
-23
-37
-46
-60
-61
-69
-80
-101
-117
-138
-168
-175
-177
-174
-160
-159
-174
-178
-189
-218
-233
-240
-254
-240
-217
-192
-166
-131
-103
-89
-74
-69
-58
-51
-42
-17
-2
28
54
64
81
95
103
104
106
110
114
128
136
137
132
118
104
83
74
67
50
46
37
16
7
8
0
-9
-8
-14
-22
-20
-25
-15
-3
-12
-19
-31
-42
-55
-67
-61
-49
-44
-21
6
28
47
65
79
80
81
89
91
94
100
106
108
100
89
89
81
57
37
30
22
11
13
1
-10
4
17
34
44
46
59
72
94
104
109
126
141
147
160
167
167
158
140
130
106
80
64
46
32
14
6
-17
-47
-66
-103
-135
-159
-191
-213
-224
-233
-242
-239
-235
-235
-233
-224
-216
-215
-209
-202
-191
-183
-175
-153
-137
-118
-97
-80
-68
-57
-42
-33
-16
1
9
21
32
47
59
65
66
70
86
96
97
107
122
142
147
145
147
130
110
91
83
72
62
71
74
72
76
71
56
43
16
-4
-5
-24
-19
-10
-14
-6
-5
-6
-14
-31
-46
-53
-58
-67
-76
-73
-68
-71
-63
-68
-73
-72
-85
-84
-74
-76
-67
-56
-55
-59
-62
-61
-68
-66
-63
-58
-43
-18
11
34
58
76
82
97
100
102
115
119
128
141
160
165
175
186
163
141
123
99
81
67
53
36
28
22
9
-8
-36
-60
-63
-76
-93
-95
-108
-120
-124
-135
-152
-169
-174
-175
-170
-165
-167
-147
-122
-114
-108
-110
-111
-105
-101
-102
-95
-79
-67
-50
-29
-15
-2
10
17
26
45
57
69
88
96
108
119
121
131
141
141
154
162
165
175
165
163
161
148
142
129
105
96
88
74
69
60
50
41
20
9
-9
-25
-43
-64
-71
-84
-92
-99
-104
-104
-108
-107
-100
-102
-109
-117
-116
-114
-116
-102
-91
-88
-76
-66
-56
-41
-31
-29
-28
-24
-19
-24
-34
-37
-35
-41
-40
-34
-19
-8
-1
17
28
33
33
30
39
39
35
51
61
66
80
88
91
83
73
68
59
38
33
36
24
28
27
5
-2
-11
-45
-64
-76
-91
-95
-109
-128
-134
-136
-148
-164
-168
-172
-171
-181
-183
-167
-153
-130
-113
-91
-64
-43
-24
-14
2
28
40
47
66
77
97
115
128
139
152
159
163
174
168
159
161
162
162
151
153
162
159
156
149
141
137
125
123
119
98
95
96
79
72
64
45
33
22
2
-16
-14
-24
-34
-41
-60
-71
-76
-88
-98
-104
-111
-112
-107
-98
-83
-80
-77
-75
-80
-85
-91
-99
-95
-87
-87
-86
-82
-80
-81
-82
-80
-78
-80
-71
-58
-45
-24
-18
0
18
31
49
58
71
82
96
104
109
119
117
120
125
120
122
111
111
119
105
100
83
63
60
33
2
-22
-39
-50
-69
-73
-78
-91
-89
-95
-90
-87
-87
-76
-79
-65
-64
-77
-62
-60
-57
-55
-52
-35
-26
-18
-7
-2
15
26
22
18
11
19
29
23
29
35
45
58
75
83
83
87
92
91
93
108
120
124
121
121
120
114
105
92
85
81
69
67
69
55
45
33
16
7
-21
-47
-48
-57
-67
-61
-65
-72
-67
-82
-104
-113
-125
-141
-149
-148
-150
-145
-129
-111
-96
-90
-77
-71
-74
-69
-64
-55
-48
-44
-40
-29
-23
-21
-11
-4
5
-5
-1
4
-2
7
4
14
25
24
41
54
66
70
72
74
76
88
86
82
94
99
102
97
99
102
102
105
102
95
91
77
63
53
27
24
17
4
-5
-26
-28
-32
-43
-37
-38
-47
-52
-55
-57
-51
-43
-41
-32
-26
-32
-30
-27
-30
-42
-43
-34
-28
-7
8
11
12
16
35
39
32
50
50
43
61
71
81
94
111
125
130
119
100
90
73
57
51
36
29
26
22
21
4
-6
-18
-37
-52
-70
-93
-115
-130
-134
-129
-117
-103
-92
-84
-80
-78
-82
-93
-100
-95
-87
-81
-72
-57
-45
-35
-26
-32
-39
-42
-51
-66
-73
-71
-71
-76
-71
-66
-67
-57
-63
-60
-48
-45
-30
-20
-17
3
30
38
45
63
68
77
86
93
111
115
113
116
113
117
107
96
101
93
89
77
61
60
43
32
29
16
4
-2
-4
-12
-19
-31
-36
-38
-47
-55
-58
-55
-62
-58
-51
-54
-44
-40
-37
-29
-25
-21
-21
-28
-36
-39
-35
-32
-26
-8
-5
8
35
31
19
27
25
21
20
26
35
41
51
54
57
59
56
47
29
18
15
7
9
18
19
9
6
14
14
9
4
-7
-11
-19
-22
-16
-20
-26
-31
-34
-31
-39
-47
-49
-61
-57
-57
-55
-43
-52
-60
-55
-49
-52
-57
-61
-71
-57
-45
-39
-32
-33
-17
-13
0
-3
-15
-9
-18
-10
-3
4
23
27
36
37
41
45
42
50
55
66
72
67
80
83
90
94
87
84
71
70
69
61
59
58
63
59
45
42
31
18
22
10
-2
-8
-19
-24
-35
-35
-31
-36
-46
-54
-54
-60
-67
-79
-81
-72
-72
-71
-63
-56
-58
-55
-50
-55
-66
-79
-69
-62
-58
-50
-37
-17
-7
3
15
26
16
8
21
26
46
61
58
72
79
73
72
66
63
68
64
47
46
45
44
35
11
4
4
-14
-20
-10
-17
-31
-37
-40
-45
-57
-64
-63
-61
-54
-37
-28
-29
-24
-13
-6
3
11
12
7
9
4
10
22
14
11
8
-1
-19
-22
-18
-27
-18
-25
-24
-4
-8
-8
-7
-4
6
4
4
10
22
34
49
65
81
94
105
120
110
102
92
74
73
75
81
81
80
79
78
79
56
35
15
-13
-24
-29
-37
-42
-36
-32
-35
-44
-53
-58
-71
-74
-73
-83
-89
-88
-80
-77
-74
-71
-77
-76
-66
-63
-61
-55
-51
-44
-37
-32
-19
-3
0
12
25
28
30
33
34
42
42
41
45
42
41
42
39
28
21
19
30
33
9
5
11
6
1
-4
-14
-16
-19
-19
-14
-17
-16
-14
-8
2
-1
7
18
11
19
28
34
35
29
31
29
16
5
11
11
6
6
0
-6
-8
-17
-23
-29
-45
-41
-39
-49
-45
-36
-29
-22
-17
-9
-1
-1
8
13
15
14
15
29
44
56
69
81
84
85
83
80
75
63
55
40
36
41
34
26
26
19
5
-8
-19
-17
-26
-37
-33
-39
-42
-46
-47
-47
-51
-63
-72
-63
-58
-61
-50
-48
-54
-47
-55
-53
-47
-47
-39
-41
-45
-44
-39
-32
-34
-27
-24
-27
-23
-15
-8
3
11
16
20
17
27
40
41
41
43
50
51
37
25
22
23
22
4
-2
2
-7
-11
-3
-3
-7
-10
-12
-12
-17
-9
-7
-17
-16
-12
-13
-5
8
20
26
18
21
23
21
23
23
18
3
-7
-6
-3
1
-5
-20
-25
-10
-15
-28
-23
-21
-27
-20
-13
-7
-2
-7
1
18
24
29
28
23
28
27
18
20
21
16
29
38
38
46
40
42
47
42
35
30
30
25
23
18
13
20
2
-8
-11
-24
-14
-20
-26
-17
-29
-41
-41
-46
-55
-55
-59
-60
-64
-65
-54
-53
-53
-49
-49
-46
-38
-34
-29
-18
-4
7
12
21
37
42
33
34
30
19
27
33
33
32
31
35
39
33
31
26
18
21
24
23
34
46
33
26
23
13
8
0
2
-15
-12
12
8
5
7
11
9
1
-1
-7
-22
-19
-12
-13
-3
6
5
10
28
19
6
10
6
12
-2
-11
2
-7
-4
7
0
-6
-12
-23
-36
-48
-54
-47
-45
-48
-36
-32
-22
-19
-16
0
-6
15
34
23
35
40
41
52
47
43
48
47
44
37
37
34
23
19
3
2
-7
-24
-20
-32
-26
-25
-37
-39
-46
-38
-30
-36
-33
-24
-18
-14
-14
-12
-13
-13
-10
-11
-9
-11
-22
-23
-30
-42
-41
-39
-39
-37
-37
-39
-39
-26
-17
-16
-3
7
20
28
37
56
60
59
57
54
56
57
53
50
48
53
54
41
41
38
34
23
9
10
3
-1
-5
-8
3
3
-6
6
14
15
13
9
18
18
21
30
24
37
38
31
33
21
20
23
7
1
-8
-24
-29
-27
-31
-26
-26
-27
-16
-20
-22
-19
-22
-28
-17
-15
-23
-18
-16
-16
-15
-11
-9
-15
-16
-9
-14
-14
4
1
-7
4
5
7
6
10
14
5
15
14
12
21
26
22
15
20
17
11
7
14
11
-2
2
-3
-16
-15
-14
-18
-24
-35
-43
-39
-46
-51
-40
-46
-44
-32
-37
-33
-16
-15
-14
-5
-3
-7
-11
-9
-1
6
5
4
13
18
21
19
22
23
27
28
21
24
27
26
22
16
24
24
16
14
22
20
0
4
7
-8
-11
-10
-1
3
-6
4
4
-7
4
6
2
6
1
-1
7
14
18
24
25
31
34
31
26
21
23
20
15
13
11
-3
-19
-12
-17
-28
-30
-44
-45
-41
-50
-51
-47
-44
-35
-32
-33
-29
-16
-7
-4
4
-4
-11
1
13
18
25
33
39
39
31
25
14
13
18
10
6
11
12
12
12
14
7
-3
-5
-15
-27
-16
-11
-12
2
-1
2
13
7
1
-6
-8
-15
-24
-23
-19
-15
-12
-11
-12
-14
-15
-15
-14
-14
-11
-11
-3
2
