-6
-3
6
-5
-10
-6
-2
-11
-9
8
-1
-6
7
7
-4
0
6
1
2
-10
-9
2
1
12
6
8
11
1
-4
-7
-6
-10
-3
-4
-6
-5
-11
0
2
-2
3
1
0
-7
-2
7
0
8
9
1
8
1
10
19
10
9
2
5
19
8
3
4
6
3
-10
9
4
-5
3
-6
2
5
1
1
3
10
8
4
7
3
-2
1
0
-1
2
3
5
-3
4
15
7
14
11
4
3
10
17
7
8
7
4
5
-7
0
8
6
11
15
19
13
1
-7
-12
-6
-9
-11
-9
-13
-4
-4
-8
-11
-11
-14
-13
-11
-13
-11
-8
-13
-18
-9
-7
-7
-7
-6
-2
-12
-8
12
0
4
5
-11
2
4
-6
-4
-10
-11
-4
-4
-5
-5
0
2
4
7
-2
-6
0
-8
-5
2
3
5
2
7
-1
-6
7
7
11
15
4
7
11
2
9
5
1
5
0
14
12
3
2
2
10
1
4
8
3
1
0
4
3
-1
-1
4
1
4
13
8
2
3
1
-3
-2
2
-3
-3
3
-3
-3
0
-4
-5
1
3
3
3
3
-6
-15
-5
-3
1
0
-5
-5
-5
4
-1
-7
-4
-8
-10
-3
5
4
8
3
-4
1
0
-13
-13
-1
-3
-4
-4
7
8
1
11
10
9
19
20
16
10
-2
-2
1
4
4
-2
3
8
9
14
16
13
11
12
9
8
5
3
4
6
10
11
6
-4
-6
-9
-4
0
0
11
2
-1
5
0
3
2
7
8
-1
5
3
-2
12
-1
-11
7
12
-1
-4
0
-5
-1
-2
0
-5
-16
-1
-4
-7
2
-4
-13
-10
-6
-10
-5
-2
-3
0
-3
-1
-2
-7
-4
-6
-4
-2
-7
-5
-4
-5
-5
-5
-2
2
4
-3
-1
9
4
5
7
-2
4
6
-3
0
-4
-8
0
0
-14
-2
8
-11
-10
-1
-1
3
2
5
0
2
6
-5
1
4
6
11
6
8
7
-2
-4
6
2
4
8
0
3
3
3
10
8
9
12
14
8
9
15
8
8
5
2
5
2
5
3
-1
6
9
12
10
7
3
1
1
0
2
-6
-9
-2
-8
-9
-3
4
-3
-10
-7
-12
-1
-7
-10
0
-5
-5
2
0
-8
-12
-10
-3
-7
-10
2
6
-4
-9
-10
-13
-3
3
3
3
-3
-7
-1
3
-4
-2
5
-2
-5
4
6
2
-4
-6
6
15
8
7
6
-1
-1
4
7
11
10
9
17
4
-8
1
8
13
7
6
2
8
6
-8
0
-4
-3
4
-4
-3
-5
-4
-8
-7
8
1
-4
0
-10
0
5
0
5
5
5
2
3
5
0
-1
6
3
1
2
-3
-1
-2
7
13
6
10
8
12
10
17
17
5
12
3
-2
4
3
7
2
6
-1
-17
-16
-11
-9
-13
-15
-12
-9
-4
-7
-15
-13
-4
-6
-9
-6
-9
-12
-12
-10
-9
-5
-9
-14
-3
-1
-8
-1
-7
-16
-9
-12
-3
4
-8
-5
-10
-3
-1
-15
-5
0
-2
-6
-7
5
7
4
-1
-2
0
-2
-7
-11
-12
-16
-11
-4
6
9
9
15
4
15
8
-6
8
2
4
0
0
14
8
6
6
4
15
11
12
4
-14
2
8
7
13
6
-2
1
10
8
4
14
7
5
10
-7
-7
2
-3
2
10
10
4
3
6
6
7
7
7
0
0
11
14
12
3
2
-1
-2
-1
-11
-7
-8
-5
-1
-7
-3
-3
-4
4
3
-6
-5
-13
-16
-13
-6
-7
-18
-9
-14
-14
-6
-8
-1
-11
-8
3
-5
-4
2
-10
-21
-4
-4
-12
1
-3
-9
-10
-5
2
-1
-5
-2
-4
-8
-12
-7
-6
-9
-4
-6
-6
-2
-4
-8
-1
3
-3
-1
6
1
1
10
8
7
4
-1
10
8
2
3
4
5
0
4
5
4
13
8
5
3
-4
-4
3
1
-2
3
0
3
-1
-8
-3
-8
-7
-3
2
10
-1
3
8
-2
4
4
0
7
2
7
6
-1
3
-6
-16
-8
-5
2
7
4
12
5
1
7
4
3
3
-4
2
9
6
11
4
3
4
7
6
-8
5
5
-10
-8
-10
-10
8
7
0
-3
-10
-6
-6
-3
3
4
8
-1
-2
7
3
-1
-6
-9
-2
-6
-11
-3
1
8
9
1
1
0
-5
2
0
-8
-2
-2
-1
3
3
-1
0
15
17
-1
1
9
2
0
8
12
4
9
12
5
12
16
13
6
9
18
9
8
4
-1
2
-3
3
7
1
10
11
0
7
10
-5
1
0
-13
-11
-9
-8
-4
-7
-5
-4
0
-2
-7
-1
1
0
4
7
1
-2
-7
-3
14
-2
-7
12
2
-1
6
2
2
3
1
-2
-6
-3
-8
-12
-8
-4
6
2
-4
-1
-4
-4
0
6
5
7
2
-1
-5
-8
-4
-16
-19
-23
-15
-5
-11
-1
-7
-16
-14
-21
-15
-6
-9
-12
-15
-19
-11
-6
-1
10
14
23
21
6
8
9
2
6
5
6
5
12
17
2
12
28
22
16
14
8
11
24
26
23
17
10
18
16
5
8
21
29
35
37
30
37
25
2
5
5
1
5
12
11
-3
-9
-7
-6
-9
-12
-10
-16
-18
-10
-14
-13
-10
-9
-10
-20
-24
-20
-20
-9
-14
-24
-19
-18
-26
-13
7
0
-2
-8
-20
-13
-17
-17
-16
-15
-13
-23
-15
-9
-14
-21
-19
-7
-9
-9
-2
16
24
26
32
33
20
5
-5
-13
-5
-4
-4
13
24
24
16
8
12
20
13
5
8
-8
-24
-23
-21
-11
-12
-14
-1
-2
8
28
34
33
31
16
1
-1
4
16
29
28
16
3
-21
-24
-11
3
23
32
36
43
28
9
7
2
-9
-26
-47
-51
-40
-22
-16
-15
-17
-36
-57
-57
-33
-5
22
52
54
49
43
25
19
11
9
11
5
14
37
39
18
15
23
13
22
38
41
31
16
16
28
62
98
90
12
-166
-403
-587
-618
-454
-145
214
490
573
452
164
-153
-363
-397
-213
106
420
607
596
393
88
-226
-433
-456
-338
-110
127
274
319
252
128
14
-63
-92
-118
-181
-258
-338
-342
-189
41
278
400
319
68
-270
-540
-632
-477
-143
220
505
630
588
436
255
101
-34
-137
-191
-189
-104
58
253
400
416
293
74
-185
-393
-487
-465
-360
-221
-82
41
143
200
190
97
-88
-318
-521
-603
-512
-271
60
339
458
396
188
-54
-225
-287
-246
-127
6
104
168
192
182
167
122
36
-66
-181
-293
-351
-323
-212
-43
139
272
309
241
67
-155
-329
-423
-389
-235
-30
162
275
299
243
147
75
45
47
83
147
198
253
321
389
461
534
560
496
384
255
125
28
22
109
249
408
524
563
511
383
252
140
74
76
143
238
313
346
315
239
133
-5
-161
-317
-458
-580
-692
-798
-875
-921
-968
-1010
-1061
-1140
-1240
-1320
-1357
-1359
-1310
-1205
-1085
-963
-824
-697
-567
-441
-332
-238
-130
2
143
295
432
536
609
694
791
866
903
900
850
761
720
715
735
767
747
678
565
450
372
327
320
322
329
335
366
426
495
577
649
683
666
627
583
565
613
704
814
900
957
1013
1101
1259
1466
1643
1683
1504
1077
475
-139
-662
-1074
-1432
-1768
-2064
-2303
-2443
-2513
-2572
-2662
-2803
-2980
-3103
-3092
-2929
-2625
-2226
-1783
-1291
-769
-251
222
602
898
1128
1314
1495
1666
1837
1999
2121
2212
2257
2241
2140
1928
1683
1427
1207
1072
944
729
391
-40
-492
-894
-1223
-1486
-1702
-1876
-1962
-1935
-1815
-1642
-1493
-1427
-1429
-1428
-1348
-1177
-917
-610
-278
109
556
1027
1432
1695
1756
1644
1486
1353
1290
1302
1328
1344
1361
1370
1357
1308
1174
966
696
401
150
-62
-235
-332
-330
-215
-21
171
314
416
526
700
951
1223
1389
1297
933
433
-64
-454
-756
-1061
-1398
-1703
-1870
-1860
-1757
-1693
-1741
-1926
-2182
-2359
-2354
-2184
-1966
-1761
-1518
-1200
-768
-253
230
605
878
1071
1237
1405
1518
1525
1443
1357
1359
1474
1622
1694
1629
1472
1320
1247
1228
1144
891
453
-67
-526
-861
-1116
-1372
-1706
-2055
-2266
-2293
-2195
-2079
-2042
-2104
-2181
-2170
-2031
-1809
-1558
-1282
-967
-549
-11
538
987
1265
1386
1450
1529
1623
1658
1618
1536
1486
1552
1708
1852
1898
1814
1618
1416
1239
1049
828
569
365
296
388
584
753
875
1027
1304
1732
2175
2435
2280
1677
855
55
-539
-959
-1379
-1822
-2212
-2431
-2387
-2199
-2078
-2143
-2416
-2760
-2982
-2993
-2846
-2675
-2528
-2309
-1883
-1224
-463
201
629
838
968
1160
1438
1667
1718
1593
1411
1367
1521
1752
1906
1909
1807
1710
1719
1792
1766
1518
1021
455
7
-298
-532
-849
-1293
-1732
-2031
-2108
-2018
-1933
-1985
-2160
-2325
-2375
-2313
-2217
-2141
-2035
-1798
-1353
-755
-155
294
507
576
638
777
959
1074
1084
1035
1067
1252
1536
1804
1902
1854
1758
1706
1728
1709
1545
1254
983
895
1035
1296
1520
1632
1693
1837
2142
2519
2724
2561
1989
1187
412
-229
-774
-1363
-2069
-2700
-3060
-3092
-2878
-2669
-2681
-2918
-3226
-3419
-3407
-3278
-3179
-3163
-3071
-2674
-1959
-1063
-204
416
815
1145
1502
1913
2231
2278
2083
1810
1693
1811
2008
2129
2103
2002
1955
2008
2140
2171
1911
1373
700
90
-362
-750
-1192
-1690
-2136
-2390
-2398
-2238
-2086
-2048
-2113
-2198
-2199
-2107
-2025
-2003
-1953
-1737
-1272
-605
116
698
1061
1281
1434
1583
1689
1638
1426
1174
1024
1043
1193
1319
1361
1334
1292
1304
1305
1227
987
594
232
72
153
352
539
652
793
1131
1665
2284
2745
2880
2614
1982
1298
687
100
-520
-1273
-1988
-2437
-2571
-2477
-2318
-2255
-2366
-2564
-2717
-2771
-2806
-2919
-3105
-3253
-3130
-2678
-2033
-1324
-676
-112
448
1003
1540
1964
2131
2028
1783
1599
1555
1594
1636
1647
1693
1834
2073
2383
2644
2703
2454
1958
1396
825
242
-410
-1123
-1723
-2119
-2275
-2210
-2069
-1974
-1946
-1960
-1941
-1883
-1876
-1979
-2124
-2129
-1916
-1524
-1020
-511
-53
362
739
1078
1342
1427
1289
1072
930
885
918
941
910
907
974
1127
1325
1457
1438
1226
952
765
740
803
814
770
794
1051
1555
2221
2832
3131
2996
2473
1823
1162
465
-336
-1296
-2194
-2778
-3007
-2938
-2735
-2575
-2503
-2470
-2393
-2266
-2199
-2300
-2571
-2825
-2822
-2537
-2079
-1546
-1012
-463
164
854
1525
2038
2232
2105
1820
1566
1393
1223
1037
880
824
962
1298
1733
2142
2358
2273
1960
1568
1111
507
-260
-1098
-1829
-2314
-2503
-2461
-2276
-2018
-1756
-1465
-1131
-897
-907
-1148
-1471
-1652
-1575
-1325
-984
-596
-186
257
751
1258
1635
1765
1663
1433
1238
1092
912
702
513
411
472
670
913
1117
1187
1101
993
971
1023
1064
990
864
815
960
1345
1863
2359
2641
2548
2192
1766
1263
667
-122
-1133
-2049
-2689
-3061
-3166
-3135
-3053
-2956
-2821
-2556
-2245
-2040
-2024
-2190
-2317
-2251
-2064
-1791
-1462
-1077
-569
64
793
1525
2095
2385
2397
2278
2133
1934
1643
1301
997
810
788
929
1194
1488
1690
1732
1652
1488
1163
627
-113
-929
-1626
-2127
-2406
-2503
-2470
-2340
-2111
-1747
-1312
-939
-782
-837
-924
-941
-853
-723
-616
-485
-278
42
475
938
1319
1497
1505
1480
1456
1416
1247
946
614
345
211
200
271
354
383
366
399
528
712
883
943
933
979
1131
1412
1803
2160
2351
2265
1956
1604
1199
698
54
-751
-1528
-2110
-2489
-2696
-2780
-2822
-2850
-2790
-2580
-2304
-2091
-2006
-2025
-2014
-1870
-1627
-1365
-1099
-798
-430
40
599
1178
1669
1995
2158
2235
2248
2156
1926
1591
1252
985
848
862
982
1155
1295
1352
1328
1242
1035
638
82
-569
-1188
-1708
-2124
-2407
-2582
-2632
-2522
-2256
-1860
-1468
-1208
-1059
-944
-789
-570
-360
-197
-53
99
326
614
918
1209
1405
1523
1650
1754
1781
1678
1429
1125
850
649
505
371
272
163
63
42
111
271
431
553
675
810
1001
1267
1582
1877
2060
2005
1711
1339
916
416
-101
-709
-1346
-1828
-2179
-2373
-2437
-2463
-2460
-2431
-2341
-2206
-2107
-2052
-2045
-2047
-1936
-1716
-1487
-1226
-923
-583
-148
355
835
1242
1533
1686
1753
1791
1803
1723
1557
1368
1166
1012
969
996
1062
1175
1241
1229
1170
1006
722
296
-233
-753
-1265
-1693
-1991
-2250
-2367
-2307
-2182
-1935
-1621
-1370
-1135
-916
-725
-507
-314
-173
-45
103
332
600
811
1000
1154
1247
1399
1556
1617
1606
1492
1307
1147
1030
911
755
565
394
257
175
184
237
344
520
696
911
1178
1444
1718
1959
2100
2068
1768
1316
806
236
-270
-815
-1446
-1951
-2318
-2556
-2623
-2613
-2599
-2601
-2571
-2465
-2357
-2245
-2152
-2149
-2095
-1890
-1618
-1296
-913
-527
-114
390
885
1325
1699
1903
1944
1892
1832
1746
1575
1368
1182
1036
986
1044
1128
1251
1364
1341
1260
1131
889
518
-10
-571
-1112
-1623
-1972
-2253
-2489
-2530
-2465
-2313
-1994
-1656
-1364
-1096
-867
-617
-359
-147
17
129
269
473
642
830
1057
1204
1369
1577
1699
1778
1752
1582
1390
1214
1036
829
605
428
271
128
92
121
190
369
550
729
1004
1303
1612
1918
2128
2183
1962
1509
1019
462
-101
-644
-1302
-1882
-2246
-2489
-2568
-2532
-2518
-2490
-2430
-2311
-2138
-2015
-1967
-2009
-2063
-1939
-1691
-1430
-1095
-738
-362
132
673
1184
1614
1863
1949
1936
1888
1832
1658
1391
1179
999
928
1019
1122
1240
1354
1341
1293
1236
1055
750
279
-284
-810
-1305
-1717
-2077
-2442
-2658
-2710
-2664
-2435
-2137
-1897
-1653
-1385
-1059
-694
-384
-143
22
174
403
638
851
1085
1265
1422
1640
1821
1944
1992
1861
1681
1526
1351
1168
925
678
486
280
152
144
165
271
457
628
851
1126
1376
1670
1941
2107
2113
1836
1416
942
383
-133
-692
-1349
-1884
-2265
-2508
-2543
-2514
-2491
-2451
-2406
-2287
-2148
-2076
-2058
-2125
-2162
-2039
-1846
-1612
-1311
-1011
-636
-121
417
939
1346
1589
1722
1755
1786
1801
1664
1461
1285
1127
1094
1169
1243
1357
1443
1458
1497
1473
1332
1038
510
-55
-579
-1140
-1620
-2094
-2585
-2857
-2949
-2899
-2653
-2375
-2106
-1810
-1464
-1020
-620
-317
-74
36
150
399
597
738
894
995
1144
1393
1639
1833
1921
1897
1856
1777
1654
1497
1184
837
563
295
154
105
82
206
413
655
968
1279
1574
1855
2075
2239
2251
1965
1526
1021
420
-108
-651
-1293
-1819
-2196
-2444
-2528
-2537
-2499
-2481
-2464
-2330
-2208
-2129
-2047
-2105
-2155
-2036
-1877
-1662
-1370
-1069
-697
-246
269
819
1271
1612
1826
1902
1986
2014
1877
1689
1474
1254
1187
1216
1263
1358
1428
1481
1528
1533
1488
1243
777
278
-299
-918
-1443
-2016
-2560
-2883
-3066
-3072
-2867
-2605
-2334
-2049
-1692
-1270
-906
-595
-364
-244
-82
127
245
366
519
639
840
1101
1362
1597
1749
1846
1888
1856
1785
1587
1260
977
701
426
262
159
126
220
407
673
988
1311
1644
1944
2205
2391
2367
2123
1736
1224
665
123
-491
-1142
-1692
-2112
-2369
-2466
-2447
-2399
-2379
-2326
-2196
-2061
-1953
-1919
-1980
-2018
-1994
-1902
-1728
-1507
-1236
-930
-546
-27
502
958
1328
1551
1694
1821
1861
1769
1601
1384
1180
1073
1044
1098
1179
1250
1353
1456
1533
1535
1346
978
525
8
-548
-1102
-1654
-2186
-2613
-2841
-2888
-2786
-2576
-2313
-2010
-1644
-1211
-806
-485
-242
-89
16
112
194
269
351
466
637
852
1124
1382
1571
1719
1807
1829
1751
1586
1337
1025
759
516
308
208
168
188
337
601
908
1214
1543
1849
2104
2317
2412
2282
1935
1492
957
365
-189
-792
-1422
-1938
-2333
-2565
-2630
-2634
-2643
-2652
-2555
-2378
-2234
-2098
-2030
-2084
-2096
-1978
-1812
-1612
-1400
-1182
-892
-450
120
672
1131
1482
1701
1859
2041
2118
2020
1858
1634
1415
1345
1378
1399
1409
1454
1506
1563
1615
1547
1275
874
421
-125
-700
-1243
-1844
-2408
-2786
-2998
-3055
-2943
-2713
-2449
-2101
-1641
-1187
-801
-469
-241
-135
-35
72
111
164
279
381
554
835
1111
1338
1526
1673
1736
1739
1695
1520
1249
1004
768
525
393
318
263
353
561
832
1141
1466
1757
2001
2256
2460
2477
2276
1925
1432
861
315
-309
-997
-1635
-2175
-2552
-2739
-2816
-2867
-2899
-2837
-2649
-2429
-2213
-2062
-2071
-2099
-2032
-1914
-1770
-1630
-1519
-1335
-970
-455
109
622
1045
1387
1690
2002
2238
2279
2177
1976
1753
1634
1577
1529
1481
1421
1417
1474
1554
1596
1470
1165
783
325
-187
-697
-1297
-1937
-2460
-2825
-2989
-2976
-2853
-2646
-2385
-1989
-1474
-1020
-605
-290
-137
20
179
276
343
348
343
414
549
770
1003
1166
1328
1461
1558
1645
1615
1462
1251
1004
796
649
493
378
345
403
618
889
1153
1450
1730
2013
2309
2481
2436
2178
1772
1283
754
170
-520
-1268
-1952
-2463
-2791
-2952
-3007
-3044
-2990
-2786
-2498
-2187
-1945
-1840
-1812
-1779
-1698
-1602
-1574
-1565
-1501
-1327
-944
-428
65
546
975
1364
1778
2128
2324
2318
2145
1943
1752
1590
1481
1340
1192
1150
1189
1296
1427
1431
1287
1029
698
321
-147
-695
-1309
-1937
-2410
-2695
-2848
-2845
-2747
-2600
-2298
-1832
-1317
-841
-453
-179
10
190
349
412
385
358
357
395
550
731
875
1043
1201
1373
1528
1607
1604
1470
1309
1179
1033
899
757
595
528
613
784
1025
1289
1552
1834
2131
2433
2604
2532
2283
1889
1360
795
151
-632
-1437
-2157
-2727
-3107
-3305
-3374
-3398
-3303
-3039
-2717
-2369
-2056
-1908
-1846
-1780
-1740
-1724
-1716
-1714
-1659
-1451
-1056
-561
-39
502
1012
1484
1966
2367
2562
2583
2465
2241
2023
1837
1626
1409
1242
1167
1171
1252
1365
1374
1268
1122
873
519
101
-437
-1082
-1692
-2201
-2600
-2851
-2969
-2975
-2853
-2543
-2084
-1597
-1120
-703
-373
-91
166
332
369
338
264
213
249
337
460
582
735
925
1141
1391
1559
1607
1609
1572
1502
1419
1287
1086
888
762
747
829
974
1162
1362
1632
1990
2316
2540
2603
2443
2132
1721
1181
534
-252
-1117
-1909
-2562
-3012
-3297
-3484
-3516
-3420
-3197
-2829
-2451
-2143
-1933
-1844
-1805
-1771
-1756
-1761
-1786
-1772
-1622
-1310
-862
-336
207
751
1305
1811
2249
2561
2674
2625
2461
2249
2018
1769
1529
1304
1146
1100
1149
1209
1254
1230
1100
927
679
331
-106
-649
-1244
-1794
-2259
-2631
-2884
-2998
-2987
-2832
-2539
-2129
-1696
-1288
-874
-507
-199
51
185
227
217
192
199
220
251
325
422
587
832
1089
1339
1552
1686
1778
1844
1830
1756
1597
1397
1222
1087
1032
1059
1147
1311
1541
1816
2154
2446
2626
2673
2514
2208
1747
1121
390
-449
-1326
-2121
-2793
-3296
-3622
-3800
-3813
-3659
-3385
-3043
-2692
-2381
-2176
-2049
-1968
-1937
-1920
-1926
-1922
-1857
-1664
-1313
-849
-302
281
878
1480
2044
2525
2835
2969
2949
2785
2570
2326
2041
1750
1474
1286
1213
1207
1245
1266
1225
1137
996
768
447
-6
-568
-1177
-1768
-2284
-2720
-3053
-3282
-3375
-3290
-3052
-2685
-2232
-1763
-1325
-923
-569
-280
-69
51
100
84
39
31
64
133
268
461
702
1002
1333
1654
1935
2146
2248
2244
2187
2068
1871
1647
1428
1256
1187
1229
1371
1571
1818
2114
2408
2661
2806
2741
2463
2019
1409
697
-91
-951
-1807
-2577
-3171
-3594
-3855
-3927
-3872
-3722
-3442
-3091
-2758
-2489
-2291
-2171
-2114
-2051
-2008
-1985
-1911
-1753
-1480
-1055
-508
79
703
1346
1940
2449
2858
3115
3187
3114
2957
2722
2429
2140
1844
1579
1433
1370
1333
1337
1362
1319
1208
1066
810
403
-97
-694
-1351
-1963
-2513
-3021
-3421
-3641
-3685
-3593
-3333
-2941
-2534
-2103
-1641
-1196
-815
-510
-295
-211
-176
-122
-89
-34
73
189
364
649
995
1357
1728
2045
2278
2456
2558
2551
2450
2292
2061
1801
1596
1453
1371
1370
1459
1604
1818
2084
2313
2476
2567
2508
2239
1837
1310
613
-157
-960
-1801
-2574
-3205
-3683
-3998
-4132
-4104
-3958
-3692
-3337
-2984
-2664
-2387
-2196
-2078
-1981
-1901
-1835
-1741
-1568
-1306
-926
-417
159
769
1407
2008
2550
3014
3325
3448
3423
3286
3034
2717
2405
2105
1832
1632
1520
1471
1458
1490
1490
1390
1216
921
492
-15
-614
-1302
-1986
-2627
-3210
-3674
-3972
-4107
-4104
-3931
-3611
-3213
-2731
-2205
-1718
-1288
-920
-620
-398
-244
-134
-63
17
134
300
541
847
1192
1568
1963
2340
2666
2920
3072
3113
3051
2899
2675
2401
2102
1805
1556
1403
1364
1407
1509
1675
1868
2058
2190
2229
2123
1798
1315
714
-5
-788
-1601
-2428
-3174
-3746
-4146
-4369
-4391
-4269
-4047
-3703
-3280
-2892
-2541
-2261
-2082
-1946
-1832
-1735
-1653
-1524
-1314
-1006
-551
13
625
1255
1886
2464
2944
3310
3524
3547
3420
3219
2940
2607
2299
2005
1766
1627
1550
1502
1490
1483
1427
1306
1080
764
321
-248
-868
-1555
-2240
-2871
-3462
-3940
-4249
-4376
-4345
-4152
-3827
-3436
-2967
-2453
-1956
-1505
-1101
-790
-593
-414
-252
-128
29
220
436
722
1089
1500
1936
2377
2763
3076
3320
3460
3464
3346
3141
2861
2535
2222
1933
1667
1491
1419
1426
1518
1644
1760
1859
1911
1888
1755
1478
1038
468
-168
-855
-1559
-2229
-2857
-3402
-3798
-4027
-4099
-4051
-3903
-3688
-3421
-3091
-2772
-2506
-2287
-2130
-1983
-1817
-1630
-1405
-1159
-856
-466
-8
531
1092
1613
2081
2497
2843
3097
3254
3268
3162
2988
2772
2552
2344
2146
1948
1792
1701
1629
1555
1471
1314
1050
717
316
-170
-729
-1360
-2016
-2652
-3189
-3629
-3982
-4181
-4270
-4233
-4029
-3713
-3336
-2925
-2495
-2098
-1713
-1328
-1002
-726
-466
-211
39
335
683
1041
1420
1822
2231
2615
2971
3253
3427
3530
3542
3452
3288
3082
2808
2518
2274
2036
1815
1642
1515
1400
1328
1302
1243
1150
1032
868
663
434
153
-236
-662
-1083
-1529
-1937
-2306
-2671
-2999
-3233
-3372
-3456
-3453
-3387
-3311
-3163
-2940
-2704
-2452
-2181
-1919
-1671
-1387
-1058
-749
-427
-89
238
613
1036
1430
1783
2123
2419
2640
2827
2964
2997
2956
2876
2758
2614
2458
2301
2113
1925
1748
1541
1327
1085
778
413
18
-420
-911
-1382
-1868
-2387
-2833
-3214
-3535
-3773
-3927
-4004
-4017
-3912
-3715
-3467
-3149
-2799
-2444
-2051
-1617
-1168
-725
-288
140
554
974
1384
1766
2125
2440
2707
2944
3148
3290
3377
3417
3392
3324
3209
3054
2861
2623
2378
2096
1821
1568
1298
1042
817
623
448
301
171
43
-63
-153
-253
-368
-536
-758
-1007
-1283
-1569
-1870
-2189
-2499
-2760
-2942
-3055
-3088
-3047
-2946
-2791
-2563
-2275
-1979
-1679
-1379
-1088
-804
-506
-205
62
325
605
887
1199
1522
1806
2066
2315
2518
2688
2830
2897
2870
2773
2622
2441
2239
1985
1704
1408
1096
785
491
213
-74
-387
-723
-1033
-1355
-1698
-2020
-2376
-2729
-3041
-3333
-3564
-3719
-3818
-3840
-3752
-3576
-3304
-2941
-2522
-2066
-1579
-1073
-576
-97
353
749
1112
1452
1749
2015
2272
2510
2720
2904
3072
3194
3258
3284
3234
3104
2951
2745
2469
2159
1842
1517
1202
932
690
469
311
189
86
30
2
-42
-106
-169
-257
-364
-457
-602
-792
-957
-1147
-1345
-1516
-1698
-1883
-2046
-2155
-2236
-2322
-2344
-2322
-2280
-2155
-1971
-1765
-1525
-1245
-958
-656
-311
16
301
587
845
1084
1323
1554
1742
1888
2048
2161
2221
2288
2306
2247
2172
2059
1901
1731
1555
1346
1113
912
694
426
170
-102
-422
-747
-1072
-1435
-1808
-2159
-2502
-2809
-3055
-3247
-3402
-3480
-3471
-3419
-3295
-3093
-2853
-2573
-2241
-1891
-1539
-1152
-726
-321
102
554
972
1393
1805
2170
2500
2790
3020
3151
3211
3230
3158
3022
2867
2661
2432
2213
1976
1742
1547
1384
1222
1072
931
766
583
392
185
-38
-250
-455
-667
-846
-972
-1056
-1083
-1048
-1005
-970
-915
-874
-871
-897
-961
-1087
-1249
-1429
-1605
-1749
-1856
-1907
-1897
-1812
-1636
-1397
-1099
-758
-415
-68
259
543
798
996
1125
1211
1263
1287
1296
1306
1306
1312
1346
1391
1439
1495
1534
1546
1544
1493
1386
1238
1042
793
500
175
-178
-530
-864
-1181
-1462
-1718
-1944
-2108
-2227
-2314
-2371
-2422
-2468
-2507
-2530
-2536
-2516
-2480
-2424
-2307
-2130
-1889
-1579
-1212
-803
-368
108
608
1091
1535
1929
2244
2499
2703
2817
2858
2836
2734
2597
2457
2319
2172
2008
1843
1693
1565
1445
1317
1161
968
751
512
262
-17
-309
-597
-887
-1125
-1310
-1417
-1447
-1436
-1336
-1168
-969
-720
-473
-281
-136
-31
2
-21
-109
-272
-463
-666
-839
-974
-1059
-1074
-1052
-956
-780
-575
-327
-68
157
350
516
645
704
721
708
651
596
552
511
499
528
587
679
812
936
1033
1108
1144
1133
1056
915
715
444
142
-165
-458
-723
-966
-1178
-1335
-1428
-1473
-1491
-1477
-1475
-1508
-1533
-1595
-1693
-1791
-1900
-2017
-2126
-2163
-2126
-2037
-1837
-1572
-1246
-823
-348
142
636
1106
1515
1870
2165
2375
2499
2546
2512
2420
2308
2169
2013
1847
1687
1539
1403
1291
1193
1078
936
774
579
359
131
-134
-430
-711
-966
-1194
-1356
-1430
-1441
-1367
-1200
-980
-709
-397
-70
231
493
698
798
828
788
654
479
290
67
-166
-353
-488
-578
-600
-569
-514
-416
-300
-196
-109
-43
-15
-34
-69
-113
-171
-224
-263
-268
-242
-163
-46
78
225
367
479
582
647
654
624
541
415
276
133
-7
-139
-238
-299
-350
-378
-378
-387
-399
-426
-499
-600
-727
-892
-1070
-1238
-1397
-1530
-1623
-1679
-1667
-1595
-1461
-1278
-1084
-837
-571
-311
-43
198
421
634
824
992
1155
1299
1408
1510
1591
1647
1674
1672
1635
1533
1411
1247
1055
848
611
391
161
-51
-211
-346
-433
-473
-488
-465
-418
-377
-317
-256
-225
-198
-166
-135
-86
-12
95
232
404
611
826
1038
1226
1362
1436
1436
1356
1182
934
634
283
-77
-407
-710
-963
-1127
-1221
-1252
-1194
-1076
-938
-799
-666
-554
-480
-443
-457
-522
-597
-667
-714
-737
-713
-627
-504
-318
-90
137
375
580
730
844
888
866
777
630
447
252
70
-98
-231
-327
-379
-388
-367
-309
-248
-223
-232
-273
-362
-489
-657
-864
-1066
-1262
-1428
-1530
-1554
-1512
-1393
-1192
-932
-629
-287
42
340
615
840
989
1048
1055
1031
957
861
765
670
597
568
561
570
600
630
641
657
654
608
544
447
329
201
87
11
-66
-109
-93
-56
33
170
320
495
674
843
993
1125
1231
1281
1297
1258
1159
1034
878
678
463
255
18
-227
-436
-622
-800
-954
-1078
-1181
-1255
-1290
-1300
-1286
-1252
-1204
-1136
-1040
-934
-828
-706
-589
-476
-351
-226
-101
18
114
205
297
375
437
498
545
574
585
575
575
555
534
497
429
380
320
242
169
82
-12
-110
-237
-365
-494
-628
-756
-887
-1012
-1139
-1227
-1276
-1319
-1326
-1315
-1273
-1187
-1080
-936
-769
-605
-427
-233
-46
155
337
471
607
714
797
862
889
908
883
850
839
802
764
730
689
656
638
621
611
592
568
552
532
520
501
482
480
466
461
476
495
511
543
595
640
688
729
758
787
802
803
784
731
654
547
407
250
80
-105
-322
-547
-754
-944
-1101
-1226
-1329
-1392
-1419
-1406
-1347
-1263
-1153
-1039
-919
-782
-649
-521
-405
-307
-216
-120
-32
41
118
180
251
331
399
472
529
576
605
622
634
609
562
496
411
307
184
54
-79
-213
-334
-452
-555
-648
-730
-768
-830
-885
-902
-936
-965
-996
-1023
-1024
-1029
-1020
-988
-930
-840
-736
-610
-445
-274
-91
106
281
449
604
725
831
906
922
921
906
862
808
742
683
631
576
549
539
532
539
550
559
568
574
571
558
530
495
456
434
415
385
390
392
402
447
499
559
610
649
693
727
738
728
691
613
516
402
256
108
-54
-236
-411
-579
-725
-852
-960
-1040
-1097
-1113
-1100
-1058
-993
-913
-816
-712
-614
-519
-424
-348
-279
-234
-208
-179
-165
-156
-136
-116
-95
-52
-2
60
129
192
253
299
340
349
325
299
238
156
63
-48
-148
-235
-311
-375
-421
-430
-428
-416
-379
-346
-313
-294
-301
-317
-358
-411
-475
-547
-615
-663
-691
-681
-641
-557
-427
-287
-121
48
205
348
456
526
549
533
487
410
337
272
207
190
208
249
343
466
599
732
855
959
1037
1081
1065
1007
925
815
708
608
507
427
376
357
372
423
494
546
592
630
647
640
609
532
418
308
176
30
-97
-209
-312
-395
-459
-508
-529
-547
-582
-612
-641
-691
-748
-810
-869
-923
-960
-966
-963
-924
-845
-758
-660
-549
-432
-327
-239
-176
-140
-124
-112
-124
-152
-145
-134
-120
-73
1
91
191
301
403
481
551
593
583
543
483
392
268
146
28
-99
-190
-265
-334
-363
-394
-411
-412
-427
-454
-494
-546
-605
-678
-740
-779
-812
-820
-789
-716
-594
-437
-257
-77
116
304
469
601
692
735
734
707
655
598
530
473
445
430
467
525
604
701
787
863
920
956
948
885
782
655
504
343
189
48
-53
-126
-155
-133
-76
18
128
242
342
424
494
520
507
451
370
277
162
48
-64
-158
-234
-293
-323
-348
-362
-367
-383
-404
-441
-494
-555
-623
-692
-757
-811
-847
-849
-825
-773
-687
-589
-475
-348
-228
-118
-16
64
120
159
167
167
165
159
147
130
136
147
155
170
193
219
220
212
193
155
109
42
-39
-136
-232
-319
-400
-467
-530
-565
-594
-595
-570
-557
-514
-471
-427
-366
-329
-272
-203
-156
-90
-28
25
98
173
248
321
375
425
476
502
518
530
527
503
479
463
434
413
408
400
393
398
401
396
404
400
380
359
317
270
230
188
142
90
55
50
72
85
113
172
233
308
374
438
493
516
540
540
501
458
395
302
199
96
-11
-129
-240
-341
-431
-507
-571
-615
-657
-686
-689
-682
-663
-651
-647
-624
-589
-558
-524
-487
-460
-417
-364
-305
-236
-162
-100
-49
20
79
125
172
190
193
194
184
173
162
143
112
80
59
28
6
-9
-48
-88
-132
-159
-193
-251
-291
-333
-365
-392
-424
-430
-430
-424
-397
-375
-324
-264
-221
-168
-104
-50
5
57
88
118
142
166
180
188
209
221
233
247
270
291
307
310
308
324
325
311
296
268
247
246
241
231
219
209
227
246
272
306
331
352
365
401
442
460
477
491
486
494
512
516
512
505
489
477
459
428
386
321
258
167
64
-38
-158
-277
-405
-513
-602
-678
-719
-755
-760
-729
-692
-625
-554
-501
-436
-381
-337
-294
-270
-263
-262
-245
-226
-213
-175
-132
-81
-16
47
116
177
221
247
249
238
216
164
100
19
-61
-119
-183
-224
-253
-284
-289
-288
-261
-229
-227
-235
-250
-264
-286
-329
-370
-421
-463
-485
-487
-467
-441
-389
-312
-239
-150
-47
31
97
159
197
215
225
226
214
196
183
182
189
217
259
295
336
394
446
488
524
534
536
530
507
470
431
391
359
344
331
336
338
339
386
418
441
467
468
456
437
414
372
319
257
184
120
57
3
-35
-83
-137
-173
-196
-216
-253
-289
-317
-358
-392
-420
-437
-455
-483
-478
-472
-456
-406
-373
-337
-294
-246
-190
-150
-97
-55
-31
-14
9
39
47
53
55
53
44
27
11
-8
-24
-51
-87
-111
-142
-166
-183
-204
-214
-217
-236
-261
-269
-275
-288
-301
-321
-354
-377
-397
-403
-396
-397
-383
-361
-328
-265
-195
-125
-51
10
72
142
205
240
269
295
295
293
299
307
311
319
326
343
381
420
448
475
496
503
511
505
479
443
401
357
310
283
261
232
231
236
252
278
301
316
322
313
289
255
197
136
51
-41
-105
-167
-227
-269
-288
-286
-270
-251
-210
-163
-140
-126
-109
-92
-100
-130
-154
-177
-207
-224
-236
-234
-228
-222
-189
-149
-115
-87
-67
-54
-28
-15
-35
-45
-61
-93
-114
-138
-159
-173
-199
-217
-232
-246
-249
-260
-271
-288
-305
-319
-327
-331
-340
-339
-335
-327
-306
-268
-240
-210
-166
-136
-97
-50
-23
7
35
52
77
101
130
153
165
196
220
242
262
266
281
291
282
283
284
265
251
249
253
262
266
275
283
301
315
338
345
333
337
331
307
290
271
249
230
221
214
205
209
212
217
228
228
209
192
170
127
74
17
-34
-95
-153
-195
-224
-254
-256
-231
-221
-200
-170
-146
-123
-99
-103
-114
-122
-150
-182
-200
-217
-237
-244
-232
-208
-182
-152
-115
-76
-41
-25
-19
-17
-44
-76
-105
-148
-198
-234
-261
-286
-290
-282
-263
-234
-206
-174
-142
-120
-112
-119
-135
-149
-176
-208
-221
-234
-236
-216
-192
-141
-67
4
65
119
180
232
266
274
263
260
228
193
172
149
129
122
133
144
169
198
226
250
266
276
273
247
214
184
138
80
45
11
-21
-32
-27
-3
28
62
106
144
178
220
242
236
230
212
182
157
133
115
92
69
72
89
100
109
114
122
124
112
90
51
5
-39
-89
-148
-185
-220
-255
-263
-271
-268
-254
-233
-203
-190
-176
-155
-149
-153
-153
-157
-162
-166
-169
-168
-164
-149
-130
-113
-86
-62
-49
-32
-37
-42
-27
-40
-63
-83
-103
-113
-126
-145
-143
-129
-122
-111
-94
-75
-54
-34
-23
-7
7
14
21
12
11
28
35
44
57
78
93
105
129
148
165
178
171
166
159
155
144
119
101
94
84
65
67
70
63
62
60
70
80
76
81
86
91
96
95
90
101
115
116
107
105
120
119
120
136
145
143
148
160
155
152
161
144
133
117
85
61
21
0
-28
-68
-88
-125
-142
-164
-197
-200
-209
-219
-218
-225
-230
-229
-232
-236
-225
-221
-228
-230
-231
-227
-224
-213
-196
-177
-157
-139
-116
-93
-67
-44
-33
-22
-6
-10
-16
-19
-35
-38
-36
-37
-43
-39
-28
-18
1
14
26
40
51
62
61
58
53
42
31
20
28
23
18
15
16
50
64
80
97
102
116
118
120
114
103
88
75
71
65
51
50
57
67
79
94
118
137
130
141
156
150
158
156
136
131
120
100
101
100
99
99
92
102
118
122
129
132
136
144
138
135
109
87
78
50
35
11
-19
-32
-72
-87
-87
-117
-141
-164
-170
-182
-214
-224
-242
-260
-255
-247
-243
-245
-233
-220
-215
-187
-167
-156
-141
-139
-138
-140
-131
-114
-112
-111
-109
-92
-75
-66
-45
-20
0
10
23
29
37
47
38
25
24
21
13
6
-2
4
6
5
2
13
22
7
6
9
0
-4
-5
-10
-5
12
14
16
38
57
75
93
110
115
115
119
124
120
108
98
86
73
74
69
70
80
76
80
99
115
116
116
129
122
113
112
105
92
81
77
78
79
75
85
99
102
112
110
110
108
89
74
57
37
17
-5
-23
-42
-50
-55
-59
-60
-72
-79
-92
-100
-105
-148
-172
-188
-217
-228
-240
-261
-265
-252
-240
-207
-184
-158
-115
-104
-79
-49
-42
-46
-51
-52
-67
-88
-90
-96
-99
-84
-75
-52
-21
4
25
34
52
70
66
52
25
1
-7
-31
-49
-50
-49
-50
-33
1
25
44
75
89
104
119
111
105
89
66
54
43
41
39
47
52
70
108
135
161
181
198
201
193
187
166
135
112
91
56
28
28
24
31
44
54
77
105
123
126
130
134
130
117
100
76
51
30
15
12
-6
-11
-11
-16
-4
0
2
1
-6
-15
-23
-24
-44
-75
-101
-115
-118
-126
-142
-158
-158
-158
-157
-147
-144
-142
-145
-150
-154
-150
-140
-137
-137
-144
-140
-122
-117
-107
-99
-93
-92
-80
-74
-86
-75
-66
-66
-59
-55
-50
-47
-42
-26
-15
-10
-10
-10
-6
-2
14
15
12
17
23
37
45
54
62
68
79
79
82
83
82
86
76
63
63
70
70
68
78
93
102
113
130
141
145
146
141
136
127
102
83
70
56
47
35
39
43
39
52
64
77
76
70
60
51
50
28
14
-4
-24
-24
-30
-23
-9
-12
4
26
31
43
53
48
38
22
15
6
-32
-55
-63
-66
-75
-81
-78
-72
-48
-43
-42
-36
-42
-54
-68
-90
-129
-151
-169
-193
-202
-222
-211
-172
-158
-134
-104
-73
-28
-8
-7
2
-2
-7
-25
-39
-44
-65
-66
-62
-52
-26
2
23
40
68
91
107
112
93
82
71
51
32
12
7
1
3
18
34
62
92
115
127
139
149
147
133
111
88
56
36
21
4
-1
1
14
32
53
79
90
107
117
106
97
71
48
10
-29
-37
-60
-86
-84
-83
-66
-39
-14
18
28
40
60
65
53
34
15
-5
-25
-45
-52
-50
-47
-41
-21
12
33
54
68
64
70
54
19
1
-24
-58
-99
-127
-132
-136
-134
-123
-103
-80
-59
-45
-34
-33
-38
-46
-74
-97
-113
-149
-165
-166
-162
-137
-114
-81
-42
-6
27
50
74
89
75
58
35
5
-19
-41
-53
-53
-44
-35
-4
43
73
111
139
163
183
172
159
137
103
79
48
23
19
5
7
34
60
90
112
126
141
145
136
105
71
32
-16
-60
-90
-108
-120
-109
-95
-60
-24
-2
43
78
86
88
78
59
30
-15
-58
-89
-106
-105
-112
-106
-72
-44
4
50
75
109
116
109
89
60
31
-12
-54
-91
-114
-121
-118
-104
-83
-49
-10
21
49
60
55
38
11
-25
-57
-99
-140
-152
-164
-166
-149
-123
-78
-29
13
38
67
82
71
51
31
1
-42
-76
-103
-122
-120
-109
-83
-41
-4
44
88
118
141
146
146
124
85
57
21
-14
-35
-47
-42
-34
0
48
85
118
147
174
180
173
155
118
78
39
-10
-40
-59
-75
-62
-53
-29
19
51
80
103
109
106
94
79
36
-10
-35
-69
-96
-107
-105
-86
-55
-19
20
51
79
103
102
87
74
47
-8
-47
-86
-125
-132
-143
-138
-118
-94
-50
-16
13
38
53
51
41
18
-13
-51
-94
-119
-137
-149
-147
-131
-101
-67
-34
3
35
54
64
55
53
34
-8
-33
-62
-94
-109
-101
-86
-72
-45
-17
8
43
65
76
76
67
50
21
-7
-36
-47
-59
-75
-62
-46
-22
10
36
66
82
100
115
101
86
71
54
33
12
1
-5
-5
9
30
47
59
83
102
112
109
103
95
66
42
18
6
-10
-26
-26
-26
-11
1
16
34
43
44
45
38
17
7
-16
-43
-59
-71
-69
-66
-50
-30
-21
1
34
44
42
43
39
29
3
-27
-42
-70
-84
-79
-85
-71
-57
-50
-27
-7
12
15
16
10
-17
-26
-35
-66
-79
-82
-95
-89
-68
-53
-32
-9
23
47
55
61
55
44
30
15
-3
-36
-56
-57
-62
-61
-40
-21
-3
20
40
54
60
56
53
34
8
-14
-44
-59
-73
-79
-70
-63
-34
-10
7
38
60
85
96
88
85
73
49
37
26
5
-1
-2
8
27
34
54
74
92
108
99
102
89
66
44
14
-5
-34
-51
-51
-50
-45
-41
-26
-1
21
27
28
33
31
16
-12
-37
-57
-73
-87
-90
-87
-91
-80
-56
-30
-9
2
12
19
24
17
0
-16
-29
-48
-64
-77
-80
-68
-59
-51
-37
-12
3
7
24
28
24
16
-4
-12
-22
-39
-45
-48
-47
-41
-28
-3
9
20
41
45
43
35
21
4
-8
-13
-38
-51
-60
-60
-44
-36
-15
1
11
28
44
54
55
46
41
40
29
16
21
18
3
15
29
33
46
52
51
69
81
79
67
55
48
36
35
16
2
15
9
8
17
20
30
40
46
43
34
31
33
21
3
-5
-16
-17
-20
-27
-24
-14
-6
-8
-4
-8
-12
-9
-15
-24
-32
-36
-40
-48
-50
-42
-36
-31
-30
-28
-17
-10
-13
-24
-19
-21
-32
-30
-41
-48
-49
-53
-43
-36
-27
-31
-27
-10
-16
-12
2
-4
-6
-6
-18
-19
-18
-17
-5
0
0
-9
-3
7
-1
2
-3
-9
-17
-31
-32
-34
-38
-31
-14
-7
0
14
22
28
35
42
42
33
25
21
10
-4
1
4
3
16
26
33
44
54
61
68
72
72
63
41
33
26
20
13
6
14
20
17
28
44
53
57
59
50
35
27
12
-16
-37
-44
-57
-66
-56
-57
-37
-12
-10
17
35
33
45
46
26
12
-5
-22
-48
-63
-67
-69
-55
-52
-40
-18
-2
17
29
35
36
34
20
-9
-25
-37
-61
-76
-72
-70
-71
-56
-27
-6
15
29
43
54
53
37
16
2
-15
-34
-50
-63
-73
-66
-44
-22
-10
17
44
49
65
74
59
38
17
-6
-14
-40
-68
-68
-76
-64
-42
-27
-10
21
53
58
65
66
56
42
22
-1
-21
-36
-44
-46
-42
-19
2
22
62
90
105
117
119
114
97
61
31
7
-16
-41
-63
-73
-63
-46
-30
4
26
44
69
65
62
54
36
19
-15
-42
-67
-85
-89
-83
-65
-48
-20
-5
24
51
53
58
53
44
22
-13
-31
-59
-84
-84
-83
-73
-49
-34
-4
26
55
73
70
76
68
46
24
-1
-36
-65
-79
-85
-75
-71
-53
-22
2
32
45
57
63
57
43
19
1
-25
-52
-62
-67
-65
-57
-35
-16
5
37
56
65
69
62
45
37
11
-23
-33
-48
-67
-66
-54
-46
-20
18
30
48
67
72
75
73
65
48
17
-6
-15
-31
-47
-40
-16
-11
3
36
44
54
68
68
63
53
29
3
-21
-36
-43
-46
-44
-38
-15
2
24
54
64
71
72
63
52
23
-15
-34
-43
-66
-79
-76
-64
-45
-32
-6
10
34
46
42
49
39
15
-5
-27
-44
-61
-74
-63
-53
-46
-32
-11
16
28
41
52
50
37
16
-14
-35
-60
-80
-90
-98
-92
-87
-61
-27
-1
32
46
55
63
60
44
18
-7
-28
-61
-84
-89
-88
-73
-47
-13
16
41
69
86
98
102
89
65
28
-5
-18
-36
-61
-60
-50
-43
-15
10
39
70
92
104
107
97
64
46
18
-28
-48
-69
-87
-89
-75
-47
-29
-1
43
75
99
116
120
109
84
60
31
1
-37
-55
-62
-71
-49
-29
-9
29
57
77
86
86
80
63
40
10
-20
-53
-85
-98
-91
-78
-67
-39
-14
19
49
60
71
67
58
36
1
-17
-43
-78
-86
-102
-104
-91
-82
-46
-24
-7
28
40
38
44
36
18
2
-27
-52
-60
-74
-78
-84
-74
-43
-28
-9
4
20
37
41
35
21
5
-12
-22
-42
-58
-57
-53
-30
-11
7
20
38
59
67
73
70
58
35
13
-5
-29
-37
-38
-39
-44
-43
-20
0
14
18
27
48
45
35
24
17
13
0
-2
-3
-11
3
10
11
21
37
59
62
57
55
56
48
27
17
6
-2
-8
-23
-30
-10
-8
-6
16
27
29
33
39
37
27
11
-2
-14
-28
-35
-38
-30
-38
-41
-23
-4
10
14
24
22
19
9
-3
-6
-16
-25
-42
-45
-45
-49
-33
-23
-19
-3
6
7
18
25
27
16
-4
-4
-9
-18
-32
-45
-39
-34
-36
-30
-21
-15
-1
16
19
9
14
20
8
0
-3
-6
-22
-30
-29
-36
-22
-13
-15
-5
0
10
16
6
12
18
15
6
-3
-5
-18
-12
-3
-12
-13
-12
-8
3
14
19
29
32
26
33
31
30
33
29
27
20
6
10
8
-4
-2
1
-4
0
10
15
28
28
22
18
21
28
16
7
-1
-6
-13
-25
-28
-35
-39
-25
-13
-7
9
16
11
14
21
21
18
5
-9
-10
-25
-40
-40
-47
-50
-44
-33
-15
0
7
12
25
38
29
16
14
-2
-8
-14
-36
-50
-54
-51
-37
-20
-12
4
11
26
41
41
45
27
14
0
-20
-33
-45
-59
-59
-52
-46
-22
-9
2
16
27
47
55
47
33
19
2
-15
-33
-47
-49
-45
-43
-31
-18
-6
16
42
55
56
63
65
50
28
3
-6
-20
-39
-39
-45
-42
-19
-12
9
31
39
56
62
63
43
23
8
-12
-26
-42
-52
-57
-53
-42
-18
4
14
37
54
69
70
56
44
31
7
-14
-35
-56
-51
-58
-52
-33
-22
4
18
37
54
60
64
57
47
28
-8
-32
-51
-80
-82
-72
-69
-54
-40
-17
10
32
45
55
60
45
33
17
-22
-44
-59
-78
-85
-83
-67
-44
-20
1
27
50
56
70
69
50
27
11
-3
-40
-60
-69
-74
-61
-60
-36
-15
3
38
53
69
75
69
62
47
33
4
-27
-40
-56
-62
-56
-53
-36
-7
17
42
57
61
70
72
62
45
20
-8
-35
-55
-66
-69
-68
-55
-20
-4
14
40
48
58
67
57
34
20
13
-13
-36
-47
-56
-61
-39
-27
-27
4
22
38
52
36
44
48
27
12
-3
-23
-29
-33
-48
-53
-52
-30
-11
-4
8
20
33
31
32
28
12
6
-6
-31
-51
-58
-57
-55
-52
-35
-25
-13
12
17
19
22
25
15
-1
-3
-16
-28
-33
-38
-33
-21
-17
-3
18
21
20
28
30
25
18
17
5
-2
-8
-19
-11
-3
-8
-16
-7
7
13
21
15
15
29
28
17
14
14
13
7
-8
-7
1
-5
-7
0
3
4
8
18
19
10
13
4
-4
0
-16
-13
-6
-3
8
8
18
27
23
29
23
16
7
-1
-1
-16
-21
-26
-30
-20
-11
-3
5
12
18
23
15
7
1
-9
-12
-20
-29
-24
-23
-25
-19
-12
-7
2
20
26
12
21
24
14
13
-12
-22
-20
-40
-51
-59
-52
-28
-24
-18
-4
10
31
49
46
38
41
36
13
-10
-24
-29
-38
-49
-39
-21
-11
15
28
31
49
59
61
51
36
25
10
-17
-37
-40
-43
-42
-32
-15
-1
6
25
46
61
69
56
49
46
27
4
-16
-34
-49
-60
-61
-53
-36
-12
1
22
52
61
62
69
66
45
24
11
-12
-44
-63
-60
-54
-50
-44
-17
10
28
52
66
68
57
43
38
17
-19
-41
-53
-63
-74
-73
-61
-37
-14
7
34
50
54
63
64
52
36
11
-20
-52
-74
-80
-80
-79
-66
-43
-20
-2
30
58
60
68
66
46
23
-5
-26
-41
-60
-70
-76
-74
-55
-27
0
23
51
68
70
76
65
48
28
1
-11
-32
-56
-59
-64
-57
-35
-11
12
26
52
74
78
76
62
53
31
-1
-20
-40
-58
-55
-55
-48
-27
-7
13
35
54
69
72
59
44
31
11
-8
-26
-44
-52
-46
-45
-34
-6
11
27
42
52
62
56
45
36
14
-8
-24
-36
-40
-50
-60
-47
-28
-9
8
31
47
44
46
42
35
26
-1
-20
-30
-48
-59
-57
-54
-39
-16
1
16
28
37
48
45
30
14
-6
-17
-37
-51
-44
-60
-54
-28
-19
-4
23
38
37
49
51
39
31
10
-5
-22
-42
-50
-57
-57
-41
-22
-11
2
32
45
47
60
47
34
28
8
-7
-24
-50
-52
-45
-41
-35
-17
10
39
52
62
68
54
45
38
9
-17
-27
-42
-51
-58
-57
-32
-13
5
27
43
62
73
79
70
46
34
11
-17
-36
-50
-59
-52
-44
-39
-21
0
26
52
63
69
70
58
41
17
-13
-29
-49
-72
-78
-73
-56
-41
-17
10
30
62
76
73
68
52
25
-1
-26
-54
-71
-82
-92
-80
-59
-40
-15
22
53
67
77
81
67
45
26
8
-22
-57
-72
-81
-87
-74
-52
-36
-10
27
52
69
82
87
71
53
30
-2
-32
-67
-81
-88
-91
-78
-53
-22
-5
29
63
79
97
95
81
53
22
-7
-39
-71
-91
-90
-75
-57
-49
-24
19
43
68
87
85
76
68
59
20
-7
-38
-70
-74
-89
-79
-48
-29
4
26
46
70
85
89
80
68
48
16
-19
-48
-70
-87
-91
-82
-58
-33
-1
33
49
72
85
79
73
57
39
6
-42
-66
-80
-91
-84
-70
-51
-25
7
31
57
79
82
86
70
51
15
-23
-34
-58
-84
-91
-81
-70
-45
-17
11
45
62
83
81
75
70
39
10
-22
-46
-60
-79
-88
-81
-64
-44
-16
18
47
65
82
80
65
57
29
4
-23
-47
-64
-78
-82
-76
-57
-29
0
31
48
64
85
84
70
53
26
-1
-30
-53
-71
-72
-75
-69
-46
-26
4
28
59
85
77
73
66
45
19
-16
-28
-43
-63
-61
-70
-60
-33
-19
11
34
48
61
63
67
49
18
6
-17
-39
-50
-64
-62
-63
-54
-29
-11
11
30
53
59
57
54
40
28
-1
-21
-42
-62
-59
-66
-58
-46
-29
-3
14
35
47
45
49
44
30
14
-11
-31
-37
-47
-55
-53
-43
-24
-21
-5
19
27
40
43
36
30
13
-3
-15
-33
-39
-41
-44
-37
-30
-27
-7
8
16
32
39
40
41
33
15
-1
-14
-25
-36
-41
-36
-28
-22
-15
-3
11
27
38
34
25
25
19
8
-10
-18
-14
-32
-34
-22
-16
-2
9
8
13
27
29
27
16
11
4
-9
-14
-20
-24
-25
-13
-16
-19
-5
3
14
16
9
14
17
3
2
-3
-13
-10
-19
-27
-23
-22
-7
-1
4
14
14
7
3
8
2
-9
-16
-23
-24
-30
-31
-21
-16
-7
1
7
11
14
10
11
9
-4
-9
-14
-21
-36
-38
-25
-25
-12
-5
-1
10
16
17
9
13
4
-4
3
-13
-21
-24
-30
-31
-36
-21
-1
5
6
13
29
35
22
16
9
3
-4
-19
-32
-35
-31
-28
-22
-13
-6
1
14
24
31
35
29
22
11
1
-14
-22
-20
-37
-34
-13
-15
-4
6
11
25
31
33
28
24
27
23
-3
-12
-8
-28
-34
-21
-22
-18
-4
11
20
19
31
43
31
24
17
2
0
-5
-14
-18
-29
-26
-18
-17
0
9
16
28
26
22
26
10
1
6
-7
-13
-17
-23
-17
-25
-22
-2
3
11
7
16
27
17
17
9
0
4
1
-10
-9
-13
-22
-23
-16
0
10
8
8
10
16
17
4
3
8
1
-7
-8
-8
-11
-7
-6
0
6
10
5
2
8
11
12
2
-2
-4
-14
0
-4
-8
3
-3
4
11
7
1
4
11
9
2
2
11
8
-2
4
3
-1
10
3
4
12
7
15
13
3
4
7
7
7
-1
-2
0
2
1
3
13
13
14
22
11
3
14
8
4
8
-5
-13
-13
-14
-8
-2
8
13
10
12
15
12
14
9
-3
1
-4
-14
-13
-13
-5
-6
-13
-2
6
10
19
15
12
13
8
2
-3
-3
-12
-10
-12
-23
-11
-9
-6
9
3
3
19
17
21
20
10
7
-3
-12
-14
-13
-15
-19
-23
-12
1
6
18
19
18
17
11
14
13
2
-6
-7
-12
-16
-14
-11
-11
3
16
12
15
23
27
24
