-2
3
-2
-10
-1
-3
-12
-6
-3
-1
7
9
0
-7
-10
-7
8
3
-1
8
5
12
12
4
-4
5
14
0
3
3
-1
3
1
5
1
-3
0
7
11
1
3
11
4
-4
-3
2
1
-2
-6
-8
0
-3
-7
0
3
3
6
7
3
2
-1
-1
-5
-7
-5
3
9
-3
0
6
-1
6
2
-2
-1
-4
5
1
-2
2
7
10
-5
-7
6
12
9
6
-2
-5
6
5
0
12
19
3
-6
-7
-14
-13
-4
1
-1
-3
-2
-3
-7
-10
-4
-9
-14
-16
-16
-13
-15
-16
-14
-17
-12
-8
-14
-6
2
1
5
3
7
7
1
9
7
0
5
1
1
-5
-9
12
2
-3
1
-5
0
0
9
5
2
12
5
4
9
0
0
9
2
0
7
1
-5
-4
-5
-9
-5
-2
-11
-1
10
9
6
3
1
2
7
0
-1
11
8
-2
1
11
4
-4
4
4
1
6
4
-4
-2
7
-2
-6
-1
1
-3
-9
-4
-3
-10
-9
-9
-9
-3
-3
-7
-8
-8
-16
-14
-10
-12
-1
-6
-19
-3
-5
-16
-1
0
2
7
-3
2
-4
-10
-2
-16
-16
-7
-13
-4
1
6
0
-7
0
9
5
-6
2
8
3
-4
-5
0
-3
-6
5
5
-1
8
-3
0
5
-5
4
4
8
-1
-6
4
1
2
7
12
3
0
7
10
10
3
-5
-3
1
2
0
-4
8
8
1
7
1
-1
-2
-8
2
6
-2
10
18
3
0
9
8
8
8
6
12
8
3
14
8
-2
2
7
11
10
3
-4
-4
7
3
-5
-6
-4
-3
-7
-6
-5
-7
-18
-11
-6
-9
-1
-9
3
8
-7
2
-2
0
11
7
11
10
8
-4
-8
3
-3
-4
-1
-5
-3
1
0
5
11
2
12
20
6
6
9
11
13
3
15
13
3
6
1
5
3
-1
-1
0
-2
-4
8
1
3
3
-3
12
7
-4
5
-2
-9
-2
-2
-3
-8
-6
-4
1
15
12
14
6
6
17
9
10
11
8
6
-2
1
3
-3
9
16
-5
-1
11
6
7
11
10
13
-3
3
12
2
9
10
-1
-2
3
-9
-3
-4
-12
3
1
4
6
-6
1
4
-5
10
4
-4
1
-5
-3
-7
-19
-21
0
8
-8
-5
-16
-14
-6
-13
-6
-9
-13
-2
-9
-9
-11
-14
-2
-8
-3
1
-2
3
-4
1
9
5
4
4
6
0
2
5
11
16
4
-4
-2
-6
-9
-2
3
-5
5
6
-1
27
16
0
23
12
17
16
7
10
4
9
10
2
-4
4
6
8
7
2
15
15
4
10
11
1
8
5
-8
2
-1
4
1
-3
7
-5
0
3
0
-2
-5
1
-8
-6
2
2
-10
-17
-8
-3
-4
-9
-10
-16
-18
0
5
-9
-6
-3
-2
-5
6
6
-1
9
5
7
1
3
9
-7
-11
-4
14
-4
-17
0
-15
5
14
1
5
-3
-9
-6
-7
-5
0
-1
-11
-13
-16
-19
-10
-5
-4
-10
-9
1
-8
-18
-9
-3
-13
-13
6
1
-2
2
-11
-13
-21
-4
-10
-17
3
-4
-4
-2
-8
-10
-9
-7
6
-3
-8
9
10
-5
-5
16
-1
-10
1
-11
-8
3
3
5
3
4
2
-7
-3
-1
-3
2
1
5
4
-3
8
4
3
10
2
15
14
3
11
1
0
7
3
14
4
-11
6
3
-14
-10
16
1
-13
16
5
8
10
-11
10
7
3
16
13
16
10
7
11
-4
-15
-1
-7
-17
-2
5
-14
1
26
-24
-14
8
-27
-17
-3
7
-5
-16
-7
-16
-15
-12
8
-4
-15
6
-2
14
8
5
5
-26
0
-9
-12
12
-1
10
-7
-2
5
0
8
1
5
-6
-3
4
-13
-14
2
-8
-4
14
1
-10
-7
-6
6
3
-9
-8
8
-7
-21
10
-2
-3
5
-9
-8
7
-10
0
4
-26
-9
-14
-25
-17
-10
-3
-17
10
22
9
5
-9
6
-16
-9
-4
-26
-10
-6
3
15
5
0
8
8
11
2
8
-8
1
17
4
16
12
1
15
11
17
23
-7
-2
-2
-26
-29
-9
-1
2
24
40
27
17
6
-1
-8
-7
-9
-7
0
10
22
7
12
17
12
17
14
0
1
-11
-5
-5
-8
13
4
-6
21
23
-1
7
2
-14
-25
-4
-9
-7
9
-1
9
19
13
12
-12
-15
6
-6
12
4
-7
-10
-14
1
5
12
12
17
0
-23
-5
-13
-13
-6
-11
9
-3
6
9
0
13
2
-5
-9
-21
0
-7
2
16
-17
1
-7
-12
2
-6
0
7
2
0
9
-12
-16
1
-19
9
4
-26
16
5
-21
-2
-6
-4
-9
-13
-2
-3
12
-4
11
28
-13
-2
7
-10
-4
3
7
8
0
7
6
-2
10
1
2
5
0
2
-7
-5
26
26
16
35
14
0
5
0
4
9
8
-18
15
14
-9
39
3
-13
35
4
-10
20
-11
-19
32
7
0
14
-1
-5
-7
13
-1
20
6
3
9
-13
13
4
8
1
-9
-28
-26
-12
-7
-2
-1
-1
-7
5
-2
15
2
4
-5
-22
24
-3
-22
2
-5
-27
12
15
-27
15
2
-29
1
-7
-20
0
-18
-22
10
-13
-4
35
-18
-29
22
-19
-29
23
-22
-11
15
-46
12
20
13
29
-6
-2
-26
9
-13
-34
7
-22
-1
12
8
32
3
30
14
-17
38
-30
-13
9
-13
-13
-15
11
-37
46
4
-38
35
-49
-10
22
-39
-11
8
6
9
39
13
-2
30
-3
-3
29
-23
9
16
-15
20
12
20
6
43
0
-7
12
-18
13
17
6
15
-4
-7
6
-12
26
0
12
0
-32
5
-5
-9
-4
12
7
14
35
0
8
15
-40
23
0
-51
2
-5
-16
13
22
-26
-2
2
-34
0
-7
-26
-5
-3
-22
9
26
2
22
20
-38
7
-11
-53
11
-43
-60
11
-6
-22
35
3
-2
31
0
-5
-27
-13
-34
-14
21
-28
-3
5
-12
6
18
-1
-20
11
-27
-18
34
-14
-5
27
2
5
32
2
-7
9
0
-16
24
8
-23
2
-29
-12
28
26
39
42
9
33
-1
0
-2
2
13
-39
52
-33
-1
59
-9
17
25
13
-35
52
14
-28
47
-31
-17
4
-23
23
44
38
6
11
6
-68
5
-6
-37
27
-4
10
-25
40
26
15
66
-43
-31
-26
-22
10
20
-15
-47
-37
-26
7
32
45
2
18
-15
-52
11
-45
-24
6
-61
17
-1
0
26
11
-32
-76
11
-83
-20
53
-53
30
2
-44
-5
18
-4
8
45
-24
-51
3
-61
5
25
-32
17
-32
27
9
68
33
18
7
-109
17
-59
13
113
-13
44
46
-53
26
44
-23
2
-24
-21
-40
39
30
2
80
-64
-3
38
-12
80
35
1
34
-82
-52
9
-112
57
61
-31
79
18
-51
35
31
-27
53
-27
-21
37
-23
46
18
5
15
-54
-19
-4
-9
34
39
-14
-27
-14
-50
14
0
14
40
-13
37
-7
-12
11
-20
-39
38
18
-23
37
-18
-30
-20
-6
-50
-18
0
-59
27
45
-26
33
-8
-62
10
-81
32
-48
-49
69
-69
28
8
-53
12
19
-17
51
12
-34
3
-35
-29
-22
-3
-15
-16
8
34
36
32
9
-27
-71
-58
5
-23
2
68
-28
25
49
-47
72
20
-6
47
-6
-4
-8
10
3
2
-10
-37
37
-9
60
66
-69
72
-24
-83
61
-66
-47
110
30
64
99
3
-12
23
-4
-29
61
-43
-34
-9
-4
24
36
56
-53
-39
-34
-11
69
81
18
19
-71
-39
2
-15
69
11
1
-42
18
-50
-26
22
-138
54
6
-72
156
-24
3
105
-83
22
-5
-77
3
-11
-46
99
49
-75
65
-67
-99
29
-29
-39
47
-62
-62
91
-83
19
84
-81
73
52
-5
97
-56
-76
5
-141
4
46
-110
41
55
-97
100
24
-86
122
-144
10
100
-91
129
41
38
87
36
51
-28
-7
-73
30
-19
-122
57
-134
-35
50
-15
91
25
45
23
11
-17
-36
-2
-43
45
103
4
31
57
-21
61
44
-49
-21
-175
-113
37
-37
30
21
-53
-60
55
160
56
90
16
-57
87
-25
-8
-36
-147
-37
88
120
57
62
-123
-123
-58
-32
69
-155
-70
-25
-132
148
135
-6
154
-57
-28
214
-60
50
75
-125
-11
33
-8
-64
-30
-68
-69
105
-20
12
9
-147
-34
-87
-20
23
-10
81
-29
30
137
6
85
68
-44
-52
-29
5
-71
54
-55
-59
82
-116
17
67
-74
9
44
35
-12
57
7
-62
88
3
34
103
43
27
79
23
-63
-17
-95
-118
-25
37
-73
15
16
-117
102
30
5
52
-34
-66
2
125
-59
68
46
-113
101
21
-8
-13
-70
-32
-4
49
13
-69
-95
-88
-17
84
83
-2
2
31
-31
108
125
-68
-41
15
-46
59
97
-50
-16
-47
-119
57
-66
-150
-6
-80
5
82
119
31
-35
-26
-30
52
-24
61
40
-97
83
15
-60
10
-70
25
25
-64
22
-37
-107
-19
72
-14
-107
41
-47
-45
138
29
86
62
-94
44
-6
-155
-18
32
-116
47
107
-68
34
12
2
13
-61
40
-23
-33
89
17
82
38
-95
67
-29
-88
94
49
-71
-54
82
-21
-85
125
-97
-96
41
-70
178
118
48
64
-72
-162
-96
99
-29
1
101
-50
-53
67
17
-33
-24
-55
-10
-37
-26
68
74
-4
18
-45
-135
-116
33
98
-10
29
38
45
62
21
-87
-246
-76
33
71
331
-101
1
110
-167
155
-66
-165
1
186
161
109
1
-351
-167
-24
-84
59
-12
-124
38
89
50
-148
-33
-10
-69
173
-19
52
110
-3
220
38
-130
-61
-48
118
66
181
45
-211
-18
-198
-49
-25
-55
147
-107
-14
59
-26
26
34
62
-30
-13
155
52
-19
54
-25
-47
-46
-100
0
155
86
85
39
-291
-200
74
3
138
103
-83
-27
71
47
-77
14
-123
-10
207
-3
-46
-75
-122
-41
67
-12
-185
-184
48
74
151
181
-171
-87
-121
-111
317
112
-14
132
-10
10
55
136
-32
-85
1
-168
73
46
-120
176
-21
-108
120
-139
-165
-51
61
9
30
167
-186
-130
59
-94
-61
-28
-100
-3
135
79
75
95
-220
-207
60
-119
11
247
144
84
154
29
-195
-25
-32
-33
221
96
162
125
-149
23
-229
-288
-116
-91
170
97
164
28
-181
-81
-151
33
46
-35
138
55
109
76
16
7
-160
116
214
197
298
5
-145
-19
0
98
216
64
-81
-34
64
99
162
57
-126
-97
-12
102
72
-7
-93
-204
-164
-91
-78
-159
-176
-93
-19
46
-66
-180
-229
-307
-40
164
115
51
-115
-93
0
106
227
108
-63
-64
-55
66
168
69
-9
-58
-10
-1
24
-111
-315
-235
-245
-112
36
-80
-189
-296
-259
-147
-57
13
4
24
61
126
170
80
-10
-47
22
231
268
306
214
-71
-17
37
168
284
151
71
-116
-104
38
116
244
261
323
277
269
285
105
128
122
152
345
382
364
265
96
-81
-126
70
136
193
282
85
-5
-3
-47
64
109
188
333
440
500
410
278
87
-32
-92
-93
-165
-315
-349
-550
-711
-798
-999
-1137
-1171
-1161
-1204
-1174
-1147
-1176
-1058
-974
-838
-623
-546
-347
-146
-38
117
198
222
274
320
422
548
591
663
669
626
606
541
510
511
449
412
325
130
112
107
38
32
51
33
101
302
257
246
241
106
245
429
456
450
554
618
600
763
745
568
533
522
671
804
879
918
745
655
656
860
1211
1187
1210
1239
1267
1632
2023
1756
196
-1365
-2362
-2621
-1471
-375
-457
-1731
-3469
-4410
-4231
-3472
-2708
-2347
-2669
-2761
-2015
-1315
-1040
-1027
-1061
-570
560
1959
2939
2720
1877
1386
1467
1947
2426
2448
1823
1061
835
1155
1269
913
301
-426
-909
-792
-612
-977
-1519
-2244
-2499
-2004
-1639
-1386
-1342
-1603
-1778
-1312
-580
-325
-121
72
117
534
1136
1441
1453
1261
1147
1348
1723
1551
1079
711
-16
-156
345
376
103
-284
-660
-830
-626
-311
-334
-473
-715
-570
-79
74
258
255
-46
103
600
1136
1386
1270
1301
1303
1551
2224
2401
2078
1890
1962
2295
2836
3032
2926
2841
2666
2863
2379
19
-2247
-3543
-3867
-2137
-435
-1060
-3283
-6017
-7439
-6307
-4326
-2710
-1997
-2955
-3643
-2671
-1380
-408
263
557
1228
2471
3870
4746
4057
2851
2581
2909
3442
3673
2795
1173
-130
-567
-112
164
-481
-1412
-2462
-3166
-3056
-2730
-2453
-2446
-2612
-2293
-2263
-2602
-2300
-2204
-1609
-101
608
658
341
-542
-837
180
1152
1707
2019
1322
484
405
450
385
337
84
-155
-28
142
-115
-528
-1019
-1414
-972
-239
81
217
17
-358
-170
465
1041
1440
1461
1233
1312
1478
1578
1877
2056
2119
2318
2645
2675
2277
2122
1850
1424
1769
2189
2178
2272
1770
1023
1415
1886
2421
3257
1269
-2321
-4180
-5364
-4530
-1437
-434
-2131
-4669
-7271
-7591
-5411
-3398
-1884
-1512
-2536
-2402
-1046
-208
477
1108
1680
2883
4168
4981
4737
3315
2414
2594
2932
2977
2277
727
-801
-1526
-1311
-766
-1016
-1779
-2347
-2932
-3008
-2626
-2471
-2443
-2375
-1934
-1182
-808
-832
-821
-714
-373
347
876
613
-50
-561
-605
-217
260
496
226
-289
-689
-676
-517
-589
-618
-573
-410
22
342
269
-8
-184
-10
518
1037
1165
1071
887
745
1004
1288
1361
1340
1135
873
801
892
872
999
1232
1337
1716
1784
1311
1196
958
703
1528
2104
1792
1903
1595
835
1133
1542
1816
2807
3402
3616
3554
841
-3062
-4958
-5529
-3865
-234
706
-1950
-5758
-8646
-8329
-5381
-2103
50
-408
-2261
-2690
-1749
-501
828
2014
3157
4198
4916
5192
4165
2300
1899
2728
3325
3446
2268
50
-1788
-2601
-2059
-963
-787
-1195
-1704
-2720
-3434
-3324
-3014
-2456
-1496
-619
-289
-662
-1424
-1864
-1423
-361
561
1007
561
-741
-1613
-1731
-1604
-998
-310
-309
-645
-1042
-1525
-1592
-1295
-813
-38
678
972
952
767
545
634
1151
1764
2074
2137
1891
1408
1085
962
1108
1367
1411
1149
639
218
71
113
533
983
1234
1668
1702
1361
1294
1046
948
1666
2119
1971
2102
1735
1134
1459
1733
2222
3214
3544
3715
2918
-489
-4026
-5591
-5571
-3231
-298
-447
-3617
-7173
-8693
-7135
-3759
-779
338
-706
-2107
-1981
-605
1027
2248
3402
4578
5118
5330
4983
3437
2049
2064
2574
2610
1748
-223
-2310
-3556
-3880
-3157
-2276
-2147
-2212
-2535
-3219
-3662
-3548
-2810
-1780
-555
282
186
-294
-797
-820
-47
902
1354
1093
187
-874
-1415
-1576
-1405
-892
-655
-570
-515
-843
-1064
-816
-446
192
1047
1641
1947
1912
1566
1353
1505
1792
2174
2346
1929
1433
943
449
314
264
221
173
-135
-463
-735
-810
-492
-77
393
991
1331
1304
1245
1064
1019
1441
1941
2498
2606
1735
1032
920
996
1856
2775
2833
2895
2939
2999
2630
-249
-4161
-6101
-6237
-4075
-591
-310
-3592
-7023
-8596
-6902
-2951
-6
982
169
-1370
-1058
875
2546
3716
4475
4990
5479
5439
4697
3366
1789
1335
1878
1762
485
-1738
-3902
-4928
-4922
-4019
-2928
-2755
-2856
-2959
-3473
-3467
-2916
-2190
-668
789
1241
1326
731
-417
-370
551
1124
1588
1078
-655
-1942
-2668
-3023
-2441
-1677
-1279
-942
-1028
-1554
-1686
-1190
-240
1086
2195
2690
2747
2441
2063
1972
2163
2507
2742
2613
1907
890
58
-524
-700
-495
-292
-290
-564
-1011
-1318
-1247
-731
112
985
1616
2008
2095
1927
1886
1946
2155
2538
2732
2808
2502
1663
1200
1272
1430
1757
2283
2682
2810
3053
3073
1127
-3020
-6234
-6872
-5644
-2483
77
-1336
-5309
-8315
-8249
-5127
-1343
1124
1592
-4
-1216
-61
1854
3148
4090
4607
4896
4991
4443
3436
1845
343
432
1043
425
-1215
-3541
-5787
-6459
-5504
-3804
-2189
-1678
-2204
-2945
-3462
-3140
-1577
498
2169
3145
2850
1501
367
-42
250
1364
2314
1812
458
-1307
-3191
-3862
-3400
-2628
-1689
-994
-903
-1226
-1483
-1288
-501
817
2220
3170
3414
3021
2388
1947
1747
1764
2064
2032
1312
347
-823
-1726
-1866
-1676
-1219
-695
-763
-1046
-1126
-1264
-911
200
1362
2288
2822
2811
2608
2445
2335
2518
2958
3142
2850
2498
1955
860
300
718
1174
1623
2058
2010
1815
1987
2585
2647
103
-4153
-6598
-6505
-4289
-657
683
-2288
-6545
-8437
-6744
-2935
443
1919
1039
-819
-957
977
2888
3703
3919
4038
4198
4258
3951
2719
725
-399
-180
-49
-1034
-3036
-5223
-6479
-6238
-4684
-2772
-1756
-1708
-2125
-2755
-2607
-1276
366
2061
3269
3090
2204
1399
675
723
1594
1990
1668
615
-1456
-3221
-3933
-4243
-3813
-2782
-2085
-1580
-1268
-1446
-1420
-840
204
1828
3177
3657
3614
2990
2169
1807
1851
2125
2263
1805
793
-442
-1577
-2174
-2103
-1715
-1258
-877
-777
-969
-1128
-822
33
1265
2522
3280
3548
3499
3182
3014
3016
2958
2919
2948
2853
2415
1760
1015
386
302
565
820
1296
1670
1796
2223
1984
-650
-4537
-6879
-6783
-4279
-690
630
-1899
-6068
-8170
-6456
-2551
921
2542
1676
-433
-963
535
2301
3363
3792
3984
4185
4101
3342
1776
-292
-1403
-859
-199
-748
-2567
-4967
-6600
-6430
-4796
-2706
-1214
-950
-1363
-1863
-1936
-886
937
2631
3566
3455
2578
1365
508
629
1110
1289
1255
431
-1428
-3054
-3961
-4373
-3815
-2789
-1973
-1170
-910
-1161
-997
-492
348
1713
2898
3422
3424
3025
2513
2008
1497
1356
1400
1112
556
-398
-1619
-2349
-2447
-2048
-1323
-849
-652
-511
-493
-182
673
1667
2685
3578
3870
3766
3591
3229
2924
2771
2713
2734
2365
1765
1245
461
-277
-399
-191
71
478
849
1069
1439
1989
1845
-298
-3832
-6074
-5712
-3314
-255
688
-1984
-5730
-7170
-5475
-2017
1028
2054
955
-621
-702
791
2463
3420
3662
3569
3516
3391
2681
1254
-296
-1024
-737
-500
-1392
-3298
-5250
-6332
-5877
-4101
-2266
-1282
-1181
-1495
-1682
-1180
150
1513
2401
2881
2850
2324
1585
860
377
406
721
630
-218
-1813
-3623
-4557
-4391
-3589
-2411
-1492
-1284
-1361
-1290
-899
101
1407
2395
3101
3479
3380
3147
2771
2094
1652
1632
1537
1219
471
-806
-1867
-2309
-2230
-1611
-931
-683
-641
-668
-591
13
1067
2173
3084
3653
3932
3988
3737
3355
2994
2720
2631
2470
2151
1713
828
-124
-555
-644
-359
170
613
1031
1349
1696
1664
-413
-4028
-6140
-5841
-3629
-355
883
-1509
-5196
-7129
-5783
-2178
1048
2258
1340
-491
-1003
371
2124
3187
3328
3086
3218
3390
2883
1518
-255
-1378
-1316
-754
-850
-2291
-4438
-5903
-5887
-4424
-2303
-803
-450
-829
-1395
-1360
-377
950
2121
2889
3073
2655
1735
776
278
192
344
629
335
-933
-2432
-3652
-4338
-3958
-2801
-1644
-827
-599
-881
-1085
-661
282
1359
2433
3196
3318
2952
2372
1656
1150
1076
1216
1316
975
82
-913
-1672
-1997
-1652
-976
-454
-123
-114
-260
39
745
1594
2569
3350
3798
3999
3760
3241
2721
2267
2190
2378
2351
1944
1070
-2
-594
-608
-339
201
841
1286
1673
1985
1082
-1896
-5257
-6620
-5397
-2257
765
833
-2349
-5954
-7045
-4798
-944
1950
2511
1003
-654
-574
907
2377
3022
2746
2444
2868
3286
2746
1124
-916
-2097
-1942
-1216
-1021
-2133
-4109
-5527
-5575
-4238
-2105
-515
-159
-664
-1277
-1065
85
1332
2188
2552
2402
2087
1675
1035
410
-58
-304
-337
-551
-1243
-2274
-3435
-4177
-3878
-2831
-1666
-766
-513
-740
-629
44
912
1723
2278
2697
3041
3072
2804
2309
1611
1051
948
1068
1005
609
-100
-939
-1504
-1479
-1066
-664
-389
-275
-180
243
895
1496
2080
2595
2967
3160
3111
2931
2624
2109
1766
1781
1766
1586
1213
581
102
56
211
603
1218
1772
2169
1819
-307
-3803
-6381
-6371
-4065
-958
699
-623
-3839
-6255
-6005
-3380
-269
1641
1720
605
-87
518
1615
2280
2349
2064
2269
3164
3691
3074
1326
-771
-2118
-2328
-1753
-1292
-1785
-3034
-4144
-4370
-3457
-1882
-688
-465
-945
-1351
-923
184
1276
1913
1881
1461
1078
879
952
964
531
-173
-959
-1700
-2126
-2389
-2757
-2965
-2831
-2458
-1808
-1173
-918
-742
-380
180
935
1697
2288
2634
2670
2467
2258
2064
1828
1600
1363
1168
972
564
-38
-602
-988
-1027
-736
-490
-402
-318
-166
135
619
1212
1867
2439
2741
2773
2620
2401
2165
1976
1969
2002
1903
1676
1292
913
829
992
1283
1750
2193
2292
1407
-1041
-4125
-6158
-6272
-4348
-1614
-418
-1484
-3609
-5334
-5420
-3723
-1420
199
630
503
754
1469
2181
2373
1836
1271
1544
2660
3882
4215
3033
723
-1535
-2751
-2702
-1973
-1426
-1676
-2587
-3159
-2861
-2118
-1451
-1335
-1768
-1947
-1342
-145
1148
1804
1402
475
-178
-160
545
1349
1503
828
-349
-1410
-1934
-2130
-2252
-2266
-2206
-2020
-1546
-1002
-714
-668
-720
-571
18
932
1832
2416
2543
2283
1989
1902
1815
1642
1536
1425
1224
1025
754
289
-224
-675
-990
-1009
-816
-519
-137
122
277
570
974
1349
1663
1928
2183
2370
2402
2352
2183
1861
1634
1556
1536
1645
1829
1937
1966
2041
2203
2191
1391
-611
-3242
-5212
-5554
-4306
-2435
-1340
-1818
-3340
-4693
-4928
-3944
-2442
-1233
-649
-376
214
1336
2481
2907
2372
1448
1057
1612
2782
3779
3793
2577
631
-1121
-1974
-2050
-1882
-1843
-2072
-2188
-1732
-998
-670
-1101
-2115
-3017
-2935
-1663
87
1385
1656
868
-407
-1086
-625
252
834
933
369
-446
-900
-1106
-1376
-1766
-2144
-2205
-1800
-1042
-167
326
146
-286
-533
-335
454
1420
2025
2195
2066
1853
1731
1633
1432
1109
761
561
671
956
1025
565
-346
-1203
-1613
-1404
-652
128
520
621
700
845
1035
1270
1430
1381
1325
1548
2026
2464
2584
2303
1703
1184
1052
1200
1518
1851
2090
2356
2499
1896
269
-1940
-3995
-4978
-4474
-3013
-1597
-1146
-1776
-2823
-3558
-3610
-3034
-2294
-1762
-1213
-348
817
2000
2657
2407
1514
643
381
906
1857
2600
2581
1702
454
-641
-1379
-1772
-1991
-2132
-2079
-1648
-922
-267
-88
-593
-1511
-2229
-2266
-1562
-463
439
689
370
-21
-128
-2
124
38
-366
-892
-1189
-1071
-752
-609
-693
-956
-1267
-1227
-717
-116
300
512
506
453
628
1032
1401
1566
1544
1395
1239
1236
1388
1399
1063
595
178
-132
-213
-132
-147
-390
-722
-917
-866
-619
-245
146
392
598
933
1291
1517
1555
1439
1290
1281
1496
1789
1967
1923
1608
1106
705
623
727
896
1042
1051
1037
1106
1066
627
-277
-1404
-2287
-2538
-2182
-1539
-1063
-980
-1123
-1258
-1221
-1035
-1011
-1328
-1714
-1797
-1396
-467
652
1301
1161
540
-145
-592
-520
-58
295
318
98
-206
-367
-273
-118
-136
-354
-586
-590
-346
61
454
518
246
-124
-478
-690
-705
-719
-844
-990
-1016
-832
-559
-446
-601
-972
-1430
-1672
-1513
-1081
-534
-117
46
62
46
142
326
418
372
260
234
426
765
1053
1208
1171
989
862
708
506
388
181
-79
-109
16
138
262
235
-29
-323
-447
-336
-52
278
593
816
928
1042
1178
1273
1299
1177
937
789
830
992
1153
1157
934
587
290
142
113
165
280
368
434
652
1087
1566
1777
1464
685
-230
-869
-946
-538
-23
246
183
-126
-460
-637
-734
-954
-1444
-2065
-2402
-2265
-1776
-1206
-923
-1048
-1327
-1498
-1417
-1087
-756
-624
-638
-611
-370
76
493
663
598
443
393
559
811
971
953
737
376
45
-155
-280
-391
-599
-933
-1153
-1106
-882
-561
-341
-400
-629
-912
-1102
-1023
-808
-636
-490
-408
-372
-205
43
163
96
-120
-317
-368
-208
155
484
636
602
447
355
386
435
385
270
170
183
340
561
754
763
641
530
403
364
526
783
1037
1230
1235
1167
1195
1189
1070
884
565
158
-79
-78
24
105
119
89
-9
-135
-123
56
259
505
846
1169
1431
1700
2009
2305
2420
2197
1650
921
260
-95
-138
-100
-253
-633
-1053
-1439
-1730
-1891
-2134
-2575
-2964
-3059
-2750
-2070
-1326
-843
-737
-884
-982
-890
-629
-262
41
192
256
291
355
463
528
495
395
274
215
265
351
356
221
26
-166
-294
-251
-137
-57
-40
-147
-288
-370
-435
-547
-683
-829
-995
-1093
-1107
-1065
-994
-945
-964
-1044
-1014
-775
-464
-193
-47
-125
-280
-279
-117
155
435
605
624
487
401
493
584
619
640
614
643
849
1125
1270
1199
1002
799
693
722
852
944
887
712
519
413
368
273
84
-160
-385
-490
-416
-243
-15
256
481
638
770
911
1083
1317
1560
1757
1935
2106
2268
2364
2355
2243
1903
1281
569
-83
-608
-951
-1206
-1484
-1728
-1811
-1678
-1451
-1323
-1407
-1727
-2131
-2323
-2164
-1682
-1065
-609
-469
-546
-638
-610
-430
-206
-118
-189
-347
-450
-388
-214
-7
100
31
-48
7
180
408
548
474
268
50
-109
-169
-176
-223
-398
-647
-785
-749
-620
-492
-496
-763
-1107
-1244
-1147
-902
-626
-474
-505
-619
-650
-533
-354
-222
-232
-394
-540
-507
-298
7
308
507
599
646
708
773
824
830
797
769
796
927
1086
1153
1071
813
484
259
175
203
291
378
421
387
374
422
448
472
486
468
462
545
743
954
1125
1249
1312
1311
1233
1111
995
929
964
1064
1191
1289
1315
1346
1399
1385
1200
787
187
-424
-834
-941
-820
-694
-721
-851
-1060
-1275
-1386
-1508
-1731
-1995
-2176
-2119
-1788
-1291
-839
-630
-680
-829
-911
-815
-522
-181
52
147
146
163
219
273
268
136
-81
-214
-178
-80
7
-10
-197
-464
-693
-820
-800
-688
-584
-482
-369
-254
-99
73
121
-13
-257
-545
-764
-806
-746
-706
-734
-848
-952
-972
-935
-880
-872
-909
-893
-726
-372
75
478
713
759
720
686
733
835
925
977
990
989
1031
1087
1027
813
489
129
-112
-119
81
379
686
873
892
853
815
820
897
974
981
917
842
848
934
1041
1081
997
840
722
724
856
1034
1168
1268
1377
1539
1779
2058
2228
2087
1526
667
-197
-834
-1110
-1091
-1054
-1201
-1492
-1764
-1938
-1986
-1971
-2091
-2357
-2541
-2403
-1828
-977
-185
273
269
10
-191
-203
5
298
411
331
211
93
24
-39
-253
-652
-1079
-1286
-1115
-697
-272
21
21
-232
-479
-599
-525
-308
-147
-69
10
119
302
424
260
-235
-906
-1472
-1747
-1689
-1400
-1105
-990
-1053
-1147
-1176
-1123
-1042
-985
-908
-691
-248
378
1028
1472
1559
1337
999
739
635
708
833
813
703
643
625
639
602
379
22
-301
-396
-173
282
779
1134
1260
1199
1103
1030
987
970
913
826
784
792
827
888
909
857
790
755
804
980
1231
1475
1663
1782
1844
1910
2047
2201
2261
2051
1393
324
-840
-1720
-2063
-1895
-1542
-1385
-1589
-2010
-2381
-2505
-2349
-2070
-1836
-1671
-1403
-855
-97
592
892
642
22
-562
-739
-375
260
728
730
256
-411
-947
-1189
-1219
-1219
-1211
-1066
-650
22
621
751
302
-529
-1260
-1427
-974
-208
411
564
328
1
-221
-302
-404
-778
-1326
-1695
-1634
-1180
-666
-457
-752
-1336
-1750
-1715
-1202
-549
-142
-96
-217
-173
169
693
1092
1144
923
718
752
997
1258
1247
858
287
-99
-87
213
519
554
275
-87
-230
-47
344
703
872
894
915
1063
1311
1489
1454
1220
931
819
984
1280
1495
1492
1296
1043
893
927
1054
1169
1248
1349
1527
1736
1919
2008
1983
1950
1879
1623
948
-188
-1370
-2112
-2136
-1604
-1082
-1118
-1787
-2636
-3119
-2892
-2104
-1290
-847
-799
-821
-597
-123
319
390
40
-365
-393
76
816
1289
1062
180
-899
-1629
-1749
-1405
-1006
-854
-908
-913
-747
-507
-440
-741
-1242
-1531
-1274
-493
412
946
822
205
-418
-619
-343
109
310
27
-551
-1080
-1349
-1402
-1468
-1707
-2066
-2255
-2003
-1379
-708
-313
-338
-571
-567
-99
723
1537
1956
1886
1553
1289
1193
1191
1136
905
564
303
250
292
200
-128
-628
-1053
-1092
-664
22
625
938
1015
1023
1145
1433
1746
1898
1864
1725
1621
1632
1618
1436
1054
588
302
399
761
1111
1252
1065
739
602
769
1187
1620
1872
1979
2117
2372
2536
2242
1176
-435
-1875
-2493
-2131
-1335
-916
-1385
-2535
-3572
-3773
-3022
-1840
-908
-637
-870
-1015
-677
18
608
708
370
57
200
796
1340
1247
359
-961
-1997
-2235
-1781
-1190
-973
-1251
-1693
-1789
-1361
-661
-150
-58
-196
-180
255
958
1494
1465
882
156
-266
-159
215
347
-79
-977
-1938
-2543
-2662
-2507
-2346
-2287
-2248
-2000
-1494
-906
-420
-144
65
433
1046
1784
2306
2338
1913
1329
893
744
788
751
458
-43
-546
-865
-931
-831
-723
-669
-653
-551
-279
137
585
985
1321
1598
1858
2011
2005
1848
1551
1289
1168
1155
1173
1084
814
418
57
-86
42
412
898
1264
1430
1458
1438
1457
1559
1746
1888
1931
2014
2184
2395
2431
1979
879
-656
-1982
-2531
-2189
-1412
-955
-1302
-2293
-3213
-3382
-2633
-1449
-575
-367
-592
-769
-550
-13
408
396
8
-372
-370
-8
327
243
-351
-1187
-1791
-1880
-1567
-1201
-1122
-1312
-1439
-1241
-676
-16
375
375
139
19
239
665
988
927
432
-207
-614
-624
-395
-280
-543
-1178
-1874
-2251
-2198
-1878
-1571
-1488
-1555
-1513
-1186
-598
17
430
583
604
703
951
1237
1400
1365
1171
945
804
734
643
438
188
-1
-80
-34
16
-80
-319
-542
-578
-382
19
452
740
885
955
1050
1200
1345
1411
1370
1298
1280
1343
1427
1441
1307
1025
743
586
584
688
823
899
912
947
979
977
966
994
1079
1302
1654
1937
2023
1880
1617
1427
1320
1108
517
-500
-1567
-2209
-2243
-1891
-1649
-1911
-2582
-3118
-3064
-2423
-1581
-1029
-961
-1111
-1056
-633
-45
317
313
123
60
300
620
636
160
-667
-1422
-1721
-1495
-1046
-785
-883
-1204
-1401
-1207
-670
-52
354
487
471
463
567
694
661
427
69
-264
-421
-457
-568
-902
-1484
-2118
-2520
-2565
-2314
-1978
-1788
-1740
-1649
-1319
-679
123
812
1193
1313
1329
1414
1614
1766
1729
1483
1138
826
576
312
-33
-444
-816
-985
-949
-814
-658
-577
-519
-371
-71
362
801
1121
1271
1331
1398
1511
1645
1705
1612
1404
1158
958
823
724
621
482
360
344
456
657
868
1046
1206
1370
1567
1781
1959
2079
2165
2233
2257
2209
2068
1845
1614
1496
1485
1362
865
-114
-1378
-2422
-2813
-2527
-1987
-1757
-2080
-2700
-3098
-2888
-2142
-1302
-767
-639
-705
-631
-288
109
285
193
-22
-153
-104
-21
-99
-430
-882
-1225
-1353
-1325
-1287
-1332
-1428
-1425
-1214
-841
-433
-128
31
103
164
194
175
96
-68
-271
-494
-716
-904
-1026
-1088
-1130
-1217
-1394
-1611
-1750
-1711
-1508
-1221
-968
-815
-689
-474
-93
373
762
983
1026
1011
1056
1146
1192
1150
984
752
569
443
329
161
-50
-237
-322
-262
-146
-87
-124
-210
-227
-69
277
679
990
1140
1172
1188
1265
1414
1529
1546
1483
1405
1378
1375
1352
1238
1017
813
747
863
1111
1322
1363
1261
1125
1087
1207
1398
1529
1530
1418
1322
1302
1267
1190
1051
917
905
955
863
401
-468
-1530
-2346
-2545
-2170
-1614
-1405
-1769
-2467
-2971
-2860
-2163
-1282
-673
-512
-660
-786
-653
-331
-21
161
201
168
104
-44
-329
-730
-1124
-1366
-1420
-1378
-1389
-1519
-1679
-1699
-1437
-898
-268
227
423
333
139
21
51
171
237
154
-99
-448
-760
-979
-1123
-1247
-1389
-1519
-1630
-1687
-1653
-1554
-1368
-1066
-681
-263
73
291
418
491
603
749
884
998
1066
1097
1084
990
826
629
465
394
389
389
329
216
135
128
189
248
260
279
395
646
945
1157
1208
1116
1030
1062
1215
1384
1425
1298
1083
915
868
911
976
1000
989
1029
1157
1315
1447
1532
1562
1561
1554
1521
1443
1354
1268
1174
1105
1037
954
848
699
569
464
391
367
313
118
-272
-833
-1453
-1881
-1987
-1841
-1671
-1758
-2144
-2599
-2794
-2554
-2004
-1483
-1236
-1281
-1431
-1395
-1082
-641
-261
-94
-132
-272
-425
-546
-666
-780
-869
-933
-1008
-1104
-1210
-1297
-1308
-1187
-906
-544
-211
-11
-13
-160
-332
-363
-216
-15
107
-4
-352
-788
-1124
-1211
-1073
-895
-853
-992
-1219
-1351
-1252
-942
-555
-197
89
329
533
697
826
938
1092
1312
1546
1705
1703
1539
1320
1126
1007
927
802
634
471
356
316
292
246
190
152
229
418
645
853
977
1054
1129
1224
1327
1374
1315
1136
922
738
634
654
745
812
818
747
634
580
632
779
976
1143
1249
1278
1236
1172
1100
1053
1059
1081
1078
971
736
443
200
85
62
63
11
-110
-206
-246
-321
-526
-925
-1455
-1853
-1947
-1779
-1600
-1671
-2008
-2408
-2534
-2236
-1705
-1267
-1107
-1190
-1302
-1231
-955
-630
-427
-377
-419
-474
-522
-560
-607
-675
-723
-802
-964
-1202
-1427
-1538
-1487
-1258
-957
-698
-518
-408
-347
-278
-173
-70
60
191
251
211
80
-100
-257
-331
-332
-312
-337
-432
-574
-700
-730
-627
-426
-184
46
249
422
585
766
971
1193
1433
1636
1754
1771
1704
1593
1468
1338
1193
1010
778
520
253
-2
-188
-257
-218
-119
-4
64
82
134
271
521
839
1106
1253
1277
1236
1197
1195
1199
1193
1174
1099
982
813
601
428
358
416
542
671
772
818
833
858
882
869
819
747
697
691
686
641
546
413
320
288
248
161
17
-140
-259
-356
-496
-767
-1138
-1500
-1727
-1760
-1721
-1743
-1923
-2204
-2374
-2313
-2031
-1700
-1521
-1506
-1552
-1506
-1291
-992
-734
-595
-571
-592
-616
-636
-657
-713
-798
-875
-911
-929
-970
-1019
-1053
-1030
-898
-679
-431
-235
-136
-114
-120
-57
105
305
459
500
419
275
182
206
324
437
465
367
175
19
-47
-2
121
236
313
345
381
471
611
796
991
1151
1255
1289
1287
1249
1184
1115
1023
923
820
698
541
349
148
-3
-73
-81
-50
-50
-85
-104
-65
75
274
483
655
752
786
785
789
789
785
783
769
733
666
569
472
417
423
456
480
472
459
469
522
604
660
686
702
725
729
700
627
513
427
387
375
359
268
115
-29
-115
-140
-129
-113
-164
-319
-548
-858
-1203
-1478
-1602
-1601
-1586
-1653
-1846
-2086
-2234
-2156
-1902
-1662
-1521
-1502
-1527
-1484
-1339
-1127
-948
-829
-739
-672
-627
-611
-651
-712
-738
-705
-618
-547
-532
-525
-501
-404
-195
51
239
328
332
289
276
387
578
743
809
746
624
518
475
498
512
482
400
295
195
141
141
152
164
176
194
229
279
328
392
476
577
689
792
857
879
887
891
869
816
721
581
420
289
210
155
98
40
-20
-62
-77
-78
-59
-15
72
171
253
333
409
473
536
618
687
719
719
702
668
611
562
504
424
364
350
389
446
508
557
546
521
527
539
564
602
615
594
551
486
428
357
278
242
202
148
76
-49
-194
-334
-429
-452
-465
-516
-651
-901
-1188
-1406
-1518
-1503
-1453
-1461
-1554
-1721
-1840
-1817
-1647
-1416
-1259
-1204
-1234
-1260
-1171
-991
-775
-592
-500
-488
-516
-523
-498
-486
-482
-461
-407
-335
-242
-140
-66
-24
25
100
191
310
426
498
517
503
497
494
500
520
528
513
482
452
424
362
277
203
148
154
202
257
288
265
252
253
294
370
408
377
299
248
242
283
356
402
385
318
257
207
156
149
182
210
226
178
56
-85
-169
-150
-62
37
100
122
144
181
259
371
460
533
601
649
664
630
563
498
473
503
537
528
469
399
369
394
448
491
503
495
515
562
602
619
606
569
527
482
410
310
184
87
22
-45
-82
-132
-181
-191
-165
-138
-151
-193
-232
-241
-241
-278
-404
-630
-870
-1054
-1122
-1125
-1150
-1217
-1339
-1439
-1439
-1356
-1268
-1225
-1195
-1167
-1098
-977
-875
-813
-781
-731
-662
-603
-549
-538
-554
-580
-579
-507
-411
-308
-198
-115
-33
77
222
399
561
678
724
711
701
731
785
833
822
726
584
446
363
334
298
268
245
204
147
50
-65
-181
-220
-131
1
125
181
151
81
45
81
156
243
304
332
335
310
284
261
260
278
309
335
311
228
129
80
88
161
249
299
304
278
287
346
447
564
633
659
648
608
575
546
528
507
444
347
222
95
-2
-49
-55
-48
-42
-26
18
81
177
283
346
377
370
347
337
325
319
296
238
173
126
85
45
15
-17
-50
-79
-88
-108
-165
-224
-286
-350
-401
-471
-579
-708
-831
-940
-1045
-1125
-1201
-1302
-1360
-1371
-1342
-1294
-1252
-1216
-1199
-1157
-1082
-1000
-903
-797
-707
-619
-528
-438
-331
-220
-123
-26
81
196
301
388
447
458
476
516
556
591
599
573
525
488
478
487
508
505
475
473
481
467
454
448
433
393
353
306
248
193
130
70
1
-71
-135
-184
-191
-158
-119
-80
-42
-9
47
131
242
344
403
428
414
400
399
395
392
379
357
308
235
183
157
175
232
288
328
314
265
227
204
222
254
266
247
217
204
183
164
162
166
176
197
229
232
204
175
163
191
246
293
304
274
239
210
202
218
212
179
132
92
97
121
146
152
122
92
73
68
71
58
12
-52
-131
-242
-365
-497
-630
-751
-852
-927
-999
-1095
-1197
-1288
-1361
-1396
-1390
-1336
-1267
-1207
-1154
-1106
-1035
-958
-864
-776
-708
-640
-575
-487
-390
-303
-205
-114
-31
60
153
229
289
359
427
471
495
505
522
538
549
561
550
518
495
496
510
543
567
560
541
501
440
389
304
213
147
76
13
-58
-121
-163
-193
-155
-79
-45
-47
-65
-79
-55
11
82
120
131
141
172
213
253
294
319
328
351
387
409
411
400
406
447
518
577
599
577
536
516
502
494
490
466
432
387
362
346
302
260
221
195
174
147
115
55
0
-33
-29
18
56
81
94
92
112
137
153
180
187
173
160
125
83
65
58
31
-2
-62
-150
-220
-271
-297
-328
-374
-418
-464
-485
-510
-569
-651
-732
-787
-798
-781
-803
-863
-940
-1034
-1090
-1095
-1073
-1058
-1062
-1053
-1036
-1007
-966
-898
-818
-721
-581
-440
-295
-151
-11
142
261
373
489
570
613
629
632
619
591
584
578
540
492
428
367
334
322
344
379
409
426
410
367
323
288
262
255
231
184
91
-58
-157
-205
-243
-243
-255
-303
-339
-335
-300
-234
-162
-108
-48
12
90
185
259
323
386
448
506
541
554
559
552
570
617
649
647
596
516
453
411
390
383
346
274
193
123
81
70
81
89
85
59
32
22
38
64
71
71
64
35
17
16
13
1
-5
4
11
22
48
51
27
6
6
32
55
83
107
92
63
47
49
45
39
22
-28
-81
-134
-183
-239
-308
-373
-441
-515
-584
-646
-728
-812
-888
-939
-955
-954
-932
-918
-911
-862
-779
-703
-635
-549
-486
-439
-370
-290
-207
-135
-68
-3
46
85
111
139
163
183
227
283
317
325
324
306
284
298
327
361
402
414
396
363
331
295
254
212
162
115
49
-21
-101
-179
-233
-275
-293
-299
-303
-312
-321
-299
-257
-186
-100
-21
46
96
142
181
225
257
291
343
399
446
481
508
513
503
499
498
490
492
501
496
507
527
541
539
523
495
458
387
312
267
223
197
177
132
70
13
-17
-45
-70
-77
-94
-110
-87
-53
-42
-50
-65
-61
-34
11
56
74
87
90
100
118
121
126
118
99
84
64
42
30
19
7
-2
-24
-59
-89
-115
-131
-149
-195
-265
-343
-416
-467
-509
-563
-619
-682
-753
-805
-856
-907
-940
-956
-913
-831
-757
-691
-641
-599
-530
-433
-307
-170
-71
5
59
87
124
139
151
191
228
261
272
254
244
230
238
274
309
331
309
281
277
264
249
243
225
200
169
130
90
32
-15
-46
-73
-90
-103
-108
-117
-114
-102
-73
-29
7
43
71
110
155
188
227
277
310
318
322
335
359
395
429
469
489
472
455
448
448
450
455
463
448
426
391
346
298
251
211
158
98
35
-23
-57
-81
-108
-145
-187
-221
-225
-208
-176
-138
-122
-98
-52
2
54
99
109
100
92
95
112
119
100
72
34
5
-4
-15
-21
-28
-15
3
25
54
62
49
21
3
-2
-17
-42
-96
-179
-276
-362
-428
-490
-541
-594
-656
-733
-800
-842
-876
-882
-854
-813
-763
-700
-628
-567
-504
-438
-373
-299
-220
-147
-85
-34
3
35
74
103
109
121
140
146
166
202
238
263
287
306
309
318
332
336
333
320
291
245
194
163
128
95
71
37
19
10
4
14
15
-1
-2
6
3
6
15
31
57
96
130
157
185
210
238
275
327
366
395
406
408
425
445
464
448
427
409
382
373
350
312
276
240
230
228
215
189
137
94
52
11
-27
-69
-103
-129
-143
-139
-135
-120
-108
-103
-88
-69
-48
-33
-14
13
30
34
52
66
70
73
64
50
28
15
16
14
4
2
2
17
18
-5
-23
-67
-116
-156
-195
-232
-287
-362
-447
-529
-588
-621
-660
-684
-709
-740
-745
-728
-693
-667
-654
-643
-613
-566
-514
-442
-373
-318
-270
-232
-186
-146
-100
-51
-13
27
61
80
100
127
161
219
285
342
382
395
394
396
393
391
395
383
351
309
257
209
177
142
99
59
24
3
-7
0
4
7
19
38
75
100
132
174
190
211
247
275
296
296
277
236
204
205
224
242
241
248
272
296
332
360
384
409
409
402
405
394
383
356
305
249
195
147
89
34
-22
-76
-103
-129
-146
-163
-175
-163
-142
-114
-85
-68
-61
-43
-6
27
62
99
109
103
86
61
35
1
-32
-63
-80
-94
-109
-110
-115
-105
-93
-98
-98
-95
-88
-72
-54
-65
-102
-162
-241
-304
-367
-427
-473
-535
-598
-659
-721
-767
-778
-772
-758
-738
-716
-673
-628
-575
-505
-430
-370
-332
-280
-231
-177
-109
-48
3
32
50
76
104
127
151
189
206
220
241
247
256
268
278
284
280
273
270
263
258
251
226
213
217
201
172
145
114
94
99
115
133
133
115
105
118
138
158
170
178
179
189
199
199
210
222
231
250
281
298
290
289
282
285
299
309
316
301
278
250
229
227
219
194
161
122
82
52
8
-25
-55
-86
-98
-111
-118
-122
-111
-82
-52
-10
44
90
124
149
155
150
139
127
127
126
103
68
19
-20
-57
-84
-93
-115
-126
-128
-132
-144
-154
-159
-175
-191
-202
-223
-257
-300
-347
-379
-419
-463
-501
-544
-593
-640
-665
-676
-678
-667
-646
-613
-576
-526
-469
-419
-354
-289
-229
-154
-86
-45
-13
28
74
117
143
158
163
161
171
201
233
264
302
301
294
316
321
338
353
351
350
321
288
260
220
189
154
121
100
82
80
79
72
75
80
88
119
147
171
199
211
217
228
244
257
265
264
257
246
226
210
193
170
152
134
134
144
138
146
154
166
188
206
218
198
163
124
101
84
65
36
-5
-41
-86
-105
-110
-123
-107
-98
-97
-72
-40
-8
25
50
67
82
105
111
109
104
94
96
76
50
23
-22
-53
-75
-97
-107
-128
-154
-168
-187
-204
-219
-236
-251
-279
-318
-345
-362
-393
-431
-461
-496
-515
-529
-552
-576
-594
-609
-617
-591
-554
-511
-464
-420
-383
-336
-269
-211
-167
-118
-74
-33
10
41
61
68
78
87
97
122
122
120
141
163
182
208
233
252
279
288
307
332
335
323
298
287
288
273
248
228
197
164
146
131
132
137
144
154
159
176
190
207
242
270
273
279
287
275
271
272
252
236
210
179
153
120
96
62
36
34
29
31
33
15
18
35
65
93
98
103
90
82
82
66
63
41
18
18
7
9
8
-17
-34
-45
-42
-26
-2
19
24
26
34
41
43
40
27
7
-10
-24
-60
-95
-135
-189
-231
-253
-264
-276
-292
-316
-343
-369
-374
-374
-382
-386
-396
-413
-416
-408
-406
-407
-401
-390
-401
-393
-368
-350
-321
-295
-265
-225
-187
-163
-136
-107
-78
-25
26
64
92
96
106
121
137
166
182
191
187
170
168
177
181
185
186
179
180
191
215
235
243
264
268
261
265
253
232
228
237
233
232
234
215
209
197
177
170
176
179
179
193
206
216
219
221
229
223
229
224
220
228
214
193
172
147
116
96
88
73
47
18
-1
-7
-9
-22
-33
-43
-57
-47
-35
-29
-12
-5
-1
17
29
44
46
35
26
7
4
-6
-28
-49
-77
-93
-97
-106
-116
-121
-127
-135
-149
-154
-162
-185
-194
-212
-223
-218
-239
-267
-292
-318
-327
-337
-341
-347
-370
-382
-383
-387
-386
-376
-372
-380
-381
-363
-343
-312
-275
-264
-244
-219
-195
-153
-121
-96
-74
-52
-24
0
32
53
58
75
84
99
126
143
159
172
179
201
214
222
236
235
223
210
213
221
230
237
234
242
239
236
247
246
241
239
245
257
276
284
275
274
271
270
281
287
283
278
262
246
232
216
200
188
168
143
129
107
92
80
72
72
68
71
67
51
38
44
41
32
34
24
14
10
-5
-8
-12
-34
-37
-42
-61
-72
-89
-98
-107
-129
-137
-154
-171
-180
-201
-202
-209
-223
-232
-239
-236
-248
-256
-260
-275
-271
-273
-286
-289
-307
-327
-331
-341
-354
-358
-356
-359
-355
-350
-351
-353
-348
-341
-324
-295
-262
-234
-212
-188
-170
-150
-127
-103
-84
-70
-50
-28
-5
16
24
31
34
38
51
65
85
99
120
140
158
167
182
209
218
230
242
261
284
294
297
296
301
303
308
320
324
325
329
337
340
347
348
338
336
334
331
340
341
321
302
286
270
249
237
233
214
198
190
178
162
145
150
140
127
134
122
113
107
97
91
82
78
57
30
9
-14
-28
-44
-55
-62
-73
-80
-87
-87
-79
-73
-57
-35
-17
2
3
-7
-18
-38
-56
-85
-105
-122
-161
-196
-230
-270
-290
-308
-335
-358
-371
-388
-406
-406
-390
-383
-395
-396
-390
-390
-389
-372
-362
-365
-356
-366
-372
-352
-351
-349
-344
-340
-331
-325
-305
-286
-273
-239
-211
-184
-149
-131
-103
-74
-36
-4
20
41
50
68
74
95
108
108
116
110
124
150
164
179
192
198
197
205
226
251
254
256
267
273
298
314
324
337
340
344
339
345
354
352
362
362
374
378
375
384
365
355
358
352
349
341
323
298
272
248
232
220
203
191
180
155
141
133
109
96
92
76
64
52
30
22
7
-8
-13
-26
-28
-40
-55
-64
-73
-86
-97
-100
-112
-130
-134
-138
-140
-136
-138
-147
-156
-171
-169
-179
-202
-213
-237
-242
-255
-273
-286
-317
-327
-345
-365
-364
-366
-378
-395
-398
-396
-393
-395
-403
-399
-396
-388
-371
-356
-342
-325
-312
-305
-286
-263
-257
-231
-198
-182
-153
-124
-106
-92
-76
-59
-37
-16
4
27
37
57
71
76
92
103
110
130
150
168
196
222
237
243
251
260
271
293
300
307
311
305
306
305
309
307
296
297
302
292
296
305
300
295
299
306
308
313
311
312
327
324
324
331
320
298
277
263
246
223
203
184
153
131
110
83
73
47
36
45
40
44
43
45
43
34
30
26
17
5
-6
-15
-31
-54
-71
-93
-110
-119
-138
-144
-156
-165
-181
-204
-209
-217
-214
-223
-231
-222
-227
-238
-252
-257
-266
-285
-296
-309
-318
-326
-344
-345
-358
-382
-373
-364
-367
-367
-355
-335
-329
-323
-310
-296
-279
-268
-248
-231
-213
-193
-192
-180
-170
-160
-133
-108
-99
-81
-57
-43
-29
-6
22
47
69
86
107
124
138
154
166
171
184
190
186
187
184
198
213
220
244
268
279
279
288
301
315
343
352
366
373
360
367
365
357
349
328
321
313
293
281
276
259
235
222
211
210
203
201
201
183
183
181
154
145
132
105
85
67
54
28
3
-13
-41
-50
-49
-80
-100
-98
-114
-115
-121
-132
-128
-135
-145
-155
-168
-172
-175
-188
-192
-197
-204
-211
-217
-233
-247
-258
-260
-254
-262
-265
-267
-272
-280
-288
-292
-289
-285
-293
-292
-286
-289
-288
-294
-307
-296
-291
-284
-267
-243
-211
-200
-191
-172
-162
-145
-131
-126
-104
-90
-78
-64
-53
-41
-31
-12
2
11
26
43
56
63
85
109
128
147
164
175
184
204
226
238
254
270
272
271
272
274
274
276
273
280
298
301
296
298
287
285
298
301
316
318
315
323
303
291
293
281
273
273
257
244
239
220
202
182
166
154
140
133
117
107
86
62
47
25
10
-1
-13
-31
-49
-58
-74
-78
-80
-89
-95
-107
-113
-123
-127
-131
-136
-139
-149
-147
-153
-170
-184
-203
-210
-214
-225
-234
-244
-246
-251
-266
-269
-264
-281
-284
-277
-277
-273
-270
-261
-272
-283
-280
-283
-274
-262
-256
-250
-253
-252
-242
-236
-235
-225
-213
-215
-202
-180
-178
-163
-136
-128
-114
-92
-68
-46
-34
-22
-17
6
31
43
58
66
73
85
94
103
111
124
134
149
162
167
180
184
193
196
204
224
229
238
247
248
254
268
269
269
275
284
288
284
294
296
288
280
285
293
279
277
276
261
247
242
232
221
212
198
173
147
138
117
96
88
77
61
50
32
16
10
-4
-20
-34
-30
-34
-48
-64
-81
-85
-105
-121
-127
-140
-152
-170
-186
-195
-199
-204
-217
-227
-229
-224
-219
-206
-202
-198
-197
-207
-193
-185
-181
-170
-181
-181
-175
-178
-180
-190
-186
-186
-196
-202
-203
-194
-193
-199
-192
-177
-164
-151
-150
-137
-117
-100
-82
-75
-57
-37
-31
-28
-22
-8
2
5
10
29
43
45
54
62
62
61
67
78
96
103
106
124
124
124
137
147
152
162
177
177
178
190
190
182
177
178
175
173
178
178
172
170
171
172
172
171
175
175
164
164
168
158
156
159
149
151
146
133
132
127
121
110
107
97
76
76
59
41
37
25
19
-5
-18
-26
-52
-69
-88
-105
-112
-127
-130
-137
-145
-136
-153
-167
-161
-173
-172
-163
-165
-160
-159
-162
-160
-159
-168
-175
-170
-176
-185
-180
-177
-181
-184
-179
-171
-164
-154
-143
-134
-130
-125
-111
-106
-100
-91
-88
-76
-70
-76
-75
-68
-77
-78
-65
-61
-56
-57
-50
-41
-42
-28
-5
10
23
37
49
52
57
70
78
86
98
105
109
110
112
118
111
117
133
136
141
146
148
158
161
165
174
181
183
183
185
178
170
166
155
149
145
136
145
147
139
140
131
120
115
114
112
108
112
115
116
112
112
116
106
107
102
80
62
48
48
38
24
12
13
4
-24
-28
-35
-47
-52
-63
-62
-68
-83
-82
-93
-101
-104
-123
-126
-131
-142
-145
-154
-161
-171
-175
-172
-189
-187
-173
-170
-165
-172
-175
-169
-166
-165
-155
-146
-135
-138
-137
-126
-128
-126
-109
-98
-95
-89
-81
-74
-71
-60
-51
-47
-37
-31
-24
-27
-24
-11
-7
3
11
13
22
24
29
36
36
41
52
56
62
61
66
74
70
67
69
76
77
85
89
95
94
82
91
86
82
92
103
106
110
112
113
114
98
99
109
101
97
92
96
91
80
80
74
70
62
51
47
48
53
52
53
60
55
51
59
56
51
54
53
38
33
29
22
15
5
4
-1
-9
-15
-17
-22
-33
-43
-44
-51
-66
-60
-50
-41
-39
-35
-24
-31
-45
-53
-58
-60
-60
-67
-75
-73
-85
-92
-92
-98
-94
-94
-106
-102
-93
-103
-104
-99
-106
-98
-92
-86
-70
-55
-44
-47
-41
-37
-43
-44
-44
-43
-35
-26
-30
-23
-10
-6
1
6
14
19
16
12
12
29
40
49
59
70
79
78
78
82
91
88
81
80
72
78
85
82
87
83
81
80
78
76
73
64
60
57
46
41
43
49
50
50
48
47
48
41
35
38
41
41
44
35
28
31
30
44
49
35
29
30
16
10
12
6
-3
-10
-5
-25
-43
-25
-31
-30
-26
-37
-30
-26
-28
-35
-47
-41
-40
-48
-56
-61
-59
-55
-66
-76
-75
-82
-91
-94
-89
-86
-87
-84
-87
-96
-97
-92
-80
-64
-49
-45
-51
-52
-55
-58
-54
-48
-53
-50
-51
-53
-49
-52
-43
-38
-35
-36
-39
-31
-34
-31
-18
-16
-12
-2
1
5
17
22
25
31
34
24
24
32
37
48
60
63
67
73
70
77
77
85
89
79
82
77
83
91
93
101
98
99
89
76
70
68
68
64
59
53
59
56
46
48
52
58
57
50
40
33
40
34
21
27
25
21
21
10
8
7
3
5
-11
-19
-14
-16
-14
-16
-15
-10
-14
-13
-16
-15
-7
-1
-12
-26
-27
-39
-45
-51
-48
-43
-52
-47
-59
-68
-64
-79
-73
-70
-75
-74
-84
-79
-71
-74
-72
-61
-54
-63
-66
-64
-69
-63
-65
-71
-67
-64
-63
-62
-68
-59
-55
-61
-58
-64
-55
-47
-62
-53
-40
-48
-51
-42
-32
-30
-22
-18
-14
-10
-15
-15
-9
-7
-2
8
16
16
14
18
28
27
26
38
41
40
47
47
50
55
64
72
72
78
78
80
90
83
78
83
88
90
81
75
80
81
81
75
68
71
64
57
56
48
52
53
53
63
51
55
62
52
46
37
36
32
32
32
23
26
25
17
11
7
0
5
15
12
9
16
10
-4
-3
-2
-12
-14
-7
-5
-14
-15
-15
-18
-21
-30
-30
-39
-44
-46
-56
-43
-50
-55
-38
-45
-51
-49
-52
-54
-54
-53
-60
-55
-53
-63
-55
-51
-62
-57
-51
-51
-53
-56
-51
-50
-59
-61
-55
-54
-46
-40
-34
-28
-37
-35
-31
-37
-36
-37
-33
-20
-18
-19
-3
-4
-8
-3
5
2
3
8
10
14
4
7
9
7
18
14
19
30
31
27
31
34
36
37
41
46
40
44
49
48
56
53
50
51
45
42
39
45
48
43
50
44
42
44
34
39
46
39
36
39
43
38
31
30
30
33
23
15
25
21
12
18
14
6
8
4
0
5
15
13
10
16
5
0
8
4
8
8
1
-3
-13
-18
-25
-27
-19
-22
-21
-15
-16
-23
-20
-13
-21
-28
-20
-23
-27
-22
-26
-24
-13
-19
-30
-36
-38
-42
-46
-47
-48
-51
-54
-61
-60
-52
-49
-35
-33
-30
-28
-25
-15
-22
-19
-12
-10
-12
-21
-5
-8
-7
2
-13
-6
-9
-20
-24
-18
-7
-9
1
11
5
-4
7
18
4
17
28
27
24
19
29
31
29
30
28
35
25
24
34
28
29
28
16
12
15
21
25
34
37
45
45
40
37
29
42
49
39
42
49
41
38
38
31
28
20
22
10
-9
6
5
0
-1
0
1
-9
-9
-8
-4
3
-2
-6
2
-2
-14
-6
-4
-6
-6
-6
-8
-13
-15
-19
-25
-22
-31
-37
-33
-31
-25
-25
-14
-15
-24
-15
-24
-38
-27
-20
-23
-24
-28
-29
-24
-40
-45
-28
-38
-38
-39
-45
-34
-48
-50
-37
-39
-38
-31
-30
-25
-17
-18
-15
-15
-16
-12
-17
-14
-2
-4
-10
-5
0
-10
-13
-5
0
0
-1
7
3
9
17
17
24
20
24
29
30
22
19
27
27
23
16
16
19
19
20
19
21
23
27
26
21
26
30
32
34
34
38
38
39
46
46
37
34
37
33
25
20
22
13
11
15
0
4
14
8
18
12
5
14
7
6
14
5
2
15
16
-1
-4
5
-6
-6
-7
-16
-6
-11
-22
-20
-17
-27
-25
-13
-21
-20
-12
-9
-7
-6
-12
-13
-6
-11
-11
-10
-12
-8
-13
-15
-16
-17
-20
-23
-22
-32
-31
-35
-43
-36
-36
-34
-26
-28
-26
-21
-27
-24
-20
-15
-17
-18
-14
-18
-18
-15
-12
-9
-11
-10
-8
-7
-10
-20
-15
-10
-17
-13
-9
-4
8
6
8
17
15
22
21
23
24
18
30
30
27
27
19
23
26
21
16
13
18
12
7
6
10
21
25
23
26
31
33
28
33
39
27
24
22
17
18
18
16
19
27
13
1
5
6
0
-5
2
-1
-6
0
0
-2
7
9
4
1
5
8
-4
-7
-5
-14
-14
-16
-21
-10
-7
-12
-11
-20
-23
-14
-19
-24
-10
-11
-11
-1
-3
-2
-10
-6
0
-6
-1
1
2
-4
-6
-14
-24
-16
-13
-7
-6
-7
-6
-5
-1
-13
-11
0
-9
-6
-5
-7
2
-1
-3
0
-1
-1
-7
4
1
-7
3
-8
-13
-11
-12
-2
4
5
14
21
21
19
15
11
16
20
10
9
14
17
17
18
12
16
26
12
13
10
-4
10
9
0
6
11
8
7
9
15
19
12
8
4
-3
-14
-7
3
1
-2
-2
0
-6
-6
-2
-7
-4
-12
-21
-21
-23
-18
-10
-15
-11
-10
-10
-6
-8
-11
-13
-16
-29
-29
-23
-29
-17
-6
-13
-13
-20
-24
-11
-22
-35
-27
-26
-30
-28
-31
-22
-16
-18
-3
-9
-12
3
-4
-8
-4
-16
-14
-6
3
8
1
9
11
6
4
-8
-5
-7
-7
-8
-13
0
1
4
12
4
8
16
17
19
15
9
10
8
3
9
16
16
20
25
18
13
18
6
2
9
3
1
10
22
24
24
30
24
30
30
25
30
23
22
21
8
15
20
11
14
29
21
7
20
21
6
0
-6
