9
12
16
10
11
13
14
19
12
6
4
2
14
13
15
8
-1
10
18
18
6
11
7
-6
7
2
-6
-3
-4
-3
3
3
-6
-4
-1
-1
5
2
-2
-4
-5
5
3
-3
-3
-3
-4
-5
-14
-14
-3
-3
-3
1
-6
-11
-5
-3
-14
-17
-6
-4
-8
-12
-7
1
-1
-8
-10
-1
-5
-8
-8
-17
-13
-5
-4
-5
-5
-4
-3
-2
-4
-12
-9
-1
-5
-6
-8
-11
1
5
-6
-14
-10
-6
-8
-1
2
0
-12
-17
1
7
5
7
4
0
-1
7
-1
-5
4
-8
-8
3
2
6
2
0
12
9
10
13
10
14
13
9
-3
0
17
11
14
14
3
5
-7
0
10
6
17
14
4
13
13
18
23
21
18
10
21
18
8
17
4
1
6
6
6
0
6
2
0
12
7
-4
-3
-1
-3
1
2
-2
1
-2
-8
10
6
-8
2
-2
-11
-12
-15
-14
-11
-15
-13
-11
-11
-4
-7
-9
-5
-7
-13
-13
-6
-1
-9
-15
-15
-13
-11
-15
-14
-5
0
-8
-9
-8
-12
-12
-6
-12
-18
-9
-8
-13
-12
-13
-2
1
-4
-9
-14
-5
0
-3
-3
-2
-1
-6
0
7
-2
-8
-2
6
3
0
9
17
19
18
9
5
11
10
7
15
14
8
10
15
17
5
-1
7
1
-4
12
9
7
15
11
11
14
10
4
5
9
4
3
6
4
9
11
0
-1
-4
-7
2
7
4
-4
-3
3
2
3
-1
-4
4
5
7
2
-2
-4
-8
-3
-6
-6
-1
2
9
-1
-11
-7
-3
-4
-9
-12
-9
-5
4
1
-6
-12
-7
3
-1
-3
-3
-13
-11
2
-4
-5
1
-3
-6
-11
-3
1
-8
-9
-5
-3
-6
-9
-10
1
5
-7
-2
-6
-7
-2
-4
2
3
-2
-1
3
-6
-10
-1
2
-2
-1
1
-8
-2
7
-4
-3
-5
-4
10
4
1
-4
-5
-4
-4
-1
-8
9
18
16
18
9
15
16
8
11
5
1
11
6
6
15
9
8
8
6
10
10
2
1
-2
-5
8
4
-1
1
0
1
5
3
-1
3
1
4
1
-4
-1
-9
-3
-1
1
5
0
2
1
-2
-7
-8
-4
-6
2
3
6
6
4
9
-8
-14
-2
-4
1
-4
-19
-14
-3
-5
-13
-6
-9
-18
-15
-19
-13
-17
-23
-17
-11
-3
-5
-7
-6
-10
-11
-4
-3
-6
-4
-4
-5
-6
-2
-4
-9
2
5
0
3
4
-4
2
7
6
11
3
4
-4
2
14
4
13
19
17
17
11
8
12
9
8
7
5
9
8
10
7
1
11
8
7
4
3
11
10
5
1
10
11
4
4
-2
-4
-1
2
7
7
-3
-7
-5
0
1
-5
-8
-6
-8
2
4
1
2
1
2
2
10
10
-3
-7
3
1
-8
-1
-5
-7
-3
-8
-8
-4
-4
1
0
-11
-12
-4
-2
-2
-1
-7
-11
-10
-2
-3
-21
-21
-14
-14
-12
-15
-20
-24
-19
-6
-11
-8
0
-8
-6
-9
-1
7
-2
-2
1
-2
-5
-2
0
-2
-5
3
4
4
7
5
8
7
14
12
4
1
0
11
9
6
19
19
8
9
7
7
11
7
7
5
8
13
10
11
12
16
18
10
4
2
11
8
9
11
10
10
-1
2
3
4
13
9
11
11
7
14
16
4
-2
-4
-2
8
8
2
3
4
3
-3
6
6
-2
2
-1
4
6
7
-2
-1
5
-2
3
4
2
3
-2
-6
-4
-8
-15
-6
-5
-11
-8
-9
-2
6
-3
-5
-5
-17
-14
-9
-19
-9
1
-1
2
5
0
5
3
-9
-6
-6
-8
-7
-12
-13
-3
-2
1
3
-8
-5
-2
-8
-9
-9
-3
3
-3
-1
3
4
6
9
12
5
8
17
8
5
8
11
13
4
4
4
3
4
2
-3
1
8
3
3
6
-5
-2
4
1
5
5
5
-4
-11
0
-4
-7
-6
2
10
12
2
-4
-5
-13
-4
0
9
10
-1
8
7
0
7
4
0
-4
-7
-1
-9
-8
2
6
5
-1
3
8
5
0
-2
3
4
4
-4
-10
0
0
-3
-1
-1
-4
-3
-2
-1
3
5
4
2
3
3
2
8
6
-5
-6
-4
-9
-6
-17
-19
-2
-12
-16
-23
-24
-17
-15
-2
3
-4
1
5
0
2
-1
-7
-11
-5
-1
-4
3
4
7
12
8
11
10
13
19
15
17
18
5
15
14
7
12
4
8
10
12
9
2
9
3
3
12
7
6
7
-2
1
4
2
15
10
2
14
7
4
13
3
7
7
-1
-2
-8
-7
0
-2
-4
2
-5
-6
1
-3
-9
-12
-2
-6
-5
-4
-15
-9
-1
-3
-11
-4
4
-6
5
6
0
0
-14
-9
-6
-15
-10
-13
-15
-15
-11
-15
-17
-3
-7
-6
1
3
-6
-8
1
2
5
6
10
6
1
1
-1
0
-2
-3
-1
0
-1
-13
-19
-9
-13
-10
-6
-10
-1
-11
-20
-6
2
-6
-9
-2
-4
-7
-6
-6
-4
0
11
12
9
8
15
18
14
19
19
19
15
3
11
20
25
26
15
14
9
0
8
17
5
-2
10
8
-1
0
-8
-1
3
-7
4
8
-3
1
-1
-1
8
-2
3
9
-16
-21
-4
-2
-6
-1
-4
-7
1
-1
-5
-10
-14
-16
-22
-21
-14
-13
-11
-15
-16
-11
-17
-16
-12
-8
-1
-8
-1
4
-3
-3
-12
-7
10
-1
1
13
2
-6
0
-2
-11
-2
15
11
14
10
1
6
2
-7
-3
4
-6
1
13
4
-1
3
2
2
-2
1
-3
-9
6
12
15
10
-11
-5
1
-10
5
21
8
2
14
2
1
5
-2
11
23
17
0
-5
-6
2
7
-2
9
1
2
18
13
19
13
3
-1
-1
1
3
13
8
2
-4
-6
5
3
-5
-7
-11
-10
-13
-9
-7
-16
-9
-10
-22
-2
2
-10
9
13
-2
1
20
-3
-13
1
-12
-4
-11
-5
0
-16
1
-6
-16
-2
-9
-9
-5
-14
-18
-6
-2
-19
-5
-6
-18
4
-19
-18
3
-15
6
11
-26
-12
1
-23
-14
-8
-9
-13
-15
-2
-3
-3
6
13
1
14
15
-4
15
-1
2
17
10
7
13
18
-11
9
21
-16
6
23
-4
1
11
-9
-1
12
-16
1
22
-1
26
22
4
14
-1
11
-3
-6
17
-6
-1
0
-2
5
-20
5
4
-23
25
5
-14
15
-2
-2
-10
10
-5
0
23
-13
21
-15
-3
15
-41
9
-15
-24
29
-12
-8
15
-38
2
48
-39
1
23
-48
6
-2
-31
-2
-23
-2
3
-27
5
-21
-14
7
-28
-17
-2
12
-15
0
25
-13
-4
37
-4
-6
58
-57
-14
82
-71
34
60
-104
71
10
-80
102
-84
-42
84
-96
22
2
-41
10
-34
19
-41
16
1
-59
68
-16
-25
60
-36
-20
74
-23
-35
65
-21
-31
80
20
-44
48
41
-39
53
46
-67
62
26
-61
74
-17
-29
37
-18
6
-3
9
-19
-19
21
-45
7
15
-36
18
-8
-10
1
4
-7
-39
67
-56
8
97
-168
133
-17
-151
205
-163
2
130
-138
69
36
-43
11
50
-29
-41
95
-49
-48
91
-96
-35
95
-126
30
48
-155
87
-42
-89
108
-89
1
60
-115
91
-6
-72
144
-104
23
80
-112
74
18
-66
-20
52
-34
-98
176
-82
-109
248
-185
4
196
-194
95
85
-71
16
52
-6
-85
143
-62
-80
131
-124
-11
55
-52
-25
7
-23
-58
58
-20
-47
106
-87
-14
138
-167
97
58
-161
173
-8
-97
135
8
-98
109
44
-115
84
41
-87
57
34
-43
-6
79
-15
-37
112
-53
-26
82
-44
-7
11
42
-42
-31
163
-136
-6
189
-168
-53
253
-206
-117
355
-366
43
307
-338
141
147
-171
49
123
-86
-45
175
-69
-111
214
-96
-96
243
-210
4
164
-277
206
-68
-170
254
-298
69
119
-324
281
-50
-226
339
-178
-32
141
-60
-22
-81
238
-273
28
271
-419
233
104
-359
341
-98
-134
302
-320
226
-47
-233
400
-342
78
196
-245
147
23
-27
40
56
22
-83
104
-46
-149
255
-250
-14
244
-364
182
31
-194
93
75
-139
29
156
-274
211
31
-223
310
-100
-94
353
-267
36
311
-533
383
-28
-401
510
-375
-3
217
-221
48
149
-143
45
195
-232
207
-77
45
-6
-116
266
-397
242
80
-418
474
-331
-93
349
-570
376
-64
-387
599
-506
88
401
-581
462
37
-343
435
-46
-269
432
-157
-306
584
-545
100
331
-608
458
-127
-228
373
-284
69
130
-231
188
-57
-62
124
-107
125
-35
-43
210
-181
5
192
-268
78
74
-223
85
-55
-53
-17
49
11
-34
192
-152
186
16
-97
305
-252
126
148
-215
194
41
-232
203
-38
-266
360
-229
-188
398
-389
-58
386
-399
-28
374
-391
67
353
-324
176
90
-164
216
-154
66
137
-288
163
131
-328
251
90
-380
339
-141
-109
219
-185
195
-175
156
109
-313
384
-133
-64
191
-20
-19
-69
247
-331
125
167
-543
509
-234
-383
674
-569
19
472
-732
417
110
-607
725
-328
-360
823
-599
-28
661
-732
241
409
-637
503
26
-483
539
-276
-236
549
-519
31
545
-867
654
114
-913
1112
-685
-201
924
-1012
597
170
-813
932
-485
-337
813
-822
196
509
-827
606
-15
-601
714
-427
-139
550
-501
135
373
-524
443
27
-456
631
-458
102
376
-468
458
-257
-9
241
-394
375
-294
65
50
-73
163
-279
439
-572
282
180
-579
683
-395
33
122
-136
186
-248
251
-160
-120
350
-230
-61
361
-380
26
326
-332
88
111
-69
-24
122
16
-48
-3
59
-41
-79
323
-405
151
250
-627
548
-94
-400
505
-261
-150
392
-266
-66
280
-306
-14
330
-181
-220
613
-539
16
624
-915
669
-167
-491
719
-375
-68
327
-215
-195
351
-252
72
157
-286
278
-46
-157
318
-130
-320
533
-484
-7
727
-998
648
216
-969
1060
-578
-153
472
-588
628
-470
282
291
-915
1071
-576
-433
1349
-1392
522
761
-1424
1205
-329
-612
922
-900
407
301
-759
979
-479
-390
949
-1026
393
341
-794
775
-329
32
309
-470
272
-96
-309
483
-222
-111
555
-737
525
-100
-564
766
-736
219
418
-537
435
9
-482
361
-190
-165
347
-335
402
-213
106
366
-720
608
-300
-251
625
-413
187
185
-230
-18
127
-185
-108
149
-109
86
45
115
-60
-194
110
34
-351
400
77
-508
825
-451
4
447
-672
404
-225
185
-42
-61
409
-659
323
-45
-327
157
-62
-27
41
166
12
31
-94
93
-262
127
237
-255
174
227
-140
-307
766
-653
-226
868
-1128
655
75
-500
638
-734
255
150
-563
515
75
-520
691
-82
-372
695
-619
201
27
-242
589
-560
326
275
-739
423
318
-868
624
-16
-604
874
-573
171
149
-573
556
-471
214
406
-674
600
-17
-536
717
-446
-159
453
-602
416
-29
-226
353
-581
456
-37
-519
916
-594
-179
808
-733
231
339
-415
182
-29
201
-145
-64
405
-492
116
137
-326
348
-223
45
116
-353
517
-376
-143
769
-880
278
699
-938
561
115
-618
565
-289
-22
293
-274
169
-198
40
222
-589
499
-23
-739
1037
-530
-280
1009
-1086
464
415
-978
1188
-520
-409
1150
-1220
534
379
-1003
952
-571
-216
674
-727
382
-45
-385
548
-501
144
408
-565
230
304
-340
202
276
-467
292
83
-405
509
-193
-161
206
-256
149
-155
-6
118
-393
219
144
-314
389
-110
-238
286
-172
245
-152
151
37
-159
448
-320
333
-186
-242
377
-578
560
-56
-567
751
-703
30
410
-629
450
-204
-110
397
-75
62
-56
97
-164
-126
481
-289
-115
569
-629
153
426
-666
274
-49
-234
246
-48
82
-47
-128
-38
118
-81
70
200
-261
181
117
-79
-21
89
-33
-334
477
-36
-298
480
-354
-189
392
-298
-14
305
-303
24
310
-192
-83
187
-205
-244
523
-220
-140
609
-591
79
384
-558
323
82
-387
428
-94
-173
345
-319
-79
269
-233
31
298
-192
-88
244
-212
-147
223
-110
-128
286
-143
-71
342
-417
124
211
-406
340
-8
-120
172
-10
-68
-58
102
-244
91
206
-265
160
126
-338
145
107
-362
244
-25
-271
407
-154
-156
379
-323
-70
350
-243
80
170
-159
117
-14
-22
39
-97
-62
-50
145
-57
-50
179
-239
-90
177
-206
48
108
-240
249
51
-96
287
-132
-28
49
-12
204
-64
80
67
-184
46
13
-89
-39
-22
-62
26
86
-95
-26
2
-202
-15
234
-154
-26
294
-213
47
223
-140
100
-40
-13
149
-94
135
6
-157
100
-111
-14
114
-166
3
-5
-15
121
-119
110
13
-225
238
29
-133
225
-20
-42
129
-19
72
-28
-38
13
-84
58
-34
-31
34
-123
-29
33
-153
-1
8
-124
133
-110
15
126
-244
108
19
-145
137
-4
-63
124
-13
-79
126
-57
-109
61
30
-74
-30
115
-113
-72
67
-86
-49
-4
-19
-29
6
-5
-6
-50
11
25
-51
96
9
-30
46
36
-31
-37
145
-81
-16
187
-82
12
71
-56
2
-6
-18
0
-57
-10
-12
-5
29
-68
26
9
-9
54
32
46
-3
44
103
53
23
113
-15
-14
151
-32
47
118
-65
29
123
-47
18
129
-28
36
120
48
-47
60
60
-62
167
30
4
120
-89
80
44
-14
103
-5
62
14
-42
66
-78
-43
44
-69
30
-108
-79
7
-218
18
-56
-200
22
-181
-128
35
-213
-91
-27
-221
-22
-52
-82
-13
-192
-4
-49
-167
122
-46
-122
78
-126
-6
58
-150
47
-132
-111
32
-150
53
-113
-177
18
-151
-48
83
-94
-113
-51
-141
-7
-15
-124
47
-141
-137
118
-88
-48
66
-95
58
145
65
147
124
80
153
239
228
223
259
214
283
294
290
287
161
223
265
305
310
258
197
52
127
187
169
191
143
85
147
168
99
184
125
34
241
298
187
259
217
55
185
294
189
226
127
-32
-2
64
-31
-177
-228
-562
-595
-521
-668
-609
-878
-979
-976
-1160
-939
-984
-1096
-999
-1040
-909
-776
-742
-678
-602
-550
-352
-145
-66
5
93
229
325
487
520
576
570
556
767
715
716
694
591
583
598
640
564
498
297
253
310
146
202
157
-10
4
11
43
-35
-110
-160
-99
81
141
316
311
99
265
416
416
639
683
629
804
903
1064
1182
1013
1010
1069
1150
1313
1339
1258
1102
891
769
723
144
-379
-479
-765
-653
-463
-1059
-1791
-2443
-2831
-2469
-2123
-2043
-2244
-2743
-3081
-2945
-2309
-1951
-1834
-1621
-1558
-1219
-486
-94
70
222
244
802
1461
1754
1930
1710
1537
1730
2166
2553
2577
2192
1680
1495
1362
1372
1390
865
309
-120
-405
-512
-977
-1310
-1586
-2063
-1842
-1595
-1909
-2097
-2314
-2501
-2171
-1532
-1138
-1054
-979
-1010
-791
-147
361
626
876
1062
1178
1551
1804
1778
1695
1654
1823
1867
1880
1642
1151
883
751
918
999
694
336
-11
-233
-319
-127
-20
-268
-163
17
-12
89
206
282
425
955
1332
1377
1595
1464
1280
1510
1366
712
439
410
300
646
695
-266
-1419
-2153
-2197
-1656
-1103
-1221
-2139
-3142
-3622
-3237
-2305
-1747
-1810
-2077
-2276
-2050
-1306
-658
-339
-269
-185
371
936
1237
1437
1272
1289
1814
2402
2922
2863
2144
1712
1545
1579
2108
2032
1374
595
-368
-615
-704
-844
-913
-1578
-2013
-2295
-2606
-2540
-2719
-2955
-2802
-2545
-2275
-2057
-1979
-2010
-1895
-1264
-508
-6
359
430
353
689
1300
1732
2104
2150
1920
1883
1922
2115
2117
1983
1918
1641
1593
1504
1262
1133
834
656
686
577
556
599
441
504
515
589
872
1006
1172
1168
1190
1303
1446
1598
1508
770
-343
-671
-419
75
662
160
-1593
-3189
-3626
-2946
-1731
-1134
-1906
-3536
-4736
-4580
-3353
-1945
-1442
-2019
-2650
-2770
-2024
-742
41
262
123
156
867
1546
1881
1973
1789
1919
2560
3288
3611
3119
2320
1914
1906
2286
2639
2307
1317
230
-411
-753
-920
-847
-1215
-1895
-2239
-2790
-3404
-3445
-3357
-3280
-2819
-2438
-2693
-2948
-2777
-2442
-1790
-737
-78
-10
61
144
557
1311
2028
2449
2452
2437
2357
2373
2651
2760
2627
2593
2498
2199
1972
1736
1590
1415
1250
1172
853
495
381
527
571
513
511
411
441
676
961
1066
1009
1036
1072
1098
485
-592
-920
-742
-187
647
332
-1435
-3160
-3718
-2913
-1428
-658
-1365
-3211
-4774
-4710
-3205
-1507
-886
-1584
-2734
-3273
-2589
-1053
199
550
114
-347
-91
521
1240
1855
1924
1923
2239
2653
3023
2954
2494
2314
2274
2513
3037
2804
1954
1064
179
-201
54
246
-109
-830
-1685
-2773
-3215
-2751
-2546
-2491
-2562
-3211
-3814
-3808
-3258
-2541
-2014
-1752
-1787
-1834
-1537
-951
-222
495
889
939
1083
1244
1403
1817
2244
2482
2495
2444
2410
2294
2181
2331
2605
2506
2199
1987
1543
1179
1413
1755
1875
1718
1315
983
877
1157
1589
1730
1657
1361
969
937
358
-798
-1105
-904
-577
-42
-227
-1862
-3869
-4419
-3418
-2005
-1090
-1609
-3612
-5439
-5515
-3744
-1585
-583
-1197
-2782
-3775
-3148
-1230
767
1568
920
-129
-441
168
1330
2459
2881
2567
2199
2270
2673
2962
2978
2953
2675
2406
2546
2503
2004
1372
836
347
24
-65
-346
-909
-1444
-2061
-2708
-2838
-2759
-2843
-2796
-2946
-3485
-3763
-3519
-3012
-2469
-1956
-1725
-1953
-1876
-1317
-621
288
834
890
774
792
1273
1806
2355
2665
2494
2298
2330
2564
2705
2870
2906
2697
2468
2198
2079
1926
1809
1920
1943
1788
1542
1253
1090
1208
1389
1516
1438
1161
864
644
695
144
-895
-1197
-1152
-1000
-492
-612
-2065
-3652
-4026
-3277
-2182
-1471
-1898
-3597
-5131
-5003
-3478
-1749
-984
-1617
-2914
-3700
-2974
-1087
599
1158
413
-564
-733
-37
1312
2502
2763
2243
1714
1805
2358
2942
3253
3136
2599
2117
2206
2452
2302
1944
1366
608
315
269
130
-97
-789
-1756
-2325
-2341
-2300
-2261
-2239
-2839
-3643
-3712
-3265
-2845
-2460
-2225
-2468
-2684
-2282
-1514
-790
-368
-213
-182
-68
396
1057
1571
1791
1790
1843
2079
2339
2554
2689
2662
2625
2655
2662
2649
2457
2091
1991
2040
1933
1929
1839
1437
1144
1129
1299
1440
1247
911
638
524
672
832
638
-256
-1261
-1408
-1003
-595
-358
-872
-2329
-3535
-3367
-2348
-1540
-1308
-1964
-3382
-4307
-3786
-2386
-1282
-1041
-1533
-2382
-2787
-1970
-561
387
636
215
-320
-221
487
1439
2093
2048
1731
1574
1793
2314
2616
2540
2219
1857
1751
1939
2075
1789
1074
388
2
-138
48
89
-514
-1539
-2375
-2552
-2381
-2088
-1924
-2444
-3318
-3763
-3522
-2968
-2441
-2144
-2205
-2427
-2348
-1703
-984
-595
-365
-105
79
449
1164
1602
1742
1886
2111
2447
2772
3082
3185
2965
2865
2989
3007
2991
2805
2357
2011
1935
2007
1954
1700
1246
706
497
671
769
630
355
-101
-525
-551
-264
-62
-126
-348
-809
-1499
-1710
-1279
-837
-557
-566
-1201
-2144
-2475
-1924
-1165
-679
-644
-1329
-2241
-2433
-1793
-881
-338
-423
-924
-1479
-1530
-831
17
462
544
288
9
97
480
990
1298
1338
1252
1139
1209
1324
1375
1437
1342
1163
1089
1021
839
579
311
-15
-280
-414
-544
-693
-965
-1410
-1826
-1989
-2036
-2055
-1911
-2005
-2417
-2564
-2469
-2273
-1932
-1603
-1411
-1541
-1560
-1208
-853
-356
192
518
661
759
930
1168
1484
1826
2078
2160
2227
2190
2136
2243
2238
2234
2206
2042
1850
1605
1468
1399
1239
1072
877
650
412
287
261
99
-102
-267
-451
-581
-662
-685
-689
-747
-746
-664
-609
-519
-388
-293
-249
-365
-446
-365
-282
16
374
407
192
-72
-198
-106
198
475
456
106
-238
-379
-373
-80
165
112
-62
-224
-280
-248
-78
35
-32
-129
-166
-159
-75
-1
-66
-96
-130
-118
39
70
-123
-321
-510
-678
-618
-552
-665
-865
-1100
-1225
-1234
-1156
-1092
-1190
-1288
-1307
-1304
-1197
-1083
-1093
-1081
-985
-824
-662
-530
-370
-247
-98
152
443
629
694
790
872
969
1182
1428
1496
1414
1364
1300
1314
1391
1401
1389
1214
1029
995
940
879
773
598
431
251
161
210
104
-131
-251
-420
-559
-464
-341
-372
-500
-612
-665
-615
-442
-246
-176
-206
-227
-136
34
192
366
452
471
553
664
791
912
998
1065
1063
977
921
863
830
894
925
832
640
423
244
157
153
135
-10
-249
-496
-652
-706
-743
-777
-838
-968
-1092
-1128
-1151
-1169
-1137
-1143
-1159
-1151
-1192
-1190
-1126
-1099
-1009
-894
-823
-794
-786
-760
-739
-678
-612
-548
-462
-436
-394
-294
-265
-241
-88
73
150
190
263
243
187
334
487
534
553
553
511
461
566
657
670
642
522
487
467
423
477
443
280
167
138
118
78
79
32
-107
-166
-164
-201
-197
-158
-156
-136
-110
-97
-40
4
58
197
274
307
389
421
434
506
632
720
751
798
837
818
806
861
889
857
845
836
764
689
633
573
537
518
488
404
267
142
85
51
33
-2
-88
-168
-209
-266
-347
-379
-460
-512
-446
-432
-492
-565
-624
-657
-585
-505
-493
-518
-642
-687
-645
-618
-534
-535
-612
-695
-768
-697
-591
-540
-525
-589
-655
-631
-504
-363
-286
-288
-360
-371
-283
-157
-63
-59
-108
-166
-132
7
119
155
147
130
126
153
230
255
150
56
38
47
70
99
86
-54
-172
-184
-173
-112
-89
-181
-271
-293
-288
-157
-14
-36
-92
-117
-86
22
228
378
384
381
379
452
599
685
737
759
731
754
818
835
803
700
635
660
638
644
656
526
353
291
274
202
203
231
153
28
-42
-114
-187
-178
-145
-134
-184
-262
-282
-314
-302
-193
-187
-215
-201
-220
-188
-135
-60
-37
-82
-32
-25
-28
88
159
142
155
162
86
45
72
79
30
15
53
-13
-79
-106
-171
-213
-248
-263
-287
-361
-441
-482
-487
-457
-375
-343
-383
-474
-515
-466
-410
-300
-244
-303
-404
-452
-373
-271
-164
-106
-139
-206
-253
-231
-173
-109
-40
-33
-80
-112
-128
-98
-30
51
99
107
128
102
78
124
150
177
278
334
359
377
345
348
370
455
557
530
460
402
356
361
382
407
393
325
306
307
300
253
146
101
82
37
80
63
-84
-158
-186
-183
-122
-104
-135
-225
-312
-291
-205
-152
-150
-168
-238
-287
-202
-97
-37
-3
0
-6
-15
54
152
198
234
257
255
241
255
276
272
273
258
216
214
226
187
154
110
42
15
-17
-60
-102
-187
-252
-257
-266
-266
-252
-270
-333
-371
-329
-330
-306
-201
-200
-242
-255
-260
-251
-201
-115
-112
-138
-147
-167
-142
-59
-7
9
14
-20
-7
41
85
124
132
101
47
48
71
76
88
109
88
57
84
85
92
105
77
54
33
28
32
9
8
23
9
6
18
22
-1
-55
-72
-72
-78
-49
-29
-50
-92
-126
-146
-158
-135
-97
-84
-95
-110
-122
-132
-114
-69
-69
-68
-30
3
48
113
160
180
191
201
248
262
229
251
253
198
213
217
153
117
102
82
71
44
13
-26
-89
-100
-125
-159
-160
-189
-185
-164
-154
-130
-109
-94
-82
-87
-59
-13
-6
19
71
100
114
138
136
121
123
152
155
123
130
109
83
121
121
96
80
37
26
46
75
98
52
13
11
-13
-24
-20
-20
-12
9
33
46
4
-48
-43
-37
-25
-7
-2
-14
-16
0
-10
-58
-105
-95
-74
-64
-29
-48
-114
-172
-205
-205
-208
-191
-176
-212
-227
-223
-227
-204
-168
-147
-136
-117
-97
-90
-60
13
42
49
112
137
118
137
166
180
159
164
205
166
142
183
142
72
64
47
-6
-69
-95
-121
-155
-117
-103
-141
-173
-237
-260
-217
-159
-117
-99
-93
-100
-96
-36
48
76
95
128
128
149
192
227
235
207
207
232
261
292
285
251
190
128
128
163
177
159
117
54
6
-6
14
23
0
-18
-29
-51
-37
8
-3
-23
-26
-60
-50
-10
16
27
30
14
-23
-28
0
-8
-22
-34
-74
-86
-113
-147
-158
-206
-232
-222
-240
-257
-265
-291
-299
-292
-275
-246
-214
-175
-153
-140
-102
-38
27
94
132
137
137
147
170
184
186
164
143
146
145
162
186
156
124
94
27
-10
-14
-36
-77
-106
-111
-142
-158
-155
-178
-197
-212
-213
-212
-233
-232
-216
-192
-140
-88
-38
-95
-238
-250
-219
-177
-11
158
219
245
274
232
179
167
209
299
374
435
438
406
350
284
228
183
142
108
132
156
165
137
61
-45
-148
-147
-110
-56
18
68
72
36
24
22
-2
-20
-3
24
35
61
97
101
52
-1
-34
-90
-112
-108
-135
-143
-150
-155
-157
-140
-103
-134
-154
-196
-281
-284
-237
-168
-81
26
112
114
110
102
71
56
73
107
110
122
158
143
84
18
-25
-89
-94
-10
6
-4
-29
-94
-181
-254
-279
-300
-253
-173
-120
-75
-66
-94
-137
-167
-172
-156
-115
-54
8
66
76
71
78
58
71
108
118
119
153
202
230
247
221
165
133
141
192
222
209
192
145
70
50
63
48
18
11
7
-7
29
84
72
10
-27
-53
-65
-17
36
64
128
153
108
70
-46
-168
-168
-115
-41
61
103
38
-29
-95
-147
-139
-148
-140
-90
-43
-4
38
39
-49
-130
-169
-200
-134
-17
60
105
79
42
7
-60
-97
-86
-79
-31
98
167
174
162
104
15
-84
-99
-64
14
111
158
160
99
35
-53
-116
-134
-200
-226
-152
-96
-82
-14
-21
-157
-244
-286
-328
-300
-209
-99
-41
-33
19
33
-18
-28
-12
-37
-62
54
162
180
264
267
163
77
-23
-93
-63
60
206
336
332
187
82
-15
-106
-72
-6
24
87
154
185
204
144
51
-32
-108
-50
29
125
228
183
119
50
-43
-83
-63
-74
-94
0
103
121
97
50
-36
-144
-152
-70
-41
8
78
150
85
-17
5
-101
-77
26
46
82
43
85
44
-32
62
26
-62
-15
-10
-44
-11
40
17
-61
-20
-40
-141
-45
-14
-75
-103
-90
-76
-129
-82
-11
-83
-83
-26
-70
-14
4
-13
31
33
-17
-48
-5
-57
-115
-21
-11
-64
67
67
-66
-4
-35
-160
-14
-18
-77
73
31
9
70
58
-2
-82
-19
-7
-37
57
93
43
21
35
4
9
-24
80
61
-43
83
-2
-11
-20
26
105
-87
106
160
-79
86
58
-52
-49
55
110
-125
148
77
-190
105
-67
-128
15
-43
-29
19
34
-62
53
12
-175
33
-48
-116
180
74
49
146
-4
-128
-10
-18
-122
170
139
16
180
133
-9
45
22
-127
-65
24
-20
106
238
39
47
99
-201
-185
87
-158
-44
243
66
86
-1
-30
-146
-266
8
-122
-27
129
-85
69
-67
-100
-175
-234
-66
-216
65
76
-24
184
-77
-40
45
-173
44
80
92
191
253
257
-110
46
8
-229
137
157
51
174
104
-74
-9
-60
-202
-86
-55
-64
84
130
-53
-147
-208
-369
-249
-27
-97
146
185
-91
46
-100
-301
-163
-37
-144
140
237
117
228
-73
-86
-153
-148
-24
67
347
186
244
334
-75
-118
-141
-241
-72
54
302
211
185
105
-211
-190
-312
-224
-166
-9
149
155
273
-11
-65
-267
-349
-133
-149
187
254
233
254
20
-26
-225
-211
-110
-127
217
188
263
257
-47
26
-250
-230
-118
-150
113
111
294
87
-29
38
-320
-99
-51
-58
161
178
259
224
218
91
-42
50
-193
29
312
45
398
244
-24
44
-102
-114
-89
4
-78
166
94
-52
93
-131
-308
-166
-235
-274
-44
-145
-42
-51
-101
-146
-188
-179
-322
-30
-1
-13
102
-22
3
-43
-132
6
2
-111
81
151
80
72
208
-13
-65
105
-114
65
91
-11
68
92
-21
18
111
-88
-72
58
-34
9
134
-29
91
-17
-61
57
-135
-1
-36
25
143
4
74
55
-132
-97
-57
-71
-106
-20
39
40
118
18
83
-43
-167
19
13
73
218
130
195
48
-12
127
-90
8
116
22
126
273
-20
158
81
-284
101
7
-72
94
196
18
55
108
-124
-124
-69
-128
-65
134
-65
18
17
-52
-213
8
-66
-326
148
-139
-79
66
-42
-149
-71
-104
-185
124
-7
-3
66
-40
-127
3
-59
48
-28
95
128
-131
200
-118
-27
12
-72
44
1
96
-92
97
20
-169
57
-93
-161
117
-7
53
125
-46
11
-65
-52
-94
-30
51
-25
144
83
75
-34
-64
-77
-228
54
-44
-48
268
-38
-39
192
-337
-97
12
-222
39
104
196
-91
296
62
-286
257
-254
-78
201
-30
290
237
126
118
-96
1
-119
-32
176
-15
270
70
74
134
-128
14
-182
-91
-7
13
175
37
95
-103
-214
-73
-438
-22
-39
-225
389
-77
68
45
-196
-16
-277
107
-73
33
295
-85
244
51
-185
165
-245
8
132
-181
338
-20
77
160
-198
23
-237
24
-4
-23
222
-85
38
-82
-81
-1
-129
17
-131
26
128
-191
234
-32
-283
105
-187
1
8
49
42
-115
104
-36
-37
45
-76
-13
101
-68
136
16
29
25
-93
326
-254
41
157
-243
206
-48
89
42
-81
132
-26
150
25
-29
148
-119
106
171
73
79
-16
94
-55
6
133
40
-76
63
-84
-14
29
-252
117
-147
-134
37
-21
-11
-168
41
-101
-82
9
-102
-30
16
-148
91
126
-250
194
-15
-121
160
-8
123
-58
80
-13
-99
192
-238
78
147
-339
188
55
-115
54
-110
64
-198
-13
82
-188
74
-162
-25
64
-150
91
-93
-58
-32
-78
129
-91
26
106
-70
73
-28
9
25
-205
194
-36
-70
174
-168
142
-65
-71
90
-102
10
-14
144
97
10
146
-122
-14
38
-154
291
27
45
333
-68
41
55
-87
-79
-55
121
-4
171
158
-20
108
-125
-38
-68
1
-15
26
232
-12
42
55
-130
-244
47
-154
-94
160
-121
125
-58
-77
-81
-209
-47
-163
100
101
-12
226
-30
35
-47
-153
125
-179
205
145
54
299
-93
167
-35
-143
51
-58
-66
107
76
-39
54
-78
-38
-98
-23
-87
-17
3
-120
128
-69
-49
5
-143
-15
-84
-108
99
-60
-2
108
-97
66
-113
-57
13
-82
38
-13
86
-67
60
86
4
-109
55
-74
-115
146
-71
161
-153
136
-29
-135
207
-275
98
24
-79
143
51
68
-53
18
49
-117
85
79
-28
161
31
42
132
-103
32
42
-82
121
19
80
104
-136
10
18
-192
-14
3
-37
-57
75
105
-121
41
-127
-80
-57
-8
4
84
61
-69
208
-101
-23
-26
-50
-36
-11
143
23
151
-47
56
-2
-176
107
-5
2
161
-51
98
78
-145
12
-115
-33
-172
104
158
-186
173
-78
-141
-68
-178
0
-135
-56
223
-91
98
45
-222
119
-221
28
46
-88
157
-110
230
-45
-138
167
-330
56
81
-129
333
-75
33
109
-190
94
-254
122
68
-163
399
-111
50
105
-131
75
-120
46
-2
-11
169
-53
129
-8
-192
121
-209
-23
182
-108
191
21
-28
83
-143
79
-171
-30
47
-130
194
-85
79
-44
-159
125
-139
2
154
-163
112
108
-120
207
-61
37
59
66
82
-12
209
-87
105
162
-141
141
68
-216
138
-1
-100
95
-5
-24
-59
131
-174
-14
79
-325
77
-24
-155
129
77
-94
65
-48
-120
-13
-110
99
-129
66
69
-131
120
-121
-44
-70
-51
-6
-79
198
-110
32
148
-225
57
-67
-100
30
114
8
8
274
-304
51
155
-393
192
-72
-80
184
-88
188
-35
-107
83
-162
-46
117
-51
146
46
-23
113
-186
108
-72
-57
160
-135
233
-68
76
86
-228
163
-172
-12
118
-100
161
-21
-49
118
-222
55
-40
-96
183
-86
148
-28
43
49
-100
104
-115
20
50
-88
172
-18
-98
225
-169
-55
103
-97
44
1
98
-59
-20
63
-120
64
-30
-50
75
-71
39
70
-51
-4
-54
-70
10
-75
18
39
1
46
19
106
-125
-34
97
-215
122
40
-92
267
-118
40
87
-174
17
-81
18
-8
24
96
-69
42
-138
-127
42
-194
32
124
-64
74
24
-11
-6
-161
36
-38
-104
144
111
-33
-14
110
-202
-69
107
-166
99
109
-38
174
-31
12
-22
-122
114
-119
132
74
3
186
-105
152
-51
-31
83
-58
156
-91
110
172
-227
154
87
-308
229
-16
-98
167
-110
106
-96
-21
36
-186
75
-143
37
73
-130
199
-140
-72
108
-199
27
16
-156
96
-35
-20
200
-115
137
-8
-111
221
-170
146
34
-112
155
-126
133
-67
-64
65
-134
132
-30
54
22
-114
30
-129
63
-52
-63
66
-96
32
9
42
-73
-99
54
-78
-61
49
-7
-161
72
32
-82
118
-144
92
-74
-20
153
-194
178
-167
54
143
-163
250
-136
-40
123
-178
105
47
-105
62
34
29
-2
-55
-4
-39
-60
102
-6
10
44
-78
148
-119
64
121
-135
208
-44
164
-13
-122
186
-303
84
77
-89
178
-55
66
-35
-36
57
-170
66
48
-81
74
43
-26
-124
101
-104
-34
145
-134
152
11
-56
17
4
-116
22
111
-16
102
-27
168
-166
-14
89
-251
131
-13
98
84
32
69
-195
82
-88
-130
183
-72
15
92
-23
-39
-124
-34
-108
25
17
64
105
-138
89
-78
-91
13
-133
78
2
47
140
-18
-24
-96
-76
-47
-31
-48
144
-12
-58
257
-140
-27
71
-151
8
56
25
-31
122
-68
-124
146
-131
-4
50
-63
84
7
17
53
-15
-118
120
7
-143
246
-80
-107
266
-123
20
163
-193
-4
61
-124
70
59
-82
118
-25
6
75
-161
14
-67
-72
84
-12
100
-76
55
21
-160
232
-180
11
221
-212
237
36
-109
104
-99
-16
-8
-14
35
14
-9
108
-37
-35
94
-165
55
21
-16
119
-15
93
-102
-3
33
-130
103
-115
-9
40
-88
95
-103
-10
-14
-89
59
-14
-28
-11
50
-19
-39
91
-65
2
-12
-54
33
-68
55
-7
25
50
30
-19
-6
13
-136
109
-12
-52
90
-11
13
-38
86
-45
-94
147
-86
61
108
-61
111
-56
-14
-14
-42
60
-28
93
63
-8
-8
-9
-97
-112
49
-59
61
31
-17
138
-119
32
8
-169
56
-88
52
60
-54
48
-101
-43
-77
-32
36
-56
36
104
5
41
124
-85
34
19
-34
129
-2
77
49
37
49
-31
32
-55
-49
-30
18
29
-46
31
25
-52
26
34
-53
-74
-15
-7
-50
64
19
-25
23
-51
-75
2
-53
-63
37
18
61
2
101
-16
-177
145
-161
-59
211
-157
115
80
-59
63
-69
-2
-83
-2
91
-68
79
55
-77
41
-18
-43
-32
-66
60
-19
29
96
-92
12
-10
-116
57
2
-25
92
23
4
37
-1
-50
-19
-45
-4
5
-62
62
-19
-8
77
-69
-24
11
-56
30
62
28
11
38
44
-55
21
7
-73
17
1
3
31
-2
21
-19
-16
20
-14
32
12
80
69
11
77
-60
-54
7
-61
-11
68
-5
15
75
-36
-34
-16
-89
-68
33
-39
17
113
-59
38
43
-99
-17
-2
-25
-26
67
30
-17
62
-41
-13
0
-64
35
-3
4
76
-48
-16
43
-99
20
39
-43
4
13
44
-52
77
-11
-77
87
-72
46
54
-60
17
-11
-9
-24
19
-3
-76
24
-27
-63
17
-64
-3
30
11
60
8
-28
-49
-22
-26
19
29
-9
28
20
8
-27
-15
-69
-32
46
-2
61
38
51
11
-13
67
-70
-9
79
-36
49
92
-51
-27
26
-79
-15
78
-24
3
74
1
-70
22
-33
-139
46
1
-27
69
14
19
-26
-4
-11
-88
3
6
-31
48
42
5
19
22
14
2
-3
21
-36
-17
47
-28
15
47
-34
-4
47
-40
3
65
-37
36
50
-37
14
-12
-68
-7
18
-29
32
54
-11
17
24
-41
-23
-31
-40
29
-20
30
84
-20
6
-1
-82
-66
-32
-43
-18
45
13
3
26
-39
-41
-5
12
19
7
78
17
2
50
-52
-33
-30
-35
4
0
19
1
-6
35
-27
7
59
-49
30
63
-7
11
14
-23
-64
25
-8
-32
38
-48
11
17
-34
35
-48
-12
2
-49
55
-1
-42
13
-18
-21
24
6
-30
-14
-15
-34
-1
2
-41
30
32
9
79
23
-28
-12
-42
-1
10
-30
36
3
-14
56
14
-5
-10
15
-8
38
66
-15
59
-6
1
22
-39
39
-37
1
60
-35
27
-10
-70
-7
-27
2
8
-4
43
0
18
14
-36
21
-65
-10
48
-81
29
13
-28
26
-18
1
-5
-5
34
16
45
45
-15
39
13
-26
3
-26
-32
-11
9
-10
7
11
0
-1
-36
-20
-23
-21
9
32
34
22
16
-30
-33
0
-41
-12
36
-29
24
57
-36
2
-10
-61
-17
-5
14
32
31
5
22
-25
-43
-1
-70
14
26
10
53
-7
23
1
-26
-16
-39
12
-18
3
46
-2
42
17
11
3
-27
13
1
-16
16
23
-13
23
-17
2
26
-47
39
-13
-20
31
-31
21
-28
-28
4
-37
-8
-11
10
6
3
41
-8
-13
-9
-28
0
13
19
29
35
-6
25
7
-55
20
-32
-19
37
-30
23
4
-49
4
-2
-26
17
19
8
38
8
14
5
-32
-31
-32
7
-8
-9
22
-25
-16
7
-28
-9
-14
-13
9
-17
28
22
-8
15
12
-20
0
21
-23
6
12
-5
14
3
-21
-23
1
-28
-23
21
-26
1
44
-15
40
27
-47
0
-31
-28
30
8
38
54
10
33
0
-25
-3
-15
15
21
52
13
3
30
-76
-9
-14
-51
5
4
40
19
50
5
-38
-9
-49
-16
23
13
24
33
23
13
-20
-8
-32
-49
29
19
11
56
11
-5
26
0
-20
-6
5
-2
32
52
-9
-16
4
-40
-8
12
-20
10
13
16
30
-11
0
2
-41
-4
6
-12
9
7
15
2
4
-6
-43
-2
-34
-16
18
-16
10
-6
5
-8
-19
10
-18
-7
14
14
12
5
17
-6
3
21
-19
7
7
-5
18
3
-4
-32
-10
-11
-17
17
11
15
35
29
-1
-1
-27
-27
-15
-9
9
1
24
-21
-7
32
-44
-15
-6
-45
16
12
2
25
4
-10
-19
3
-12
-24
8
-15
-3
22
-2
22
-1
-15
23
-15
-1
20
-10
8
11
7
14
-24
-15
-10
-8
15
-23
16
10
-17
12
5
-4
2
8
-12
10
11
13
26
-12
-14
-21
-23
-26
-24
18
-16
3
31
-15
4
-5
-20
-10
11
-19
1
31
-30
17
-4
-31
12
-26
-25
-10
8
2
27
20
-14
40
-9
-7
34
-13
4
10
8
6
11
-8
-26
11
-17
10
30
10
34
3
18
-2
-10
3
-30
-6
-2
14
0
-1
1
-38
4
-15
-39
21
-4
-14
35
7
8
17
-10
12
-5
0
18
-16
23
18
-18
24
1
-23
9
9
7
-5
15
9
-2
9
-21
3
1
-8
5
-13
10
19
5
6
5
-12
-14
-8
-24
2
14
0
9
6
1
-14
-18
-7
-9
-9
-4
21
3
4
14
-19
1
-15
-7
5
-9
8
-9
14
-22
-19
13
-40
4
31
-16
5
21
-19
4
5
-26
7
9
-3
13
29
9
10
16
-13
0
-3
1
4
-6
-3
-3
6
-28
-7
3
-24
15
-18
-9
19
-26
16
9
-19
26
-3
3
13
2
16
-5
12
6
-10
5
-16
-18
-11
-14
-6
8
12
14
10
22
12
-9
9
-7
1
2
12
27
-2
26
-8
-18
-4
-26
13
-5
-1
22
18
13
-13
-16
-25
-26
-2
7
8
5
5
19
-12
-4
-2
-44
0
22
11
32
23
5
3
-18
-4
-13
-33
3
4
0
21
3
-18
-9
-5
-12
3
24
-5
14
36
6
21
0
-25
-8
-3
-6
8
-1
0
16
-3
9
-2
-10
1
-9
4
7
0
5
-10
-2
5
-13
-5
-9
9
8
1
17
1
-2
-13
-9
5
-3
16
10
-9
11
15
-8
-16
-4
-7
-6
18
-1
-3
30
5
3
14
-5
0
9
7
3
11
19
-12
-6
0
-14
-1
0
0
3
11
-4
-4
3
-17
0
-14
-2
8
-8
15
0
2
5
-12
-10
-5
8
3
-6
20
13
2
11
1
-9
-5
0
-4
6
-7
-3
-2
-4
8
-4
-3
-1
12
2
-4
15
-4
-3
0
8
-10
-9
9
-17
5
-15
6
13
-20
32
-4
0
22
-14
5
-3
-1
1
0
8
-15
-5
-8
-26
-12
-5
-2
-7
2
17
2
11
8
0
4
7
0
2
9
-2
6
-1
-4
-8
-4
5
-3
11
1
4
6
-2
11
-12
0
10
-22
8
1
-13
7
-15
13
13
-5
13
-6
11
15
-3
15
0
-9
-3
-5
-6
-16
-10
-7
-21
2
-6
-10
8
-15
16
17
3
26
4
8
14
7
8
7
-3
-4
21
-8
0
15
-31
-10
-3
-22
-3
10
-2
8
11
-9
3
-1
-9
-3
1
2
3
13
8
0
-8
1
5
-9
4
-4
3
15
-3
7
-1
-18
6
1
-10
4
-10
-21
-9
-8
-9
-4
-3
15
12
14
13
-1
13
2
-8
-2
-6
-2
-2
3
5
-6
5
-4
-19
11
0
-13
6
-10
-10
8
-6
6
6
-10
9
-1
-11
-11
-12
-6
-6
13
6
-2
19
2
-1
18
-9
-8
2
-12
-7
-11
-20
-18
-20
-14
-2
-2
0
17
6
6
17
-6
7
11
-7
9
7
3
10
-2
-16
-8
-3
-14
-4
-1
-15
7
6
-16
-1
-7
-18
3
-4
-5
9
-5
11
11
-3
10
-5
-13
9
1
-4
-1
2
8
-3
9
2
-15
1
-17
-18
-4
