-4
1
-11
-13
-2
-9
-12
-8
-2
-6
-3
4
-9
3
4
-5
4
-8
-10
-1
1
-4
-1
13
2
-2
1
-8
1
4
-3
-7
-13
-9
3
7
1
6
12
9
13
9
7
11
12
14
5
9
15
5
11
21
14
5
6
16
4
-1
6
-1
0
0
1
7
-2
-1
5
5
0
-6
-1
1
2
3
0
-16
-14
1
-4
-1
4
4
2
3
13
13
6
7
12
7
2
1
-9
-9
0
-1
-6
-2
13
11
9
8
2
0
-1
4
2
8
9
1
10
3
-4
-3
-12
1
7
-3
5
4
6
15
7
9
14
5
2
5
9
2
3
9
2
5
4
-3
-4
-5
-1
-1
7
6
8
13
1
-1
6
10
5
-5
-3
7
5
-2
3
1
1
3
3
6
0
-1
3
6
15
1
-3
8
2
7
12
5
6
-5
-3
6
-2
-1
8
5
-5
-3
-1
1
4
-3
2
0
-11
-8
-3
1
-5
-9
6
10
5
5
0
3
6
-1
3
0
-7
-10
-5
-8
-12
-6
-11
-16
-15
-13
-3
-2
-8
-3
-7
-13
-9
-9
-4
2
-6
-9
0
7
1
-15
-5
1
-3
9
-2
-4
5
-6
-1
7
6
4
3
7
5
4
5
2
-7
-4
2
0
-2
5
3
6
12
0
5
9
6
12
6
-1
2
0
5
7
0
3
6
5
6
6
-3
-8
0
-1
-4
0
-2
-5
0
11
11
13
21
9
3
10
6
0
-9
-10
3
8
0
-9
-6
-2
-5
0
6
-2
-3
-4
-10
-3
-2
-4
-2
-2
-6
-16
1
8
1
5
1
3
0
-10
0
2
-10
-9
-2
-13
-17
-12
-6
-5
-16
-15
-15
-16
-8
-11
-13
-10
-11
-4
-2
-16
-15
-10
-13
-12
-12
-9
-13
-14
-6
-2
-5
-7
-6
-6
-5
-6
-1
8
-1
0
-4
-1
4
2
14
6
-5
-6
-7
-1
-2
-1
8
9
5
-2
0
0
-9
-6
-11
-15
-14
-12
-9
-6
-7
-12
-10
-8
-5
-8
-1
-1
1
4
-7
-11
-10
-5
-8
-12
-5
-17
-17
-4
-10
-12
-4
-5
-6
1
-5
-6
-2
-16
-17
-8
-3
-6
-10
0
-5
-3
-1
-11
0
9
5
0
5
3
-5
-8
-6
-6
-12
-7
-5
-8
-5
-8
-2
-7
-10
-8
-9
-5
-10
-11
-14
-8
3
0
-1
-8
-6
-1
-17
-11
2
1
1
-10
-3
0
-14
0
4
3
7
0
-3
-10
-4
2
-9
-1
4
-12
-5
-1
-8
-6
-12
-7
-7
-16
2
1
-2
-6
-9
0
2
7
4
5
-1
5
14
-5
-8
-4
5
7
-6
-6
-8
-6
-1
-4
-6
-5
0
-7
0
11
-4
-2
2
-4
10
7
5
11
6
8
9
2
-1
0
3
0
-3
-3
3
18
20
4
11
19
3
1
4
2
2
-7
-4
8
2
7
8
-3
-10
-12
-9
-12
-10
-4
-16
-15
-2
-4
-7
-10
-11
6
10
-2
9
15
-1
2
14
7
4
11
9
11
12
4
5
2
5
2
3
12
10
5
3
10
1
-2
6
3
5
11
7
3
6
9
10
0
3
10
9
4
6
9
2
14
10
-3
8
7
-3
4
8
-2
2
7
1
9
10
0
0
3
7
7
3
4
4
8
3
-3
1
0
-4
-2
-8
-12
-3
-6
-10
-6
0
6
5
2
4
6
0
10
6
-5
9
10
11
12
7
7
0
2
2
-2
6
2
1
5
-1
-3
-9
-4
-3
-4
5
2
-1
2
4
6
-2
-4
3
2
2
-4
2
5
-7
-4
-2
1
8
13
6
2
2
-4
-8
-12
-5
6
3
5
4
-1
5
14
16
16
13
10
11
15
10
9
6
-2
5
3
2
10
10
12
10
6
3
10
18
13
11
-1
4
10
2
3
1
-1
1
4
-2
-3
-1
-5
6
2
-13
-9
-9
-9
-5
-11
-19
0
0
-16
2
-3
-19
-10
-11
-8
-2
-11
-12
-4
-6
-8
-10
-14
-6
-3
-3
-1
-10
-13
-5
-5
-9
-15
-14
-5
-10
-15
-12
-10
-11
-12
-1
-4
-8
-9
-11
-5
-12
-14
-17
-28
-17
-10
-1
2
-8
0
0
0
2
0
-5
-6
0
-6
-3
0
-2
-12
-17
-9
-5
3
0
-4
3
1
-12
-7
-7
-11
-1
-4
-4
6
3
0
2
-2
1
3
-1
-1
4
-2
-7
4
3
1
3
-3
4
-2
-7
-2
-4
-6
-6
-2
-4
2
5
-3
3
9
13
7
8
4
10
9
-6
4
-3
-17
-3
-4
-10
0
-3
-5
7
0
-12
-9
-8
-7
-4
-2
-1
-13
-11
-5
-14
-13
-4
-1
-3
-6
-3
-4
-8
-6
4
3
6
11
7
-2
-1
5
-1
2
-3
-2
1
-4
8
7
8
14
10
10
9
6
5
14
12
8
10
3
7
5
0
11
0
-5
4
4
3
-2
7
18
9
2
5
-1
5
14
8
11
14
4
6
8
5
4
2
6
2
-2
1
4
10
2
0
10
3
-4
3
1
-11
2
13
-2
4
17
-5
-6
11
2
-7
-4
-10
-7
2
-2
6
1
-14
-6
-17
-14
1
-10
-3
-13
-18
-7
-16
-12
-10
-11
-9
-11
-8
-3
4
1
6
7
-5
0
-3
-8
-9
-11
1
1
-2
12
5
-1
6
-3
-7
-3
4
13
11
2
2
11
1
-5
-2
-5
-5
-12
-12
-6
-3
-1
-2
-2
-1
-4
-5
2
7
-2
-8
-6
-2
-7
-6
5
-7
-11
2
12
16
6
6
13
16
23
26
24
23
23
12
13
22
10
11
18
19
26
23
23
22
16
20
29
24
20
22
13
15
12
5
11
17
12
8
13
0
-2
10
0
-8
-4
4
0
4
4
9
12
7
11
7
14
15
8
5
8
14
13
17
10
9
9
2
7
-4
-13
-5
-11
-15
-14
-21
-15
-10
-15
-23
-31
-36
-32
-26
-34
-41
-41
-38
-46
-44
-35
-38
-37
-35
-36
-30
-19
-18
-20
-19
-10
4
-2
9
17
3
1
9
14
12
9
11
16
20
14
8
12
8
14
21
20
27
28
26
26
20
21
26
16
15
16
17
23
17
20
22
14
17
28
25
20
23
30
37
34
43
40
34
35
24
30
27
16
28
17
9
21
8
-5
-1
2
-10
-11
-12
-26
-27
-25
-29
-31
-28
-28
-25
-15
-14
-21
-18
-16
-28
-19
-9
-26
-23
-15
-23
-24
-27
-36
-34
-34
-46
-33
-28
-34
-28
-37
-30
-26
-34
-29
-31
-28
-24
-31
-33
-25
-30
-30
-20
-25
-24
-16
-10
-11
-13
-14
-15
-8
4
5
8
6
2
4
7
10
7
22
21
18
31
25
32
39
39
40
37
35
35
45
47
51
58
53
47
60
66
55
54
53
55
62
54
54
61
54
51
53
53
55
68
70
58
56
60
54
54
63
51
32
29
29
25
14
-4
-23
-42
-53
-67
-80
-90
-118
-130
-135
-146
-139
-144
-150
-157
-158
-143
-136
-133
-125
-117
-107
-93
-84
-85
-71
-49
-49
-50
-57
-57
-49
-46
-33
-37
-37
-34
-42
-36
-34
-32
-39
-57
-45
-43
-51
-41
-38
-36
-30
-24
-22
-11
10
29
55
73
77
88
118
159
189
204
226
242
260
285
303
324
320
303
300
297
287
280
265
234
219
205
190
185
170
154
135
126
120
139
159
142
128
114
113
135
129
76
3
-47
-68
-97
-145
-261
-416
-508
-531
-529
-556
-642
-764
-820
-772
-691
-608
-580
-584
-563
-477
-313
-171
-79
12
94
173
278
367
423
478
521
538
515
475
437
410
406
371
290
181
67
-6
-43
-84
-164
-280
-387
-438
-442
-440
-461
-503
-538
-553
-508
-426
-378
-342
-311
-281
-212
-135
-62
11
51
81
112
141
169
205
230
228
213
183
154
147
147
148
151
135
111
99
100
125
166
204
216
243
260
293
368
411
441
452
445
469
514
544
543
541
514
488
512
536
552
540
492
468
455
452
471
496
463
364
260
157
121
136
96
-41
-311
-624
-786
-767
-686
-719
-963
-1296
-1485
-1430
-1206
-992
-970
-1106
-1196
-1086
-774
-409
-170
-69
-21
48
217
451
649
786
834
815
768
692
649
667
664
598
443
209
16
-67
-76
-98
-218
-426
-622
-704
-685
-625
-629
-725
-808
-826
-740
-623
-568
-532
-523
-491
-394
-289
-214
-153
-85
-40
-2
48
69
105
166
214
235
208
172
175
226
282
291
255
214
188
197
241
270
283
268
239
252
295
348
417
474
498
510
511
555
642
711
747
714
671
683
726
766
751
693
639
625
643
641
599
553
503
482
493
492
510
530
519
426
269
165
164
223
199
-70
-552
-946
-1036
-859
-697
-902
-1455
-1974
-2084
-1740
-1289
-1154
-1405
-1728
-1758
-1364
-808
-422
-320
-364
-318
-90
231
484
644
743
790
799
741
655
637
719
787
699
430
121
-43
-24
52
-17
-294
-613
-780
-753
-669
-684
-848
-1026
-1073
-970
-834
-791
-832
-838
-729
-555
-408
-329
-296
-211
-42
127
232
247
234
292
413
504
510
465
436
466
523
528
456
371
313
298
301
270
201
148
135
153
186
230
303
389
465
506
561
674
841
1008
1099
1117
1119
1187
1316
1422
1416
1329
1253
1236
1246
1190
1053
886
787
758
726
673
590
516
465
341
149
63
115
200
134
-332
-1007
-1332
-1126
-679
-568
-1163
-2103
-2635
-2335
-1535
-1028
-1286
-2045
-2555
-2275
-1402
-645
-470
-738
-981
-816
-280
236
483
524
511
552
594
549
506
588
751
807
560
125
-170
-147
81
180
-89
-597
-982
-1019
-822
-701
-846
-1138
-1332
-1310
-1121
-977
-978
-1004
-972
-839
-666
-551
-492
-422
-282
-118
24
88
122
204
325
444
491
515
552
603
691
714
632
562
561
605
651
607
472
377
385
439
469
435
403
433
522
639
696
711
803
971
1169
1311
1326
1310
1375
1530
1678
1680
1535
1387
1345
1383
1422
1327
1124
980
896
918
997
964
900
839
743
666
588
526
548
503
221
-283
-943
-1329
-1193
-974
-1110
-1794
-2765
-3274
-2966
-2330
-1986
-2283
-2970
-3267
-2858
-1992
-1245
-1059
-1199
-1209
-893
-295
304
624
751
834
887
967
1006
996
1080
1179
1130
893
499
229
247
330
261
-79
-652
-1050
-1062
-919
-882
-1146
-1584
-1819
-1737
-1497
-1359
-1473
-1652
-1596
-1302
-968
-777
-819
-851
-658
-335
-12
153
148
167
289
473
639
696
708
759
804
820
804
711
656
711
738
703
592
422
337
361
416
454
418
332
332
404
509
680
803
890
1011
1090
1195
1396
1586
1728
1797
1732
1696
1771
1854
1901
1821
1623
1504
1459
1424
1398
1310
1196
1160
1130
1066
1011
911
841
828
768
684
496
126
-350
-913
-1309
-1260
-1118
-1367
-2050
-2947
-3483
-3205
-2556
-2246
-2582
-3298
-3670
-3294
-2413
-1633
-1409
-1613
-1700
-1389
-760
-44
380
502
595
699
818
969
1066
1182
1327
1322
1100
758
507
506
595
494
125
-419
-876
-1026
-994
-996
-1138
-1414
-1749
-2023
-2148
-2061
-1728
-1441
-1412
-1653
-1998
-1930
-1357
-692
-312
-411
-780
-834
-351
328
806
883
712
623
808
1185
1490
1575
1480
1345
1280
1304
1317
1247
1176
1079
881
653
487
446
557
700
676
454
226
254
564
945
1152
1078
912
959
1260
1653
1912
1874
1709
1621
1688
1879
1975
1903
1802
1733
1696
1690
1661
1650
1689
1692
1507
1178
965
1071
1282
1011
47
-1325
-2125
-1660
-803
-779
-2041
-3937
-4973
-4247
-2702
-1967
-2703
-4218
-4974
-4217
-2613
-1432
-1405
-2036
-2297
-1768
-718
292
729
756
871
1058
1236
1393
1456
1620
1910
1947
1593
1028
624
740
1115
1108
497
-471
-1174
-1158
-794
-698
-1100
-1809
-2304
-2350
-2276
-2234
-2266
-2371
-2243
-2043
-2073
-2081
-1945
-1674
-1170
-737
-703
-749
-615
-260
299
715
812
780
798
1047
1418
1579
1566
1477
1384
1478
1566
1411
1185
978
839
873
831
643
526
491
558
647
526
377
470
719
1036
1212
1111
1044
1211
1552
1889
1933
1806
1781
1797
1946
2154
2128
2042
1998
1843
1751
1825
1860
1950
2034
1825
1447
1091
1018
1435
1860
1571
306
-1542
-2555
-1845
-468
-35
-1468
-4105
-5689
-4923
-2903
-1585
-2240
-4281
-5600
-5070
-3236
-1540
-1260
-2035
-2632
-2424
-1361
-78
602
765
766
763
936
1102
1240
1573
1916
2036
1758
1038
544
782
1294
1483
923
-317
-1244
-1199
-612
-255
-702
-1717
-2403
-2405
-1941
-1724
-2266
-2848
-2888
-2449
-1778
-1631
-2189
-2517
-2124
-1259
-387
-205
-649
-869
-467
389
1171
1349
1131
1009
1166
1608
1960
1911
1763
1719
1729
1787
1640
1276
1077
1079
1112
1068
825
544
529
680
783
770
641
597
787
1043
1198
1295
1368
1456
1625
1734
1801
1955
2034
1985
1912
1875
1961
2154
2171
1988
1814
1725
1880
2041
1901
1600
1248
1133
1528
1897
1557
462
-1165
-2234
-1737
-567
-179
-1350
-3702
-5329
-4826
-3028
-1762
-2293
-4219
-5562
-5145
-3453
-1808
-1534
-2389
-2997
-2722
-1638
-326
281
240
227
412
830
1236
1299
1320
1522
1707
1734
1372
872
909
1304
1467
1050
13
-928
-1006
-529
-260
-640
-1549
-2252
-2332
-2140
-2059
-2272
-2659
-2721
-2501
-2406
-2411
-2444
-2331
-1867
-1379
-1234
-1263
-1196
-819
-137
413
591
594
678
1030
1555
1848
1776
1615
1572
1733
2009
2069
1808
1494
1307
1245
1254
1176
1017
912
846
814
682
468
536
845
1131
1292
1160
877
946
1458
1960
2154
1977
1612
1552
1889
2293
2430
2204
1944
1884
2017
2256
2257
1988
1863
1919
1957
1825
1493
1403
1774
2048
1522
-140
-2047
-2395
-1045
308
-1
-2467
-5296
-5859
-3931
-1666
-1288
-3312
-5774
-6322
-4660
-2278
-1229
-2101
-3350
-3632
-2670
-929
235
262
-6
-11
348
959
1247
1265
1497
1827
1979
1647
993
841
1352
1866
1736
688
-653
-1160
-653
44
62
-843
-2083
-2794
-2621
-2006
-1693
-2059
-2864
-3465
-3394
-2771
-2144
-1966
-2253
-2496
-2316
-1819
-1181
-663
-468
-345
-101
180
596
1120
1484
1652
1646
1567
1683
1924
2172
2319
2139
1806
1573
1429
1452
1575
1505
1266
1021
792
673
691
785
945
1066
1030
909
845
1005
1437
1817
1850
1651
1517
1557
1769
2108
2264
2201
2204
2131
1955
2016
2282
2509
2628
2437
1881
1427
1513
2219
2909
2666
1223
-1027
-2450
-1579
343
1075
-424
-3681
-6138
-5470
-2813
-1055
-1841
-4611
-6807
-6442
-4042
-1773
-1528
-2971
-4199
-4072
-2581
-658
229
-31
-359
-291
201
893
1296
1468
1706
1927
1848
1364
993
1309
1999
2297
1692
301
-858
-802
95
592
-26
-1404
-2548
-2683
-1893
-1352
-1921
-2983
-3714
-3620
-2749
-2111
-2370
-3043
-3342
-2871
-1951
-1355
-1321
-1482
-1394
-726
142
576
708
818
992
1443
1916
2026
2031
2080
2137
2295
2295
2043
1830
1693
1652
1733
1624
1313
1125
981
841
811
765
732
860
993
1000
953
929
1106
1418
1588
1650
1652
1539
1679
2076
2195
2226
2277
2106
2198
2612
2719
2663
2572
2347
2288
2280
2322
2654
2777
2354
1225
-702
-1765
-878
425
695
-964
-4155
-5979
-4852
-2465
-1185
-2478
-5441
-7155
-6249
-3679
-1622
-1991
-3820
-4880
-4366
-2365
-287
164
-507
-996
-741
335
1362
1630
1529
1465
1668
1963
1807
1580
1846
2200
2236
1664
461
-411
-254
432
668
-135
-1522
-2504
-2480
-1582
-981
-1688
-3117
-4117
-3973
-2732
-1667
-1989
-3270
-4109
-3651
-2231
-1021
-908
-1683
-2248
-1717
-422
691
1091
859
560
745
1399
2054
2359
2302
2121
2050
2050
2052
2030
1946
1902
1872
1626
1242
1017
967
1010
1053
922
680
570
729
982
1140
1227
1181
1074
1191
1495
1813
2031
1907
1633
1618
1904
2427
2766
2565
2265
2168
2296
2773
3089
2798
2296
1937
2184
2964
3201
2221
136
-1733
-1533
231
1243
148
-2947
-5756
-5571
-3099
-1209
-1810
-4587
-6991
-6847
-4557
-2274
-2013
-3622
-4983
-4794
-3186
-1159
-291
-732
-1169
-901
-17
927
1282
1266
1416
1833
2202
2009
1551
1697
2377
2787
2389
1160
-68
-209
613
1172
623
-716
-1954
-2336
-1669
-888
-1093
-2285
-3624
-4131
-3539
-2409
-1870
-2638
-3829
-4183
-3515
-2304
-1327
-1404
-2110
-2300
-1691
-559
531
959
804
562
703
1390
2128
2496
2569
2403
2254
2347
2406
2292
2233
2227
2112
1862
1483
1161
1074
1166
1283
1170
799
542
585
757
996
1167
1039
881
942
1165
1440
1560
1541
1540
1642
1905
2186
2247
2308
2501
2536
2542
2664
2700
2611
2548
2705
3088
3329
2906
1404
-556
-1122
123
1439
1209
-1208
-4449
-5598
-3860
-1462
-983
-3190
-6179
-7358
-5940
-3213
-1849
-3052
-5008
-5751
-4765
-2528
-798
-870
-1801
-2136
-1427
-131
851
1147
1048
1092
1552
1850
1680
1806
2402
2767
2640
1897
723
261
965
1669
1401
307
-1002
-1745
-1417
-568
-377
-1196
-2404
-3360
-3659
-3136
-2309
-2181
-2872
-3657
-4196
-4009
-2860
-1795
-1610
-2048
-2617
-2555
-1461
28
996
947
300
119
712
1763
2822
3081
2546
2125
2111
2375
2820
3017
2758
2330
1958
1758
1672
1602
1703
1752
1470
1112
772
558
856
1356
1412
1063
628
517
900
1377
1696
1663
1305
1268
1560
1809
2242
2656
2565
2376
2359
2395
2643
2922
3140
3432
3435
2928
1656
-129
-511
870
2008
1601
-877
-4191
-5150
-3096
-749
-580
-3193
-6491
-7450
-5651
-2847
-1690
-3418
-5768
-6411
-5195
-2767
-989
-1362
-2574
-2913
-2043
-431
720
866
613
632
1228
1835
1812
1854
2455
2977
2951
2253
1150
651
1386
2313
2043
746
-599
-1244
-790
118
143
-957
-2299
-3013
-2885
-2457
-2162
-2448
-3401
-3883
-3705
-3602
-3194
-2653
-2706
-2779
-2575
-2466
-1983
-1038
-247
161
80
-21
416
1152
2032
2648
2457
2079
2158
2411
2752
3079
2922
2430
2122
2058
2026
1938
1846
1694
1424
1229
1094
836
734
921
1012
904
733
579
577
764
1041
1172
1137
1223
1303
1314
1642
2129
2427
2520
2436
2374
2556
2851
3005
3128
3312
3474
3166
1776
149
-175
930
2141
1743
-846
-3800
-4496
-2713
-623
-661
-3202
-6090
-6962
-5229
-2739
-2066
-3614
-5621
-6315
-5084
-2817
-1458
-1815
-2797
-3018
-2081
-652
264
351
213
490
1147
1524
1478
1672
2246
2782
2896
2268
1247
1024
1822
2521
2339
1233
-70
-606
-159
581
537
-571
-1815
-2373
-2360
-1983
-1997
-2816
-3400
-3410
-3317
-3314
-3467
-3633
-3365
-2749
-2316
-2287
-2536
-2237
-1187
-152
412
362
35
269
1287
2345
2834
2581
2015
1922
2437
3148
3408
2956
2328
2086
2124
2252
2341
2086
1733
1558
1374
1093
867
864
1051
1209
1031
651
320
275
742
1255
1422
1245
821
625
1131
1955
2438
2397
1971
1831
2165
2627
2963
3040
3064
3207
2962
1693
277
28
1161
2437
1899
-742
-3561
-4115
-2138
13
-191
-2953
-5976
-6803
-4881
-2339
-1808
-3611
-5876
-6554
-5146
-2876
-1635
-2131
-3314
-3574
-2518
-1125
-293
-208
-307
30
669
991
1045
1409
2067
2686
2745
2043
1299
1340
2175
2937
2659
1425
331
16
533
1264
1012
-193
-1362
-1862
-1526
-1109
-1583
-2577
-3342
-3495
-2991
-2796
-3285
-3727
-3837
-3442
-2668
-2394
-2693
-2690
-2125
-1154
-245
-3
-85
25
578
1569
2324
2353
2107
2043
2310
3008
3398
3078
2643
2396
2412
2624
2690
2394
2021
1763
1663
1662
1386
1088
1047
1060
1041
950
679
457
593
834
1106
1193
919
732
877
1360
1907
2073
1830
1737
1881
2114
2523
2695
2752
2955
2838
1938
663
193
1010
2215
2044
7
-2510
-3437
-2001
-29
124
-2072
-4844
-5963
-4645
-2401
-1697
-3094
-5153
-6035
-5143
-3332
-2102
-2300
-3247
-3634
-2870
-1679
-884
-704
-727
-411
124
496
615
894
1558
2246
2399
1900
1281
1227
2016
2809
2676
1745
752
432
883
1407
1263
372
-772
-1327
-1085
-791
-1046
-1884
-2797
-3127
-2873
-2707
-2940
-3382
-3679
-3497
-3062
-2816
-2889
-2926
-2457
-1615
-967
-796
-804
-581
128
1098
1698
1720
1511
1600
2213
2969
3234
2909
2462
2331
2611
2982
3038
2708
2259
1984
2012
2096
1906
1561
1276
1157
1206
1142
911
801
796
784
858
846
739
836
1007
1143
1274
1367
1579
1833
1910
1920
1928
1922
2284
2905
3174
2896
1815
401
118
1282
2522
2335
320
-2184
-3011
-1627
342
588
-1671
-4518
-5640
-4497
-2343
-1409
-2758
-5011
-6163
-5453
-3586
-2235
-2370
-3448
-4155
-3615
-2352
-1414
-1070
-1016
-971
-659
-185
170
640
1350
1988
2146
1731
1239
1275
1992
2908
3128
2314
1200
657
944
1691
2002
1291
-106
-1189
-1273
-719
-427
-993
-2188
-3225
-3445
-2958
-2537
-2748
-3403
-3831
-3783
-3360
-2878
-2696
-2568
-2192
-1739
-1453
-1161
-688
-41
693
1191
1295
1219
1465
2191
2920
3157
2910
2537
2418
2830
3353
3420
3051
2567
2288
2346
2607
2524
2019
1537
1354
1468
1533
1412
1135
806
638
805
1009
928
835
726
743
1056
1426
1539
1384
1243
1264
1606
2000
2249
2330
2253
2153
1674
819
455
1108
1923
1831
486
-1419
-2199
-1265
184
369
-1353
-3652
-4615
-3746
-2169
-1482
-2619
-4494
-5332
-4746
-3368
-2354
-2553
-3497
-3941
-3390
-2361
-1664
-1486
-1420
-1259
-877
-377
-31
313
949
1599
1786
1519
1144
1198
1863
2663
2837
2150
1251
858
1117
1640
1833
1209
118
-669
-860
-581
-441
-781
-1541
-2470
-3040
-2987
-2653
-2508
-2703
-3220
-3661
-3684
-3334
-2710
-2130
-1897
-1976
-2105
-1886
-1070
-72
528
668
523
526
1108
2018
2634
2720
2487
2328
2488
2848
3180
3254
3010
2737
2614
2582
2594
2544
2292
2004
1844
1711
1596
1507
1405
1248
1070
962
898
851
852
895
894
909
1038
1165
1136
1042
1081
1301
1613
1757
1715
1711
1814
1856
1449
717
441
915
1527
1430
281
-1259
-1800
-964
74
-18
-1531
-3354
-4046
-3299
-2055
-1695
-2793
-4344
-4965
-4401
-3269
-2545
-2820
-3549
-3800
-3290
-2466
-1908
-1730
-1637
-1411
-995
-516
-221
87
674
1247
1428
1245
1012
1133
1764
2490
2620
1969
1205
988
1351
1882
1929
1199
139
-467
-319
104
110
-578
-1673
-2466
-2447
-2003
-1897
-2331
-2972
-3324
-3178
-2809
-2596
-2596
-2549
-2289
-1983
-1786
-1495
-1015
-458
76
378
437
596
1086
1791
2352
2488
2342
2246
2440
2903
3259
3238
2976
2770
2735
2784
2776
2611
2371
2183
2061
1930
1738
1550
1418
1278
1131
1018
884
759
767
823
780
673
609
643
770
889
943
935
889
999
1315
1629
1812
1554
751
143
414
1302
1930
1406
-173
-1461
-1331
-107
778
122
-1705
-3181
-3355
-2393
-1422
-1653
-2944
-4147
-4447
-3840
-3001
-2675
-2966
-3426
-3557
-3225
-2758
-2355
-1932
-1529
-1268
-1148
-1127
-918
-185
757
1263
1119
647
455
937
1857
2520
2350
1560
955
1009
1571
2060
1947
1206
339
-67
92
370
259
-358
-1177
-1712
-1808
-1780
-1883
-2168
-2515
-2774
-2917
-2944
-2882
-2714
-2443
-2201
-2174
-2230
-2001
-1393
-675
-192
-34
-21
159
692
1432
2014
2183
2080
2062
2324
2771
3144
3226
3077
2918
2857
2918
3015
2992
2786
2499
2286
2134
1979
1841
1760
1626
1379
1115
846
688
755
886
842
549
196
105
355
715
888
695
346
262
630
1225
1608
1328
403
-272
79
1143
1860
1381
-65
-1260
-1137
9
846
371
-1142
-2457
-2665
-1900
-1112
-1219
-2198
-3217
-3623
-3345
-2747
-2401
-2562
-2906
-3063
-2975
-2751
-2462
-2039
-1558
-1272
-1269
-1386
-1284
-699
209
845
828
366
48
393
1275
2040
2078
1419
764
705
1252
1908
2017
1376
480
30
234
606
575
31
-751
-1305
-1417
-1349
-1407
-1665
-2004
-2274
-2434
-2522
-2540
-2451
-2247
-2018
-1993
-2081
-1939
-1535
-973
-436
-191
-193
-134
213
868
1522
1849
1855
1767
1853
2214
2673
2950
2945
2763
2617
2655
2753
2772
2658
2423
2175
1959
1785
1670
1625
1548
1326
1019
742
570
563
654
624
423
213
122
174
295
413
474
456
464
554
660
789
956
1082
1180
1185
945
650
658
1011
1332
1175
490
-243
-460
-99
286
30
-848
-1691
-2000
-1792
-1536
-1753
-2397
-2975
-3165
-3012
-2796
-2770
-2926
-3066
-2967
-2689
-2514
-2482
-2348
-1964
-1458
-1115
-1074
-1150
-960
-374
286
581
430
215
314
792
1314
1433
1192
953
931
1130
1310
1230
963
660
473
451
361
125
-141
-379
-557
-689
-895
-1197
-1457
-1587
-1548
-1503
-1652
-1867
-1954
-1832
-1551
-1341
-1319
-1292
-1128
-833
-455
-121
102
291
538
831
1117
1359
1591
1820
1982
2090
2141
2160
2235
2353
2387
2285
2094
1912
1860
1890
1855
1696
1445
1246
1108
975
890
821
747
651
521
375
281
287
336
384
372
298
276
358
524
700
801
828
848
928
1046
1128
1132
1101
1169
1300
1322
1140
806
557
604
833
888
504
-201
-756
-814
-565
-506
-931
-1657
-2184
-2251
-2075
-2009
-2260
-2665
-2870
-2823
-2682
-2612
-2654
-2640
-2467
-2216
-2033
-1997
-1982
-1795
-1380
-911
-666
-705
-808
-668
-225
219
376
243
59
85
364
628
620
352
105
121
342
488
365
36
-270
-351
-241
-164
-256
-484
-705
-763
-674
-596
-602
-661
-701
-657
-555
-449
-359
-272
-105
89
177
202
293
533
849
1074
1128
1119
1203
1382
1576
1693
1677
1603
1544
1537
1594
1635
1588
1453
1270
1131
1065
1024
951
823
698
614
530
413
332
327
359
380
319
212
202
361
582
683
613
486
444
574
821
980
949
811
708
744
914
1070
1050
851
649
612
685
751
654
429
251
178
166
84
-91
-271
-408
-479
-560
-752
-970
-1133
-1202
-1205
-1291
-1460
-1606
-1668
-1628
-1560
-1591
-1737
-1837
-1781
-1595
-1421
-1396
-1485
-1575
-1521
-1294
-1074
-987
-1035
-1148
-1153
-980
-770
-707
-782
-865
-854
-738
-628
-627
-705
-740
-658
-562
-531
-534
-543
-493
-371
-258
-213
-218
-187
-65
117
270
351
353
385
569
760
880
933
907
931
1066
1252
1364
1340
1263
1264
1354
1437
1438
1329
1217
1222
1233
1162
1031
873
804
815
767
615
394
249
283
379
350
170
-41
-135
-25
160
230
147
0
-29
125
323
414
377
293
274
380
531
624
641
596
561
619
699
736
725
682
651
637
606
558
517
481
465
443
340
188
62
17
43
50
-48
-230
-381
-426
-367
-314
-353
-454
-593
-661
-621
-592
-606
-644
-721
-812
-854
-841
-822
-837
-903
-986
-1034
-1054
-1062
-1107
-1196
-1246
-1272
-1300
-1308
-1347
-1411
-1436
-1421
-1394
-1380
-1370
-1371
-1360
-1288
-1186
-1113
-1086
-1055
-960
-825
-695
-604
-541
-420
-251
-119
-12
99
249
408
531
626
689
795
955
1086
1165
1193
1212
1257
1316
1377
1420
1400
1332
1246
1186
1165
1169
1156
1062
899
736
656
687
729
673
504
315
237
301
403
436
361
238
186
232
319
383
381
335
275
269
323
364
387
374
342
346
346
345
349
345
357
362
320
277
266
276
307
320
265
191
150
145
194
218
149
44
-55
-47
44
99
93
-19
-162
-188
-137
-93
-83
-139
-241
-313
-321
-288
-284
-336
-406
-484
-532
-543
-552
-602
-689
-757
-810
-852
-910
-1001
-1054
-1063
-1074
-1126
-1214
-1272
-1250
-1208
-1184
-1175
-1194
-1168
-1076
-992
-935
-877
-820
-768
-698
-604
-491
-367
-299
-252
-168
-81
32
132
182
250
328
399
461
494
524
581
650
671
645
624
649
710
737
710
661
612
602
624
653
650
600
533
513
547
591
607
563
506
498
537
585
596
552
495
491
527
527
479
448
450
449
419
346
280
268
299
310
261
177
109
106
158
206
197
133
72
64
90
145
192
158
105
80
81
107
138
191
252
272
240
193
190
233
303
331
280
217
154
131
162
171
130
61
0
-49
-105
-164
-210
-281
-370
-433
-525
-633
-710
-767
-813
-855
-920
-997
-1055
-1072
-1073
-1071
-1060
-1074
-1096
-1071
-1010
-957
-935
-912
-859
-780
-687
-610
-556
-500
-423
-339
-259
-176
-103
-45
-7
31
94
153
196
259
303
293
293
289
273
314
366
370
334
287
259
263
290
305
297
272
244
245
277
345
406
420
398
378
423
505
573
595
565
544
553
579
613
626
622
587
522
478
473
480
459
393
309
243
213
196
162
113
59
22
7
-16
-45
-55
-51
-56
-62
-84
-111
-113
-92
-40
2
28
21
10
48
102
167
205
195
186
207
255
293
290
263
217
191
193
193
185
149
96
51
-10
-82
-145
-194
-233
-278
-357
-464
-540
-575
-589
-605
-658
-740
-804
-792
-728
-692
-711
-780
-820
-773
-672
-570
-538
-558
-557
-509
-424
-340
-275
-242
-226
-193
-156
-103
-35
21
40
41
39
30
28
32
54
73
51
-6
-55
-56
-21
16
3
-55
-100
-84
-23
26
18
-18
-14
35
101
155
175
186
217
276
354
404
420
418
434
490
531
536
532
529
536
565
565
519
492
488
499
503
466
400
338
309
308
301
244
191
157
123
114
98
62
46
48
35
20
15
12
26
40
39
42
58
70
73
57
48
72
93
111
94
40
10
34
64
54
12
-51
-89
-103
-122
-148
-203
-254
-289
-327
-351
-378
-413
-443
-468
-479
-476
-477
-485
-487
-483
-464
-422
-396
-391
-359
-321
-290
-249
-215
-169
-129
-107
-78
-55
-19
13
32
39
33
44
50
53
48
9
-23
-28
-30
-45
-58
-79
-134
-182
-192
-183
-191
-211
-224
-226
-206
-190
-171
-158
-138
-98
-80
-62
-30
6
55
111
156
168
186
231
275
324
361
386
411
431
448
461
471
478
485
474
462
463
447
435
424
403
388
357
322
295
281
266
248
227
188
164
147
134
143
143
124
103
90
86
99
97
81
70
50
33
25
14
-3
-14
-34
-54
-67
-88
-107
-126
-154
-180
-186
-209
-255
-297
-336
-348
-351
-373
-408
-445
-450
-433
-413
-402
-422
-423
-399
-370
-329
-297
-290
-281
-250
-205
-151
-103
-64
-41
-35
-13
41
109
148
148
124
94
107
149
168
153
106
65
46
32
41
44
17
-34
-86
-120
-125
-97
-78
-100
-143
-179
-194
-168
-136
-121
-104
-113
-119
-80
-31
16
36
27
45
85
132
170
183
197
218
243
258
270
283
302
326
343
333
311
313
320
334
336
308
274
253
254
274
282
265
239
205
202
228
246
246
232
206
187
187
193
176
147
140
137
132
114
78
62
68
74
61
6
-55
-82
-75
-63
-87
-142
-207
-236
-218
-215
-233
-273
-329
-356
-347
-333
-339
-364
-391
-404
-399
-376
-355
-355
-363
-331
-294
-271
-236
-224
-206
-169
-129
-101
-84
-42
0
10
7
5
5
26
54
67
65
47
25
8
16
23
16
-3
-25
-41
-49
-53
-62
-65
-59
-67
-66
-60
-51
-37
-30
-39
-50
-44
-21
-4
11
17
-3
-2
25
54
84
95
95
113
133
154
178
180
186
198
198
204
212
221
241
265
274
261
250
249
262
283
292
278
248
236
240
240
250
240
211
197
202
225
237
222
189
153
150
161
167
141
96
50
17
19
16
-10
-60
-102
-115
-122
-135
-162
-193
-226
-258
-269
-277
-310
-339
-351
-353
-344
-351
-362
-370
-371
-351
-324
-302
-290
-287
-274
-238
-200
-167
-134
-122
-112
-79
-32
1
25
51
65
79
103
99
92
104
112
112
103
79
54
47
53
34
3
-39
-59
-47
-51
-69
-104
-120
-109
-104
-97
-99
-115
-116
-94
-70
-50
-48
-54
-46
-39
-22
7
28
32
30
43
73
96
92
91
110
132
139
133
123
122
143
171
176
158
127
124
150
172
182
170
152
141
146
171
197
205
193
184
185
198
208
217
233
223
205
206
222
246
248
227
197
176
175
166
148
120
67
23
-11
-31
-61
-110
-153
-198
-223
-237
-262
-291
-336
-368
-374
-392
-418
-434
-438
-434
-435
-442
-450
-424
-382
-336
-307
-284
-247
-216
-163
-122
-89
-52
-34
-14
-7
18
75
134
172
172
157
136
131
167
196
199
177
128
107
120
153
168
138
104
68
49
71
91
103
92
55
40
49
50
49
49
39
55
88
123
137
110
84
75
81
113
136
146
146
110
78
73
103
139
111
49
-2
-7
44
68
48
-14
-91
-92
-56
-47
-45
-55
-70
-58
-49
-69
-101
-108
-54
17
52
51
35
27
73
134
167
183
178
156
131
133
179
221
209
146
74
45
74
72
16
-69
-135
-91
-22
-35
-127
-222
-224
-158
-107
-122
-212
-313
-364
-341
-267
-238
-295
-388
-437
-383
-269
-190
-179
-233
-298
-288
-208
-135
-117
-114
-58
15
33
10
-25
-31
0
20
18
13
19
63
117
127
95
62
54
96
152
171
157
85
-26
-69
5
148
250
231
160
103
49
10
25
147
328
399
233
-42
-140
58
372
487
382
315
426
399
-230
-1191
-1465
-468
1010
1485
386
-1223
-1672
-449
1211
1721
883
-165
-403
16
188
-159
-341
220
1046
1111
164
-904
-1066
-276
611
774
231
-365
-610
-599
-578
-540
-264
218
537
382
-154
-605
-659
-423
-141
50
135
91
-59
-269
-459
-498
-235
318
783
744
168
-539
-855
-540
146
635
592
151
-250
-329
-237
-214
-237
-75
303
537
303
-276
-741
-720
-220
403
675
415
-123
-551
-616
-388
-76
162
245
195
61
-101
-234
-339
-324
6
577
921
624
-121
-633
-453
243
832
824
318
-166
-256
-99
-60
-148
-52
356
700
498
-162
-625
-469
61
488
552
347
110
-81
-229
-281
-117
256
561
529
194
-81
-68
68
89
-16
24
285
432
256
-33
-72
119
185
-16
-308
-378
-123
154
136
-164
-433
-383
-126
-14
-98
-173
-137
-112
-184
-267
-252
-190
-226
-266
-156
17
28
-199
-397
-296
49
308
200
-147
-340
-188
69
78
-135
-164
191
532
354
-250
-644
-490
-76
183
185
88
-47
-219
-417
-555
-414
12
408
439
105
-277
-425
-325
-136
126
451
627
409
-159
-591
-467
85
548
616
403
161
17
-83
-174
-151
120
557
776
482
-163
-615
-519
-34
406
552
405
36
-332
-473
-293
48
263
276
173
67
-34
-192
-337
-284
50
491
692
431
-98
-426
-263
178
477
459
309
231
150
-29
-220
-234
37
457
743
644
151
-406
-634
-378
132
514
556
247
-219
-548
-561
-321
-79
32
76
101
0
-267
-507
-516
-251
137
370
290
-48
-434
-572
-373
-77
108
130
53
-66
-246
-406
-425
-264
33
284
314
53
-376
-658
-603
-279
65
234
214
49
-159
-291
-272
-128
27
127
163
139
9
-193
-299
-206
38
257
327
236
78
11
84
199
231
197
224
301
296
136
-65
-99
44
215
304
281
187
70
-28
-96
-115
-23
165
331
317
108
-113
-184
-93
38
146
226
228
97
-122
-261
-226
-79
66
103
44
-56
-114
-83
-24
12
42
85
112
80
22
2
6
10
48
193
353
369
221
36
-5
104
238
291
271
216
87
-93
-274
-350
-224
51
268
183
-187
-521
-574
-383
-155
-57
-82
-163
-261
-322
-312
-261
-208
-164
-110
-48
-37
-100
-164
-197
-199
-154
-73
-26
-59
-120
-140
-116
-85
-74
-45
20
49
2
-59
-88
-93
-62
7
46
5
-101
-170
-122
-15
52
40
-6
-8
23
72
92
70
97
172
277
310
199
56
27
134
247
275
254
225
202
189
166
105
69
112
213
270
188
44
-18
46
129
141
82
9
-19
-8
1
-28
-94
-125
-64
26
43
-26
-120
-168
-137
-40
57
84
19
-66
-100
-71
-3
18
9
49
98
119
69
-19
-46
-1
102
186
186
166
159
137
77
-15
-56
13
108
106
-2
-143
-229
-218
-170
-115
-57
-29
-52
-120
-216
-309
-325
-266
-190
-128
-112
-145
-167
-172
-154
-98
-65
-55
-60
-55
-23
-23
-48
-61
-45
-15
-22
-54
-77
-67
-21
19
3
-58
-124
-139
-111
-57
12
44
52
27
-8
-16
-10
-2
-12
-15
1
34
77
90
72
46
52
110
166
188
198
213
235
251
263
266
272
279
260
237
203
178
203
223
205
120
12
-11
38
110
127
61
-34
-115
-151
-149
-138
-113
-82
-55
-47
-93
-169
-215
-199
-117
-14
61
67
8
-26
-7
62
111
90
56
60
93
112
92
36
4
37
95
125
84
-1
-42
-30
0
10
-21
-64
-87
-120
-148
-157
-160
-140
-114
-89
-108
-186
-233
-194
-120
-80
-87
-121
-145
-135
-90
-33
14
16
-16
-46
-81
-95
-60
-16
-3
-43
-97
-98
-59
-41
-53
-61
-56
-43
-45
-64
-68
-53
-19
2
-27
-90
-127
-92
-21
15
-3
-43
-33
11
41
70
101
113
100
106
157
213
225
183
119
116
179
264
314
249
150
120
175
248
239
181
129
103
90
55
30
21
0
-21
-56
-94
-118
-119
-78
-54
-52
-58
-93
-126
-126
-98
-57
-34
-31
-17
30
70
36
-40
-64
8
107
150
121
71
37
44
65
47
24
42
85
118
93
-6
-65
-51
-21
-22
-59
-82
-94
-85
-89
-104
-103
-115
-111
-106
-123
-132
-113
-61
-16
-24
-72
-114
-143
-158
-129
-78
-34
-19
-46
-91
-115
-101
-38
59
121
117
69
-1
-55
-92
-87
-19
45
60
17
-58
-107
-120
-112
-73
-29
0
12
-8
-59
-110
-119
-71
13
74
87
60
21
4
6
31
74
104
108
122
152
165
154
132
149
212
261
262
220
165
144
159
176
172
144
125
108
84
45
14
4
5
14
19
33
2
-84
-172
-208
-164
-110
-80
-85
-108
-108
-101
-112
-122
-95
-32
52
81
38
-12
-37
-21
0
21
64
92
99
64
-6
-50
-59
-30
-4
-12
-44
-96
-120
-103
-91
-101
-108
-102
-94
-98
-116
-142
-156
-124
-82
-57
-39
-40
-23
-11
-27
-35
-26
33
95
86
32
-19
-55
-46
4
56
94
98
61
-1
-44
-50
-14
29
28
1
-31
-45
-62
-92
-90
-64
-53
-63
-87
-109
-110
-90
-62
-35
-13
6
34
74
87
84
97
111
126
128
125
137
145
138
117
118
155
178
160
136
103
79
98
115
111
103
93
80
42
-16
-43
-15
37
56
12
-70
-116
-98
-57
-18
-16
-38
-61
-64
-42
-12
3
-9
-16
-18
-32
-22
-3
9
5
-6
7
16
20
15
-24
-49
-58
-49
-10
-10
-42
-72
-95
-96
-103
-113
-111
-123
-147
-163
-169
-161
-141
-119
-101
-88
-97
-106
-79
-43
-21
-13
3
28
46
60
67
67
67
78
102
130
127
115
114
111
102
77
63
65
71
68
51
40
17
-9
-36
-67
-78
-73
-45
-27
-49
-75
-90
-94
-80
-71
-75
-57
-38
-43
-46
-50
-28
11
49
85
83
51
38
57
105
160
187
162
111
90
89
99
98
77
67
91
115
86
32
-6
-3
25
38
24
-13
-36
-42
-42
-43
-74
-83
-57
-33
-9
-12
-30
-31
-30
-21
-6
16
34
23
20
28
31
31
21
30
52
69
75
44
-1
-15
5
3
-26
-63
-100
-104
-99
-102
-117
-145
-151
-150
-161
-169
-153
-130
-109
-88
-93
-117
-130
-132
-100
-55
-20
10
14
0
4
34
73
88
88
99
127
157
157
119
90
108
152
178
158
118
95
95
86
45
0
-29
-29
-2
15
-2
-36
-65
-89
-83
-64
-49
-16
0
7
-18
-67
-85
-65
-6
34
44
28
-7
6
53
82
85
83
79
83
89
71
45
38
56
53
23
-5
-21
-12
5
13
5
-29
-60
-66
-60
-55
-50
-52
-58
-46
-19
8
4
-30
-41
-20
6
39
48
27
25
33
43
60
84
108
105
75
38
6
0
27
48
46
22
-26
-64
-84
-73
-46
-34
-54
-107
-122
-108
-112
-122
-131
-139
-107
-65
-70
-94
-129
-144
-110
-73
-48
-42
-45
-49
-57
-47
-14
19
48
70
70
70
82
91
90
86
101
129
127
120
101
72
82
90
85
65
44
47
48
46
14
-24
-17
-12
0
0
-27
-44
-48
-31
-21
-19
-5
15
31
26
29
44
44
36
31
31
40
63
72
43
9
-2
20
52
49
26
1
-11
-10
-30
-37
-42
-64
-65
-64
-76
-95
-99
-90
-85
-64
-48
-48
-48
-53
-43
-31
-16
4
17
36
48
36
32
46
69
97
119
118
111
107
95
87
82
74
67
60
50
43
32
12
0
-19
-33
-36
-38
-42
-73
-94
-90
-91
-93
-95
-98
-118
-132
-119
-113
-86
-69
-67
-57
-71
-69
-53
-41
-12
-1
-6
1
5
-2
21
35
21
26
16
7
8
14
17
13
16
3
-5
-10
-13
-10
-7
1
12
13
-4
-21
-17
-22
-31
-14
11
33
30
14
3
9
25
46
67
71
80
86
92
95
80
64
45
46
66
67
51
32
8
5
17
28
26
8
-14
-27
-34
-51
-61
-50
-52
-38
-35
-58
-69
-87
-79
-40
-32
-25
-20
-24
-12
-6
-2
10
35
70
96
89
47
33
43
57
80
79
59
43
34
42
55
49
29
16
9
3
15
9
-25
-31
-28
-30
-40
-43
-44
-51
-42
-48
-63
-77
-69
-62
-52
-28
-51
-59
-33
-13
1
-13
-35
-33
-22
-4
22
40
28
18
9
-7
-2
3
9
4
-10
-13
-24
-27
-28
-30
-33
-47
-50
-44
-36
-34
-33
-27
-40
-44
-20
-21
-13
17
37
39
20
25
42
58
72
84
85
70
59
53
63
64
64
72
68
77
85
79
78
58
21
15
21
21
20
3
-14
-14
-8
-11
-18
-13
-8
4
7
-1
-2
-4
9
9
-11
-11
-6
2
10
10
10
12
12
11
-2
-22
-14
4
0
-2
-17
-35
-32
-29
-32
-44
-37
-10
-3
-13
-33
-59
-59
-35
-27
-20
-31
-43
-18
-20
-31
-22
-19
-4
2
-10
-9
2
6
4
6
4
-4
3
18
20
25
21
5
2
2
7
14
9
-4
-13
1
11
-3
-5
-5
-17
-12
-27
-41
-23
-6
-5
-20
-29
-22
2
7
-19
-31
-27
-8
21
31
18
-9
0
10
12
29
37
48
48
32
30
24
9
7
23
27
21
25
21
-1
-4
3
-4
-9
-10
2
17
22
19
5
-1
18
35
32
29
36
35
35
32
25
25
27
34
33
25
35
48
38
23
11
4
-1
-8
-18
-21
-20
-30
-32
-36
-49
-44
-34
-43
-57
-61
-62
-59
-52
-50
-52
-56
-62
-66
-68
-62
-44
-21
-12
-31
-38
-20
-9
13
34
26
12
4
-2
5
7
10
28
38
35
21
-1
-8
0
12
20
6
-9
-6
-14
-20
-9
-7
-11
-19
-5
16
7
-9
-24
-15
-3
13
37
26
28
27
25
50
54
51
40
34
48
54
53
38
22
20
27
32
17
3
-13
-16
4
9
1
-21
-31
-33
-27
-13
-19
-29
-31
-40
-50
-43
-33
-28
-8
6
11
13
2
2
11
22
45
55
61
57
39
34
28
21
36
43
38
40
22
1
-7
-14
-9
-9
-9
-25
-41
-45
-50
-51
-52
-57
-66
-68
-72
-79
-70
-60
-55
-48
-46
-49
-41
-19
-18
-20
-15
-5
15
16
17
22
21
20
22
35
33
23
10
12
29
22
15
7
-10
-19
-28
-24
-24
-31
-23
-23
-26
-33
-40
-45
-46
-38
-38
-39
-32
-20
-13
-9
2
12
18
29
34
33
42
40
34
47
55
65
70
56
46
33
30
47
49
33
33
30
16
12
1
-12
-3
9
10
0
0
-12
-21
-1
-4
-13
-11
-11
-12
-13
-13
0
19
35
41
25
19
25
33
41
33
27
33
36
38
29
20
16
18
20
12
-1
-6
-4
-21
-21
-29
-48
-42
-49
-61
-67
-60
-52
-53
-51
-59
-55
-49
-59
-57
-58
-56
-35
-24
-24
-17
-11
-15
-4
11
16
30
38
42
43
39
35
21
8
14
28
30
25
22
21
22
17
10
-1
-11
-13
-12
-19
-28
-44
-41
-19
-23
-27
-18
-16
-10
-16
-18
-6
8
24
28
24
25
20
16
29
37
39
28
32
42
47
56
45
30
9
2
15
13
12
9
3
0
-15
-21
-26
-33
-30
-31
-24
-22
-31
-37
-26
-24
-34
-26
-19
-16
0
14
24
22
25
33
30
39
44
43
57
55
49
55
54
51
51
41
31
20
10
5
0
-3
-14
-38
-49
-44
-62
-69
-63
-78
-73
-69
-69
-69
-71
-67
-68
-71
-78
-69
-47
-38
-27
-17
-19
-12
-3
0
12
18
13
19
34
44
57
57
43
44
46
38
25
19
28
22
10
14
7
-10
-9
-5
-9
-13
-18
-17
-7
-7
-4
-4
-20
-5
10
11
24
22
25
31
48
61
64
60
45
41
44
52
60
62
62
59
59
60
39
25
20
15
17
7
5
4
-2
-8
-17
-30
-44
-53
-58
-45
-32
-38
-36
-35
-40
-39
-33
-35
-34
-26
-20
9
25
17
17
14
18
20
19
22
17
30
47
36
30
28
16
21
17
12
9
2
-12
-20
-15
-28
-38
-38
-40
-55
-74
-65
-57
-51
-52
-54
-46
-49
-46
-47
-55
-59
-57
-46
-40
-29
-15
-13
-8
0
3
8
10
7
14
13
8
18
22
18
18
8
-1
-8
-10
-9
-7
2
0
-6
-19
-33
-38
-27
-26
-32
-18
-6
-3
-6
-6
-6
5
18
22
32
30
25
28
39
49
46
53
58
53
54
54
55
51
52
59
52
43
24
14
4
3
20
18
5
1
-3
-16
-26
-25
-23
-23
-30
-33
-30
-27
-21
-22
-32
-38
-35
-27
-15
2
8
6
15
23
26
20
17
24
21
31
36
18
22
34
26
19
13
1
-2
-14
-20
-15
-19
-22
-25
-25
-31
-40
-43
-51
-54
-44
-34
-34
-33
-26
-23
-23
-28
-30
-30
-14
-3
-8
5
18
22
24
18
11
20
27
19
21
23
24
14
11
16
3
9
-6
-14
-13
-28
-11
-17
-27
-25
-28
-28
-40
-30
-17
-17
-13
-11
-7
-5
0
13
18
15
11
6
23
36
35
45
41
49
49
44
49
38
43
39
39
45
33
33
34
28
15
4
6
2
0
-7
-11
-19
-17
-9
-27
-28
-29
-35
-36
-38
-21
-18
-16
-9
-13
-18
-21
-5
-3
-1
-4
-3
9
12
18
25
29
17
13
12
8
8
-2
2
5
10
8
-18
-28
-26
-28
-35
-30
-31
-34
-23
-19
-18
-32
-37
-35
-36
-22
-16
-14
-11
-8
-12
-18
-22
-17
2
16
17
26
13
0
8
5
10
20
21
10
11
16
9
8
7
5
-8
-8
-4
-18
-21
-20
-18
-11
-13
-16
-22
-19
-9
-5
1
2
1
-6
-5
6
10
17
26
24
20
25
32
31
34
40
49
45
46
53
43
32
26
25
20
28
32
23
24
19
20
8
-2
-6
-2
-2
-11
-2
-6
-18
-13
-19
-24
-19
-20
-20
-15
-12
-8
0
1
-1
-2
-6
-5
-3
0
2
8
16
19
10
0
3
1
-1
-1
-1
-9
-11
-12
-17
-15
-16
-19
-28
-34
-34
-32
-21
-15
-16
-21
-21
-22
-26
-13
-2
-4
0
7
9
1
9
16
9
17
20
18
23
21
24
25
21
15
9
9
16
16
3
14
11
-11
-15
-17
-26
-23
-16
-21
-26
-20
-24
-38
-41
-30
-24
-25
-24
-17
-8
-11
-6
6
11
12
10
15
19
21
28
30
27
28
24
34
36
35
50
36
29
37
36
29
24
23
10
5
8
15
6
-7
1
3
-7
-11
-10
-11
-18
-13
-9
-8
-6
-15
-13
-12
-7
5
8
11
8
0
8
3
-1
3
-4
4
0
-6
-2
-6
-3
-4
-11
-13
-15
-21
-30
-23
-22
-34
-23
-26
-36
-22
-28
-33
-29
-38
-31
-26
-24
-19
-9
0
-3
-2
-7
0
8
2
0
3
13
10
18
30
23
26
24
21
26
16
10
19
24
30
33
17
-4
-7
-12
-10
-7
-2
-2
-2
0
-1
-3
-17
-25
-31
-29
-14
-11
-11
0
7
0
-1
4
0
-4
8
7
4
17
5
8
26
19
19
19
20
24
22
32
30
21
11
7
6
11
16
9
7
5
3
5
10
16
4
1
-4
-2
0
-14
-8
-9
-9
9
12
3
9
4
-16
-4
5
6
14
12
7
8
6
-5
1
7
-1
2
2
-2
0
-13
-11
-8
-22
-21
-23
-22
-15
-18
-17
-18
-15
-17
-30
-31
-29
-27
-20
-15
-15
-16
-12
-12
-18
-20
-18
-4
-2
0
2
0
5
7
16
19
15
17
20
27
23
17
19
24
19
13
16
14
7
6
4
4
9
6
4
6
-7
-9
-4
-14
-10
-10
-13
-4
-7
-1
9
3
0
6
-1
5
8
-2
6
9
9
20
23
26
34
26
29
37
18
18
23
18
26
26
10
14
19
5
7
16
10
6
9
-2
-13
-8
-10
-10
-7
4
10
2
2
-5
-13
-11
-12
-13
-2
1
-10
1
8
3
10
4
-1
-6
-4
5
2
7
7
-1
-1
-1
-4
-21
-17
-10
-24
-13
-12
-22
-18
-28
-31
-25
-17
-21
-33
-15
-13
-21
