-4
-3
-4
-1
6
-1
2
15
13
-6
-9
6
-2
-7
-1
-1
-3
-5
-4
-4
-9
-11
-8
-3
-1
4
11
7
4
6
-4
-3
6
3
7
-3
-13
-4
-7
-5
-8
-4
2
-2
8
-1
1
4
-6
2
-4
-2
8
6
10
-1
-5
6
3
7
4
6
20
11
9
11
9
16
16
10
3
-3
-2
-8
0
9
1
7
9
6
0
-7
1
-3
-5
2
3
2
-7
-8
2
-3
3
15
0
-2
0
-11
-9
1
2
-7
-14
-12
-2
-12
-21
-7
-7
-8
-6
-6
2
9
1
-14
-5
-2
-9
-1
-6
-9
-9
-15
-14
-13
-17
-20
-14
-9
-3
-4
-17
-14
-12
-14
-5
-2
-1
3
1
-2
0
8
7
7
-1
-2
5
1
6
8
6
14
16
9
4
13
10
7
13
13
10
6
10
4
-2
-1
-12
-4
-2
-4
5
9
9
6
2
0
3
2
-2
-2
-3
-1
-2
-6
-3
0
1
-4
-3
2
0
3
8
4
0
-4
-4
-2
-13
-14
-5
-6
1
-6
-4
-3
-17
-6
3
-2
3
3
-1
-3
-7
-7
-4
-4
3
11
-2
-2
-3
-9
-1
-1
-6
-6
-6
-1
0
-8
-12
-3
-3
-7
1
-6
-11
-2
-2
-8
-13
-20
-14
-2
-6
-8
0
0
-4
-2
3
-2
-8
-11
-2
-6
-9
1
-3
1
8
4
6
2
-6
2
-2
-11
-8
-6
-4
-5
-7
-10
-5
0
-2
7
16
4
-1
10
9
6
9
16
9
2
9
9
12
9
4
6
10
11
10
17
18
11
5
0
1
2
8
2
-5
2
3
2
2
7
10
-4
-7
2
-2
2
6
-2
-3
-3
-7
-6
-5
-5
-4
-9
-9
-11
-7
-5
-6
-9
-11
-16
-21
-7
-9
-8
-2
-7
-15
-7
-8
-15
-2
-3
-4
-3
3
0
-5
3
3
2
-5
-14
-14
-1
3
-2
4
-7
-7
1
-3
5
9
9
17
21
25
18
3
11
8
3
8
2
11
10
2
8
-1
2
17
11
-2
5
8
1
9
7
0
10
5
-1
7
5
-1
2
-5
-3
4
0
-2
-3
-2
3
11
0
-6
3
-11
-12
10
5
-1
-2
-1
8
6
4
2
-6
0
4
-8
-6
-6
-13
-4
2
-6
-5
-10
-19
-19
-13
-5
-14
-13
-14
-18
-7
-7
-1
-9
-8
1
-1
1
-7
-4
-1
-12
-12
-18
-17
-4
-8
-15
-10
-8
-2
6
-4
-5
-3
-3
4
5
0
-8
-7
-8
-4
-1
-5
4
4
6
16
10
14
12
8
12
8
7
-1
-2
13
14
10
4
5
8
7
6
2
21
22
14
21
10
17
23
18
19
20
17
13
16
11
8
19
16
11
9
11
18
7
3
15
16
12
11
14
12
8
3
1
-1
-2
-4
-5
-7
-6
-5
-4
-5
-3
1
-2
-14
-16
-7
-13
-16
-8
-16
-15
-12
-21
-9
-5
-14
-15
-26
-21
-13
-12
-9
-18
-9
-5
-8
-3
-1
-2
-6
-20
-24
-13
-6
-10
-16
-7
-6
-13
-15
-8
-3
-9
-10
-8
-4
1
0
-3
3
0
-8
-2
-6
-9
-1
-2
0
5
8
3
3
12
16
18
11
8
14
10
7
3
3
12
11
4
13
19
10
13
19
7
5
5
6
14
15
17
19
14
5
5
12
15
12
14
12
-2
3
6
0
3
-3
-9
2
10
3
-6
-3
0
-2
-2
5
1
-8
-7
-7
-3
2
-1
-6
-4
-4
-10
1
0
-5
-8
-13
-7
-1
0
-10
-12
-7
-6
-6
-7
-9
-8
-2
-5
-5
-8
-11
-6
-12
-11
-10
-22
-15
-1
-3
-2
3
4
1
-12
-9
5
6
6
-1
2
3
-1
-1
-5
2
-1
-2
0
2
7
6
7
-2
1
10
13
10
15
11
5
13
1
2
9
4
7
8
4
10
5
7
9
-1
4
1
-3
5
4
3
3
4
8
-2
-7
4
-3
1
6
-7
-9
-7
-6
1
2
0
-3
-4
3
-2
-5
0
-3
5
6
-4
-5
-1
-2
-5
-2
0
-6
-12
-6
-5
-3
-7
-13
-6
-1
6
2
-6
-13
-21
-12
-10
-12
-10
-1
-5
-17
-13
-5
-1
-2
-5
4
6
-5
5
10
-2
4
3
-3
2
4
2
7
6
4
16
11
11
12
4
9
8
4
7
9
7
8
3
1
13
14
9
7
2
6
14
8
6
2
1
2
-10
-4
-6
-2
0
-6
3
-2
-8
-4
1
7
0
-9
-3
2
0
2
7
-3
-9
-4
2
9
16
3
5
8
-7
-11
-10
-7
-4
-3
-4
-5
-5
-8
3
2
-8
-1
0
3
0
-7
-5
-2
-3
1
10
-1
-8
2
11
8
-6
2
2
-5
3
4
12
-4
-5
9
-8
2
9
-11
-15
-5
-4
2
-1
-10
0
4
6
0
0
6
-7
-5
3
1
7
6
-6
-6
2
-1
4
5
2
3
0
2
-2
-6
-6
-4
3
-1
-1
8
3
-2
4
7
7
6
-5
-5
-3
-7
-2
1
1
3
7
1
-7
0
-1
3
4
-6
-10
2
4
-3
1
0
-9
-5
-9
-11
-12
-8
-6
-10
0
-4
-3
5
-3
0
6
2
8
4
-2
3
2
6
-8
-11
5
1
2
-3
-4
-2
-9
0
-1
-7
-2
-6
-1
4
3
4
-4
-2
6
5
1
2
2
4
3
1
-1
-4
-6
-3
-1
-2
5
3
2
14
10
7
9
1
-2
8
12
9
3
5
5
1
4
-3
-5
8
5
-5
-4
-4
-7
-8
-8
-5
-1
-1
-6
6
17
12
11
8
14
15
6
14
18
19
22
14
10
14
16
11
5
14
12
6
5
-5
-7
-2
-8
-15
-10
-7
-7
-6
-8
-10
-10
-7
-16
-9
1
-12
-9
-3
4
11
8
-1
3
18
22
28
25
21
22
12
10
14
18
18
15
11
7
5
1
-1
-9
-26
-34
-26
-36
-35
-20
-27
-37
-40
-46
-48
-38
-40
-37
-27
-37
-50
-37
-22
-22
-9
-14
-26
-18
-20
-15
4
13
11
0
-9
-3
9
15
12
5
-13
-20
-16
-9
-7
-12
-17
-22
-23
-24
-13
-16
-25
-15
-16
-21
-13
11
20
23
30
22
24
35
46
60
67
49
40
45
53
82
91
75
60
54
54
73
83
69
70
66
52
53
60
68
68
54
43
43
44
37
30
26
26
14
-9
-19
-31
-33
-23
-38
-56
-68
-74
-70
-64
-71
-85
-86
-90
-89
-95
-95
-86
-94
-101
-102
-98
-95
-88
-88
-93
-89
-90
-88
-80
-75
-82
-77
-65
-73
-59
-36
-32
-22
-25
-33
-17
3
20
8
-11
-10
4
28
37
30
9
11
41
68
97
98
85
81
95
135
164
168
166
165
165
170
202
219
232
234
198
186
186
194
227
228
185
135
104
99
126
152
129
79
2
-59
-36
10
23
-25
-152
-288
-319
-265
-209
-232
-354
-490
-555
-501
-381
-316
-362
-466
-519
-459
-320
-202
-155
-153
-152
-114
-31
67
166
251
291
279
247
256
312
400
453
401
285
177
144
207
258
211
62
-127
-236
-200
-111
-84
-183
-365
-460
-407
-265
-157
-178
-288
-369
-313
-158
-12
26
-29
-64
-30
83
203
258
254
223
226
274
340
378
371
350
337
345
350
350
350
351
339
281
238
232
247
302
296
233
162
112
142
232
326
314
183
26
-46
81
270
305
71
-382
-662
-511
-153
13
-296
-891
-1252
-1119
-679
-360
-496
-956
-1287
-1195
-760
-346
-204
-320
-475
-441
-191
156
425
556
590
571
582
634
735
915
1081
1105
913
614
471
576
794
878
636
167
-212
-268
-47
139
16
-371
-745
-861
-688
-434
-339
-481
-745
-905
-819
-540
-306
-284
-443
-595
-546
-318
-76
17
-79
-190
-160
-44
78
142
98
42
34
42
69
105
109
97
62
19
-4
-11
27
47
26
-5
-40
-45
-3
85
192
221
182
162
211
377
548
569
469
407
463
602
742
728
586
478
458
532
623
592
464
348
263
262
316
336
288
205
139
100
95
83
63
88
111
24
-197
-434
-491
-305
-109
-193
-617
-1069
-1130
-801
-413
-368
-789
-1263
-1321
-934
-423
-212
-422
-722
-782
-496
-62
200
223
155
129
207
355
458
542
657
695
588
388
208
218
420
527
375
12
-373
-502
-355
-173
-200
-496
-885
-1108
-1027
-792
-606
-619
-845
-1029
-972
-701
-393
-233
-259
-319
-261
-84
151
358
474
508
515
566
671
802
928
956
903
857
843
840
815
776
743
742
712
586
462
421
462
509
512
488
459
412
373
430
564
684
754
756
717
685
664
678
718
824
885
709
241
-519
-931
-447
243
119
-987
-2379
-2851
-1942
-824
-676
-1627
-2926
-3379
-2521
-1194
-556
-889
-1609
-1864
-1330
-377
491
884
800
589
586
931
1433
1772
1982
2150
1967
1442
1057
1169
1729
2125
1763
807
-126
-446
-18
556
528
-314
-1405
-1874
-1584
-1074
-777
-937
-1529
-2079
-2207
-1892
-1215
-797
-1060
-1353
-1419
-1408
-968
-273
67
101
-65
-347
-216
332
785
1011
986
581
195
365
859
1142
1009
574
149
22
196
364
364
161
-217
-480
-436
-234
-78
0
40
-26
-160
-40
354
687
837
820
699
743
965
1173
1459
1627
1376
1182
1325
1494
1642
1652
1375
1158
1135
1067
1086
1148
907
539
290
161
240
413
265
-484
-1469
-1773
-1125
-386
-549
-1802
-3138
-3165
-2000
-969
-873
-1764
-2893
-2979
-1873
-689
-205
-513
-1130
-1229
-623
234
877
1108
1019
834
784
976
1238
1428
1676
1733
1259
629
309
474
1003
1209
611
-379
-1125
-1238
-712
-202
-421
-1355
-2378
-2654
-2039
-1272
-987
-1384
-2164
-2559
-2110
-1197
-487
-404
-851
-1177
-863
-102
590
918
918
732
635
884
1300
1636
1821
1715
1347
1021
938
1118
1432
1493
1058
431
98
210
526
667
510
116
-358
-484
-128
294
457
315
-9
-39
347
664
894
1104
1167
1099
1052
1256
1495
1645
1792
1762
1506
1456
1554
1393
1356
1391
1196
1065
617
-737
-1594
-860
14
-106
-1452
-3457
-4163
-2925
-1502
-1294
-2389
-4058
-4665
-3555
-1780
-852
-1396
-2303
-2421
-1685
-400
758
1114
888
638
813
1484
2124
2344
2329
2419
2348
1829
1363
1568
2120
2251
1739
712
-172
-475
-342
140
269
-766
-1942
-2547
-3306
-2800
-1463
-1590
-1973
-2971
-4976
-4306
-1429
-542
-934
-1844
-3605
-3091
-494
942
1194
718
-601
-707
980
2320
2754
2466
1726
1292
1296
1852
2666
2546
1735
1298
860
671
1066
1132
1053
1148
466
-543
-510
136
579
771
546
-212
-617
-104
721
1363
1385
792
243
441
1092
1542
1839
1695
1057
648
986
1621
2090
1943
1219
836
664
839
1445
1406
438
-773
-1537
-1161
-51
-83
-1417
-2798
-3426
-2888
-1817
-1517
-2359
-3397
-3813
-3220
-2120
-1565
-1649
-1899
-1953
-1591
-839
-35
558
688
518
549
893
1316
1578
1884
2071
1798
1391
1167
1223
1735
1998
1359
590
-106
-641
-491
-73
-225
-1097
-2130
-2979
-3022
-2237
-1665
-1904
-2705
-3517
-3709
-2705
-1398
-954
-1416
-2036
-1982
-1156
199
1132
1125
809
682
1038
1898
2666
2783
2512
2271
2111
1970
2082
2463
2512
2131
1534
873
719
1123
1387
1103
327
-430
-770
-293
559
476
-163
-764
-967
-198
671
777
486
56
-139
465
982
1000
991
831
715
804
947
965
1272
1612
1153
703
615
564
861
1207
942
346
-132
-535
-493
-148
-138
-748
-1579
-1889
-1900
-1615
-1388
-1850
-2291
-2360
-2201
-1839
-1614
-1643
-1519
-1292
-1160
-945
-776
-492
-37
152
158
261
395
591
954
1109
954
864
717
738
952
799
582
354
153
113
-390
-994
-1023
-1042
-1060
-1143
-2162
-2873
-2483
-2099
-1669
-1660
-2466
-2836
-2232
-1409
-774
-566
-925
-1041
-584
163
909
1134
909
837
1044
1427
1947
2005
1739
1750
1671
1604
1754
1656
1540
1574
1317
1112
1032
921
946
935
813
680
578
526
627
666
632
604
589
697
837
843
435
295
531
796
1257
1272
637
35
167
790
1344
1518
1070
167
-34
996
1492
1321
1407
837
361
1197
984
-536
-361
423
130
-104
-1210
-3111
-2805
-987
-564
-1564
-2997
-4139
-3946
-2228
-811
-1466
-2952
-3428
-3118
-1944
-226
-52
-1143
-1583
-1254
-468
587
1088
606
245
524
899
1121
1184
1288
1385
1389
1215
1080
473
-186
387
689
356
-10
-1270
-2378
-1590
-719
-1010
-1323
-2344
-3117
-2393
-1445
-995
-1162
-1784
-1922
-1372
-836
-37
272
-119
152
380
443
1244
1633
1258
1466
1700
1434
1655
1873
1776
2003
1897
1394
1290
1305
1357
1567
1492
1159
972
706
685
943
782
735
672
355
342
417
453
751
721
334
533
530
510
882
662
579
823
758
869
1168
1020
1071
1253
1064
1313
1497
1533
1860
1394
115
-461
-188
481
1045
72
-1958
-3016
-2608
-1448
-752
-1670
-3450
-4587
-4283
-2790
-1808
-2091
-2953
-3796
-3777
-2516
-1294
-866
-967
-1561
-1692
-882
130
763
932
794
596
708
1079
1679
2198
2226
1929
1409
1083
1096
1105
1178
1089
384
-394
-747
-1086
-917
-752
-1574
-2174
-2518
-2731
-2162
-1809
-2220
-2518
-2542
-2333
-1675
-1321
-1285
-1037
-779
-406
93
490
791
1041
1275
1585
1921
1991
2069
2329
2447
2519
2373
2082
2125
2240
2232
2140
1794
1427
1395
1380
1319
1168
695
515
640
656
534
414
380
358
546
545
323
309
380
553
806
749
495
743
1027
1124
1279
879
672
1261
1700
1652
1394
618
-199
420
1640
1661
576
-1006
-2128
-1505
145
469
-1132
-3044
-3859
-3308
-1950
-1055
-2063
-3762
-4014
-3466
-2672
-1724
-1699
-2487
-2717
-2317
-1854
-1072
-445
-447
-538
-383
-152
124
660
1231
1496
1205
838
754
895
1686
2171
1690
1077
199
-533
221
1009
622
121
-1247
-2584
-1851
-801
-808
-1273
-2460
-3645
-3018
-1647
-1275
-1668
-2325
-2616
-2191
-1233
-429
-356
-551
-394
-151
282
1184
1569
1423
1560
1720
1775
2071
2396
2428
2475
2504
2274
1972
1884
2107
2276
2108
1651
1223
1115
1394
1602
1241
727
523
542
752
984
819
446
157
277
662
786
846
729
374
414
704
748
1033
1204
918
805
926
1326
1566
1353
1284
1297
1306
1776
1399
-78
-352
181
482
737
-235
-2284
-2944
-2000
-1194
-1197
-2296
-3906
-4759
-4062
-2540
-2142
-2960
-3861
-4405
-3929
-2383
-1488
-1751
-2104
-2278
-1863
-854
-77
226
262
247
507
884
1071
1543
2005
2040
1859
1478
1175
1328
1761
1998
1534
121
-489
-164
-220
232
-28
-1873
-2467
-1807
-2077
-1800
-1385
-2623
-3076
-2439
-2343
-2054
-1537
-1602
-1677
-1519
-1103
-477
-221
334
769
419
677
1329
1363
1835
2506
2129
1855
2154
2225
2524
2867
2535
2048
1865
1904
2089
2074
1727
1363
1085
1051
1273
1216
882
732
607
519
631
652
564
456
275
258
417
493
805
863
410
546
769
882
1464
1552
1099
1062
1081
1184
1829
2058
1968
1431
81
-256
440
992
1329
274
-2048
-2880
-2023
-1100
-646
-1721
-3736
-4718
-4149
-2718
-2036
-2707
-3747
-4506
-4316
-2902
-1874
-1959
-2124
-2376
-2302
-1335
-488
-118
129
233
319
520
783
1362
1990
2071
1922
1486
1061
1464
2074
2163
1801
715
-442
-290
474
845
445
-1153
-2612
-2590
-1785
-1149
-1280
-2515
-3712
-3697
-2824
-1903
-1622
-2123
-2762
-2776
-2087
-1062
-308
-217
-419
-513
-96
798
1567
1911
1904
1789
1883
2273
2738
3139
3100
2697
2478
2505
2750
2986
2934
2515
1968
1780
1909
2014
2038
1709
1005
704
810
872
981
792
260
-107
-96
230
403
340
126
-48
67
319
618
650
628
682
753
983
1143
1238
1414
1649
1721
1491
599
20
649
1168
1216
526
-1293
-2367
-1590
-608
-593
-1584
-3282
-4223
-3563
-2370
-2119
-3037
-4024
-4387
-3996
-2847
-2109
-2433
-2882
-2852
-2349
-1522
-757
-605
-774
-629
-162
291
675
1239
1440
1414
1565
1530
1584
1783
1915
1897
1648
1292
1279
918
243
523
327
-235
-188
-1078
-2122
-1716
-1383
-1845
-1974
-2600
-3365
-2985
-2343
-2080
-2268
-2678
-2747
-2290
-1543
-750
-607
-962
-675
-71
457
1242
1673
1454
1614
2198
2490
2749
2951
2864
2893
3072
3095
3017
2838
2673
2683
2558
2350
2244
1974
1636
1631
1435
995
953
706
319
263
213
149
132
-32
-120
-6
-62
203
367
162
509
755
643
1025
1289
1001
1333
1882
1959
2215
1969
935
473
998
1737
1930
915
-870
-1936
-1463
-208
-18
-1417
-3107
-4075
-3748
-2483
-2067
-3035
-4229
-4814
-4488
-3386
-2570
-2754
-3315
-3498
-3104
-2251
-1357
-1089
-1252
-1173
-852
-375
256
768
1027
1229
1255
1119
1267
1744
2097
2131
1842
1380
1181
1177
1329
1316
754
206
-261
-836
-888
-722
-1209
-1718
-2199
-2799
-2718
-2319
-2298
-2575
-2961
-3149
-2787
-2160
-1665
-1505
-1723
-1639
-982
-204
431
831
807
855
1521
2194
2562
2753
2752
2782
3016
3351
3503
3352
3183
3121
2973
2911
2933
2714
2424
2237
1943
1589
1427
1424
1262
892
598
297
103
279
383
75
-221
-295
-273
38
389
458
273
155
438
825
1079
1263
1281
1194
1574
1967
1409
724
726
1071
1472
1427
195
-1295
-1356
-431
15
-566
-1886
-3200
-3452
-2522
-1792
-2304
-3408
-4081
-4231
-3630
-2589
-2471
-3109
-3410
-3361
-2811
-1928
-1503
-1522
-1650
-1459
-865
-381
-74
406
642
634
903
980
1134
1585
1780
1695
1508
1319
1447
1649
1155
931
790
212
404
248
-756
-1123
-1181
-1502
-1423
-1608
-2326
-2631
-2815
-2603
-2193
-2283
-2373
-2436
-2502
-1991
-1195
-916
-796
-588
-437
75
880
1437
1622
1626
1775
2126
2530
3033
3340
3107
2851
2974
2973
3087
3355
3114
2713
2505
2415
2201
2078
2033
1689
1332
1102
866
533
544
590
313
135
-26
-99
-5
272
266
11
-50
105
502
794
954
684
527
1014
1495
1942
1747
674
136
731
1464
1851
1199
-548
-1354
-829
50
360
-666
-2246
-3170
-2954
-1960
-1600
-2492
-3495
-4122
-4152
-3216
-2503
-2737
-3207
-3573
-3512
-2754
-1982
-1696
-1762
-1843
-1589
-1168
-682
-15
335
419
591
545
697
1246
1680
1859
1596
1212
1268
1460
1742
1902
1007
280
438
313
432
348
-716
-1471
-1527
-1466
-1330
-1561
-2210
-2643
-2909
-2672
-2091
-2102
-2319
-2267
-2325
-2044
-1099
-622
-634
-339
-79
274
965
1485
1716
1860
2104
2453
2662
2863
3168
3168
3041
3157
3125
2990
3048
3038
2783
2534
2399
2105
1921
1954
1824
1452
1073
789
667
849
909
635
120
-121
156
461
569
378
31
-111
371
910
952
731
482
645
1145
1715
1579
520
-53
506
1297
1592
1071
-526
-1563
-875
216
339
-737
-2184
-3183
-2906
-1744
-1432
-2446
-3657
-4159
-3922
-3013
-2313
-2707
-3535
-3794
-3284
-2558
-2075
-1925
-2092
-2196
-1741
-1066
-750
-359
-16
-11
230
464
701
1067
1267
1437
1369
1102
1248
1597
1560
1628
1119
264
531
677
649
547
-496
-1370
-1215
-909
-878
-1029
-1955
-2614
-2459
-2146
-1644
-1664
-2188
-2362
-2190
-1701
-841
-545
-838
-675
-373
124
975
1235
1211
1381
1589
2083
2540
2651
2688
2730
2665
2816
3043
2963
2955
2841
2575
2517
2514
2394
2256
2053
1723
1594
1458
1282
1254
1013
753
635
492
433
529
477
271
283
324
339
528
654
543
510
705
1011
1252
1325
1144
527
307
946
1432
1262
649
-370
-1011
-390
445
190
-950
-2044
-2615
-2443
-1664
-1518
-2509
-3581
-3877
-3555
-3011
-2568
-2774
-3569
-3810
-3224
-2624
-2206
-2031
-2225
-2385
-1970
-1214
-704
-460
-275
-186
-122
216
759
1052
1109
1213
1179
1109
1337
1662
1623
1388
1191
1030
905
713
641
191
-172
-132
-492
-928
-1287
-1565
-1658
-1615
-1768
-2176
-2548
-2633
-2300
-2019
-1882
-1862
-2005
-1905
-1399
-806
-428
-224
-119
44
573
1148
1486
1691
1748
1971
2274
2589
2890
2876
2775
2847
2950
3017
3155
3090
2795
2542
2453
2461
2474
2464
2125
1629
1367
1324
1309
1373
1219
712
369
319
587
769
739
416
12
121
426
715
762
679
557
546
818
654
307
424
703
689
450
-147
-858
-754
-191
-62
-786
-1794
-2331
-2379
-1865
-1395
-2049
-3235
-3585
-3257
-2764
-2296
-2374
-3142
-3546
-2978
-2287
-1924
-1831
-2021
-2200
-1874
-1086
-546
-513
-531
-392
-226
105
638
831
623
792
1007
993
1203
1319
1176
1094
1099
998
995
501
289
546
78
81
-206
-1200
-1346
-897
-957
-1268
-1645
-2416
-2362
-1832
-1575
-1566
-2109
-2388
-1931
-1417
-987
-639
-931
-1122
-428
211
620
1040
882
790
1266
1836
2324
2380
2222
2225
2380
2689
3061
3096
2737
2624
2678
2621
2692
2749
2456
2172
2095
1899
1743
1733
1664
1472
1257
1034
895
803
760
829
741
521
351
392
528
699
802
633
570
659
884
899
335
107
458
701
747
404
-588
-1132
-531
64
-175
-1076
-2071
-2522
-2211
-1427
-1329
-2466
-3425
-3463
-3079
-2478
-2083
-2642
-3483
-3389
-2730
-2142
-1936
-2016
-2187
-2276
-1705
-978
-829
-778
-559
-474
-299
155
451
497
639
858
952
970
1118
1294
1193
1193
1286
1147
991
964
833
491
459
289
-106
-365
-635
-823
-1058
-1236
-1494
-1807
-1967
-1946
-1989
-2132
-2071
-2032
-2036
-1894
-1694
-1596
-1304
-906
-662
-433
-192
140
525
904
1266
1523
1606
1865
2209
2346
2608
2818
2842
2873
2953
3019
3030
3048
2984
2824
2712
2632
2503
2353
2157
1999
1908
1825
1612
1367
1179
1012
1039
954
771
514
353
495
554
484
336
294
320
594
645
-74
-460
-40
496
612
171
-811
-1477
-921
120
150
-942
-1976
-2427
-2074
-1142
-833
-1881
-3034
-3211
-2754
-2036
-1688
-2081
-2946
-3211
-2551
-1868
-1689
-1861
-2031
-2148
-1774
-1092
-861
-896
-747
-557
-424
-173
138
295
358
609
714
653
713
918
1069
1021
1115
994
757
736
832
799
645
447
-294
-548
-331
-253
-261
-908
-1778
-2118
-1658
-1164
-1151
-1822
-2628
-2600
-1997
-1264
-1002
-1522
-1970
-1642
-989
-217
293
29
-302
61
752
1429
1856
1661
1461
1615
2095
2670
2833
2675
2545
2569
2674
2943
3034
2768
2614
2585
2411
2325
2377
2233
2082
1935
1697
1438
1314
1403
1380
1130
797
566
397
559
859
682
268
-28
37
375
777
778
46
-641
-429
411
878
576
-424
-1439
-1227
-21
595
-96
-1426
-2326
-2186
-1247
-531
-1090
-2457
-3224
-2978
-2283
-1664
-1744
-2621
-3310
-3157
-2412
-1880
-1801
-2010
-2363
-2292
-1676
-1144
-1020
-888
-730
-649
-483
-210
61
221
516
724
581
483
734
1025
1179
1295
1110
743
685
916
989
897
635
188
-89
-83
22
-146
-517
-901
-1215
-1326
-1276
-1250
-1446
-1697
-1864
-1917
-1785
-1538
-1375
-1374
-1424
-1379
-1095
-706
-356
-124
-79
41
382
788
1176
1443
1507
1575
1754
2037
2363
2534
2529
2532
2579
2612
2728
2785
2688
2598
2527
2404
2296
2228
2129
2034
1847
1618
1411
1267
1238
1242
1089
744
474
384
516
658
627
397
66
-8
257
575
667
579
178
-309
-224
330
731
590
-39
-826
-1024
-418
181
-50
-1064
-1970
-2200
-1752
-1138
-1206
-2140
-3070
-3239
-2774
-2220
-2082
-2517
-3142
-3292
-2838
-2248
-2005
-2099
-2229
-2195
-1886
-1402
-1062
-908
-748
-606
-457
-311
-71
332
606
650
641
578
631
1076
1383
1263
1021
775
776
971
1108
999
641
300
189
276
209
11
-308
-744
-854
-704
-714
-996
-1388
-1681
-1570
-1209
-1063
-1247
-1607
-1655
-1241
-757
-501
-551
-763
-599
-9
551
856
858
831
1016
1487
1939
2101
2126
2132
2248
2417
2558
2584
2533
2599
2623
2508
2351
2163
2096
2142
2083
1851
1498
1204
1155
1256
1212
1013
693
415
434
546
627
548
281
122
181
392
544
462
234
158
412
718
661
254
-28
105
532
796
344
-530
-930
-606
-14
94
-670
-1718
-2169
-1795
-1152
-1084
-1855
-2769
-3109
-2717
-2014
-1886
-2406
-2947
-3058
-2588
-1993
-1851
-2086
-2215
-2016
-1570
-1181
-1131
-1180
-975
-588
-249
-151
-249
-215
109
502
690
594
369
352
590
884
1011
826
527
371
464
671
748
524
173
-14
-30
54
74
-125
-423
-561
-605
-647
-686
-766
-808
-773
-736
-750
-749
-683
-484
-218
-73
-6
60
183
481
857
1079
1173
1239
1310
1487
1707
1837
1896
1836
1740
1723
1719
1740
1746
1612
1409
1291
1181
1094
1068
999
877
701
539
470
514
614
615
521
388
341
454
546
577
548
500
497
564
645
690
703
690
754
773
751
730
677
662
729
758
525
270
171
178
274
238
-121
-631
-878
-812
-728
-847
-1225
-1746
-2082
-1997
-1788
-1844
-2133
-2479
-2635
-2512
-2282
-2151
-2294
-2419
-2325
-2141
-1935
-1817
-1770
-1696
-1452
-1183
-1034
-994
-996
-809
-525
-271
-211
-317
-328
-164
163
403
388
213
156
313
521
680
640
433
328
406
531
553
418
265
211
275
404
368
168
82
147
265
374
308
182
186
310
580
746
640
558
601
726
977
1142
1048
886
871
974
1099
1156
1056
899
782
808
866
765
693
633
524
501
486
412
367
428
455
424
365
313
377
467
587
560
415
417
511
639
772
791
628
558
691
798
860
827
715
669
703
768
742
647
605
610
542
426
356
247
179
203
81
-163
-329
-404
-440
-476
-599
-841
-1082
-1166
-1128
-1134
-1246
-1436
-1584
-1623
-1579
-1555
-1600
-1670
-1700
-1676
-1641
-1606
-1583
-1546
-1504
-1427
-1346
-1305
-1260
-1208
-1087
-969
-931
-902
-861
-790
-629
-494
-489
-525
-474
-364
-246
-143
-150
-170
-155
-73
50
124
202
223
222
286
433
542
581
611
602
663
769
859
878
852
871
901
950
989
1003
970
953
972
957
955
932
894
867
822
791
743
714
701
644
599
561
497
464
480
483
445
390
333
311
352
415
405
302
224
232
314
396
379
297
229
252
368
434
410
399
376
357
419
504
487
426
412
345
355
425
409
362
287
253
246
244
208
170
145
114
98
16
-77
-94
-55
-60
-150
-304
-417
-430
-426
-439
-544
-686
-737
-764
-834
-896
-978
-1074
-1113
-1145
-1218
-1321
-1371
-1366
-1353
-1351
-1394
-1463
-1459
-1348
-1257
-1235
-1253
-1293
-1234
-1082
-973
-914
-916
-922
-812
-662
-546
-479
-430
-375
-277
-132
-35
40
107
203
331
419
528
617
621
622
712
780
810
903
891
828
875
916
926
936
908
857
836
863
901
875
806
774
728
686
750
776
714
666
614
571
573
603
593
536
463
386
350
363
411
408
303
178
131
167
234
288
220
80
70
150
219
274
242
173
172
216
288
324
289
270
281
268
313
337
267
265
300
315
357
329
230
201
233
279
313
224
87
57
48
82
101
-46
-177
-241
-255
-208
-225
-359
-526
-637
-666
-622
-646
-783
-938
-1029
-1038
-1041
-1061
-1116
-1192
-1228
-1222
-1204
-1197
-1195
-1164
-1133
-1114
-1089
-1048
-988
-913
-809
-753
-730
-657
-585
-499
-377
-322
-320
-276
-178
-84
-15
54
37
9
70
160
227
232
226
204
228
348
390
377
384
418
459
505
531
526
570
614
629
613
620
673
720
758
737
719
739
780
818
799
755
729
730
752
749
690
627
590
612
644
595
475
369
339
367
395
310
160
77
72
95
105
70
1
-46
-37
4
15
16
26
26
19
51
98
129
171
202
193
184
209
240
241
231
231
217
177
153
157
144
136
124
47
-18
-31
-57
-105
-172
-239
-291
-333
-372
-438
-520
-585
-608
-650
-690
-715
-794
-856
-865
-844
-826
-831
-874
-910
-873
-822
-762
-740
-765
-760
-714
-661
-612
-568
-561
-532
-487
-440
-375
-353
-353
-322
-291
-279
-248
-224
-226
-214
-176
-126
-82
-45
-28
-26
10
85
122
141
165
207
271
328
382
394
397
466
527
537
550
590
632
669
711
707
687
721
771
794
752
700
682
671
690
688
615
521
498
505
475
458
402
307
260
246
221
169
113
69
15
-11
-5
-13
-22
-24
-42
-64
-76
-63
-34
-12
12
16
12
42
92
99
77
71
59
77
99
87
71
75
81
69
43
9
3
0
-21
-28
-55
-110
-147
-152
-172
-214
-257
-324
-357
-346
-363
-399
-415
-449
-480
-492
-527
-524
-509
-525
-535
-547
-525
-482
-454
-450
-462
-461
-433
-374
-343
-335
-307
-323
-335
-301
-247
-224
-233
-245
-274
-270
-231
-182
-168
-182
-196
-210
-179
-121
-81
-78
-77
-73
-47
12
68
90
77
85
105
157
235
298
332
326
337
382
449
516
540
534
542
560
601
637
635
623
610
599
589
576
554
532
518
502
457
406
374
332
309
300
266
214
164
155
152
133
120
92
61
58
72
56
31
21
34
53
42
5
-40
-67
-30
15
-26
-71
-110
-161
-119
-49
-62
-123
-185
-231
-211
-153
-128
-181
-274
-302
-260
-226
-227
-276
-366
-356
-280
-256
-262
-314
-348
-314
-272
-264
-280
-313
-319
-275
-252
-245
-236
-252
-256
-215
-180
-170
-176
-194
-203
-181
-137
-121
-142
-167
-165
-157
-166
-161
-162
-174
-168
-175
-211
-217
-187
-173
-194
-219
-233
-214
-156
-118
-132
-150
-131
-86
-29
31
65
56
67
132
207
264
284
283
287
322
371
401
412
395
398
418
427
449
443
428
434
453
471
457
443
425
424
446
435
411
382
355
356
363
360
351
326
296
294
309
294
284
255
218
213
201
190
173
140
127
117
86
48
23
4
-11
-23
-51
-95
-135
-156
-172
-190
-221
-274
-324
-342
-342
-330
-338
-384
-405
-392
-364
-331
-313
-311
-327
-326
-284
-246
-228
-222
-222
-235
-206
-155
-141
-123
-103
-106
-113
-98
-78
-73
-72
-59
-67
-88
-88
-88
-90
-87
-86
-119
-149
-141
-138
-141
-151
-165
-172
-172
-163
-167
-184
-190
-177
-172
-185
-194
-179
-160
-128
-102
-106
-89
-46
-1
20
40
73
83
116
156
171
176
189
224
252
273
286
281
285
322
327
300
284
288
298
312
313
281
264
283
297
281
257
245
242
264
285
282
269
265
275
282
280
291
283
265
258
237
214
192
188
176
134
110
80
33
37
42
5
-37
-91
-134
-156
-161
-188
-240
-280
-319
-324
-328
-337
-345
-385
-403
-404
-399
-377
-368
-372
-364
-345
-339
-307
-274
-264
-222
-191
-183
-156
-128
-94
-64
-54
-40
-23
-13
17
45
42
43
33
8
-1
-9
-14
-27
-52
-63
-78
-87
-79
-86
-90
-97
-125
-139
-125
-102
-94
-107
-112
-108
-91
-60
-33
-28
-35
-38
-14
20
29
46
59
53
78
106
98
116
143
142
149
148
144
162
170
196
208
185
186
202
221
239
247
226
201
216
227
241
248
238
235
237
253
270
262
257
270
266
254
244
235
227
199
189
180
160
157
107
46
28
9
-6
-28
-71
-112
-143
-161
-158
-184
-238
-271
-286
-288
-282
-287
-323
-353
-351
-355
-337
-311
-298
-298
-315
-306
-280
-255
-232
-216
-201
-184
-159
-134
-114
-99
-64
-32
-11
11
17
30
58
71
78
67
44
41
52
62
58
36
13
8
25
39
37
4
-16
-10
-5
8
-10
-26
-19
-2
12
-1
-18
-22
-11
23
46
34
19
26
41
49
54
46
29
35
40
42
38
17
11
21
33
36
24
19
29
42
61
58
39
46
74
91
106
113
105
119
146
166
186
194
204
214
232
245
245
252
256
271
268
256
252
220
213
220
205
184
150
119
111
101
72
23
-29
-62
-71
-91
-120
-158
-209
-251
-271
-285
-305
-317
-350
-384
-378
-372
-360
-341
-338
-344
-342
-323
-282
-260
-246
-220
-204
-190
-157
-120
-89
-57
-47
-41
-20
8
37
48
66
69
55
57
70
86
84
81
74
54
61
85
98
91
79
73
69
87
120
111
80
61
66
94
112
114
103
83
97
116
124
139
130
112
113
126
126
129
135
119
104
101
97
83
61
33
9
-6
-4
-4
-16
-28
-40
-57
-75
-70
-81
-92
-98
-100
-90
-79
-48
-41
-45
-19
10
38
52
64
82
88
112
134
143
155
164
161
163
181
183
167
158
162
166
155
133
109
79
60
44
30
20
-20
-56
-80
-102
-116
-130
-141
-166
-205
-215
-213
-217
-218
-232
-261
-270
-244
-218
-204
-209
-207
-196
-177
-141
-112
-108
-112
-93
-74
-50
-33
-42
-36
-24
-12
-14
-17
-15
-6
10
19
17
-3
-1
4
7
9
0
-5
9
36
58
59
59
74
90
107
107
106
117
133
156
164
160
163
168
180
183
177
179
161
155
159
155
155
141
127
105
82
73
54
44
24
-13
-36
-46
-61
-86
-98
-112
-134
-153
-165
-167
-171
-172
-179
-186
-186
-178
-165
-156
-131
-102
-81
-66
-49
-38
-19
6
24
51
73
85
86
89
95
105
108
97
94
87
77
85
81
52
35
26
23
4
-22
-39
-48
-53
-62
-78
-104
-111
-86
-78
-85
-86
-101
-101
-88
-72
-54
-53
-46
-40
-27
-14
-12
-1
4
25
48
33
11
3
3
7
15
9
-15
-33
-58
-61
-44
-51
-58
-70
-82
-72
-66
-59
-59
-75
-61
-32
-13
9
16
19
41
63
83
108
113
116
134
137
140
156
182
219
239
241
237
229
214
191
174
156
140
113
83
53
18
18
21
4
-28
-71
-115
-149
-164
-166
-165
-178
-196
-214
-225
-211
-190
-180
-179
-170
-160
-148
-136
-135
-126
-94
-58
-49
-50
-39
-25
11
48
71
74
66
58
52
57
52
49
50
51
47
32
34
45
47
40
16
-16
-38
-57
-60
-44
-22
2
13
4
-7
4
26
52
72
62
41
24
18
44
73
81
66
43
48
65
73
83
84
59
45
44
43
45
18
-19
-59
-87
-63
-28
-22
-49
-85
-116
-116
-89
-69
-73
-90
-89
-81
-69
-55
-49
-21
21
52
73
87
93
96
112
127
148
181
195
180
143
113
138
178
190
164
102
62
63
82
90
70
47
19
-28
-65
-72
-57
-48
-92
-158
-179
-143
-84
-66
-134
-229
-275
-244
-179
-143
-153
-189
-228
-221
-186
-160
-124
-90
-68
-84
-115
-111
-60
-2
1
-35
-45
0
62
63
8
-42
-31
47
106
85
-2
-69
-58
0
76
131
101
-3
-73
-26
98
201
203
116
36
45
121
182
213
216
183
163
164
153
167
207
225
181
97
43
55
112
139
117
49
-38
-48
9
51
20
-87
-172
-146
-57
5
-30
-105
-104
-97
-95
-74
-97
-150
-179
-188
-210
-212
-162
-85
-50
-64
-70
-53
-5
83
179
189
128
83
63
89
160
230
248
253
285
279
235
235
259
220
185
188
129
-75
-539
-1058
-1039
-196
843
1086
261
-886
-1200
-342
825
1134
270
-786
-1000
-472
-33
-121
-351
-214
233
442
120
-407
-605
-320
124
315
94
-332
-683
-834
-782
-511
78
705
795
347
-113
-275
-105
296
630
563
-11
-710
-994
-678
35
512
402
100
-18
30
134
284
389
229
-155
-351
-168
46
120
206
170
19
155
541
726
604
411
306
235
66
-198
-334
-106
280
307
-10
-221
-193
28
416
584
165
-465
-653
-313
-11
-108
-388
-428
-50
353
256
-319
-590
-86
514
521
89
-393
-631
-371
94
213
-51
-113
191
261
100
95
105
-36
-49
210
428
302
-157
-453
-210
375
835
670
33
-347
-175
246
374
-2
-358
-134
258
135
-281
-465
-464
-418
26
658
574
-186
-712
-684
-440
-78
220
127
-68
24
149
-45
-420
-577
-172
633
928
292
-554
-834
-546
-184
7
146
177
8
-149
-225
-294
-211
43
211
206
147
9
-363
-571
-184
323
477
422
118
-363
-336
158
352
95
-114
93
311
251
105
-257
-542
-116
679
1015
791
264
-349
-483
63
651
527
-95
-219
169
357
200
-234
-662
-480
118
279
39
-65
-109
-289
-355
-252
-222
-172
-3
74
30
-9
-152
-320
-206
93
215
80
-111
-205
-140
48
166
137
17
13
261
110
-504
-431
331
790
636
199
-115
-188
-91
20
35
109
346
309
21
26
-82
-488
-523
-102
331
425
7
-512
-553
-277
150
450
88
-427
-464
-104
368
477
91
-202
-88
-61
-345
-441
13
506
528
400
153
-473
-1083
-1045
-144
925
1020
171
-422
-417
-484
-618
-267
366
573
357
184
24
-407
-739
-226
645
740
231
-80
-232
-494
-380
273
791
708
235
-101
-163
-264
-395
52
1053
1342
427
-559
-715
-171
426
537
317
211
165
133
279
193
-442
-931
-541
304
733
582
67
-564
-915
-659
40
417
2
-362
165
613
3
-848
-950
-390
421
1033
886
-59
-1023
-1092
-294
561
742
216
-250
-201
92
274
115
-248
-287
220
783
692
-203
-1104
-1019
-96
712
851
386
-256
-582
-388
60
259
46
-225
-36
482
437
-358
-915
-724
-183
475
871
600
-24
-498
-623
-381
-33
104
172
359
331
-185
-677
-660
-344
157
731
796
148
-599
-907
-596
77
421
327
108
-186
-419
-516
-454
-116
293
504
412
-36
-564
-700
-296
337
743
693
331
-97
-356
-299
-125
27
289
574
615
430
95
-259
-311
-113
191
543
552
230
67
13
-205
-408
-354
6
469
694
602
206
-437
-858
-594
140
656
478
10
-190
-287
-452
-505
-371
-11
405
470
252
-117
-591
-699
-253
339
645
475
-16
-355
-335
-161
6
126
200
261
265
72
-356
-745
-595
55
542
471
37
-314
-410
-385
-194
163
315
246
268
251
-4
-367
-526
-265
171
425
419
174
-150
-286
-192
-70
-66
-49
178
344
174
-65
-214
-317
-246
67
385
430
136
-262
-333
-106
29
-21
-112
-78
46
-5
-206
-350
-412
-369
-32
445
474
-47
-510
-537
-329
-16
311
406
250
97
111
132
-52
-238
-50
412
635
394
-22
-251
-268
-144
125
361
344
137
-51
-42
99
93
-52
-40
187
403
371
121
-94
-181
-163
-23
188
252
176
111
-47
-259
-354
-228
33
200
197
44
-167
-291
-275
-50
263
276
8
-95
-17
-43
-106
-98
-131
-120
64
180
15
-219
-250
-217
-239
-161
-29
27
12
-50
-157
-224
-193
-135
-84
-16
69
69
-24
-38
8
-32
-50
49
131
165
205
190
33
-149
-83
165
229
77
-59
-104
-69
-39
-9
152
255
93
-89
-108
-95
-94
-100
-11
199
220
42
-109
-263
-322
-140
104
186
62
-84
-73
-100
-229
-240
-158
-27
154
210
163
59
-208
-317
-61
207
234
114
81
158
115
1
-13
11
74
231
286
154
29
-27
-19
23
27
-18
-70
-38
60
134
204
169
-106
-321
-142
141
200
161
108
-12
-93
-95
-92
-40
106
257
347
267
-2
-231
-310
-231
-28
180
271
115
-168
-303
-274
-200
-115
-58
-1
83
70
-56
-200
-326
-316
-103
109
148
38
-107
-195
-209
-118
-9
-1
13
62
-5
-136
-168
-94
-3
75
163
131
-52
-103
11
54
115
256
297
195
25
-34
36
42
49
175
288
261
104
-102
-191
-184
-119
70
200
144
37
-56
-122
-95
-94
-126
-57
18
54
52
-1
-18
-13
-4
30
55
23
5
95
166
67
-114
-142
-30
9
-11
-2
-10
-63
-70
-20
25
44
9
13
95
110
12
-59
-45
-25
-11
43
148
177
50
-72
-102
-133
-143
-37
106
169
124
19
-88
-194
-234
-131
81
277
295
123
-44
-102
-132
-105
-14
64
94
88
107
57
-125
-285
-323
-256
-120
70
176
48
-153
-231
-237
-217
-135
-35
16
37
46
11
-126
-275
-249
-80
79
157
187
155
5
-162
-180
-79
-13
54
181
257
190
-17
-202
-208
-69
150
318
297
190
123
54
7
40
74
71
99
153
166
81
-72
-119
-50
58
195
250
173
15
-82
-25
20
4
79
187
132
-14
-83
-98
-66
24
143
237
185
48
-49
-139
-157
-33
111
150
126
80
-24
-195
-284
-202
-92
23
128
132
63
-15
-114
-194
-176
-109
-22
59
82
69
17
-36
-56
-62
-69
-80
-13
95
101
-5
-95
-104
-92
-114
-102
-31
1
-16
-10
56
42
-69
-109
-114
-101
13
65
-45
-134
-116
-49
-20
-61
-95
-110
-96
-47
-45
-84
-111
-85
-45
-28
3
11
-14
-47
-47
-14
-18
-52
-49
40
160
156
1
-129
-128
-43
44
122
173
152
83
-28
-129
-93
1
81
209
298
237
85
-26
-51
-7
92
178
223
212
125
38
-19
-23
71
175
199
168
114
86
70
39
48
65
58
73
84
60
53
85
91
42
9
14
20
4
-25
-34
-59
-49
-7
-29
-49
-49
-76
-56
-27
-77
-124
-104
-50
-17
-27
-54
-68
-67
-44
-4
-22
-54
-57
-66
-44
-10
-10
-44
-110
-142
-81
-41
-67
-51
-14
-20
-59
-120
-140
-93
-73
-61
-24
-20
-38
-47
-24
-11
-34
-49
-53
-82
-101
-11
88
54
-53
-108
-69
-26
-14
-2
1
-8
24
53
-7
-102
-130
-90
-1
101
109
26
-33
-52
-36
39
113
97
33
-51
-109
-83
-24
23
84
174
188
97
-4
-77
-79
21
156
223
168
56
24
51
43
58
129
192
217
216
190
89
-15
-17
33
93
159
192
180
130
24
-89
-110
-51
44
177
194
61
-41
-86
-124
-131
-81
0
49
72
73
14
-75
-170
-234
-172
-41
32
59
83
36
-89
-174
-177
-107
-48
-34
0
4
-78
-167
-185
-189
-195
-139
-11
90
60
-47
-144
-189
-161
-103
-13
61
15
-83
-94
-32
-22
-73
-91
-46
-12
-10
14
23
-16
-41
-38
-13
9
23
62
80
90
84
0
-50
-5
45
90
118
85
24
4
35
39
2
-10
9
33
40
39
37
11
-34
-25
53
101
53
4
5
9
31
62
71
73
98
124
75
-1
-45
-18
94
185
210
173
91
-7
-82
-73
17
103
132
161
176
102
-40
-133
-103
5
96
148
145
79
4
-72
-132
-115
-59
-8
38
61
62
21
-47
-116
-161
-130
-51
-6
9
21
3
-45
-73
-73
-93
-126
-114
-55
-21
-41
-81
-123
-117
-85
-86
-113
-133
-123
-87
-51
-47
-64
-74
-95
-143
-176
-126
-44
-10
-5
-1
-1
-25
-83
-132
-125
-67
10
65
80
52
11
-27
-53
-23
15
32
65
94
90
53
26
1
-11
34
98
119
101
105
108
52
-7
-37
-23
29
60
60
41
22
15
-5
-9
34
82
92
94
104
67
20
33
74
101
94
56
48
81
97
119
133
75
-36
-89
-22
63
86
90
81
41
-10
-39
-34
11
47
58
70
55
17
-42
-63
-37
-26
-9
-10
-12
7
-26
-55
-15
4
-44
-85
-70
-52
-72
-53
9
40
26
-4
9
-12
-107
-111
-26
31
48
38
-12
-81
-136
-151
-139
-124
-88
-49
-33
-43
-88
-118
-129
-161
-125
-42
-17
-25
-32
-48
-76
-69
-64
-76
-54
-30
-10
-6
-4
35
49
48
45
10
-7
3
30
66
77
63
43
26
10
43
85
65
39
31
53
98
90
60
22
-18
-26
-5
30
41
47
56
32
-3
-13
12
40
69
96
102
95
64
19
14
49
66
73
85
76
75
86
70
29
12
14
30
59
49
27
22
15
-12
-36
-31
-8
-4
-9
10
-8
-64
-90
-63
-30
-44
-53
-31
-14
-26
-61
-91
-95
-49
-8
3
5
-16
-29
-25
-33
-45
-60
-37
3
16
16
-5
-32
-74
-89
-50
-24
-30
-23
-4
-10
-38
-97
-136
-130
-115
-91
-70
-68
-72
-68
-63
-41
-39
-54
-46
-39
-32
-15
11
6
-32
-39
-21
12
34
50
62
59
53
41
27
13
10
17
56
113
119
84
48
33
12
0
39
80
79
68
42
1
-15
-24
-9
37
79
106
97
66
23
-16
-24
-12
1
30
95
113
87
71
47
36
40
52
62
54
60
66
52
42
44
42
12
-6
20
40
55
37
-3
-25
-46
-57
-48
-57
-75
-56
-25
-8
-1
-14
-34
-64
-93
-80
-55
-32
5
24
35
41
12
-18
-26
-26
-14
10
36
50
49
31
-5
-22
-42
-52
-25
4
28
8
-35
-56
-93
-113
-88
-51
-30
-28
-31
-38
-57
-92
-91
-59
-71
-97
-81
-46
-31
-41
-41
-33
-53
-72
-67
-35
-3
3
12
24
30
25
-5
-17
-9
18
63
88
94
57
4
-22
-13
11
32
41
35
23
4
-6
-8
-1
4
1
2
-5
-16
-24
-7
33
54
49
46
32
3
19
76
119
121
92
58
34
31
23
16
44
87
101
87
80
48
-10
-30
-22
-10
16
40
37
20
-10
-51
-79
-80
-40
9
30
34
16
-31
-66
-64
-60
-49
-14
17
37
35
31
26
-6
-32
-31
-4
24
28
28
38
50
42
15
12
7
6
-2
-11
21
30
19
-9
-47
-41
-36
-40
-26
-8
-2
-1
-14
-52
-91
-117
-107
-60
-24
-11
-16
-37
-53
-56
-54
-56
-60
-42
-11
6
2
-36
-66
-40
16
69
70
37
-11
-46
-55
-51
-19
-10
-31
-33
-30
-36
-47
-38
-34
-18
4
-9
-29
-47
-55
-34
-4
4
11
28
32
28
13
1
7
27
52
50
42
39
28
35
57
72
82
74
56
39
28
25
26
26
18
28
62
84
59
11
10
18
22
20
20
22
-6
-21
-15
-11
-16
-15
14
31
9
-8
-10
-22
-9
16
24
17
3
4
8
9
18
36
55
67
48
23
7
-4
-1
3
23
40
32
17
13
20
-6
-38
-29
-10
-20
-49
-53
-42
-54
-73
-72
-55
-40
-38
-33
-26
-43
-55
-37
-28
-25
-14
-13
-14
-23
-32
-10
26
33
14
-5
-17
-38
-45
-21
-2
10
12
-6
-36
-57
-64
-51
-26
-1
23
16
-18
-44
-51
-55
-37
-4
20
31
26
3
-35
-35
-26
-18
17
49
59
38
6
-17
-1
32
36
40
61
58
47
56
54
60
62
50
54
58
56
47
43
57
60
40
26
11
-13
-19
-5
16
27
17
-7
-8
-15
-28
-32
-33
-14
11
25
31
22
1
-11
-2
8
-2
8
32
50
41
17
1
-1
5
2
20
47
39
21
0
-18
-28
-27
-28
-27
-6
-2
-12
-15
-17
-18
-30
-39
-40
-37
-22
-20
-23
-20
-26
-31
-34
-29
-17
-15
0
4
-8
-8
-9
-10
-22
-48
-51
-33
-11
10
16
13
-12
-33
-36
-26
5
17
11
13
-5
-33
-47
-38
-12
10
23
13
-14
-31
-49
-53
-39
-17
1
10
9
-11
-13
4
0
-2
22
48
62
51
35
27
26
36
45
58
71
79
77
61
49
36
18
16
14
14
26
15
8
19
36
33
3
-13
-7
8
14
6
-5
-6
-5
1
9
7
-3
-18
-11
11
27
26
4
-24
-24
3
23
30
10
3
6
-11
-9
-5
-4
3
-7
2
0
-10
-13
-15
-3
11
6
-13
-21
-31
-43
-51
-49
-27
-20
-12
-16
-39
-39
-26
-8
-2
-11
-4
-5
-13
-16
-15
6
13
15
23
9
-1
-13
-22
-10
-5
-1
3
-5
-2
-11
-18
-11
-22
-8
17
24
22
-16
-47
-54
-52
-31
-20
-7
0
-18
-31
-25
-14
-7
-9
6
33
22
7
11
-1
3
23
36
45
37
35
34
27
37
41
43
54
46
31
14
-2
-8
-1
20
30
12
-5
-19
-25
-16
-16
-12
3
2
-6
-15
-29
-26
-15
-4
8
21
8
-12
-24
-32
-17
-5
4
-8
-20
-2
-9
-11
-1
-4
1
-5
-11
-8
-20
-35
-25
-3
-5
-9
-10
-21
-15
-4
1
-3
-18
-17
-25
-25
-8
-6
-11
-14
-5
-9
-5
-3
-9
4
11
22
12
-7
-11
-6
19
25
14
22
18
12
18
22
24
17
7
5
4
-9
-9
11
14
13
9
-6
-18
-24
-9
6
9
7
-3
-13
-22
-21
-11
-6
3
15
22
27
13
13
20
17
24
31
42
42
37
38
35
28
17
15
19
30
27
29
31
20
16
-3
-10
3
-2
-1
18
25
10
-5
-20
-26
-22
-17
-8
10
23
3
-14
-18
-23
-25
-29
-27
-11
-12
-11
-2
-19
-36
-34
-25
-22
-12
-1
4
3
-21
-31
-20
-21
-32
-28
-12
6
9
6
1
-22
-41
-50
-50
-36
-21
-14
-8
-6
-17
-30
-30
-13
1
5
5
-1
0
6
10
3
-3
5
22
38
38
40
25
10
13
15
20
17
12
16
32
36
15
0
-2
-5
-8
0
6
1
-5
-15
-26
-19
-11
-7
6
16
12
14
7
-5
1
8
17
17
16
25
20
20
23
20
23
18
22
20
9
26
29
29
30
22
17
15
8
-1
11
14
1
10
22
23
16
-1
-5
2
1
4
10
4
-10
-25
-31
-29
-24
-13
-8
1
-2
-16
-9
-16
-23
-15
-19
-14
-2
-1
-2
-1
2
-1
-6
-4
-7
-7
-11
-19
-11
-10
-15
-15
-19
-20
-20
-19
-18
-30
-22
-21
-32
-26
-31
-22
-10
4
20
12
3
-2
-5
-6
0
14
18
23
14
13
20
9
9
11
11
13
1
-3
0
-2
1
-2
-2
12
18
15
6
-8
-9
-16
-10
3
1
13
3
-9
-6
-14
-9
-7
-11
-5
0
-1
-12
-25
-12
7
11
19
14
9
-5
-12
-6
-3
7
12
16
7
0
0
-8
-5
7
20
22
9
3
-9
-2
17
0
-20
-19
-18
-19
-21
-18
-11
-18
-17
-6
-10
-4
-4
-8
-5
-6
-7
-11
-8
-10
-7
7
7
11
19
25
17
1
-3
-8
-11
-13
-9
4
10
7
2
0
-13
-22
-19
-21
-11
3
4
5
2
-3
-7
-10
4
16
27
33
17
9
-1
-8
5
8
13
21
31
35
16
2
12
11
-1
5
11
12
12
