0
-2
12
1
-10
0
-1
3
6
7
12
10
11
14
14
9
6
10
5
1
-4
-14
-5
3
3
11
11
1
-2
1
4
5
5
5
2
0
3
3
-2
0
-5
0
5
-5
-5
2
10
8
9
11
8
8
9
5
-2
3
3
-4
-3
2
-3
-6
1
0
-5
5
9
-4
1
-3
-9
-3
-2
-6
-6
5
2
6
4
-10
-5
-8
-10
7
10
1
-1
3
4
3
0
0
-5
0
5
1
4
13
5
2
6
3
1
9
13
6
12
7
16
19
4
11
0
-13
0
-1
0
3
-7
-3
4
-3
-4
0
-3
1
-2
-11
-4
-3
-5
-7
-8
-17
-13
-4
-6
-6
-15
-10
-4
-7
-3
-2
-12
-15
0
1
-5
-4
-9
-6
1
-1
-5
-6
-1
0
-3
-1
-12
-12
9
8
2
2
1
6
2
3
7
5
8
3
-2
1
1
4
0
0
-2
2
9
8
8
4
7
9
4
11
5
-1
-3
-3
10
7
-1
6
-2
2
15
10
11
13
10
16
13
7
3
10
13
13
13
0
-2
3
3
7
10
1
0
4
8
2
0
12
9
10
8
3
14
1
-3
10
-1
-2
-7
-20
-7
-3
-3
-2
-7
-6
3
-1
-14
-11
-7
-11
2
4
-9
-6
-5
-5
1
-5
-10
-2
-3
-12
-16
-11
-6
-9
-3
-9
-15
-13
-10
-12
-16
-10
-11
-6
-7
-16
-7
-3
-10
-13
-4
2
0
2
-9
-5
-1
-6
-1
-3
2
5
3
-4
-13
-5
5
3
-8
-8
-5
-7
0
-3
-9
3
6
2
11
14
2
7
14
9
9
9
13
19
20
21
13
12
19
16
13
18
11
5
12
14
10
14
11
0
1
5
9
2
-6
4
6
2
2
-1
9
5
-7
-7
-2
-4
-10
-5
-6
-4
-1
-8
-13
-13
-6
-1
-2
-4
-6
-12
-16
-10
-12
-13
-10
-13
-9
-6
-7
2
0
-6
2
1
-5
-8
-4
0
-8
-9
-2
-1
-9
-5
-2
1
6
-4
-5
5
9
11
7
3
3
-5
-6
2
-4
-6
-2
-2
-9
-3
6
7
2
7
10
1
2
4
1
-7
-8
3
1
-3
-13
-3
1
-7
-1
-6
-1
8
1
2
12
6
0
8
7
8
10
10
15
0
0
8
11
17
12
17
11
9
15
2
6
12
1
2
5
3
5
-2
-2
-5
-2
12
2
0
0
-6
-2
-3
2
-1
-1
7
0
-1
2
4
0
-9
-5
-2
-10
-13
-13
-12
-11
-4
-12
-13
-3
-11
-6
-4
-9
-9
-14
-18
-16
-3
-4
-11
-12
-7
1
-7
-8
-7
-5
2
-5
2
3
-13
-2
-1
-4
6
2
4
6
3
3
1
1
3
4
3
2
-8
-7
0
-4
5
9
4
12
9
1
-2
-6
-5
1
5
4
5
7
5
3
0
4
5
4
6
5
8
2
0
-2
-9
-2
0
2
0
1
5
-3
-2
5
9
8
2
7
9
3
0
0
14
15
7
12
4
9
25
13
2
12
4
-3
6
2
-6
-5
2
3
3
8
-1
3
11
1
5
6
-6
-3
-7
-12
-4
-4
-2
-4
-3
1
-2
-3
1
-1
-4
-4
-15
-12
4
0
-5
-6
-3
-11
-8
-8
-16
0
-7
-6
5
-10
-11
0
-2
-2
3
-1
-14
-13
5
4
-6
2
6
4
3
6
-1
-7
2
-8
-7
11
11
3
3
6
-1
0
5
4
15
8
7
9
-2
2
1
3
9
1
-6
3
7
-1
5
11
9
5
0
1
-4
-7
-2
11
10
2
6
9
5
0
-2
1
5
-5
1
4
-5
2
2
5
3
-3
0
0
-1
1
-8
1
21
9
2
3
0
2
12
5
-3
1
-5
-4
-4
2
4
-8
-10
-11
-7
-1
-10
-8
-6
-4
7
-1
-1
2
-2
-6
-1
-1
-7
-2
0
-4
0
5
-1
-11
-3
-4
-5
2
8
13
5
-6
-7
-5
-9
-7
-3
-10
-18
-9
2
-6
-4
2
-4
-4
0
-8
-1
5
10
12
4
11
8
7
8
-6
2
1
-6
4
3
7
3
-3
-3
-12
-6
0
-4
-4
-1
7
9
0
7
5
3
11
-8
-3
8
0
-2
-8
-4
5
3
10
10
4
0
-8
-7
6
9
0
-1
0
0
8
6
0
4
0
-1
6
12
4
3
2
-11
-9
0
-8
-8
-3
3
9
2
4
0
-4
-3
-4
1
9
-1
-7
-3
-6
0
2
-12
-11
1
-5
-3
6
0
7
2
-9
-3
-6
-14
-13
-8
-4
-8
-9
-2
0
-6
-7
-2
0
-8
-13
-5
4
-2
-8
-1
-8
-13
-3
-6
-6
2
3
11
10
-2
-2
2
1
3
13
8
6
6
-2
0
-2
1
-4
-8
-1
1
10
5
0
5
6
5
1
-7
-6
-3
-2
-2
0
7
2
-2
1
-2
-9
-12
-7
-5
-6
-5
-3
3
-3
-13
-1
-1
-4
-6
-1
5
-9
-6
1
-2
9
10
2
4
4
7
12
4
14
14
16
16
4
3
-2
8
7
5
13
7
9
10
3
5
11
12
6
7
7
5
3
-1
1
1
-3
8
13
5
3
0
-3
-7
-10
0
-5
-4
-1
-13
-12
-17
-15
-8
-14
-17
-17
-17
-16
-10
-13
-16
-12
-15
-10
-8
-16
-10
-9
-10
-11
-4
-2
-13
-1
-2
-8
-4
-9
-4
-2
-7
-7
-5
-11
-2
8
3
1
4
14
10
5
10
5
3
-1
0
7
10
6
5
3
1
7
7
11
11
5
6
13
13
11
11
5
6
4
9
12
-7
-9
-1
1
13
11
12
19
7
7
15
9
15
15
7
7
1
-3
-1
-2
-2
-3
-4
-2
-3
-5
4
-4
-15
-4
-12
-15
-7
-11
-8
-2
-9
-16
-19
-14
-10
-16
-10
-12
-16
-9
-14
-12
-2
4
-1
-10
-7
-12
-18
-11
-11
-18
-17
-10
-5
0
-5
-13
-10
-9
-12
-11
-12
-8
-4
-3
-7
-8
6
6
9
12
5
9
6
7
4
-3
5
2
4
8
10
19
11
10
16
16
13
10
12
10
18
16
4
8
19
21
15
14
10
16
16
9
22
21
18
21
11
10
19
19
14
12
11
8
5
11
13
3
5
9
5
6
6
5
10
0
-7
-3
-16
-15
-17
-27
-23
-21
-26
-27
-33
-36
-38
-32
-24
-34
-41
-27
-20
-33
-31
-24
-35
-35
-25
-22
-23
-29
-27
-28
-25
-12
-20
-29
-18
-22
-21
-19
-15
-4
-14
-17
-18
-15
-3
0
1
1
-2
-2
10
14
15
21
21
23
29
33
35
37
39
41
36
31
35
40
33
33
33
25
26
22
17
14
12
9
11
10
4
10
26
25
21
22
20
22
21
22
30
29
25
15
13
16
13
10
0
8
14
6
9
-1
-14
-16
-23
-27
-33
-34
-26
-24
-26
-37
-42
-32
-34
-36
-35
-46
-45
-42
-49
-38
-31
-37
-32
-32
-33
-35
-39
-42
-36
-39
-52
-49
-57
-56
-45
-48
-45
-38
-28
-28
-34
-35
-39
-37
-35
-24
-8
-6
3
10
11
15
18
29
34
38
37
28
40
53
43
44
48
50
63
65
66
68
65
78
82
82
82
83
84
74
76
76
66
71
74
76
88
87
77
79
74
83
87
74
75
70
65
62
57
50
33
36
34
26
37
30
15
-3
-19
-13
-9
-20
-22
-16
-28
-33
-38
-50
-54
-55
-67
-73
-77
-82
-84
-104
-109
-117
-121
-126
-151
-146
-147
-164
-167
-162
-161
-157
-154
-154
-147
-142
-138
-136
-125
-122
-122
-105
-103
-95
-79
-63
-47
-43
-32
-14
-1
8
21
32
37
47
46
54
47
41
59
56
62
76
76
87
94
88
101
118
109
116
131
133
145
151
150
169
183
188
208
214
223
243
248
251
247
251
250
250
255
243
240
239
227
229
229
220
210
194
182
168
161
146
107
84
65
38
8
-24
-48
-72
-100
-126
-143
-171
-203
-232
-264
-291
-328
-360
-397
-447
-477
-520
-553
-575
-606
-611
-612
-612
-599
-585
-559
-534
-509
-474
-446
-421
-389
-358
-334
-304
-273
-245
-212
-176
-124
-86
-42
5
37
80
115
144
178
203
223
237
249
255
263
281
294
298
314
325
329
352
370
375
396
410
413
421
420
416
417
400
398
396
382
385
389
382
378
384
394
397
408
432
447
448
462
471
476
508
531
548
578
598
619
639
665
682
680
686
678
649
605
533
450
344
216
74
-89
-267
-439
-604
-768
-922
-1060
-1192
-1277
-1329
-1379
-1404
-1423
-1414
-1372
-1315
-1249
-1193
-1130
-1052
-959
-860
-749
-626
-514
-373
-231
-83
79
203
326
447
533
598
626
624
608
568
504
425
333
237
146
65
-2
-65
-115
-157
-180
-186
-200
-207
-213
-225
-241
-273
-307
-347
-400
-442
-484
-529
-544
-551
-569
-555
-524
-490
-428
-380
-347
-295
-254
-226
-193
-164
-146
-128
-105
-63
-22
33
120
195
283
389
483
584
668
741
813
859
895
915
898
889
877
838
806
790
777
757
759
774
791
814
821
818
825
829
821
813
798
780
755
750
771
787
811
845
891
947
987
1005
998
962
902
798
648
464
224
-32
-274
-522
-769
-1014
-1233
-1403
-1512
-1580
-1635
-1673
-1693
-1683
-1640
-1592
-1564
-1547
-1526
-1490
-1425
-1364
-1299
-1215
-1125
-987
-813
-644
-482
-315
-148
8
134
233
286
276
250
212
141
55
-46
-161
-249
-313
-363
-392
-417
-408
-367
-310
-253
-200
-147
-107
-62
-39
-39
-41
-65
-89
-100
-104
-104
-96
-85
-52
10
75
132
185
227
263
295
331
346
330
310
312
310
299
322
341
366
420
473
547
623
687
758
822
863
888
903
908
895
855
820
800
770
747
738
736
752
780
821
867
886
891
890
895
908
898
836
757
712
702
709
706
712
756
848
985
1103
1182
1223
1238
1231
1170
1017
745
411
37
-345
-710
-1116
-1516
-1867
-2130
-2265
-2334
-2384
-2388
-2361
-2268
-2116
-1973
-1875
-1848
-1836
-1793
-1731
-1660
-1617
-1579
-1502
-1344
-1104
-845
-609
-382
-130
125
359
518
581
580
534
455
348
185
-34
-239
-408
-530
-611
-686
-728
-729
-675
-574
-470
-390
-328
-262
-188
-121
-97
-120
-151
-163
-159
-142
-131
-112
-68
24
140
231
312
395
463
528
574
574
545
505
463
422
383
342
309
319
368
435
486
554
646
748
868
962
1017
1061
1098
1130
1159
1157
1119
1086
1073
1089
1116
1118
1115
1134
1180
1252
1299
1291
1271
1258
1248
1226
1169
1056
935
857
816
809
788
755
783
876
1015
1159
1234
1273
1296
1284
1224
1043
718
297
-155
-583
-1005
-1491
-2008
-2460
-2803
-2978
-3042
-3097
-3135
-3125
-2993
-2751
-2528
-2366
-2270
-2207
-2089
-1921
-1788
-1697
-1626
-1521
-1319
-1037
-735
-462
-216
53
350
627
813
885
883
826
733
591
368
93
-179
-394
-552
-690
-819
-904
-918
-850
-728
-618
-522
-435
-330
-209
-120
-81
-93
-120
-116
-82
-63
-68
-61
-17
88
216
326
413
483
568
664
732
744
685
611
556
496
436
352
259
216
237
288
350
388
445
571
718
857
949
992
1039
1089
1151
1200
1178
1127
1096
1114
1183
1236
1266
1296
1360
1463
1567
1626
1622
1584
1550
1518
1442
1292
1119
967
854
790
740
697
702
801
962
1141
1283
1361
1414
1429
1375
1204
838
337
-210
-745
-1275
-1844
-2449
-3016
-3414
-3598
-3636
-3634
-3596
-3502
-3291
-2951
-2611
-2359
-2224
-2151
-2023
-1845
-1695
-1605
-1572
-1512
-1317
-1017
-685
-386
-130
138
444
746
961
1014
952
850
710
520
263
-56
-395
-679
-863
-973
-1066
-1144
-1134
-1022
-831
-621
-451
-307
-160
14
184
274
286
256
246
284
305
301
287
281
338
457
570
633
668
708
762
805
794
715
580
464
381
298
207
92
19
10
64
158
237
326
438
588
774
917
1006
1066
1123
1198
1249
1263
1255
1244
1264
1325
1401
1459
1509
1580
1659
1761
1833
1822
1789
1726
1630
1512
1347
1147
947
777
659
589
539
565
673
828
1031
1211
1356
1469
1503
1423
1188
780
242
-373
-1016
-1669
-2373
-3043
-3581
-3950
-4106
-4117
-4058
-3921
-3672
-3301
-2856
-2446
-2134
-1932
-1788
-1613
-1417
-1276
-1219
-1190
-1099
-897
-587
-270
-25
203
445
711
951
1056
1001
821
585
353
72
-290
-697
-1101
-1398
-1572
-1673
-1720
-1721
-1637
-1442
-1168
-856
-570
-349
-145
76
269
412
461
428
397
397
406
399
381
376
430
530
628
709
750
761
775
773
713
607
469
324
204
119
58
14
25
100
209
364
537
710
892
1075
1242
1367
1440
1467
1485
1491
1478
1443
1386
1358
1371
1416
1479
1547
1606
1676
1767
1851
1899
1902
1847
1728
1590
1430
1247
1071
889
725
634
624
708
875
1088
1332
1566
1766
1945
2004
1864
1513
941
205
-628
-1507
-2421
-3358
-4207
-4865
-5254
-5340
-5202
-4942
-4572
-4059
-3408
-2695
-2048
-1556
-1261
-1057
-856
-694
-596
-584
-628
-614
-450
-154
168
435
663
859
1033
1167
1152
926
533
50
-462
-964
-1470
-1963
-2388
-2668
-2744
-2655
-2424
-2081
-1652
-1147
-595
-46
441
824
1108
1296
1375
1354
1227
1033
820
625
453
264
136
71
42
81
118
128
109
75
49
-14
-105
-206
-309
-354
-326
-234
-88
112
362
658
994
1324
1612
1854
2053
2188
2235
2204
2118
1998
1864
1706
1537
1382
1249
1171
1156
1180
1203
1230
1297
1385
1499
1599
1646
1648
1618
1586
1530
1448
1339
1213
1121
1075
1088
1183
1338
1551
1812
2065
2273
2384
2368
2144
1652
905
-76
-1214
-2424
-3608
-4729
-5748
-6519
-6951
-6964
-6571
-5922
-5127
-4226
-3226
-2185
-1193
-398
82
298
361
380
385
316
164
-6
-48
116
403
654
790
813
737
597
356
-101
-781
-1559
-2315
-2953
-3417
-3717
-3874
-3810
-3451
-2834
-2032
-1162
-301
528
1277
1929
2414
2670
2716
2586
2321
1957
1520
1035
596
195
-159
-429
-663
-816
-884
-921
-980
-1061
-1126
-1180
-1174
-1092
-999
-883
-672
-313
180
741
1284
1757
2184
2592
2926
3127
3141
2967
2696
2392
2089
1761
1373
1014
743
585
533
537
553
589
703
867
1028
1166
1265
1373
1521
1711
1883
1994
2091
2204
2339
2435
2437
2349
2215
2133
2128
2160
2181
2195
2236
2304
2350
2263
1886
1149
137
-1048
-2351
-3743
-5121
-6399
-7437
-8004
-8059
-7619
-6759
-5626
-4311
-2897
-1467
-145
876
1527
1822
1773
1518
1193
806
389
23
-244
-371
-317
-141
-10
-13
-168
-502
-989
-1598
-2352
-3200
-4009
-4638
-4957
-4910
-4505
-3801
-2841
-1662
-354
957
2117
2996
3563
3811
3759
3464
2936
2237
1470
710
43
-502
-952
-1319
-1591
-1776
-1902
-1997
-2091
-2180
-2222
-2208
-2115
-1919
-1592
-1112
-498
248
1061
1846
2566
3194
3671
3932
3970
3759
3353
2850
2299
1738
1199
740
405
216
170
236
329
419
548
689
816
928
985
1041
1166
1400
1731
2075
2427
2770
3090
3385
3591
3647
3496
3166
2739
2277
1853
1503
1259
1127
1129
1308
1593
1858
1976
1783
1165
149
-1132
-2621
-4252
-5776
-7087
-8069
-8437
-8103
-7135
-5663
-3908
-2095
-418
1073
2276
2973
3097
2727
1989
1094
300
-315
-770
-1028
-1094
-970
-702
-404
-256
-460
-997
-1749
-2660
-3611
-4469
-5159
-5570
-5507
-4894
-3818
-2392
-792
784
2193
3330
4067
4292
4009
3326
2393
1380
436
-331
-913
-1264
-1355
-1294
-1175
-1105
-1213
-1521
-1969
-2469
-2997
-3434
-3649
-3617
-3211
-2388
-1270
21
1328
2544
3541
4216
4523
4375
3823
3031
2150
1305
631
184
-43
-18
240
660
1087
1421
1579
1479
1211
869
478
141
-18
41
359
948
1744
2639
3500
4251
4747
4892
4739
4334
3704
2978
2286
1609
1020
654
539
646
968
1428
1874
2257
2600
2851
2865
2584
1951
865
-541
-2034
-3451
-4810
-5960
-6648
-6975
-6825
-6064
-4941
-3637
-2278
-1066
-169
387
746
872
711
426
99
-222
-359
-200
72
282
384
246
-155
-696
-1366
-2269
-3344
-4310
-5012
-5347
-5172
-4547
-3651
-2561
-1274
62
1212
2080
2562
2578
2302
1902
1395
838
368
66
-65
12
205
282
138
-227
-778
-1508
-2328
-3130
-3882
-4378
-4420
-3998
-3190
-2098
-857
370
1473
2363
2920
3095
2948
2559
2035
1504
1056
724
585
657
832
1035
1180
1226
1161
977
685
333
33
-132
-93
186
694
1359
2092
2837
3478
3885
4048
3983
3694
3310
2952
2598
2263
2088
2125
2287
2524
2734
2729
2464
2068
1618
1109
694
476
385
540
1088
1855
2550
2999
2949
2168
774
-913
-2793
-4825
-6553
-7697
-8243
-7920
-6674
-4920
-3017
-1130
433
1359
1734
1711
1207
337
-441
-974
-1298
-1161
-573
84
613
941
792
35
-1029
-2241
-3632
-4960
-5827
-6121
-5827
-4799
-3238
-1593
-15
1410
2358
2721
2674
2243
1428
542
-52
-369
-424
-133
312
691
958
1005
582
-274
-1308
-2478
-3680
-4601
-5043
-5009
-4431
-3308
-1960
-604
664
1643
2206
2386
2246
1821
1252
761
506
504
718
1027
1244
1351
1341
1139
759
228
-373
-877
-1131
-1041
-615
80
892
1666
2357
2965
3371
3517
3445
3172
2813
2569
2520
2575
2745
3060
3333
3460
3507
3421
3127
2714
2255
1693
1084
686
574
612
916
1488
2031
2535
3127
3623
3726
3351
2388
707
-1292
-3035
-4529
-5881
-6713
-6909
-6628
-5718
-4249
-2774
-1638
-783
-242
-152
-235
-174
-217
-374
-217
179
548
955
1347
1307
720
-143
-1322
-2771
-3940
-4609
-5033
-5175
-4754
-3925
-2951
-1770
-630
17
293
485
518
393
411
584
670
819
1191
1488
1494
1320
897
122
-728
-1471
-2230
-2915
-3248
-3266
-3181
-2963
-2586
-2209
-1851
-1400
-962
-682
-394
36
469
869
1354
1775
1947
1969
1919
1726
1351
888
377
-131
-454
-521
-452
-343
-152
120
393
672
976
1247
1462
1669
1924
2239
2607
3015
3337
3444
3415
3372
3270
3054
2860
2738
2614
2497
2457
2487
2506
2566
2583
2307
1816
1416
1146
990
1111
1447
1784
2229
2907
3523
3754
3427
2284
281
-1977
-3773
-5191
-6398
-7039
-7046
-6497
-5230
-3497
-2061
-1233
-751
-545
-694
-845
-686
-519
-361
151
861
1406
1755
1861
1336
179
-1129
-2523
-3960
-4885
-5045
-4821
-4418
-3673
-2745
-1923
-1154
-552
-427
-566
-514
-241
116
662
1352
1857
2134
2304
2201
1647
810
-179
-1249
-2077
-2486
-2653
-2726
-2647
-2428
-2243
-2150
-2117
-2143
-2140
-1954
-1540
-987
-349
382
1091
1621
1984
2180
2080
1733
1337
964
599
259
-5
-187
-284
-229
-140
-173
-222
-136
68
331
685
1103
1496
1882
2292
2650
2914
3081
3106
2987
2873
2875
2894
2885
2928
2932
2875
2842
2760
2546
2373
2312
2108
1787
1606
1534
1540
1801
2237
2538
2782
3219
3591
3566
3190
2172
249
-1979
-3662
-4772
-5682
-6105
-5998
-5677
-4803
-3303
-2063
-1636
-1504
-1339
-1386
-1361
-823
-229
81
621
1366
1707
1664
1488
804
-566
-1923
-2938
-3917
-4566
-4442
-3952
-3557
-3025
-2361
-1990
-1787
-1467
-1265
-1285
-1044
-351
369
1044
1799
2276
2270
2049
1686
1021
188
-529
-1176
-1758
-2007
-1955
-1940
-2017
-2111
-2307
-2554
-2685
-2681
-2608
-2313
-1706
-1008
-296
442
1034
1419
1654
1711
1563
1312
1133
1021
894
806
682
440
245
186
154
102
83
131
203
393
747
1082
1326
1556
1798
2024
2323
2675
2882
2923
2921
2951
2970
2985
3013
2956
2827
2757
2729
2653
2614
2581
2381
2091
1851
1674
1598
1728
2000
2228
2502
2916
3169
3039
2476
1171
-907
-3009
-4419
-5211
-5582
-5464
-5116
-4674
-3710
-2359
-1551
-1535
-1704
-1775
-1765
-1304
-339
377
723
1276
1762
1648
1230
736
-266
-1655
-2640
-3229
-3788
-3914
-3374
-2861
-2687
-2437
-2219
-2348
-2369
-1954
-1550
-1243
-558
448
1272
1892
2387
2421
1964
1455
997
378
-242
-634
-916
-1177
-1367
-1545
-1865
-2256
-2521
-2671
-2843
-3014
-3027
-2735
-2105
-1276
-456
95
335
585
1029
1404
1501
1413
1230
1065
1086
1246
1199
868
588
431
283
244
343
374
332
399
514
543
658
963
1212
1372
1723
2179
2486
2721
2899
2858
2698
2702
2793
2754
2721
2792
2798
2688
2689
2756
2566
2224
1969
1720
1511
1603
1979
2271
2418
2729
3121
3248
3100
2457
791
-1593
-3523
-4421
-4704
-4672
-4454
-4389
-4246
-3338
-2113
-1723
-2150
-2496
-2421
-1978
-912
401
1009
1109
1417
1598
1202
614
41
-892
-1935
-2417
-2579
-2887
-2941
-2551
-2374
-2582
-2677
-2667
-2779
-2637
-2015
-1386
-894
-106
853
1432
1672
1822
1727
1351
1049
899
617
277
61
-201
-656
-1174
-1677
-2313
-2996
-3398
-3452
-3360
-3152
-2756
-2258
-1707
-1065
-416
-37
96
361
750
1077
1355
1541
1510
1342
1256
1196
935
573
320
149
116
337
631
714
612
550
525
535
726
1011
1224
1531
2103
2690
3026
3130
3024
2721
2497
2562
2663
2622
2666
2838
2932
2951
2986
2818
2369
1973
1703
1384
1249
1555
1990
2264
2580
3008
3189
3000
2439
1044
-1206
-3239
-4210
-4460
-4368
-4043
-3947
-4136
-3842
-2921
-2382
-2638
-2912
-2710
-2113
-939
617
1456
1305
1121
1115
777
301
41
-405
-1216
-1703
-1711
-1901
-2224
-2223
-2302
-2786
-3052
-2798
-2548
-2382
-1866
-1179
-728
-213
533
1004
1080
1202
1390
1329
1206
1263
1211
898
567
230
-299
-925
-1425
-1843
-2284
-2621
-2828
-3050
-3203
-3162
-2943
-2592
-2146
-1618
-1075
-525
33
555
973
1225
1295
1227
1126
1068
1061
1037
954
847
725
652
647
649
587
389
164
83
215
571
1031
1423
1729
2079
2474
2779
2884
2801
2642
2548
2608
2775
2926
3061
3168
3212
3197
3089
2903
2619
2230
1814
1503
1516
1799
2093
2352
2630
2851
2916
2686
1690
-266
-2399
-3734
-4101
-3930
-3582
-3488
-3787
-3737
-2908
-2126
-2117
-2485
-2627
-2347
-1458
-51
934
907
548
398
197
-74
-145
-277
-848
-1478
-1745
-1980
-2310
-2363
-2314
-2620
-2995
-2889
-2451
-1998
-1460
-921
-696
-602
-151
470
743
793
922
989
997
1129
1231
1015
586
259
-90
-595
-1026
-1377
-1818
-2279
-2528
-2629
-2761
-2814
-2738
-2623
-2350
-1840
-1308
-916
-519
-32
396
713
915
909
747
671
755
835
872
912
908
851
832
833
709
467
304
311
459
787
1238
1661
2011
2343
2652
2798
2764
2654
2526
2429
2437
2581
2760
2865
2956
3053
3068
2998
2879
2688
2422
2132
1885
1720
1708
1866
2082
2276
2501
2716
2755
2339
1109
-811
-2679
-3755
-3934
-3642
-3384
-3509
-3794
-3558
-2728
-2068
-2083
-2448
-2628
-2316
-1365
-104
576
419
117
28
-15
-7
117
-5
-602
-1183
-1446
-1733
-2069
-2125
-2178
-2558
-2847
-2664
-2253
-1866
-1380
-936
-832
-766
-338
162
382
545
801
957
1035
1201
1262
994
582
270
-60
-524
-924
-1227
-1562
-1861
-2026
-2128
-2279
-2442
-2522
-2475
-2266
-1894
-1424
-984
-684
-431
-103
214
389
453
473
475
578
846
1127
1218
1144
1053
919
744
605
452
298
281
491
822
1114
1398
1675
1912
2144
2362
2454
2374
2300
2372
2512
2637
2753
2825
2826
2880
3010
3049
2933
2780
2590
2299
2025
1916
1944
1990
2076
2243
2449
2652
2759
2358
1009
-950
-2604
-3420
-3447
-3002
-2696
-2988
-3399
-3199
-2500
-2016
-2134
-2577
-2907
-2671
-1598
-289
326
165
-210
-450
-485
-282
-25
-72
-527
-1016
-1333
-1613
-1766
-1764
-1870
-2226
-2533
-2463
-2107
-1690
-1306
-1070
-1066
-1035
-721
-259
122
397
648
819
918
1053
1125
982
653
294
-45
-381
-651
-886
-1135
-1382
-1605
-1788
-1986
-2212
-2357
-2330
-2141
-1884
-1622
-1383
-1158
-885
-522
-155
53
105
198
450
777
1075
1232
1174
991
849
814
770
633
477
356
334
505
809
1083
1234
1322
1468
1705
1968
2165
2250
2250
2267
2376
2552
2686
2771
2854
2912
2950
2997
3038
2992
2825
2571
2290
2116
2127
2263
2366
2375
2406
2490
2524
2275
1355
-254
-1950
-2989
-3177
-2845
-2482
-2566
-2968
-3082
-2709
-2217
-2106
-2402
-2766
-2820
-2208
-1093
-205
28
-152
-394
-533
-450
-209
-112
-383
-834
-1157
-1411
-1599
-1587
-1577
-1778
-2094
-2243
-2134
-1918
-1632
-1353
-1239
-1189
-943
-498
-58
286
546
706
752
758
786
741
567
387
228
11
-240
-454
-657
-894
-1114
-1273
-1447
-1689
-1898
-1965
-1915
-1785
-1585
-1401
-1272
-1106
-806
-426
-111
87
214
323
494
750
989
1100
1058
966
956
978
912
771
577
388
355
529
771
931
1014
1111
1253
1443
1655
1760
1689
1588
1635
1822
2080
2360
2579
2663
2671
2718
2790
2834
2843
2749
2488
2184
2038
2117
2323
2479
2463
2298
2157
2198
2223
1820
778
-675
-1917
-2442
-2282
-1911
-1899
-2376
-2863
-2896
-2511
-2160
-2237
-2646
-2971
-2749
-1899
-928
-394
-361
-578
-760
-736
-564
-401
-429
-637
-857
-1019
-1158
-1234
-1254
-1393
-1661
-1942
-2104
-2076
-1891
-1572
-1281
-1125
-949
-633
-251
35
206
272
227
223
387
599
684
664
593
444
270
119
-95
-454
-822
-1037
-1147
-1227
-1305
-1423
-1589
-1699
-1687
-1652
-1620
-1503
-1250
-894
-504
-160
73
227
417
623
789
908
969
1061
1217
1327
1296
1111
859
667
620
699
815
893
935
983
1069
1201
1320
1365
1346
1307
1292
1388
1663
2036
2358
2581
2684
2653
2599
2636
2698
2652
2512
2377
2251
2162
2219
2315
2257
2068
1848
1700
1698
1841
1878
1436
475
-643
-1482
-1856
-1860
-1832
-2133
-2663
-2963
-2827
-2471
-2263
-2402
-2739
-2934
-2666
-1987
-1335
-1001
-970
-1057
-1086
-992
-805
-662
-673
-796
-909
-964
-971
-935
-958
-1141
-1440
-1707
-1796
-1697
-1496
-1281
-1083
-905
-741
-575
-443
-408
-433
-393
-268
-118
79
306
465
524
541
517
380
176
-7
-230
-530
-782
-928
-1076
-1229
-1332
-1480
-1665
-1711
-1590
-1418
-1261
-1079
-875
-662
-363
5
293
477
651
837
1025
1196
1344
1405
1376
1350
1290
1152
1004
925
892
848
802
759
745
825
1000
1179
1233
1174
1151
1198
1375
1710
2046
2283
2401
2449
2487
2542
2620
2691
2658
2486
2318
2219
2186
2176
2092
1879
1595
1446
1570
1862
2130
2203
1883
1115
126
-736
-1290
-1594
-1770
-1976
-2299
-2525
-2431
-2126
-1929
-2079
-2495
-2859
-2873
-2419
-1772
-1373
-1334
-1456
-1514
-1374
-1105
-905
-889
-1021
-1128
-1095
-975
-852
-810
-899
-1100
-1320
-1408
-1358
-1245
-1122
-1035
-1021
-1021
-921
-770
-700
-690
-697
-669
-530
-263
52
257
315
341
318
211
112
16
-182
-446
-651
-796
-901
-932
-951
-1099
-1321
-1461
-1498
-1458
-1336
-1158
-967
-743
-432
-85
178
329
449
558
665
863
1125
1344
1474
1522
1486
1360
1210
1080
963
870
804
817
927
1085
1255
1378
1416
1372
1295
1290
1394
1586
1831
2090
2313
2430
2481
2515
2463
2341
2218
2105
2000
1943
1970
1999
1942
1820
1712
1621
1563
1645
1827
1993
2062
1937
1457
608
-307
-986
-1307
-1337
-1332
-1527
-1856
-2069
-2067
-2008
-2158
-2596
-3085
-3295
-3048
-2496
-2017
-1813
-1847
-1925
-1848
-1645
-1447
-1312
-1239
-1180
-1065
-886
-680
-490
-409
-484
-705
-988
-1168
-1214
-1193
-1172
-1172
-1146
-1064
-917
-798
-771
-783
-760
-660
-455
-221
-44
79
159
220
238
190
104
-20
-145
-244
-361
-513
-661
-775
-851
-892
-940
-1020
-1100
-1080
-884
-624
-413
-290
-242
-169
13
300
556
696
776
900
1103
1306
1458
1484
1353
1190
1126
1136
1149
1128
1084
1052
1060
1171
1335
1416
1410
1396
1385
1404
1504
1635
1757
1889
2039
2141
2150
2097
2013
1939
1885
1859
1840
1826
1886
1992
2023
1966
1841
1725
1669
1657
1693
1709
1748
1861
1889
1635
1027
209
-534
-997
-1205
-1347
-1648
-2109
-2421
-2471
-2392
-2396
-2669
-3122
-3459
-3407
-2980
-2525
-2293
-2249
-2239
-2069
-1694
-1279
-1055
-1075
-1195
-1251
-1163
-992
-834
-779
-866
-1020
-1159
-1254
-1297
-1285
-1252
-1210
-1142
-1018
-845
-681
-597
-610
-657
-687
-655
-496
-257
-62
75
157
149
71
-22
-100
-159
-225
-294
-340
-351
-297
-169
-92
-150
-312
-495
-591
-572
-435
-268
-166
-89
11
176
372
525
607
604
631
806
1097
1382
1541
1525
1396
1292
1270
1298
1288
1206
1136
1174
1329
1514
1635
1638
1578
1536
1539
1580
1620
1607
1588
1632
1747
1893
1984
1988
1888
1717
1554
1451
1429
1451
1494
1531
1548
1537
1525
1537
1560
1553
1501
1452
1460
1555
1662
1547
1062
291
-481
-981
-1180
-1263
-1512
-1986
-2422
-2562
-2434
-2319
-2435
-2780
-3151
-3244
-2947
-2489
-2167
-2052
-2058
-2089
-2029
-1869
-1745
-1716
-1771
-1813
-1743
-1526
-1196
-930
-856
-957
-1118
-1207
-1161
-1054
-995
-994
-1009
-974
-853
-728
-662
-657
-697
-724
-730
-700
-616
-510
-395
-282
-177
-59
39
136
213
194
137
122
152
211
282
309
274
222
172
122
78
24
-34
-59
-38
59
221
405
543
632
716
795
905
1048
1177
1251
1231
1178
1178
1216
1300
1384
1353
1234
1136
1144
1241
1331
1359
1324
1266
1302
1449
1582
1648
1651
1631
1639
1654
1649
1618
1578
1528
1473
1412
1343
1325
1384
1464
1509
1465
1360
1276
1280
1375
1482
1504
1416
1277
1170
1139
1120
959
559
-13
-541
-802
-797
-768
-933
-1339
-1782
-2000
-1968
-1897
-2056
-2494
-2956
-3152
-3002
-2701
-2530
-2601
-2809
-2911
-2732
-2366
-2059
-1959
-2037
-2100
-1970
-1653
-1304
-1136
-1180
-1287
-1299
-1143
-970
-916
-1012
-1191
-1272
-1187
-1005
-852
-805
-819
-816
-726
-553
-361
-203
-104
-44
17
99
175
250
295
293
322
401
522
638
662
621
552
496
488
519
537
510
480
473
514
599
682
717
673
628
651
716
786
860
923
929
944
1007
1034
999
954
921
917
940
988
1069
1170
1294
1418
1464
1407
1336
1320
1363
1427
1445
1419
1369
1340
1375
1418
1396
1303
1214
1171
1193
1284
1363
1359
1280
1210
1202
1203
1159
1066
943
889
965
1104
1144
1064
996
1019
1108
1092
816
286
-272
-563
-605
-682
-1011
-1582
-2144
-2411
-2356
-2245
-2387
-2776
-3138
-3232
-3004
-2667
-2526
-2678
-2928
-2992
-2783
-2439
-2202
-2211
-2356
-2423
-2283
-1984
-1722
-1640
-1687
-1705
-1574
-1315
-1059
-896
-825
-797
-719
-599
-500
-444
-447
-440
-392
-293
-140
19
140
219
283
314
387
496
569
606
645
711
785
864
918
951
989
1018
1047
1004
880
767
708
717
746
756
740
677
644
667
660
624
578
551
559
633
774
894
942
941
930
931
967
1030
1031
954
889
914
993
1063
1097
1065
1040
1094
1209
1298
1270
1195
1173
1208
1286
1358
1367
1324
1292
1282
1263
1210
1120
1042
1003
1012
1043
1050
1037
990
947
939
944
954
907
800
699
648
640
617
476
190
-149
-419
-533
-586
-737
-1040
-1459
-1822
-1999
-2037
-2093
-2312
-2662
-2967
-3072
-2974
-2880
-2943
-3165
-3388
-3396
-3186
-2888
-2666
-2593
-2562
-2428
-2142
-1806
-1549
-1422
-1348
-1243
-1056
-812
-614
-502
-472
-474
-472
-442
-385
-339
-310
-291
-221
-76
69
224
374
465
561
678
769
841
909
982
1025
1028
1014
1005
1037
1111
1169
1165
1097
1043
1040
1061
1054
958
809
698
678
707
718
684
607
536
514
537
567
553
511
468
427
436
494
548
584
582
550
553
631
736
825
881
910
943
978
1039
1105
1145
1170
1172
1170
1165
1173
1177
1158
1126
1092
1094
1129
1146
1113
1034
926
848
820
805
782
729
674
628
592
577
549
498
461
431
416
429
466
485
403
204
-87
-383
-613
-840
-1139
-1544
-1979
-2302
-2437
-2463
-2537
-2716
-2945
-3090
-3040
-2867
-2723
-2692
-2787
-2861
-2760
-2522
-2264
-2126
-2151
-2211
-2139
-1876
-1542
-1307
-1190
-1112
-995
-767
-501
-314
-263
-271
-221
-124
-17
44
40
48
76
149
273
386
514
667
820
939
1015
1089
1178
1266
1344
1408
1423
1418
1419
1433
1435
1388
1324
1246
1159
1074
968
839
684
534
433
367
328
294
246
235
249
252
248
222
190
204
284
375
436
481
510
566
613
627
622
590
565
604
677
745
821
906
997
1077
1121
1112
1057
1007
974
935
902
865
821
784
742
702
669
633
611
602
594
616
661
705
737
706
610
477
317
190
99
12
-69
-181
-300
-341
-294
-207
-184
-320
-570
-816
-927
-914
-930
-1107
-1435
-1741
-1885
-1866
-1846
-2007
-2324
-2643
-2772
-2656
-2461
-2368
-2432
-2554
-2537
-2339
-2070
-1877
-1853
-1917
-1922
-1765
-1477
-1200
-1060
-1024
-982
-849
-628
-410
-273
-243
-233
-178
-40
128
256
362
440
533
681
837
975
1090
1182
1276
1370
1446
1498
1514
1504
1479
1451
1412
1364
1321
1295
1254
1198
1129
1032
927
805
692
584
481
425
379
350
325
293
273
236
207
201
198
223
296
390
461
479
475
468
467
477
475
440
406
410
443
481
498
499
514
558
622
693
712
696
701
713
721
709
696
690
698
721
707
657
587
528
486
441
398
334
259
197
162
145
105
35
-49
-126
-150
-111
-52
-13
-34
-96
-123
-97
-33
-4
-104
-322
-549
-684
-706
-693
-771
-989
-1274
-1478
-1510
-1463
-1493
-1697
-2026
-2286
-2340
-2217
-2078
-2093
-2267
-2431
-2423
-2264
-2066
-1953
-1987
-2023
-1885
-1577
-1207
-919
-784
-704
-574
-367
-138
13
59
82
147
278
430
545
607
634
685
782
884
967
1009
1031
1066
1120
1175
1183
1146
1099
1059
1062
1067
1045
1009
940
894
878
862
847
793
720
671
628
585
540
472
389
331
300
259
229
182
129
113
99
117
137
128
119
111
135
183
246
308
349
398
467
549
635
693
723
715
696
680
662
653
633
601
537
464
429
422
415
377
343
315
298
345
401
405
368
292
220
180
150
114
69
12
-1
22
57
105
156
219
273
312
329
300
267
252
245
215
105
-74
-279
-445
-552
-649
-816
-1074
-1335
-1511
-1553
-1525
-1573
-1748
-1980
-2138
-2117
-1983
-1887
-1913
-2028
-2075
-1981
-1790
-1595
-1505
-1495
-1469
-1314
-1047
-787
-613
-547
-515
-436
-288
-118
-6
31
28
61
153
266
344
367
398
464
552
664
744
796
853
914
996
1062
1097
1138
1168
1196
1197
1145
1067
993
929
862
788
684
557
441
338
236
124
11
-101
-168
-177
-151
-102
-71
-38
9
60
124
163
181
190
182
219
299
383
465
493
494
502
508
512
500
454
400
369
366
394
432
466
465
433
414
421
430
419
406
401
424
483
561
618
611
575
542
505
484
429
350
294
267
277
294
276
217
155
117
84
66
46
-4
-36
-29
-8
1
-11
-48
-97
-106
-91
-120
-209
-342
-481
-563
-603
-680
-839
-1072
-1284
-1404
-1462
-1527
-1661
-1845
-1970
-1988
-1906
-1805
-1796
-1863
-1907
-1858
-1705
-1517
-1386
-1326
-1268
-1158
-978
-762
-578
-442
-350
-231
-67
116
278
374
453
520
569
635
699
758
799
809
800
791
797
814
848
857
793
714
679
699
730
711
647
576
534
553
604
633
584
474
389
370
394
411
370
261
157
128
156
186
164
64
-37
-70
-9
102
167
154
103
79
131
209
270
302
285
289
356
463
568
632
655
642
616
616
642
690
725
720
691
660
639
645
626
556
461
340
245
214
209
212
204
152
85
45
34
66
87
64
24
-10
8
56
93
99
60
6
-34
-56
-78
-110
-159
-194
-234
-300
-344
-386
-430
-473
-570
-681
-770
-827
-842
-876
-958
-1087
-1227
-1292
-1303
-1301
-1307
-1375
-1432
-1421
-1361
-1273
-1214
-1231
-1278
-1258
-1168
-1042
-938
-898
-866
-793
-666
-520
-422
-364
-319
-246
-118
2
100
169
231
341
449
507
524
548
604
675
756
790
767
750
777
832
866
824
720
619
562
560
569
530
422
320
275
287
325
302
216
108
41
67
144
203
214
183
176
213
266
316
320
312
321
345
415
493
552
594
605
603
585
576
588
593
590
575
542
533
548
567
572
532
467
427
436
470
521
543
522
495
489
498
495
464
389
313
255
215
177
120
43
-56
-137
-195
-254
-299
-330
-353
-350
-332
-325
-319
-307
-320
-339
-373
-410
-394
-344
-297
-263
-228
-203
-186
-158
-151
-183
-240
-314
-378
-412
-439
-494
-566
-673
-798
-907
-992
-1055
-1136
-1219
-1278
-1304
-1270
-1213
-1159
-1118
-1107
-1074
-1007
-942
-876
-801
-725
-630
-520
-427
-340
-257
-191
-138
-100
-73
-22
38
84
140
185
226
282
332
364
373
364
367
408
466
525
562
572
575
579
587
553
503
458
420
437
470
481
483
469
459
458
455
441
398
365
368
414
467
489
484
452
429
441
459
487
515
535
579
645
706
718
707
678
622
584
552
511
475
449
426
403
380
340
280
223
173
134
121
108
85
78
72
63
54
10
-41
-97
-150
-163
-178
-197
-195
-206
-213
-217
-249
-282
-301
-312
-312
-309
-307
-302
-304
-293
-280
-275
-267
-272
-262
-239
-217
-198
-202
-197
-175
-134
-87
-71
-90
-133
-161
-163
-145
-151
-206
-272
-338
-366
-370
-416
-498
-627
-755
-814
-823
-820
-821
-844
-886
-907
-903
-891
-868
-865
-857
-816
-741
-624
-516
-452
-415
-386
-342
-279
-211
-144
-89
-30
43
132
213
242
240
225
229
274
329
381
427
454
485
527
555
556
527
490
487
539
608
658
689
711
725
740
745
720
664
611
580
578
595
590
553
502
457
423
377
321
268
230
225
239
252
276
288
283
267
237
205
180
155
145
143
135
132
133
134
138
133
103
62
29
11
4
-12
-28
-55
-91
-113
-138
-165
-203
-253
-299
-324
-320
-305
-282
-257
-244
-240
-237
-233
-220
-195
-169
-142
-126
-107
-82
-55
-47
-74
-136
-199
-227
-217
-167
-129
-119
-126
-134
-110
-91
-99
-120
-161
-189
-160
-121
-98
-91
-116
-147
-170
-196
-231
-283
-341
-386
-415
-423
-428
-460
-499
-540
-572
-599
-623
-647
-663
-645
-619
-578
-529
-503
-468
-457
-439
-389
-354
-283
-196
-118
-19
65
129
183
238
275
303
330
344
365
384
404
440
466
467
449
427
432
450
452
461
466
471
509
545
574
582
558
536
520
523
525
509
500
480
474
496
510
514
488
449
408
370
350
335
314
288
253
204
161
121
74
40
8
-37
-78
-90
-87
-69
-66
-89
-112
-139
-125
-95
-83
-65
-75
-68
-48
-50
-73
-125
-172
-204
-213
-214
-218
-227
-240
-243
-236
-227
-232
-258
-274
-274
-254
-228
-184
-137
-125
-125
-120
-93
-66
-56
-42
-29
-8
19
54
97
100
71
38
12
-6
-29
-50
-82
-118
-146
-159
-183
-223
-260
-308
-337
-335
-320
-320
-322
-308
-302
-282
-254
-244
-249
-247
-228
-196
-171
-167
-175
-186
-185
-181
-168
-171
-189
-202
-209
-191
-180
-183
-168
-141
-111
-74
-27
14
40
50
50
71
96
130
170
183
221
261
290
326
355
377
387
385
387
394
398
395
376
341
317
290
265
254
216
179
157
159
183
192
192
175
162
166
176
215
234
228
234
233
225
221
225
201
161
113
65
55
64
77
75
53
31
22
19
12
-4
-33
-50
-40
-25
1
26
37
31
19
17
15
27
43
38
50
60
73
92
104
104
58
6
-31
-64
-77
-95
-127
-153
-175
-193
-199
-206
-234
-259
-273
-265
-223
-177
-152
-131
-108
-91
-67
-53
-55
-72
-78
-65
-50
-44
-44
-45
-52
-59
-76
-110
-151
-164
-161
-160
-139
-132
-128
-125
-124
-106
-114
-123
-117
-120
-118
-100
-90
-84
-68
-62
-60
-59
-55
-56
-72
-73
-74
-69
-52
-56
-78
-96
-116
-143
-157
-162
-173
-174
-151
-132
-114
-85
-59
-28
-14
6
44
70
98
134
162
167
162
154
133
109
87
64
51
34
34
48
43
43
54
53
46
57
70
81
105
127
156
195
230
246
251
267
283
299
321
335
341
345
374
404
408
394
358
318
290
264
244
208
157
125
101
79
69
37
-10
-41
-65
-72
-58
-50
-56
-68
-73
-67
-65
-75
-90
-114
-134
-138
-145
-153
-149
-152
-167
-177
-194
-223
-247
-267
-271
-269
-259
-223
-198
-186
-166
-145
-129
-131
-129
-119
-106
-73
-26
23
51
75
84
96
129
146
153
165
183
198
205
193
156
115
64
18
-25
-74
-117
-145
-167
-201
-213
-222
-242
-245
-247
-230
-206
-182
-162
-144
-132
-117
-100
-102
-104
-115
-134
-125
-117
-111
-102
-108
-124
-138
-137
-141
-153
-151
-159
-171
-162
-148
-139
-121
-120
-127
-110
-83
-48
-24
-9
21
66
114
162
198
223
248
279
300
308
301
292
288
279
280
266
228
200
175
167
153
141
139
130
136
164
203
225
243
254
249
256
267
273
263
252
241
222
206
191
158
112
68
28
-10
-44
-70
-75
-87
-116
-144
-162
-150
-153
-179
-190
-202
-212
-202
-174
-154
-140
-119
-102
-81
-51
-24
-4
20
31
57
90
105
120
102
73
48
14
4
-10
-38
-45
-62
-64
-46
-49
-50
-49
-43
-28
1
36
46
62
80
81
89
77
55
30
-5
-16
-23
-34
-39
-45
-65
-89
-110
-131
-151
-182
-198
-209
-228
-232
-240
-249
-251
-250
-249
-257
-261
-254
-228
-189
-160
-139
-96
-70
-57
-32
-27
-17
-13
-13
-3
-2
2
-6
-19
-30
-42
-60
-83
-83
-85
-78
-41
-5
37
74
91
120
146
168
188
206
218
224
242
259
273
284
274
252
235
221
212
198
178
166
149
143
149
146
121
80
42
16
12
1
-12
-21
-26
-12
5
23
29
27
33
50
63
85
111
112
113
102
87
78
52
26
-4
-28
-46
-77
-90
-104
-120
-126
-133
-135
-143
-139
-125
-111
-89
-67
-47
-31
-22
-10
9
10
7
2
0
18
30
40
43
36
34
31
30
33
16
-17
-35
-41
-41
-30
-37
-59
-85
-104
-111
-112
-114
-110
-102
-97
-70
-44
-27
-15
-15
-12
-9
-12
-16
-9
-20
-31
-38
-63
-81
-109
-129
-140
-163
-170
-167
-165
-148
-124
-110
-108
-103
-87
-71
-54
-54
-42
-15
2
28
38
34
38
34
25
25
25
30
36
34
49
69
75
68
57
41
21
13
3
-8
-8
5
13
10
21
28
19
29
34
51
83
95
116
132
142
153
150
151
142
122
115
106
98
93
89
88
76
69
66
55
45
40
44
53
53
58
60
43
45
42
16
13
9
2
12
8
-10
1
2
-2
3
-16
-20
-28
-49
-52
-46
-50
-62
-79
-98
-97
-95
-106
-118
-126
-117
-111
-109
-91
-70
-55
-47
-24
-8
-12
2
8
3
24
31
27
28
22
15
-1
-21
-31
-40
-42
-34
-34
-29
-16
-14
-7
-3
-7
-10
-3
7
10
23
24
22
30
31
34
14
-6
-13
-12
-1
2
2
-2
-14
-11
-15
-37
-61
-90
-100
-103
-108
-103
-120
-122
-115
-126
-119
-112
-104
-98
-87
-53
-27
-6
14
22
39
43
35
51
54
53
70
73
79
86
78
75
73
69
68
73
83
89
92
79
71
78
83
91
85
75
81
95
99
112
118
106
103
102
111
115
108
108
101
98
96
86
80
69
55
29
13
-3
-25
-39
-60
-76
-89
-86
-84
-95
-88
-90
-88
-82
-74
-56
-56
-49
-45
-53
-42
-44
-50
-51
-59
-65
-50
-49
-58
-46
-41
-38
-35
-32
-39
-43
-31
-33
-23
-11
-15
-9
5
22
30
23
22
32
45
57
72
76
74
81
82
83
84
60
37
25
13
9
8
0
-22
-48
-58
-65
-72
-86
-99
-105
-106
-93
-91
-84
-72
-78
-72
-66
-65
-53
-50
-47
-39
-52
-59
-42
-56
-69
-73
-78
-73
-66
-60
-58
-49
-37
-31
-26
-20
-11
1
7
15
32
45
52
53
65
83
91
96
97
97
104
111
119
126
119
121
124
114
100
87
79
66
66
77
75
72
74
75
82
88
89
90
87
89
94
95
93
96
87
78
65
51
41
30
26
10
9
8
-6
-5
-6
-20
-34
-53
-63
-57
-69
-69
-67
-73
-61
-62
-63
-63
-68
-74
-72
-51
-46
-46
-34
-29
-30
-17
-18
-28
-29
-34
-38
-37
-33
-36
-38
-42
-47
-45
-47
-57
-75
-72
-60
-63
-54
-45
-53
-53
-50
-48
-43
-45
-48
-51
-53
-58
-65
-58
-68
-68
-65
-78
-69
-67
-64
-62
-76
-74
-68
-65
-73
-82
-71
-67
-69
-49
-44
-47
-31
-22
-7
11
13
24
25
26
40
46
39
30
34
38
46
45
32
30
29
38
38
30
42
53
57
55
58
72
73
75
82
70
77
95
91
105
124
126
125
124
120
126
129
123
117
110
115
109
103
103
92
79
75
79
70
61
59
54
57
58
60
47
36
45
42
44
41
35
50
54
48
44
26
16
6
-9
-9
-31
-50
-61
-72
-77
-90
-94
-100
-110
-117
-123
-117
-116
-129
-120
-118
-124
-116
-113
-110
-107
-108
-102
-93
-92
-90
-76
-83
-86
-85
-86
-75
-80
-87
-102
-110
-106
-115
-116
-114
-118
-114
-104
-92
-86
-83
-77
-69
-50
-36
-18
-1
-4
17
27
27
43
32
26
37
36
35
41
45
35
28
29
16
11
18
28
34
31
45
57
58
67
63
59
71
74
62
82
84
77
91
82
88
87
81
82
73
72
65
64
69
71
64
60
59
46
44
54
54
54
59
58
70
83
82
97
97
98
111
105
112
117
103
103
106
106
104
89
72
48
35
43
27
5
-2
-10
-14
-20
-35
-50
-53
-66
-73
-68
-72
-70
-80
-77
-69
-80
-91
-104
-105
-105
-124
-130
-120
-121
-124
-125
-126
-135
-146
-151
-156
-151
-155
-153
-145
-150
-141
-145
-156
-145
-147
-142
-129
-119
-102
-88
-69
-68
-59
-43
-42
-37
-26
-14
2
16
18
25
30
34
46
41
34
43
59
59
61
72
83
90
88
104
112
116
126
124
127
137
139
140
154
161
166
163
155
160
165
157
152
157
162
155
149
141
133
132
115
94
92
79
72
78
81
72
63
66
61
55
51
39
37
42
48
48
38
34
27
16
8
3
-5
-17
-26
-30
-27
-39
-60
-69
-81
-94
-99
-105
-107
-112
-126
-117
-114
-120
-114
-118
-119
-111
-115
-116
-114
-117
-114
-114
-115
-111
-113
-114
-116
-120
-116
-125
-130
-123
-136
-143
-144
-150
-143
-153
-165
-155
-156
-150
-132
-123
-112
-93
-80
-75
-56
-56
-61
-49
-39
-27
-21
-13
-16
-23
-15
-15
-17
-13
-13
-14
-1
14
28
33
36
41
51
58
64
88
102
122
143
145
165
173
180
186
185
201
205
206
217
224
218
210
218
217
206
207
205
201
189
184
180
169
168
154
142
137
134
128
112
108
109
109
103
88
84
80
80
70
41
24
10
-1
-17
-31
-42
-59
-66
-85
-101
-108
-128
-140
-154
-162
-156
-153
-152
-156
-158
-166
-175
-163
-161
-167
-150
-149
-146
-135
-135
-130
-143
-148
-142
-151
-149
-135
-133
-125
-129
-144
-146
-150
-144
-149
-154
-146
-137
-122
-118
-114
-101
-101
-103
-83
-75
-63
-30
-23
-17
-3
4
13
16
20
23
30
33
37
47
51
44
37
43
44
46
50
55
59
66
63
66
86
86
89
95
98
119
127
129
133
142
143
144
150
152
161
164
160
160
162
156
141
140
141
141
147
135
126
122
116
110
101
99
97
97
99
96
101
98
87
86
70
57
53
47
44
22
14
8
-8
-18
-31
-41
-69
-87
-92
-96
-99
-115
-128
-134
-151
-164
-168
-163
-164
-182
-181
-176
-174
-162
-170
-177
-173
-170
-159
-161
-166
-151
-148
-139
-129
-137
-124
-120
-121
-116
-122
-111
-102
-92
-86
-88
-83
-78
-69
-57
-37
-28
-39
-24
0
10
25
29
27
34
39
52
60
60
68
73
79
79
84
92
95
100
105
112
110
110
119
113
106
109
109
114
104
95
106
106
108
108
109
112
106
109
113
106
111
114
102
101
102
95
101
97
86
84
85
84
83
77
55
47
60
54
40
29
20
20
14
16
14
0
-3
-13
-18
-15
-23
-23
-27
-39
-52
-67
-71
-68
-70
-80
-91
-99
-103
-100
-107
-119
-122
-135
-139
-132
-138
-145
-151
-153
-153
-155
-162
-170
-162
-163
-173
-153
-143
-154
-157
-155
-150
-153
-149
-141
-129
-118
-111
-96
-92
-90
-70
-54
-47
-35
-21
-9
1
13
21
25
38
43
47
58
66
83
101
107
112
112
119
125
126
142
154
152
151
165
170
168
166
156
162
169
172
175
172
176
171
157
158
157
155
144
132
135
133
129
120
108
98
86
77
63
54
52
47
48
48
29
21
22
18
9
6
7
0
5
7
-9
-19
-22
-39
-48
-44
-48
-65
-71
-68
-72
-80
-86
-89
-94
-105
-107
-113
-117
-115
-112
-109
-124
-130
-120
-120
-125
-127
-115
-111
-110
-108
-111
-102
-102
-104
-101
-98
-95
-99
-95
-90
-81
-71
-82
-87
-77
-73
-79
-77
-77
-75
-61
-60
-54
-48
-43
-32
-28
-23
-10
2
11
18
25
33
43
51
52
50
57
68
68
71
84
89
97
98
92
98
97
107
110
105
112
113
117
129
129
120
124
130
134
142
148
150
141
147
144
128
124
117
113
114
104
95
87
84
78
57
50
45
38
30
22
31
24
9
2
-5
-14
-23
-25
-23
-20
-18
-18
-21
-26
-41
-56
-62
-66
-65
-71
-71
-61
-69
-83
-89
-95
-103
-106
-116
-110
-103
-104
-103
-97
-97
-110
-119
-123
-118
-104
-96
-86
-75
-71
-73
-75
-76
-93
-91
-77
-77
-68
-60
-58
-65
-64
-65
-79
-78
-70
-73
-64
-45
-43
-40
-36
-34
-33
-46
-42
-31
-13
4
11
13
15
24
22
13
13
27
30
37
56
57
58
52
49
58
58
63
66
71
82
92
91
97
97
82
87
90
86
94
102
110
105
104
100
96
89
84
95
86
80
90
92
87
80
71
58
48
53
55
51
45
39
38
32
16
13
7
1
-2
-8
3
0
-7
-11
-18
-25
-30
-36
-33
-33
-43
-44
-38
-43
-51
-52
-68
-76
-66
-76
-78
-57
-60
-73
-76
-78
-74
-77
-72
-72
-63
-54
-55
-53
-60
-57
-53
-60
-55
-51
-58
-51
-42
-46
-44
-44
-41
-41
-50
-49
-39
-26
-28
-26
-23
-28
-19
-22
-19
-13
-1
7
-3
14
21
14
19
15
24
31
24
24
16
14
24
18
13
21
23
24
19
10
21
30
33
28
27
38
40
45
47
42
48
55
60
61
69
66
63
71
75
70
64
56
58
54
37
35
40
38
37
32
21
20
16
5
9
15
15
11
4
9
9
4
4
6
2
-3
4
-2
-13
-6
-5
-9
-17
-31
-39
-46
-52
-55
-62
-57
-51
-57
-56
-59
-63
-54
-50
-48
-39
-33
-36
-32
-19
-11
-14
-21
-16
-12
-17
-17
-18
-8
-1
-9
-3
-8
-24
-19
-22
-34
-28
-20
-26
-15
-7
-15
-9
-6
-11
-3
-1
2
11
14
19
18
22
29
17
13
16
15
13
11
12
13
15
4
-8
-10
-16
-21
-26
-22
-15
-17
-14
-12
-10
1
-6
-4
9
9
11
21
25
22
19
29
27
19
30
29
22
22
24
32
25
15
17
20
23
21
21
25
19
20
16
8
19
29
39
39
39
46
39
44
45
34
33
35
36
40
43
38
41
31
20
22
0
-9
-1
-3
3
2
-2
-9
-13
-18
-31
-35
-34
-24
-13
0
6
1
2
-6
-5
-12
-21
-15
-12
-6
5
8
1
1
-9
-23
-26
-35
-28
-23
-16
-3
-12
-17
-23
-21
-33
-47
-38
-32
-28
-19
-11
-4
-11
-14
-14
-20
-23
-24
-20
-19
-10
-8
-18
-8
-10
-30
-29
-37
-40
-32
-38
-28
-24
-31
-30
-31
-38
-36
-32
-33
-31
-27
-20
-15
-6
-1
4
0
-1
5
-5
0
3
0
11
12
12
19
17
11
12
10
10
8
16
24
23
30
41
32
36
51
38
36
44
40
53
55
61
64
60
68
58
51
40
36
42
39
40
34
34
40
32
26
15
8
7
1
5
8
15
25
16
15
14
4
1
-4
-8
-7
-5
-2
0
-2
-1
-11
-24
-29
-37
-37
-38
-43
-32
-27
-36
-31
-25
-43
-52
-49
-59
-50
-31
-27
-22
-19
-23
-13
-22
-35
-27
-23
-29
-29
-17
-8
-9
-11
-22
-29
-31
-39
-40
-31
-32
-30
-26
-23
-21
-24
-29
-38
-34
-27
-28
-22
-9
-10
-4
4
-5
-4
-5
-8
-3
-4
0
4
6
6
-1
3
4
1
6
5
-2
-3
11
12
11
16
11
20
21
22
22
17
26
25
28
36
34
40
43
44
45
43
40
31
29
36
28
30
47
39
30
28
22
19
15
17
19
21
24
24
27
33
31
23
10
11
16
9
17
22
25
29
22
17
6
3
5
-11
-6
-3
-2
9
-9
-10
-10
-28
-24
-27
-33
-29
-27
-18
-13
-16
-15
-17
-17
-18
-22
-20
-13
-7
0
5
-1
-2
4
2
-7
-17
-14
-7
-14
-12
-14
-20
-15
-25
-28
-29
-30
-30
-31
-24
-23
-19
-15
-12
-14
-8
-13
-26
-3
-5
-18
-1
-4
-1
2
-1
6
-6
-7
1
-6
-6
-8
-12
-4
1
-1
-6
-1
-1
-6
-6
-8
6
11
6
16
14
19
22
21
19
12
16
23
27
23
27
31
33
30
22
29
20
18
23
16
29
33
29
31
23
23
22
21
8
12
27
14
20
30
15
6
8
0
-4
0
-8
-3
-2
-4
2
-7
-6
-9
-12
-18
-25
-12
-12
-14
-11
-7
-4
-13
-15
-18
-22
-29
-28
-12
-16
-20
-13
-16
-23
-29
-35
-34
-37
-36
-25
-19
-11
-15
-22
-26
-25
-17
-18
-16
-10
-4
3
2
3
1
6
7
-2
-4
-9
-1
3
-1
6
7
2
-1
-6
-10
-5
-4
1
8
17
17
12
13
15
18
23
19
18
21
27
30
29
36
37
22
27
24
11
12
17
29
23
18
20
12
11
11
9
9
8
11
8
16
20
12
11
14
20
6
0
4
6
9
4
7
5
0
-1
-4
-4
-11
-15
-8
-13
-19
-12
-15
-16
-12
-15
-12
-17
-20
-14
-12
-19
-15
-2
-1
-4
-9
-16
-16
-21
-26
-16
-18
-21
-19
-14
-15
-24
-20
-23
-31
-17
-14
-25
-18
-12
-10
-10
-5
-1
-8
-13
-4
-7
-15
-1
3
8
6
-1
-1
-9
-11
-17
-13
-8
-9
-2
-5
-7
-2
-5
-1
-10
-15
-1
1
1
3
15
20
1
7
12
6
10
14
18
17
19
20
14
17
19
7
7
15
14
9
7
8
19
21
11
7
13
21
14
13
19
21
21
12
19
21
11
21
24
19
22
23
13
2
12
18
5
8
9
5
4
-13
-13
-7
-8
-16
-22
-14
-15
-12
-13
-20
-14
-23
-24
-19
-24
-17
-27
-21
-7
-16
-17
-19
-23
-25
-32
-28
-21
-22
-15
-12
-19
-17
-12
-21
-25
-17
-17
-6
6
-1
-5
-5
2
1
-7
-5
-8
-6
5
4
-1
3
3
2
3
-5
1
8
-1
5
8
9
17
22
15
8
10
18
11
13
21
13
16
17
13
17
10
6
5
6
8
11
10
5
6
11
11
1
6
10
8
4
0
13
4
4
12
2
11
13
4
7
3
4
11
5
0
6
7
9
13
8
-1
8
9
-2
3
-4
1
11
-2
3
3
-6
-5
-16
-20
-13
-10
-2
-1
-4
-11
-13
-8
-9
-20
-20
-3
0
-9
-11
-11
-11
-13
-12
-16
-19
-15
-11
-23
-17
-5
-11
-12
-14
-15
-15
-16
-11
-13
-13
-2
-9
-8
-3
-6
-12
-12
-6
-13
-5
3
-9
-9
-3
6
5
-5
5
6
7
10
9
15
16
7
14
19
11
11
12
10
3
6
13
2
4
6
6
10
4
6
15
14
10
6
11
21
14
16
22
19
24
19
14
9
5
10
10
11
10
4
2
4
1
-10
-9
-4
-9
-5
4
0
-1
9
2
-4
2
-4
-1
2
-4
7
14
0
-1
4
-11
-12
-8
-10
-7
-15
-7
-5
-8
-10
-14
-15
-15
-9
-12
-10
-14
-8
2
-11
-6
-5
-3
-1
-12
-9
-7
-5
-3
-2
2
-8
0
6
-8
-11
-7
-1
-1
-6
-1
-7
-4
7
-3
-11
-7
-6
-10
-9
-5
-2
7
5
4
14
7
0
-1
5
12
12
14
19
20
11
6
4
2
6
2
2
5
7
12
8
1
4
2
-1
7
9
10
12
15
24
24
14
10
13
15
15
24
11
11
14
5
9
1
-2
5
0
-2
-5
-5
-1
-2
3
-1
1
6
0
2
3
3
2
5
8
1
2
2
-3
-1
-2
-2
-5
-13
-15
-14
-20
-13
-7
-17
-5
-14
-21
-12
-18
-12
-9
-9
-4
-12
