22
19
16
7
4
6
13
22
13
9
3
-2
7
6
7
15
15
16
10
-1
-3
8
9
9
9
4
4
3
5
5
6
7
-1
-5
3
9
5
-8
-1
7
9
2
3
12
-1
4
3
-10
-2
-1
0
-2
0
5
8
8
0
-2
7
14
8
6
8
6
14
10
7
16
9
7
12
6
12
9
1
5
5
1
3
7
2
-2
16
16
4
16
10
4
12
7
0
-4
-9
-11
-9
-2
-4
-12
-11
-3
-5
-2
3
-7
-9
-5
-8
-3
-2
-11
-13
-9
-9
2
-2
-4
5
-3
-3
-9
-13
0
-4
-13
-12
-6
-1
-3
-8
0
-2
-7
-2
1
-1
-1
6
-6
-16
-7
-6
-7
-1
-4
-6
1
2
-9
-4
0
-5
-3
-7
-5
0
-4
-10
-11
-10
-12
-12
-16
-10
-9
-6
-4
-8
6
6
-9
2
10
-2
-10
-5
-2
-2
0
2
1
-2
2
11
8
3
0
1
6
3
8
11
5
7
1
11
12
3
4
4
9
7
0
8
17
4
1
12
8
0
11
14
3
17
20
8
5
2
-2
3
4
0
9
7
-5
-11
-4
2
-2
9
9
-3
-7
-7
-5
-13
-3
2
-11
-3
0
4
-1
-8
0
-3
-5
-11
-4
2
-2
0
-3
-5
-5
-7
-10
-8
1
0
-5
-2
6
1
-1
7
5
9
11
1
-3
6
-6
-11
2
0
-1
-2
-5
1
1
-2
5
-2
-13
-1
-3
-7
4
0
-13
-4
2
-7
-5
-9
-4
-9
-9
-3
-13
1
4
-2
0
-6
-2
-5
-6
-5
-5
-2
-3
4
6
-1
-6
-2
-1
-8
-9
-6
0
2
-2
-5
-5
-7
-5
2
-2
-10
-8
-6
-6
-6
0
-4
-8
-5
-10
-8
1
-2
-5
-9
-10
-1
-10
-19
-8
-1
3
-1
1
4
-2
5
-5
0
4
-5
3
7
3
-6
-3
9
10
12
6
5
14
7
0
11
4
-5
2
-2
6
10
-1
7
8
6
3
6
8
3
10
2
6
14
3
9
15
13
5
-6
1
-1
-6
13
9
-8
-1
16
16
4
8
6
0
8
7
-2
-3
-2
3
4
1
4
2
-7
-6
8
8
-4
-5
9
8
2
0
-7
-2
-4
-14
-2
-5
-8
5
1
1
5
1
-2
3
8
4
4
1
2
4
7
10
10
4
-4
-3
-7
-3
-1
-4
-2
-16
-10
0
-9
0
10
1
2
4
-7
3
11
-1
-4
-3
-3
-1
-4
-1
6
6
9
6
8
5
-6
2
-1
2
7
-1
4
-1
-13
-7
-2
-6
-3
-7
-14
-8
-1
0
0
5
5
4
5
1
8
0
-13
-4
3
5
5
4
9
9
-3
-7
6
7
2
11
16
3
-7
-2
1
1
-6
-3
-7
-7
7
3
-1
4
1
4
3
-1
7
8
3
7
2
-3
-2
0
4
5
9
0
-6
3
-3
-6
3
0
8
0
-11
1
1
-4
4
5
-5
-4
7
6
-2
-1
0
3
3
0
-2
-1
14
7
-5
5
-7
-12
0
0
1
1
-1
7
0
-8
0
1
-14
-13
-3
1
2
-3
6
12
1
2
4
4
8
8
2
0
3
6
3
8
6
-1
16
21
14
3
-5
2
4
3
3
2
1
-2
1
2
2
7
2
3
8
2
2
0
1
0
3
12
0
-4
-2
3
1
-3
13
12
2
4
1
-1
-1
0
-1
-6
-5
-3
6
16
7
9
10
6
4
4
10
10
8
6
1
3
7
7
2
-1
3
6
3
3
2
1
4
1
2
0
-1
-2
-3
9
5
1
-2
-10
-7
-8
-5
-3
-12
-8
-3
-11
-14
-6
-8
-11
-8
-4
-7
-14
-15
-9
-7
-7
-6
-7
-10
-11
-9
-6
0
-1
-6
-3
0
-4
-5
-6
-5
-1
0
5
5
10
5
-6
-3
-3
5
10
2
1
-1
-2
4
4
-4
-14
-5
4
2
1
5
2
-3
3
-6
-3
3
-6
-6
-4
0
6
0
-1
-6
-3
4
-4
11
8
-3
-2
3
9
1
2
-1
-3
5
0
5
5
0
9
10
3
8
6
-7
-1
1
-4
14
11
3
9
9
6
-1
7
11
5
7
2
-1
1
-1
-5
3
4
-7
-7
-1
3
1
0
0
3
-9
-14
-4
-7
-6
-2
0
-1
-6
-12
-13
-6
3
8
1
-14
-17
-9
-13
-9
-5
-18
-11
-6
-10
-5
-2
-5
-11
-5
-3
-6
2
2
5
2
-10
-5
2
-2
2
4
1
2
9
5
1
3
-2
-2
2
2
5
7
5
-2
-2
1
6
12
5
0
4
-4
-1
6
2
6
6
4
3
2
7
0
-5
9
14
9
9
4
0
14
3
-8
8
1
-9
7
6
5
15
8
0
3
4
5
2
8
13
4
6
1
-4
0
-5
-2
6
4
-3
3
4
0
15
2
-15
-9
-19
-9
1
-13
-5
4
-10
-3
5
-7
3
6
-5
1
-1
4
4
-4
12
11
0
-1
-11
-7
-3
-3
-6
1
4
-12
-1
1
-8
1
-1
-6
0
-2
-8
6
10
12
18
2
2
5
-9
3
8
3
2
-1
2
2
8
4
0
6
1
14
11
-2
15
5
5
25
24
23
8
1
0
2
5
3
6
3
4
14
13
5
7
10
10
2
-7
-6
-8
-3
1
-14
-9
-9
-7
9
-2
-4
9
5
-6
-8
-10
-16
-8
-2
-4
-6
-4
-1
-6
-6
-1
-4
-7
0
3
-8
-6
3
-4
-3
-1
-6
4
-2
-12
-4
-1
-5
-2
-9
-9
-5
-7
4
-2
-3
1
-9
-6
-1
-10
-9
1
1
0
-3
-1
3
-6
-7
2
8
4
5
-5
-9
5
-5
0
16
5
-1
8
10
8
5
0
8
8
1
6
8
5
7
11
7
13
20
5
3
17
17
15
21
14
5
7
16
10
12
8
0
10
0
-2
9
14
10
8
-3
-15
-11
-10
-12
-9
-14
-14
-20
-23
-12
-23
-26
-13
-12
-15
-16
-9
-5
3
3
-9
-4
-7
-17
-7
-11
-27
-27
-27
-23
-16
-14
-24
-24
-15
-22
-23
-21
-28
-28
-20
-23
-20
-19
-40
-43
-37
-33
-19
-21
-33
-36
-27
-7
-2
-17
-11
-6
-12
1
11
7
9
12
7
-1
-7
-6
0
12
21
23
8
14
31
38
51
53
46
55
71
84
75
59
54
63
85
88
74
64
58
62
67
69
72
63
60
56
49
51
65
56
34
36
21
9
36
42
32
4
-40
-34
-2
25
31
6
-38
-74
-66
-28
-1
9
-1
-26
-37
-34
-26
-9
5
22
13
-10
-23
-42
-39
-37
-51
-63
-93
-135
-160
-177
-205
-227
-251
-277
-279
-286
-296
-298
-294
-274
-243
-205
-171
-148
-120
-87
-68
-37
10
43
59
54
40
47
63
64
49
20
-4
-2
2
-12
-29
-47
-38
-16
11
22
-3
-4
30
76
115
110
104
111
141
197
216
217
231
240
259
285
307
326
343
380
393
379
366
358
386
421
424
369
305
304
348
387
364
283
198
203
287
309
266
196
129
149
201
137
17
-69
-99
-35
-28
-258
-657
-924
-852
-572
-406
-596
-1055
-1400
-1335
-931
-518
-407
-605
-824
-773
-434
-40
186
201
166
279
452
563
580
508
494
597
675
577
316
85
3
76
162
49
-205
-407
-462
-362
-250
-278
-404
-481
-443
-304
-178
-156
-210
-240
-172
-81
-4
31
-12
-38
-11
34
65
69
21
-38
-19
12
12
10
-30
-89
-92
-47
-6
-4
-36
-80
-95
-37
31
53
55
34
26
87
151
179
201
213
236
299
365
361
319
332
400
481
541
520
448
430
486
572
632
614
558
515
532
581
587
587
586
569
581
560
478
447
455
482
529
493
410
351
313
281
202
100
50
25
-39
-228
-680
-1186
-1346
-1131
-824
-815
-1300
-1978
-2269
-1952
-1304
-812
-867
-1312
-1585
-1361
-756
-157
121
95
35
167
434
622
691
715
763
850
824
550
218
93
188
324
278
-77
-548
-766
-705
-561
-514
-721
-1044
-1196
-1122
-998
-925
-854
-801
-713
-531
-462
-483
-362
-142
119
405
512
390
293
380
575
800
921
799
594
501
474
497
582
556
437
367
258
141
152
207
203
223
233
151
137
245
360
464
577
620
640
757
859
915
1020
1123
1194
1283
1331
1262
1249
1366
1450
1444
1323
1080
856
845
938
891
767
551
287
230
227
46
-150
-288
-385
-430
-666
-1292
-1943
-2088
-1709
-1260
-1284
-1943
-2751
-2952
-2346
-1449
-909
-1070
-1630
-1858
-1399
-568
140
416
323
262
470
764
972
1083
1100
1109
1094
898
525
180
95
235
322
120
-372
-843
-992
-822
-608
-627
-912
-1275
-1470
-1377
-1153
-1041
-1094
-1169
-1161
-1014
-790
-697
-682
-555
-330
-102
63
60
-39
21
261
516
647
574
391
310
410
551
617
610
471
310
268
272
301
331
324
308
281
268
268
321
485
628
695
752
759
771
880
1019
1159
1334
1439
1395
1373
1458
1539
1626
1689
1611
1477
1405
1377
1314
1201
1033
806
729
755
645
549
495
402
397
366
196
71
33
-33
-219
-675
-1346
-1806
-1746
-1345
-1241
-1781
-2594
-3126
-2917
-2115
-1539
-1589
-2034
-2426
-2250
-1456
-630
-230
-227
-348
-277
111
584
897
1010
1003
956
853
717
528
361
434
602
514
153
-306
-598
-532
-324
-390
-844
-1402
-1681
-1565
-1306
-1247
-1727
-2440
-2513
-1930
-1164
-610
-923
-1731
-1821
-1072
-25
808
738
-40
-395
57
856
1571
1712
1206
764
797
1016
1276
1514
1414
1148
1015
810
576
563
673
813
943
774
354
186
402
813
1192
1200
869
570
585
964
1439
1751
1734
1422
1280
1435
1690
2059
2164
1792
1462
1308
1219
1382
1411
944
606
567
507
601
582
140
-75
131
144
-224
-1072
-2227
-2663
-1921
-1107
-1305
-2461
-3879
-4401
-3382
-1852
-1304
-1925
-2908
-3367
-2630
-1109
-109
-7
-187
-287
8
865
1542
1661
1767
1897
1780
1649
1400
915
791
1103
1142
667
-27
-698
-922
-538
-299
-796
-1528
-1951
-2118
-1932
-1735
-2365
-3175
-3059
-2597
-2041
-1455
-1931
-2751
-2351
-1329
-381
417
232
-517
-353
505
1293
1915
1944
1381
1193
1517
1717
1815
1888
1634
1304
1211
975
630
594
637
571
525
283
-131
-198
136
537
739
598
276
165
486
1009
1426
1643
1577
1421
1479
1694
2052
2411
2451
2292
2096
1818
1746
1786
1605
1603
1495
947
578
73
-408
52
546
493
256
-621
-1327
-741
-55
43
-534
-2196
-3257
-2558
-1400
-752
-1301
-3018
-4032
-3403
-1937
-793
-1004
-2065
-2655
-2341
-1213
-71
167
-83
-199
-90
445
1003
1169
1244
1317
1249
1021
615
294
261
477
721
439
-348
-886
-1015
-883
-432
-418
-1242
-1991
-2429
-2961
-2796
-2077
-1971
-2007
-2206
-3018
-3117
-2001
-990
-281
9
-649
-1070
-386
605
1442
2027
1750
1119
1062
1378
1803
2219
2198
1708
1254
984
966
1000
943
951
774
361
43
-129
-103
411
769
540
181
-77
46
634
1224
1298
1032
742
811
1328
1933
2243
2024
1687
1673
1912
2103
2265
2097
1656
1513
1485
1287
1155
1081
811
735
837
792
544
226
129
306
543
395
-795
-2502
-2900
-2003
-868
-436
-1885
-4260
-4935
-3649
-1919
-818
-1592
-3581
-4347
-3326
-1609
-190
128
-621
-1280
-895
170
993
1501
1664
1366
1212
1270
1010
896
1254
1505
1434
993
94
-684
-405
427
556
-10
-1277
-3074
-3416
-2185
-1536
-1393
-2040
-4033
-4775
-3457
-2133
-1086
-841
-2112
-2874
-2008
-603
715
1431
958
192
370
1186
1910
2472
2538
2005
1669
1616
1543
1681
1903
1854
1532
948
421
278
393
736
872
439
-185
-456
-219
326
824
846
373
-46
164
713
1327
1786
1759
1474
1354
1699
2116
2372
2500
2303
1841
1875
1974
1634
1480
1514
1592
1245
873
185
-741
170
1748
754
-40
66
-1953
-1605
19
-1917
-2485
-1056
-2514
-2895
-1999
-3687
-3602
-2069
-2125
-2394
-2636
-3044
-2645
-1902
-675
-66
-1067
-836
-541
-716
896
1903
971
903
973
498
1186
1574
1272
1001
646
586
403
25
408
586
-87
-151
-824
-2531
-2612
-1859
-1938
-1576
-1899
-3859
-4490
-3379
-2296
-1244
-996
-2226
-3178
-2436
-785
658
1204
650
-211
-316
775
2089
2552
2311
1849
1244
1089
1794
2134
1940
1971
1610
794
610
830
906
1193
1266
578
-235
-311
70
537
1014
899
154
-338
-51
664
1376
1707
1462
998
917
1486
2180
2524
2483
2071
1593
1488
1885
2144
2007
1985
1581
891
850
909
944
1499
1501
758
384
211
328
466
-410
-1617
-2079
-1787
-1041
-1149
-2657
-4036
-4312
-3298
-2079
-2165
-3268
-4368
-4398
-3040
-1657
-1233
-1478
-2094
-2155
-1093
133
868
964
676
651
925
1306
1677
1659
1638
1863
1525
1244
1192
876
1259
1680
943
256
-588
-2044
-1652
-783
-1176
-1384
-2644
-4472
-4217
-2931
-2081
-1780
-2817
-3938
-3830
-2532
-770
-194
-628
-1120
-1285
-476
1079
1805
1696
1492
1237
1412
2026
2510
2465
2295
2248
2055
1742
1704
1798
1732
1829
1635
930
410
460
682
905
894
381
-64
-285
62
810
995
939
800
337
632
1567
1940
2049
1839
1214
987
1444
2083
2284
2025
1483
572
224
1218
1910
1897
1850
574
-700
-11
1198
1908
2114
583
-2019
-2939
-1883
-133
764
-439
-3154
-5260
-4947
-2708
-976
-1286
-3026
-4998
-5374
-3706
-1708
-781
-1220
-2294
-2966
-2383
-841
522
1039
846
308
-72
264
1041
1801
2282
2249
1644
931
800
1319
2246
2539
1740
577
-569
-935
145
456
-901
-1520
-2548
-3409
-2154
-1801
-2906
-3084
-3186
-3622
-2829
-2135
-2405
-2415
-1893
-1613
-1288
-511
-192
-48
446
1075
1293
1356
1653
1880
2092
2494
2623
2010
1831
2288
2444
2456
2269
1652
1118
1235
1528
1343
982
733
399
215
447
610
467
272
396
510
654
1161
1097
790
925
1150
1463
1619
1452
1269
1228
1496
1890
1802
1689
1617
1268
1382
1609
1671
1790
1542
1347
1489
1432
1354
518
-974
-1066
-562
-320
-298
-1826
-3852
-4181
-3316
-2382
-2157
-3464
-5008
-5364
-4438
-2805
-2151
-2812
-3637
-4015
-3169
-1485
-626
-517
-720
-855
-215
663
1118
1320
1427
1593
1788
1817
1864
1917
2166
2551
2390
1668
857
503
775
972
872
35
-1953
-2567
-1800
-1616
-1065
-1622
-3922
-4660
-3710
-2707
-1720
-1896
-3257
-4029
-3245
-1520
-394
-170
-537
-1119
-812
535
1590
1950
1887
1595
1515
1911
2646
2938
2769
2665
2420
2073
1993
2083
2077
2008
1956
1440
627
610
916
1068
1244
819
179
10
325
843
1148
1030
677
417
431
970
1519
1606
1434
1114
695
964
1655
1836
2005
1731
1007
1014
1645
2081
2341
2046
1396
1233
1481
1732
666
-671
-770
-504
4
-56
-2000
-3986
-3993
-2880
-1779
-2084
-3846
-5471
-5739
-4198
-2469
-2365
-3418
-4399
-4603
-3204
-1299
-629
-915
-1510
-1535
-569
602
1267
1369
1217
1298
1632
1828
2065
2377
2622
2792
2360
1544
1133
1099
1366
1610
759
-524
-1166
-1539
-1266
-777
-1470
-2881
-3615
-3783
-3469
-2552
-2424
-3375
-3954
-3698
-3054
-2084
-1367
-1495
-1832
-1542
-713
93
753
1191
1214
1182
1623
2123
2447
2820
2959
2783
2633
2651
2637
2644
2792
2667
2233
1914
1680
1519
1586
1535
1164
824
658
592
634
672
663
627
473
420
449
447
673
891
806
683
714
904
1170
1320
1469
1471
1373
1602
1888
1952
1970
1981
2041
2104
2136
1997
934
-99
88
469
695
465
-1226
-3024
-3226
-2397
-1551
-1799
-3330
-4847
-5326
-4395
-2970
-2762
-3634
-4424
-4733
-3872
-2337
-1623
-1628
-1890
-1951
-1234
-270
300
588
658
798
1179
1432
1688
1976
2312
2591
2406
1901
1412
1305
1656
1835
1495
838
-346
-935
-649
-626
-571
-1231
-2774
-3505
-3341
-2834
-2031
-2333
-3634
-4262
-3975
-2880
-1685
-1384
-2055
-2646
-2263
-1066
183
823
711
300
399
1161
2245
2789
2692
2554
2361
2548
3087
3272
3147
2984
2787
2715
2553
2346
2282
2067
1990
1831
1339
902
710
730
837
865
560
130
-72
133
358
495
436
67
-42
249
649
743
808
798
763
1065
1516
1687
1526
1521
1661
2064
2399
2583
1877
386
127
783
1355
1698
692
-1656
-2791
-2200
-1038
-516
-1684
-3579
-4986
-4823
-3223
-2195
-2762
-3910
-4893
-4864
-3390
-2104
-1749
-2191
-2769
-2493
-1605
-698
-43
-16
-143
214
441
786
1392
1763
2082
2150
1819
1473
1465
1909
2203
1748
1255
628
-40
292
371
-354
-819
-1468
-2051
-1961
-1957
-2176
-2493
-2898
-3035
-3043
-2930
-2686
-2665
-2601
-2407
-2179
-1760
-1305
-845
-438
-208
130
490
812
1437
1936
2146
2439
2582
2653
2920
3156
3271
3245
3140
3005
2793
2670
2629
2528
2242
1923
1637
1361
1187
1108
929
653
622
470
277
235
5
-82
143
95
14
186
4
105
486
642
778
739
826
1189
1571
1893
2007
1755
1841
2287
2479
2144
1096
562
899
1306
1566
814
-1112
-2190
-1736
-995
-705
-1585
-3221
-4475
-4522
-3304
-2423
-2966
-4047
-4820
-5018
-3976
-2594
-2301
-2741
-3200
-3115
-2343
-1458
-776
-471
-650
-526
-14
408
1007
1498
1760
1857
1659
1569
1620
1749
2152
2235
1834
1414
510
137
638
519
338
-216
-1711
-2428
-2009
-1505
-1366
-2065
-3216
-3902
-3642
-2512
-1873
-2233
-2888
-3201
-2767
-1734
-685
-345
-666
-741
-204
621
1576
2077
1998
2028
2329
2801
3271
3512
3473
3405
3491
3523
3357
3270
3226
3043
2860
2625
2261
1856
1733
1765
1517
1165
813
429
292
369
354
87
-256
-365
-245
14
27
-185
-135
7
343
905
948
628
607
960
1645
2182
2251
1801
607
135
1146
1847
1910
1328
-409
-1671
-1207
-38
395
-583
-2251
-3454
-3719
-2717
-1579
-2038
-3406
-4325
-4601
-3930
-2700
-2268
-2729
-3438
-3614
-2847
-1967
-1364
-1119
-1397
-1406
-905
-379
282
772
996
1179
1073
1034
1282
1643
2053
1991
1428
1070
868
923
1298
1106
298
-555
-931
-922
-901
-764
-1168
-2288
-2826
-2644
-2498
-2216
-2188
-2787
-3256
-2987
-2259
-1675
-1473
-1563
-1579
-1289
-537
277
597
688
849
1130
1657
2263
2569
2693
2727
2723
2925
3181
3282
3216
3060
2979
2862
2726
2738
2586
2299
2175
1923
1571
1433
1341
1283
1112
770
529
341
214
343
445
235
191
137
85
390
623
705
811
764
713
1039
1376
1676
1846
1799
1451
710
595
1202
1563
1510
964
-443
-1385
-843
55
174
-816
-2211
-3212
-3276
-2274
-1463
-2223
-3634
-4316
-4291
-3546
-2515
-2383
-3236
-3888
-3668
-2761
-1969
-1629
-1579
-1864
-1778
-1021
-303
122
369
506
671
771
952
1301
1436
1536
1679
1510
1206
1010
994
1083
993
719
155
-519
-676
-606
-657
-829
-1559
-2347
-2415
-2158
-1973
-1994
-2414
-2926
-2890
-2297
-1667
-1486
-1629
-1638
-1438
-887
-58
481
482
461
820
1314
1776
2266
2428
2292
2460
2808
3029
3085
3032
3008
2961
2894
2896
2758
2512
2410
2273
2080
1910
1739
1583
1375
1143
931
767
701
521
367
439
304
165
318
336
283
461
602
593
614
754
896
990
1256
1545
1432
761
306
573
1062
1500
1379
206
-1114
-1226
-267
441
-29
-1299
-2630
-3283
-2491
-1310
-1392
-2574
-3776
-4215
-3653
-2600
-1964
-2453
-3555
-3775
-3057
-2212
-1567
-1508
-1901
-2035
-1567
-821
-287
-53
75
177
287
502
803
1091
1276
1287
1264
1183
998
1077
1261
1119
829
512
196
35
-86
-214
-535
-1109
-1342
-1338
-1530
-1668
-1871
-2270
-2281
-2040
-1927
-1912
-2022
-2019
-1742
-1267
-869
-720
-685
-516
-128
444
975
1195
1234
1335
1669
2093
2391
2574
2555
2437
2552
2834
2906
2814
2757
2661
2539
2550
2535
2273
2089
2056
1961
1766
1491
1294
1148
1060
1163
1096
679
533
520
475
755
832
477
278
422
554
717
871
790
624
770
1002
532
72
336
665
793
728
-45
-1156
-1265
-364
170
-457
-1503
-2449
-2971
-2238
-1100
-1325
-2648
-3622
-3815
-3242
-2192
-1661
-2343
-3432
-3540
-2721
-1889
-1427
-1416
-1913
-2172
-1552
-749
-313
-123
-92
-118
9
316
682
861
928
1095
1050
921
930
928
986
1090
995
625
207
-27
-88
-90
-65
-430
-1074
-1393
-1506
-1502
-1366
-1445
-1822
-2132
-2170
-1930
-1648
-1476
-1387
-1489
-1479
-1104
-599
-202
57
183
246
487
985
1460
1677
1788
1809
1860
2191
2542
2685
2669
2564
2526
2600
2733
2812
2620
2327
2219
2166
2148
2184
2017
1664
1386
1290
1279
1255
1237
1009
631
555
698
770
842
725
412
349
580
817
840
725
617
559
719
1000
750
298
339
447
501
514
74
-653
-950
-663
-401
-743
-1440
-2034
-2473
-2311
-1766
-1903
-2747
-3342
-3375
-3102
-2619
-2350
-2731
-3317
-3267
-2660
-2146
-1875
-1815
-1994
-1987
-1438
-819
-536
-426
-342
-218
43
394
640
684
782
915
939
1070
1124
1008
1061
1161
1078
902
675
494
212
27
257
10
-625
-833
-1174
-1537
-1201
-976
-1452
-1936
-2122
-2120
-1834
-1339
-1169
-1549
-1870
-1556
-889
-395
-44
28
-238
-86
691
1362
1577
1596
1564
1595
1966
2543
2765
2640
2584
2551
2607
2798
2865
2745
2583
2504
2432
2283
2124
1970
1772
1688
1660
1424
1136
1008
954
840
846
788
451
318
380
372
379
344
297
358
428
444
381
283
433
743
886
587
35
-108
217
620
709
114
-852
-1254
-825
-193
-249
-1165
-2161
-2654
-2352
-1570
-1378
-2196
-3218
-3572
-3172
-2475
-2103
-2408
-3138
-3455
-2943
-2172
-1791
-1838
-1996
-2052
-1804
-1229
-742
-641
-527
-244
-139
-58
207
531
826
1077
1100
872
698
920
1388
1611
1344
751
346
362
748
1007
561
-345
-935
-872
-484
-239
-592
-1450
-2088
-1925
-1354
-1073
-1254
-1789
-2117
-1834
-1179
-685
-638
-844
-803
-385
136
654
854
829
1011
1349
1709
2010
2175
2269
2416
2519
2604
2691
2724
2786
2844
2764
2527
2356
2315
2315
2350
2245
1905
1561
1399
1380
1403
1316
1044
682
396
372
531
631
538
233
-94
-186
16
353
569
431
97
-112
-19
348
731
854
426
-249
-396
14
480
670
237
-757
-1377
-1119
-503
-318
-847
-1748
-2508
-2586
-1992
-1567
-1901
-2624
-3180
-3292
-2884
-2354
-2228
-2575
-2965
-2922
-2510
-2075
-1735
-1566
-1598
-1552
-1303
-966
-591
-227
84
148
70
213
529
878
1225
1292
1065
880
861
1091
1325
1291
1023
606
312
350
485
450
125
-469
-872
-917
-800
-703
-911
-1382
-1723
-1690
-1404
-1150
-1130
-1315
-1481
-1308
-847
-468
-255
-185
-175
56
499
902
1170
1289
1422
1634
1847
2126
2304
2298
2391
2554
2561
2516
2511
2503
2461
2435
2376
2125
1853
1797
1763
1620
1469
1209
867
702
690
662
536
284
57
-29
-20
68
99
-7
-85
-58
5
79
121
171
289
368
332
284
342
455
625
767
547
109
-8
166
330
421
107
-621
-1085
-997
-633
-541
-1022
-1769
-2314
-2333
-1913
-1663
-2010
-2621
-3004
-2932
-2549
-2230
-2215
-2481
-2692
-2517
-2102
-1784
-1605
-1552
-1516
-1312
-1001
-697
-507
-339
-54
186
279
337
391
499
776
1013
975
752
601
623
805
1010
929
596
175
-49
118
334
335
81
-421
-820
-706
-357
-186
-330
-701
-1007
-1027
-645
-226
-169
-349
-503
-452
-142
304
641
711
600
662
911
1171
1499
1722
1687
1618
1695
1798
1894
2000
2034
1963
1804
1653
1584
1569
1552
1529
1355
1024
790
748
778
759
646
398
155
67
173
330
310
158
32
-28
25
232
369
323
239
214
274
412
571
612
555
512
513
593
674
640
549
440
345
352
339
224
52
-181
-370
-454
-522
-676
-856
-1058
-1315
-1499
-1551
-1581
-1678
-1833
-2001
-2143
-2166
-2018
-1939
-2031
-2108
-2083
-1993
-1799
-1587
-1571
-1604
-1499
-1305
-1114
-964
-897
-896
-803
-603
-417
-362
-368
-315
-215
-88
47
60
-14
10
95
200
274
253
176
121
188
285
305
316
289
211
191
251
339
384
402
413
370
389
564
661
657
718
758
772
877
1013
1019
993
1045
1096
1079
1069
1114
1071
1027
1065
1022
878
818
810
723
661
623
538
421
367
370
335
291
279
247
197
214
235
238
240
262
322
357
357
343
374
433
494
562
554
482
513
624
670
658
596
513
505
561
611
580
421
278
295
310
255
189
52
-104
-154
-154
-245
-395
-506
-566
-623
-675
-712
-819
-943
-947
-890
-904
-959
-998
-1039
-1050
-1013
-994
-1051
-1096
-1083
-1049
-1014
-1040
-1105
-1127
-1109
-1066
-998
-1024
-1115
-1125
-1085
-1026
-963
-956
-1002
-1023
-943
-801
-741
-751
-747
-740
-638
-463
-350
-318
-322
-262
-107
69
190
238
254
320
448
576
691
748
790
868
929
974
1035
1086
1112
1151
1147
1105
1091
1097
1099
1079
1052
984
888
809
750
694
691
671
530
395
329
323
380
414
326
167
56
78
194
265
250
124
-6
9
144
289
309
197
124
131
192
344
400
337
293
261
281
358
395
414
410
314
271
317
336
332
337
270
144
125
165
155
118
67
-18
-91
-132
-140
-147
-213
-236
-280
-389
-401
-397
-450
-493
-545
-586
-609
-607
-589
-647
-714
-722
-761
-770
-750
-801
-841
-850
-878
-873
-870
-890
-882
-906
-904
-848
-849
-866
-853
-841
-804
-729
-694
-686
-665
-628
-536
-446
-387
-328
-305
-276
-186
-69
12
32
60
116
173
258
330
315
302
368
427
451
448
451
470
493
558
582
549
519
526
563
600
639
627
574
567
589
613
658
665
625
620
632
621
633
662
659
635
603
547
516
552
593
584
516
422
394
409
429
461
411
292
239
263
288
300
280
196
114
136
180
177
172
114
50
53
76
114
130
81
49
37
7
47
96
105
105
81
41
1
-8
19
22
-33
-91
-152
-207
-233
-263
-289
-354
-456
-515
-582
-641
-619
-632
-702
-769
-842
-863
-829
-775
-775
-850
-900
-891
-841
-764
-722
-735
-754
-744
-670
-596
-563
-524
-500
-478
-408
-351
-323
-268
-217
-187
-153
-140
-138
-93
-31
-16
-28
-40
-45
-17
24
47
46
45
51
68
81
99
140
134
142
185
210
256
311
334
318
374
464
498
515
524
541
569
631
679
647
608
621
643
629
624
623
581
533
541
543
485
459
461
418
380
369
315
264
260
259
215
148
129
113
96
122
110
41
17
27
49
95
96
53
50
86
123
174
186
155
153
167
186
200
190
161
148
144
111
70
48
11
-43
-81
-117
-171
-240
-286
-317
-376
-438
-467
-501
-554
-558
-559
-570
-588
-631
-633
-615
-597
-547
-544
-582
-562
-502
-463
-430
-396
-374
-376
-341
-268
-233
-226
-192
-171
-193
-157
-82
-59
-63
-81
-111
-116
-88
-43
-35
-95
-119
-103
-88
-42
-38
-88
-108
-101
-50
27
33
-2
-14
11
98
178
223
210
162
204
305
396
438
437
407
395
456
521
555
542
502
486
485
509
527
501
465
430
381
362
344
323
309
276
228
173
138
122
108
92
78
31
-19
-33
-40
-21
9
1
-47
-77
-64
-17
40
32
-27
-68
-51
-12
24
9
-39
-62
-65
-18
6
-23
-60
-100
-114
-92
-70
-87
-155
-213
-221
-217
-213
-221
-277
-340
-334
-290
-286
-306
-326
-329
-321
-298
-254
-258
-283
-247
-195
-184
-173
-163
-174
-142
-77
-57
-87
-117
-115
-86
-36
-17
-54
-101
-135
-119
-75
-67
-110
-160
-170
-154
-128
-119
-141
-166
-179
-165
-135
-121
-115
-109
-106
-99
-98
-75
-45
-20
15
27
20
46
103
161
204
206
207
235
273
315
361
373
354
379
410
420
435
445
429
396
389
395
371
343
345
331
288
274
266
224
188
178
156
133
120
115
89
63
77
93
86
45
18
28
12
21
35
-23
-62
-61
-58
-43
-46
-63
-101
-136
-116
-89
-111
-136
-137
-170
-202
-187
-174
-197
-213
-223
-252
-249
-221
-210
-213
-213
-204
-206
-199
-182
-171
-159
-128
-88
-80
-75
-55
-36
-17
25
49
50
57
56
63
86
116
107
89
69
48
59
65
46
2
-27
-35
-41
-36
-38
-62
-99
-128
-122
-107
-116
-96
-102
-153
-158
-142
-139
-119
-106
-118
-134
-131
-91
-56
-31
-6
-16
-23
18
63
84
93
83
85
92
108
158
174
161
165
166
171
172
169
181
170
155
173
162
136
139
139
116
104
102
94
95
104
102
93
105
123
105
103
116
122
123
100
94
79
67
97
88
47
37
39
23
5
-15
-41
-45
-41
-47
-72
-112
-122
-114
-121
-144
-188
-191
-174
-171
-153
-166
-197
-198
-177
-157
-155
-153
-150
-144
-127
-108
-95
-103
-88
-54
-48
-26
-5
-15
-35
-18
22
43
46
39
27
7
10
39
46
14
-10
-22
-38
-27
-12
-33
-75
-82
-72
-77
-67
-69
-90
-96
-90
-74
-62
-67
-65
-68
-71
-48
-27
-26
-31
-31
-17
16
51
47
27
13
4
47
82
76
65
45
56
84
99
106
90
68
68
89
105
98
93
97
99
105
103
93
95
123
146
126
116
127
138
190
205
187
173
147
158
192
210
192
156
135
127
139
147
129
73
14
-4
4
10
12
-17
-72
-99
-101
-99
-119
-135
-152
-181
-178
-170
-174
-171
-162
-164
-176
-190
-189
-161
-138
-137
-140
-142
-134
-110
-85
-67
-69
-83
-83
-73
-50
-38
-36
-33
-46
-53
-47
-33
-21
-32
-55
-73
-70
-54
-52
-73
-102
-108
-103
-84
-83
-99
-115
-115
-94
-81
-77
-86
-81
-56
-30
-20
-25
-13
0
21
42
53
46
51
86
105
106
108
105
112
141
152
138
119
115
128
141
140
134
121
96
92
94
93
101
89
74
71
72
89
97
89
72
69
98
112
124
141
120
92
104
136
133
110
122
124
96
92
85
65
58
61
42
-4
-30
-24
-33
-47
-54
-68
-103
-125
-116
-133
-155
-169
-172
-186
-197
-171
-177
-177
-162
-164
-161
-174
-164
-135
-119
-98
-90
-79
-68
-49
-8
-7
-3
14
11
32
55
60
71
69
58
69
66
50
43
20
15
30
29
6
-15
-22
-20
-19
-21
-37
-57
-56
-46
-34
-39
-42
-41
-43
-33
-28
-27
-26
-13
4
7
2
-3
1
30
48
41
39
25
26
46
57
45
18
4
-4
19
42
31
8
-20
-23
-10
4
13
-7
-21
-19
-12
7
24
20
9
10
28
67
88
87
87
84
101
115
127
147
140
126
122
124
120
113
116
108
99
90
72
47
28
32
30
15
-8
-34
-58
-76
-81
-95
-112
-138
-154
-153
-150
-133
-141
-160
-169
-167
-144
-130
-118
-113
-128
-131
-102
-71
-53
-53
-55
-44
-34
-20
12
33
32
38
28
25
38
43
50
37
27
23
25
44
50
49
29
7
13
25
38
38
31
12
-2
18
32
35
26
17
17
18
33
44
37
35
42
53
62
62
63
64
68
75
68
46
37
46
45
45
26
2
-13
-12
-5
-25
-48
-72
-82
-70
-68
-71
-78
-86
-85
-75
-63
-53
-54
-58
-51
-36
-21
-9
10
19
27
37
36
50
48
45
61
74
88
89
70
66
67
62
45
36
38
35
38
33
13
-3
-20
-28
-22
-14
-32
-76
-85
-88
-90
-78
-83
-89
-104
-104
-79
-73
-72
-61
-61
-56
-34
-13
-4
-7
-13
-12
-3
15
29
37
32
20
24
14
12
22
29
26
8
-1
-4
-18
-17
-17
-28
-30
-32
-18
-13
-12
-10
-15
2
19
27
31
27
33
39
49
77
86
72
79
88
102
110
100
116
122
126
133
118
108
93
76
74
70
58
39
21
11
-2
-4
-9
-35
-46
-59
-74
-72
-70
-82
-104
-111
-104
-106
-108
-109
-111
-105
-82
-63
-64
-67
-52
-42
-44
-41
-22
-13
-2
20
14
10
8
2
11
15
31
26
-3
-2
-11
-17
-23
-30
-11
-29
-56
-66
-79
-76
-73
-61
-53
-51
-42
-61
-75
-70
-49
-24
-26
-26
-11
7
39
53
45
39
48
79
103
113
95
78
76
80
94
97
92
70
42
29
23
32
24
-2
-21
-26
-26
-32
-38
-46
-57
-73
-77
-62
-47
-44
-46
-43
-37
-18
1
28
53
66
87
99
97
87
89
121
144
154
165
171
167
140
122
115
114
127
111
76
52
37
32
13
-10
-31
-42
-38
-52
-90
-118
-123
-123
-137
-160
-164
-141
-117
-91
-95
-121
-114
-94
-57
-27
-39
-60
-57
-22
18
12
-12
0
47
87
71
17
-24
-14
30
41
4
-31
-20
23
28
-26
-86
-93
-61
-24
-35
-91
-135
-130
-78
-30
-27
-62
-72
-31
27
56
27
-9
-13
31
83
85
56
28
58
109
99
81
74
85
101
85
66
57
59
65
34
-4
-12
3
8
-36
-80
-92
-108
-137
-179
-184
-126
-55
-28
-61
-91
-77
-40
-17
-17
-16
-4
9
29
56
90
104
86
90
165
280
342
293
174
85
101
187
240
232
198
174
143
67
-31
-99
-83
14
90
69
-80
-273
-357
-262
-69
40
-8
-110
-147
-125
-237
-551
-790
-618
-52
425
349
-171
-587
-457
99
547
539
228
27
118
267
183
-64
-114
192
606
741
430
-83
-370
-262
65
264
162
-58
-154
-123
-132
-303
-484
-380
19
331
155
-409
-854
-832
-480
-214
-242
-354
-257
5
128
-50
-280
-225
104
419
466
281
108
114
236
345
421
477
524
521
443
336
216
122
107
196
337
379
225
-51
-230
-199
-67
22
-18
-153
-292
-395
-437
-431
-399
-350
-304
-262
-191
-121
-140
-256
-304
-153
113
274
186
-43
-128
50
306
404
304
222
296
397
406
323
227
233
319
394
391
280
120
-28
-75
37
181
165
-90
-377
-422
-252
-101
-160
-387
-493
-347
-117
-64
-268
-475
-441
-225
-22
14
-124
-290
-342
-183
35
122
62
-73
-125
-17
164
245
132
-31
-33
144
302
272
73
-100
-74
87
199
150
-17
-164
-206
-131
-37
-56
-190
-294
-224
-6
140
45
-226
-397
-244
100
290
123
-197
-302
-80
238
316
109
-83
-17
230
388
286
45
-80
40
306
453
350
111
-56
-23
140
295
288
109
-71
-113
-33
42
25
-64
-136
-93
26
76
-25
-183
-237
-140
38
191
181
-1
-168
-170
-16
170
248
197
97
67
142
185
114
8
1
142
306
354
217
-8
-122
-49
111
208
176
44
-117
-216
-213
-145
-98
-112
-146
-172
-172
-175
-241
-344
-353
-196
27
131
11
-229
-371
-308
-105
59
86
26
-33
-46
-19
13
24
17
53
142
217
217
110
-36
-128
-88
63
160
109
-47
-187
-225
-183
-125
-100
-123
-134
-114
-113
-139
-192
-240
-234
-148
-12
48
-29
-159
-212
-145
6
118
115
83
113
212
262
195
116
121
228
354
379
271
141
98
148
203
198
181
141
104
64
46
50
20
-5
-45
-55
-23
-6
-37
-118
-145
-112
-91
-83
-69
-51
-71
-93
-85
-52
6
61
91
77
43
64
137
171
139
66
34
95
162
182
122
43
16
22
70
70
13
-31
-64
-71
-43
-27
-59
-151
-202
-149
-99
-129
-209
-256
-240
-194
-128
-112
-168
-186
-127
-55
-42
-54
-30
-24
-21
15
57
47
12
23
38
39
66
84
27
-63
-45
52
87
47
-23
-79
-90
-21
56
4
-110
-154
-131
-98
-74
-67
-98
-142
-105
-14
8
-45
-91
-79
-16
91
168
129
36
35
147
234
225
193
192
187
170
170
167
145
147
189
209
192
183
157
82
9
12
72
74
-3
-93
-126
-91
-58
-63
-113
-128
-77
-30
-32
-99
-151
-135
-77
-19
-21
-26
-18
-8
27
31
23
29
42
52
44
51
55
38
39
73
103
81
51
55
55
10
-47
-72
-76
-55
-42
-94
-168
-184
-121
-75
-103
-149
-161
-148
-122
-104
-117
-140
-119
-68
-76
-135
-151
-110
-50
-8
2
-19
-71
-90
-48
-9
-6
-6
4
31
59
69
45
-14
-38
-12
6
-8
-36
-58
-55
-25
13
24
16
21
27
35
44
56
67
77
80
75
60
44
61
96
123
122
90
72
86
131
166
155
120
69
57
98
130
141
113
77
37
3
19
41
46
26
10
27
34
41
29
-7
-12
11
51
50
16
10
13
34
48
41
33
12
7
7
-8
-8
-1
1
-8
-4
14
21
22
24
12
-24
-64
-84
-94
-102
-108
-107
-103
-103
-97
-104
-130
-133
-115
-95
-93
-120
-137
-125
-82
-29
-24
-47
-54
-41
-34
-48
-54
-59
-43
-5
10
-3
-26
-22
2
38
67
53
27
6
15
31
2
-21
-35
-38
2
29
0
-77
-109
-49
28
59
16
-67
-108
-73
12
63
33
-14
-23
3
48
74
44
7
21
92
149
145
91
20
-2
39
121
149
93
36
26
65
110
128
89
25
21
54
78
57
18
13
19
39
72
61
13
-13
-6
19
41
41
22
-8
5
53
61
23
-29
-27
15
37
39
1
-45
-46
-6
20
7
-29
-56
-64
-70
-63
-56
-61
-103
-144
-135
-113
-84
-86
-120
-133
-115
-65
-34
-55
-92
-97
-51
2
21
4
-35
-51
-27
4
25
23
8
-2
1
24
40
28
19
35
60
54
19
-4
-7
6
27
15
-32
-64
-53
-34
-46
-71
-57
-38
-42
-51
-58
-41
-6
30
44
15
-1
18
33
27
22
44
80
110
127
123
87
72
99
129
145
136
113
93
85
100
106
64
29
39
67
65
21
-35
-80
-69
-10
9
-23
-60
-62
-31
-24
-50
-69
-81
-78
-47
-23
-16
-27
-38
-29
-8
29
52
42
36
28
43
62
54
59
71
76
76
53
27
12
-5
-20
-26
-21
-24
-40
-69
-89
-98
-92
-96
-121
-119
-110
-109
-131
-162
-156
-134
-98
-74
-94
-124
-112
-69
-51
-59
-42
-1
21
27
38
45
55
72
89
71
51
73
97
97
79
56
46
52
71
79
53
15
-2
5
20
21
1
-24
-30
-7
5
-8
-32
-54
-38
-14
-9
-20
-33
-20
2
29
42
31
38
47
60
68
69
65
50
46
66
102
101
74
53
44
48
51
49
23
-7
-4
7
14
1
-29
-34
-27
-16
-4
-17
-45
-73
-70
-46
-38
-39
-45
-45
-31
-26
-26
-30
-22
12
29
22
8
3
6
12
19
14
-1
-3
20
23
1
-18
-24
-28
-41
-37
-43
-77
-90
-75
-46
-41
-55
-67
-92
-100
-74
-43
-53
-77
-75
-69
-67
-52
-39
-31
-14
9
24
22
8
9
16
35
83
110
82
35
19
36
57
83
77
47
40
35
38
27
8
5
10
23
34
40
15
-20
-28
-5
32
41
20
-6
-3
29
51
56
25
3
39
79
91
63
34
48
78
105
107
75
48
38
51
70
61
37
19
30
59
56
29
-13
-36
-32
-18
-8
-26
-58
-83
-92
-85
-76
-67
-59
-51
-44
-54
-59
-42
-35
-36
-37
-25
-13
-7
2
-4
-9
-2
16
26
6
-4
6
22
37
38
29
13
16
26
11
-1
-8
-20
-32
-35
-19
-17
-36
-46
-58
-58
-55
-61
-61
-73
-55
-36
-54
-74
-79
-66
-58
-47
-34
-28
-14
3
16
5
-10
-7
16
32
25
23
18
22
37
45
52
47
32
18
17
21
24
35
32
13
-5
-2
14
19
13
-7
-19
-17
1
9
-11
-31
-31
-21
-4
14
14
-5
-9
21
56
60
34
12
19
47
70
63
52
60
74
79
56
26
14
34
62
69
45
16
6
15
36
36
13
-11
-23
-11
-11
-13
-12
-36
-47
-39
-19
-9
-26
-32
-39
-28
2
9
-3
-16
-11
7
9
16
16
-6
-16
1
26
35
26
10
-18
-28
-3
17
5
-12
-8
-11
-16
-29
-41
-43
-48
-21
-10
-31
-46
-56
-58
-61
-45
-21
-29
-35
-35
-32
-6
7
-3
-23
-32
-7
9
-11
-33
-35
-17
10
32
36
14
-3
-2
-1
1
-1
-7
-3
-1
-6
-5
-12
-22
-18
-11
4
4
-12
-19
-20
-7
12
25
24
28
43
47
32
16
25
40
51
49
36
24
18
25
29
33
43
45
39
43
40
23
8
10
21
24
17
1
-9
-12
-3
1
-10
-23
-20
-6
3
15
12
-5
-3
0
8
20
13
-4
-6
11
28
20
5
-6
-10
-4
6
12
-1
-19
-10
-3
-6
-12
-26
-32
-29
-19
-23
-46
-57
-53
-40
-31
-29
-41
-64
-69
-53
-40
-35
-33
-24
-16
-12
-14
-33
-42
-31
-3
15
11
8
-1
-13
-5
4
8
14
7
8
10
13
21
4
-9
-5
10
20
14
11
3
5
18
18
2
-5
-2
-9
-3
5
17
22
11
22
29
29
28
16
12
8
23
44
39
33
20
18
27
33
35
27
15
13
19
27
25
14
2
3
13
22
14
-6
-10
0
17
19
2
-17
-24
-8
7
2
-14
-20
-1
14
13
-3
-14
-8
0
3
-9
-16
-15
-11
1
5
0
-25
-45
-44
-26
-8
-9
-22
-30
-20
-17
-28
-39
-44
-29
-9
0
3
-14
-36
-38
-40
-33
-16
0
5
-8
-7
1
6
16
9
2
0
5
26
22
4
4
5
6
6
4
0
-19
-18
-7
3
7
-2
-2
-3
0
4
4
-4
-6
0
1
6
3
-6
-5
3
15
16
13
21
29
32
33
41
48
40
33
41
53
55
40
24
16
17
34
45
37
17
-3
-2
13
27
24
6
-2
-4
-3
-3
-12
-12
-17
-13
5
4
-8
-28
-34
-17
-9
3
6
3
9
3
10
18
21
23
13
9
13
18
12
10
10
11
10
-1
1
-4
-1
-3
-18
-23
-39
-42
-39
-44
-39
-45
-45
-44
-49
-48
-59
-63
-58
-55
-45
-39
-30
-24
-28
-24
-16
-8
-9
-9
5
15
11
9
10
10
19
28
30
24
21
29
28
24
20
21
16
6
8
8
0
-5
-10
-15
-4
3
-1
-11
-23
-25
-21
-21
-12
-4
-7
3
14
17
22
15
12
13
25
38
30
25
18
21
33
33
28
22
29
35
33
13
6
11
6
25
23
4
-3
-11
2
-3
-17
-16
-17
-11
-8
-6
-6
-11
-9
-1
4
10
0
-8
2
15
20
21
13
8
15
16
19
20
13
18
18
12
9
1
-7
-14
-15
-10
-1
6
-6
-24
-29
-32
-36
-35
-34
-35
-38
-39
-29
-29
-38
-35
-31
-15
-7
-17
-27
-35
-18
1
-1
-2
-6
-5
-5
-4
3
-6
-2
10
11
16
5
-7
-8
-6
1
5
-2
-9
-14
-24
-14
-1
-3
-19
-29
-20
-15
-7
-4
-15
-14
-6
6
7
5
11
11
13
25
34
26
13
10
13
16
27
33
33
28
35
49
42
34
26
14
18
20
23
13
10
15
8
3
-11
-19
-21
-21
-11
-7
-4
-11
-14
-17
-18
-7
-7
-7
0
-2
4
7
4
-1
-10
-6
-4
3
17
16
18
15
8
11
14
13
6
1
2
12
7
-4
-9
-18
-10
-11
-9
-20
-40
-33
-28
-28
-30
-30
-28
-33
-29
-22
-20
-27
-30
-19
-9
-2
-14
-21
-26
-22
5
16
14
12
13
16
15
12
3
-5
-1
2
5
11
8
12
14
6
12
10
-6
-10
-8
-4
-10
-19
-9
-3
2
-2
-8
-5
-13
-3
12
13
5
-2
8
13
19
22
26
22
15
32
34
35
32
15
20
16
12
19
16
20
22
22
21
14
10
-2
-3
3
-3
-7
-8
-9
-13
-12
-8
-9
1
6
6
-5
-18
-10
5
10
9
5
1
9
10
13
14
13
19
18
17
15
5
-4
-5
8
12
9
7
5
-4
-11
-15
-22
-20
-26
-24
-14
-19
-19
-25
-31
-24
-21
-18
-20
-26
-24
-24
-19
-19
-18
-15
-17
-9
-5
5
4
0
3
6
13
8
6
1
0
18
17
15
14
8
10
5
1
-1
-2
0
5
1
-1
-3
1
11
-3
-1
2
0
8
0
1
0
-2
5
0
4
7
3
9
12
13
14
15
20
23
25
24
30
27
21
27
26
13
4
4
18
18
4
-4
-7
7
8
-7
-4
-3
5
8
-7
-4
-11
-16
-8
-13
-1
1
-14
-12
-6
-2
-5
-10
-2
6
0
3
8
1
-3
-1
15
17
6
4
-1
-1
4
4
-6
-5
-4
1
-4
-13
-11
-26
-27
-16
-12
-3
-4
-12
-20
-27
-20
-11
-11
-13
-10
-1
3
-8
-12
-14
-14
-2
4
6
6
-3
-7
2
7
10
10
5
1
3
5
0
-5
-4
2
0
2
-5
-19
-12
-3
3
9
9
1
1
-3
-6
3
-1
-1
15
17
7
8
12
9
5
8
22
27
22
19
23
24
21
21
14
13
10
6
3
-9
-5
7
5
1
3
5
5
-3
-8
-3
1
3
-2
0
-4
-18
-9
-5
-9
-4
6
3
0
-2
2
3
-3
-2
9
12
4
1
2
1
8
5
-5
-5
-7
-7
-11
-10
-10
-18
-12
-18
-14
-14
-22
-11
-25
-19
-3
-14
-8
-12
-18
-4
-6
-2
-2
-11
-7
-5
-4
1
-4
-12
-8
10
14
8
1
7
24
12
6
13
10
7
-5
-6
3
-2
-9
-9
-2
-1
-1
-2
-14
-15
-6
7
4
-6
-10
-6
-5
-6
7
5
-2
-2
2
6
5
2
3
5
14
18
24
23
8
5
4
17
28
18
18
17
18
15
17
15
5
6
3
3
4
-5
-10
-9
-1
2
11
-7
-16
-7
-14
2
-4
-22
-8
0
0
-6
-22
-17
-3
-1
5
-1
-17
-17
-5
7
-6
-9
11
15
13
0
-4
5
-8
-3
1
-9
-8
-7
-2
-11
-26
-14
-4
-10
-20
-15
-5
-7
-18
-22
-14
-10
-17
-18
-17
-13
-3
-2
-1
-8
-9
0
-8
-5
-2
-3
7
9
11
22
14
6
11
12
17
14
12
9
5
5
1
1
4
-1
7
5
5
4
-5
-1
-10
-7
3
0
4
0
-11
-8
1
-1
-5
-6
-5
4
8
2
4
4
7
13
17
15
14
14
10
14
13
9
10
5
11
11
3
10
8
3
6
1
6
9
-9
-14
-2
-5
-7
-7
-5
3
1
1
-2
-6
-7
-13
-14
-10
-6
-2
-13
-12
1
2
5
6
-2
-1
1
2
-5
-10
-1
-1
-2
-3
-6
-10
-14
-7
-7
-12
-5
-7
-13
-10
-11
-10
-9
-8
-1
-6
-9
-9
-6
-7
-16
-4
-2
-2
7
-6
-6
6
-1
-5
7
6
5
3
2
12
11
3
5
5
5
11
10
4
2
-5
0
8
4
-6
-7
-7
-5
4
-4
-1
5
3
9
0
-1
7
5
-2
-6
5
5
-4
-2
0
3
