0
3
9
1
7
9
-1
-3
2
-1
-4
-2
-4
-4
-1
-4
-4
1
-1
4
4
-4
1
0
1
8
4
3
0
1
4
-7
-3
2
-1
-5
-15
-13
-17
-13
-2
-11
-7
9
2
-12
-7
-4
-7
-1
-6
-12
-11
-16
-11
-6
-5
-1
-1
-6
-9
5
-2
-7
-1
-8
2
2
8
20
9
9
7
3
4
-2
3
3
-8
0
2
1
6
-1
-3
6
8
9
3
-2
10
11
6
8
3
3
2
10
8
4
2
-4
3
11
14
5
0
4
0
1
12
7
-1
6
2
-3
4
4
1
5
13
10
3
3
0
6
11
11
17
5
-2
-2
4
5
6
3
0
0
-10
0
-1
-7
-5
0
5
-4
-3
-5
-7
-7
-8
3
-5
-10
-1
-3
-2
5
3
-8
-5
0
-2
-7
-10
-6
-6
-6
-9
-6
-2
-4
-2
-5
-6
-4
-5
-11
-6
-4
-11
-6
-5
-6
7
7
-4
0
3
-3
-5
-4
0
2
10
7
10
5
-1
12
-1
0
8
6
8
2
1
3
8
2
2
5
-3
5
13
9
1
-6
3
2
-9
-5
2
-6
-9
2
7
8
5
4
9
10
14
11
4
10
8
5
4
5
13
12
12
10
-2
4
20
14
10
10
4
8
8
9
9
-3
-6
5
11
0
-9
-6
-6
-8
-6
-8
-7
2
-5
-10
-1
1
-3
0
-7
-6
-5
-9
0
0
-1
1
2
3
-2
-7
-6
2
0
-10
-10
-1
-4
-12
0
-4
-16
-12
-7
-7
-12
-9
-12
-9
6
7
-5
0
0
-1
1
-9
-2
-2
1
8
-3
4
-5
1
15
3
6
8
6
11
8
4
11
9
2
6
10
8
4
6
14
11
3
1
3
4
-2
-2
10
9
7
12
13
10
0
4
15
7
9
12
6
-2
4
8
5
6
1
0
8
14
10
10
9
2
0
0
-1
4
9
2
0
-1
0
0
-4
-1
-5
-6
0
-4
-4
-9
-16
-14
-18
-11
-6
-16
-15
-17
-19
-14
-14
-9
2
2
-4
1
1
0
-8
-13
-7
-5
-4
-12
-9
-9
-16
-6
-5
0
-3
-9
-13
-9
3
2
0
-3
-4
1
-5
-7
-12
-13
11
19
1
-6
-6
-3
3
2
12
7
2
7
-7
0
13
9
12
6
5
15
8
7
0
0
12
18
20
9
8
12
22
23
16
16
14
18
16
6
9
18
16
14
16
8
-3
-6
-1
3
5
-7
-10
-4
-8
-4
-2
-5
-5
2
8
13
2
-5
7
11
1
-2
-3
-6
-6
-7
-9
-9
-4
-2
1
-6
-10
-6
-14
-12
2
-2
-9
-6
-3
-1
-1
2
-4
-22
-6
-1
-15
-5
-4
-7
-7
-12
-14
-9
-11
-15
-13
-5
-4
-8
-2
-7
-9
-3
-6
-4
-8
-11
-6
-8
-5
-4
-4
3
5
-1
-7
-5
-11
-10
0
2
0
0
3
-1
2
10
0
5
14
4
-5
0
1
9
18
14
12
7
3
10
16
12
14
19
19
18
4
2
2
0
6
4
7
9
6
6
13
19
18
7
3
13
11
6
10
9
-1
1
3
-4
4
1
6
0
-6
5
1
7
3
-11
-8
-10
-11
-11
-11
-5
-7
-10
-2
-10
-12
-14
-26
-21
-14
-13
-9
-13
-5
-4
-15
-11
-12
-15
-12
-22
-28
-22
-8
-10
-8
-1
-8
-9
-2
-4
-7
-5
-8
-3
-12
-16
-3
-1
5
4
-5
-1
5
7
4
6
6
7
1
2
8
4
6
5
2
9
11
11
11
10
7
5
24
24
15
15
9
15
14
11
8
-1
2
15
11
4
4
7
1
2
6
-4
8
3
-3
7
-4
-11
-7
1
-1
-12
-15
-17
-10
-3
-6
-2
-6
-12
1
-1
-6
3
1
-8
-18
-15
-6
-11
-16
-12
-18
-21
-14
-10
-10
-8
-10
-6
2
-7
-4
0
-7
0
-12
-12
-1
-6
4
0
-5
3
0
0
2
8
14
8
10
9
-4
2
4
8
12
6
3
-2
4
4
0
-6
-8
7
13
7
9
5
4
8
-1
-6
-1
2
1
-4
-1
11
10
-3
2
0
-6
1
6
16
12
7
5
2
12
13
10
7
-2
2
1
-6
3
14
6
-9
-8
1
4
6
1
-1
-3
2
8
-1
-6
-1
-4
-8
4
5
2
1
-2
-8
-9
4
1
-5
-12
-17
-8
-11
-11
-5
-10
-15
-13
-13
-13
-18
-16
-15
-24
-20
-12
-16
-23
-11
-10
-13
-6
-12
-9
-5
-13
-18
-10
-10
-7
-6
-17
-13
-11
-10
1
-1
-5
3
8
7
11
0
-4
7
1
2
4
7
12
14
12
5
8
16
17
22
22
15
14
16
19
19
17
17
12
7
5
11
14
17
6
4
12
9
5
0
9
11
9
10
8
4
0
-5
-13
-8
-6
-9
0
7
5
5
-1
-9
-1
-2
-7
-4
3
-4
-10
-1
0
-4
-4
-6
-8
-2
0
-7
-10
-17
-25
-17
-6
0
-4
-17
-5
4
-12
-14
-15
-22
-13
-3
-7
-7
-7
-10
-5
-7
-1
-6
-8
6
3
3
-1
-7
-10
-11
0
-1
-11
-11
-10
-5
-6
0
-2
-2
9
1
1
1
0
-1
4
7
0
12
12
10
20
13
20
21
1
-3
0
5
4
11
20
16
16
5
10
20
15
8
5
16
19
8
5
7
-3
2
5
2
5
-8
-16
-3
4
-2
-1
-4
-19
-12
2
4
10
3
-1
7
13
15
11
3
2
-6
-12
-2
-6
-8
-2
-5
-11
-18
-9
-2
1
0
-6
2
-1
-5
0
4
-1
-8
3
4
-5
-8
-3
-7
-11
-8
-11
-10
-14
-23
-15
-7
-18
-14
-8
-11
-12
-18
-24
-20
-9
-8
-3
0
-16
-21
-15
-4
9
10
1
4
10
12
15
16
16
13
11
23
39
33
27
31
25
31
41
37
33
35
48
43
37
45
43
38
37
35
36
43
41
25
12
13
11
4
12
5
-2
6
-1
-9
-9
-12
-14
-18
-24
-23
-27
-27
-23
-35
-36
-24
-20
-26
-40
-37
-36
-38
-34
-45
-44
-45
-57
-52
-52
-50
-60
-70
-72
-85
-86
-81
-76
-74
-85
-81
-68
-61
-56
-60
-58
-56
-52
-42
-45
-39
-28
-28
-21
-13
-11
-1
8
8
16
27
39
53
50
51
68
80
96
108
96
108
121
126
149
142
136
152
157
160
161
155
138
134
144
142
135
130
127
123
133
138
133
123
107
104
106
102
86
67
56
47
44
35
14
-17
-17
-23
-46
-63
-88
-99
-124
-147
-155
-188
-210
-223
-241
-247
-252
-256
-262
-278
-276
-267
-269
-262
-266
-276
-273
-265
-269
-260
-248
-257
-261
-248
-231
-227
-219
-192
-182
-171
-139
-122
-95
-61
-43
-8
26
44
73
104
119
144
168
187
204
209
221
239
251
251
257
270
266
276
287
303
315
313
331
339
337
354
360
361
364
367
372
367
368
355
330
318
305
308
296
273
269
254
237
231
225
221
209
195
186
171
154
136
106
72
37
-12
-44
-87
-162
-252
-359
-437
-488
-541
-618
-701
-766
-814
-818
-806
-819
-847
-859
-824
-768
-723
-675
-639
-621
-568
-476
-388
-329
-297
-255
-174
-77
10
68
116
156
199
268
330
382
405
400
425
451
486
500
473
436
397
366
344
306
223
109
16
-33
-79
-139
-208
-295
-375
-392
-356
-347
-369
-400
-406
-363
-290
-217
-192
-196
-159
-86
-4
65
98
114
149
228
349
435
464
492
537
599
686
761
769
746
751
797
846
870
857
801
755
755
786
798
732
643
587
563
574
575
499
393
315
283
289
251
155
4
-170
-261
-286
-335
-454
-634
-808
-896
-898
-890
-955
-1078
-1154
-1146
-1066
-979
-948
-974
-986
-916
-790
-683
-625
-597
-579
-503
-368
-238
-147
-119
-81
13
130
240
316
354
363
413
495
549
559
528
506
491
458
417
358
291
218
126
30
-70
-174
-278
-375
-464
-551
-637
-716
-775
-807
-818
-834
-842
-818
-764
-679
-603
-536
-463
-392
-303
-204
-112
-36
27
108
196
285
372
451
520
591
692
795
876
948
998
1058
1133
1184
1214
1221
1228
1229
1222
1216
1164
1088
1018
962
924
876
793
683
611
587
573
531
461
389
337
339
340
290
150
-46
-193
-272
-312
-415
-619
-842
-1003
-1058
-1054
-1093
-1210
-1345
-1386
-1318
-1207
-1133
-1157
-1205
-1189
-1065
-893
-789
-768
-778
-737
-586
-389
-255
-225
-218
-149
-2
171
277
303
288
320
416
516
568
535
463
433
452
457
421
323
191
94
20
-72
-202
-357
-511
-638
-726
-804
-913
-1023
-1075
-1068
-1048
-1007
-961
-925
-834
-697
-558
-444
-350
-255
-141
-5
125
234
306
381
503
630
732
829
921
1000
1089
1179
1259
1318
1356
1383
1403
1421
1424
1418
1411
1383
1347
1287
1195
1116
1056
1001
904
783
661
564
542
543
506
428
336
294
321
352
296
126
-90
-244
-304
-365
-491
-728
-1016
-1195
-1215
-1167
-1200
-1333
-1470
-1518
-1413
-1229
-1137
-1184
-1266
-1254
-1101
-899
-765
-764
-818
-765
-573
-331
-161
-120
-132
-67
104
313
456
446
391
394
477
591
628
565
442
359
352
367
329
206
39
-104
-190
-263
-374
-539
-726
-864
-951
-1021
-1085
-1164
-1234
-1246
-1193
-1119
-1052
-981
-902
-796
-661
-520
-393
-287
-183
-62
54
153
267
384
488
602
709
810
928
1050
1154
1222
1267
1312
1368
1428
1458
1449
1408
1371
1379
1399
1387
1328
1221
1119
1073
1076
1059
965
820
708
683
733
770
727
610
520
534
623
675
560
287
19
-110
-127
-170
-375
-730
-1060
-1190
-1117
-1037
-1119
-1353
-1547
-1523
-1309
-1090
-1066
-1236
-1395
-1340
-1094
-861
-814
-972
-1110
-1004
-713
-438
-361
-463
-551
-439
-135
136
215
111
5
88
329
558
600
443
272
249
360
473
418
176
-71
-174
-141
-107
-217
-474
-743
-870
-828
-748
-781
-962
-1130
-1136
-975
-776
-711
-762
-784
-687
-452
-210
-99
-104
-130
-67
121
313
401
386
347
421
606
795
894
899
896
953
1076
1175
1208
1194
1167
1187
1232
1251
1251
1241
1239
1241
1222
1185
1137
1093
1081
1034
927
818
749
756
800
806
743
659
646
722
821
820
624
334
159
96
72
-61
-399
-776
-1017
-1032
-962
-1002
-1210
-1478
-1590
-1466
-1236
-1127
-1240
-1456
-1523
-1357
-1105
-955
-1019
-1195
-1226
-1014
-699
-492
-509
-649
-677
-477
-159
66
57
-82
-114
40
310
488
435
252
123
179
350
435
297
16
-182
-208
-117
-95
-271
-545
-753
-783
-680
-651
-779
-962
-1063
-991
-796
-657
-655
-711
-663
-476
-230
-37
4
-27
-7
111
284
393
403
352
362
475
628
744
770
767
808
899
1006
1076
1085
1061
1061
1108
1159
1180
1189
1203
1222
1241
1238
1216
1175
1140
1121
1075
982
885
819
811
843
854
821
771
760
803
853
842
700
461
247
110
4
-145
-397
-729
-1009
-1124
-1116
-1120
-1227
-1429
-1591
-1564
-1387
-1228
-1216
-1345
-1441
-1370
-1164
-955
-913
-1013
-1084
-1004
-783
-563
-462
-517
-598
-522
-292
-62
47
11
-62
-13
177
355
420
351
216
159
198
262
238
84
-91
-207
-244
-248
-302
-450
-629
-747
-780
-769
-791
-858
-906
-905
-827
-674
-543
-448
-364
-261
-105
51
140
185
215
240
296
361
380
381
397
454
534
601
659
681
712
800
883
951
969
963
1016
1090
1160
1203
1192
1158
1153
1194
1214
1164
1068
960
888
880
854
770
655
578
603
687
762
780
748
734
774
839
836
688
441
207
36
-86
-240
-493
-793
-1041
-1162
-1165
-1181
-1275
-1418
-1527
-1490
-1337
-1196
-1163
-1221
-1246
-1177
-1023
-878
-852
-921
-963
-909
-773
-638
-591
-612
-636
-570
-386
-202
-105
-91
-76
15
177
341
396
363
310
288
318
333
273
131
-28
-131
-197
-262
-377
-533
-678
-771
-812
-855
-895
-947
-976
-927
-832
-724
-622
-513
-378
-214
-42
92
185
254
311
379
458
497
507
519
549
604
674
734
771
823
899
980
1045
1082
1108
1130
1157
1195
1203
1177
1145
1104
1070
1052
1022
950
858
779
717
669
613
537
444
395
404
447
513
561
612
688
779
883
953
924
813
677
524
360
169
-81
-376
-687
-943
-1122
-1258
-1377
-1514
-1634
-1666
-1627
-1543
-1443
-1401
-1406
-1371
-1290
-1179
-1073
-1041
-1066
-1076
-1020
-903
-786
-711
-675
-650
-565
-391
-191
-34
69
135
203
331
494
604
644
611
543
514
533
532
447
292
98
-63
-150
-234
-359
-545
-760
-938
-1020
-1026
-1018
-1045
-1085
-1075
-961
-746
-517
-346
-232
-131
-3
174
350
450
468
434
412
457
542
615
650
650
679
784
930
1035
1066
1050
1009
1007
1061
1096
1075
1010
939
886
894
923
895
818
735
667
621
593
539
459
371
302
288
319
367
411
462
564
709
856
1013
1138
1200
1243
1227
1133
988
777
501
206
-98
-438
-784
-1092
-1376
-1607
-1765
-1908
-2017
-2047
-2031
-1968
-1877
-1801
-1724
-1636
-1538
-1418
-1308
-1240
-1189
-1133
-1045
-922
-792
-659
-540
-400
-197
15
226
397
510
643
787
916
1018
1060
1033
979
928
875
766
589
381
159
-43
-228
-438
-681
-944
-1177
-1349
-1472
-1571
-1655
-1701
-1650
-1505
-1317
-1090
-890
-698
-460
-218
44
262
390
526
682
809
936
1042
1078
1079
1085
1105
1157
1226
1237
1220
1230
1253
1294
1300
1233
1149
1092
1042
1013
975
896
799
712
634
572
517
443
353
261
212
217
250
280
285
313
387
500
650
814
960
1095
1236
1394
1553
1619
1569
1420
1184
906
587
209
-229
-707
-1177
-1595
-1943
-2204
-2420
-2630
-2765
-2780
-2699
-2546
-2380
-2231
-2078
-1917
-1728
-1518
-1348
-1223
-1132
-1016
-861
-676
-484
-309
-140
49
294
546
793
1006
1153
1283
1392
1466
1502
1486
1372
1199
1030
839
625
376
81
-242
-554
-826
-1066
-1308
-1569
-1808
-2001
-2130
-2167
-2154
-2108
-2006
-1840
-1601
-1278
-916
-552
-198
138
487
835
1128
1345
1489
1566
1592
1609
1607
1560
1487
1385
1290
1240
1211
1191
1148
1092
1067
1039
999
952
879
800
737
693
632
544
462
403
367
352
341
315
301
314
357
442
511
546
580
646
771
937
1108
1263
1395
1531
1674
1784
1803
1658
1365
994
565
94
-418
-999
-1626
-2208
-2659
-2979
-3197
-3325
-3422
-3439
-3303
-3035
-2680
-2321
-2003
-1720
-1434
-1096
-742
-469
-301
-178
-50
147
408
655
848
995
1138
1326
1534
1706
1772
1720
1619
1507
1397
1250
1006
654
245
-128
-461
-795
-1127
-1493
-1864
-2138
-2300
-2395
-2472
-2559
-2643
-2681
-2635
-2505
-2324
-2119
-1886
-1565
-1137
-622
-68
455
947
1380
1783
2168
2458
2616
2622
2515
2361
2163
1928
1675
1392
1108
876
737
680
652
648
634
610
617
653
698
699
652
565
474
437
436
458
484
493
547
662
827
1012
1129
1174
1173
1161
1204
1299
1379
1427
1484
1572
1709
1859
1936
1868
1573
1095
572
10
-633
-1372
-2195
-3003
-3683
-4163
-4446
-4572
-4598
-4516
-4253
-3757
-3088
-2384
-1743
-1199
-709
-221
261
679
955
1047
1092
1180
1315
1524
1676
1732
1757
1804
1920
2007
1994
1824
1475
1087
732
387
-22
-499
-1012
-1495
-1858
-2099
-2281
-2467
-2635
-2739
-2747
-2624
-2448
-2328
-2254
-2172
-2053
-1865
-1632
-1379
-1115
-812
-393
121
683
1227
1693
2055
2327
2538
2649
2615
2419
2103
1725
1357
1047
768
498
258
95
49
124
277
418
496
531
576
655
738
770
724
644
612
676
816
980
1108
1178
1266
1433
1649
1826
1892
1841
1718
1634
1614
1634
1639
1574
1491
1497
1624
1768
1753
1418
777
4
-769
-1560
-2396
-3304
-4262
-5053
-5513
-5586
-5371
-5042
-4618
-4047
-3270
-2274
-1213
-284
433
928
1305
1678
2031
2241
2218
2088
2014
2037
2158
2287
2284
2118
1884
1679
1489
1205
741
96
-601
-1193
-1664
-2057
-2403
-2740
-3070
-3252
-3163
-2935
-2696
-2487
-2324
-2127
-1872
-1613
-1426
-1333
-1303
-1277
-1129
-829
-461
-107
235
634
1085
1578
2052
2371
2479
2417
2259
2041
1763
1382
876
374
10
-212
-309
-285
-195
-99
58
321
578
745
821
789
715
697
709
692
696
807
973
1154
1465
1793
1966
2106
2279
2367
2331
2223
2021
1749
1565
1495
1406
1332
1392
1499
1609
1771
1758
1205
276
-651
-1647
-2746
-3799
-4841
-5856
-6546
-6670
-6366
-5739
-4809
-3826
-2861
-1650
-249
882
1662
2250
2517
2514
2606
2801
2771
2554
2438
2380
2376
2592
2757
2538
2144
1799
1292
623
41
-702
-1797
-2751
-3275
-3575
-3720
-3573
-3373
-3280
-2818
-2022
-1389
-899
-507
-501
-851
-963
-885
-1185
-1578
-1681
-1758
-1678
-1007
-160
368
897
1510
1946
2327
2761
2808
2231
1639
1262
709
245
64
-264
-655
-592
-164
175
512
883
881
701
771
774
428
94
-117
-427
-535
-120
430
821
1279
1820
2176
2506
2913
2975
2679
2385
2006
1536
1305
1280
1147
964
1047
1347
1721
2253
2755
2804
2286
1300
-15
-1380
-2766
-4311
-5845
-7095
-7820
-7902
-7393
-6362
-5072
-3768
-2410
-960
497
1668
2287
2519
2552
2373
2168
2136
2200
2223
2279
2542
2960
3373
3642
3540
3046
2369
1425
197
-990
-2102
-3293
-4351
-4866
-4823
-4473
-3823
-2920
-2088
-1365
-626
-98
137
183
-89
-687
-1222
-1501
-1739
-1893
-1699
-1251
-758
-84
756
1418
1805
1989
1968
1803
1577
1236
718
247
51
15
110
493
967
1272
1494
1755
1919
1814
1478
976
330
-256
-644
-883
-946
-789
-467
-16
624
1394
1958
2105
2089
2023
1739
1395
1172
919
571
390
558
979
1563
2184
2523
2641
2913
3238
3368
3321
2784
1138
-1170
-2937
-4120
-5260
-6236
-6938
-7533
-7654
-6785
-5332
-3852
-2546
-1715
-1250
-487
665
1419
1555
1714
1796
1615
2034
3188
4038
4229
4300
4386
4315
4224
3830
2587
903
-633
-2150
-3414
-3936
-4210
-4782
-4931
-4076
-2881
-1779
-628
136
62
-224
-266
-525
-949
-1355
-2024
-2614
-2428
-1622
-966
-460
188
591
729
1045
1232
789
160
-264
-617
-662
-234
227
542
1117
1963
2594
3085
3507
3258
2439
1724
1090
399
-187
-653
-1111
-1274
-776
-18
591
1164
1561
1656
1753
1748
1218
441
-127
-561
-812
-546
124
592
973
1784
2673
3378
3940
4001
3529
2932
2468
2101
1771
1191
-413
-2609
-3888
-4322
-4874
-5376
-5677
-6200
-6501
-5964
-4849
-3683
-2870
-2413
-2038
-1214
251
1374
1991
2798
3225
3176
3633
4586
5094
4664
3960
3403
2783
2247
1548
286
-1060
-2120
-3085
-3572
-3344
-3192
-3383
-3211
-2324
-1283
-571
62
329
-64
-485
-822
-1048
-1037
-1250
-1663
-1855
-1546
-875
-417
-173
-38
-266
-613
-714
-720
-784
-868
-933
-604
173
1023
1937
2689
3165
3534
3633
3520
3207
2627
1875
1021
450
209
14
-20
58
212
539
895
1096
1054
840
545
82
-509
-816
-827
-871
-614
67
778
1411
1822
2167
2542
2682
2605
2218
1766
1590
1436
1445
1841
1845
322
-2034
-3429
-4078
-4870
-5592
-6225
-6949
-7173
-6396
-5010
-3254
-1740
-1253
-916
292
1799
2460
2549
3021
3084
2560
2845
3792
4219
3838
3191
2682
2383
2124
1202
-322
-1612
-2774
-3997
-4435
-3784
-3188
-3103
-2560
-1192
345
1452
2069
2020
1127
122
-675
-1391
-1733
-2081
-2646
-2731
-2026
-1068
-635
-628
-682
-1044
-1553
-1771
-1865
-2109
-2167
-1713
-721
778
2325
3428
4058
4582
5018
4836
4290
3635
2500
1339
722
624
744
770
842
979
1208
1646
1742
1267
751
209
-615
-1158
-1077
-979
-1033
-658
315
1210
1786
2436
2742
2619
2608
2388
1892
1640
1452
1077
1159
1714
792
-2068
-4182
-4873
-5876
-6796
-6812
-6982
-7117
-6009
-4256
-2468
-600
477
371
593
1868
2264
1631
2149
2863
2212
2087
3465
4438
4156
3629
2890
1632
755
-45
-1833
-3457
-4020
-4812
-5330
-3822
-1803
-1146
-573
1012
2495
3157
3692
3574
1974
286
-772
-2001
-2723
-2458
-2758
-3622
-3106
-1804
-1653
-1967
-1989
-2670
-3584
-3530
-3189
-3180
-2617
-1541
-533
1132
3340
4590
4815
5063
5097
4506
3950
3406
2453
1508
1044
1031
1268
1828
2184
1819
1609
1644
1385
1242
1013
280
-342
-367
-74
192
520
993
1243
1452
2119
2564
2438
2437
2127
1398
1271
1421
1353
1617
2099
763
-3080
-5855
-6390
-7362
-8259
-8125
-8404
-8039
-5614
-2899
-654
1605
2369
1300
1166
2714
2911
1488
1658
2338
1510
1821
3817
4761
4174
3040
1504
-102
-896
-1788
-4017
-5528
-5236
-5331
-5057
-2404
228
839
1262
2589
3784
4363
4681
4188
2330
647
47
-661
-1075
-827
-1732
-3461
-3801
-3161
-3459
-4463
-5080
-5755
-6185
-5183
-3629
-2620
-1387
109
1063
2300
4122
4895
4356
3731
3332
2854
2440
2306
2092
1629
1409
1589
1864
2315
2539
1781
874
702
858
1140
1391
1326
1203
1397
1905
2331
2606
2849
2566
1942
1984
2206
1828
1454
1178
741
673
984
1203
1534
1814
-123
-4760
-7918
-8212
-8728
-9093
-8118
-7502
-6501
-3679
-861
1232
3124
3244
1422
815
2251
2541
1456
1945
2871
2395
2767
4396
4818
3545
1404
-1114
-3013
-3526
-3884
-5267
-5772
-4424
-3377
-2350
215
2305
2244
1791
2230
2849
3439
3996
3615
2222
1224
1006
550
-36
-755
-2520
-4614
-5576
-5364
-5175
-5580
-5807
-5596
-4823
-3099
-1302
-271
411
1073
1642
2433
3470
3951
3426
2387
1886
2039
1893
1483
991
175
-382
-181
472
1024
1258
1204
867
922
2006
3141
3113
2563
2556
2759
2889
3311
3621
3310
2783
2525
2520
2723
2932
2323
1120
714
949
898
1009
1634
429
-4332
-8804
-9797
-9518
-9149
-8137
-7536
-6721
-3959
-948
1033
3081
3638
1494
7
1368
2857
2614
2860
3722
3197
2861
3893
4117
2795
760
-2205
-4778
-4636
-3588
-4239
-4647
-3160
-1802
-1032
916
2860
2722
1828
1677
1924
2779
4082
4129
2668
1713
1534
392
-1041
-1716
-3590
-6634
-7610
-6542
-5964
-5438
-4505
-4609
-4277
-2003
-219
170
893
1649
1557
2282
4289
5038
4195
3554
2781
1446
896
763
-572
-1934
-2033
-1790
-1208
132
1149
1075
908
1324
1829
2535
3125
2819
2483
3082
3926
4316
4467
4352
3704
2945
2733
2926
2777
2084
1150
461
648
1171
1430
1827
250
-5190
-10187
-11044
-10139
-8961
-7263
-6494
-5595
-2589
325
1945
3394
3150
510
-1046
509
2373
2667
3370
4262
3444
2782
3463
3139
1250
-965
-3580
-5526
-4663
-2513
-1999
-1935
-458
665
861
2062
3246
2619
1602
1473
1983
3220
4850
5155
3241
948
-379
-2073
-4343
-5685
-6688
-8106
-8021
-5947
-4245
-3502
-2718
-2610
-3036
-2123
-548
46
572
1855
2970
3774
4992
5720
4658
2810
1261
-356
-1448
-1522
-1694
-2098
-1745
-653
232
684
1311
1641
1076
741
1364
2220
3036
3920
4502
4601
4593
4672
4164
2942
2147
1614
912
1087
1640
1618
1707
1951
1977
2202
2511
573
-5047
-10302
-11425
-10326
-8499
-5856
-4340
-3616
-1717
-98
836
1956
1218
-1341
-2257
-597
1523
3087
4637
5188
3806
2199
1445
705
-431
-2073
-3891
-4370
-2745
-496
699
1264
1790
1458
732
1017
1724
1853
1818
2199
3288
4842
5720
5086
2815
-80
-2305
-4396
-6163
-6441
-6266
-6342
-5448
-3707
-2720
-2564
-2659
-3398
-4093
-3530
-2261
-997
751
2698
3902
4709
4997
3994
2437
987
-404
-1329
-1563
-1203
-594
-116
420
890
841
442
83
79
503
1125
2014
3201
4270
4989
5270
4999
4369
3404
2234
1614
1734
2146
2552
2682
2504
2060
1622
1571
1930
1577
-2238
-8427
-11471
-10511
-8445
-5965
-4236
-4019
-2833
-788
-263
88
643
-827
-2545
-1212
1598
2965
3873
4738
3450
1357
703
-83
-1468
-2108
-2849
-3770
-2724
-275
667
290
605
821
381
1209
2735
3029
3275
4318
5036
5690
6539
5894
3231
410
-1551
-3037
-3702
-4180
-5799
-6777
-5916
-5007
-4127
-3189
-3678
-4561
-3968
-2636
-1176
606
1614
1542
2108
3471
3648
2772
2124
706
-1063
-1118
-510
-633
-672
-668
-1365
-1711
-727
-4
-411
-322
537
1220
2453
4279
4905
4426
4356
4615
4601
4580
4481
3438
2021
1881
2578
2726
2376
1722
616
95
1198
1399
-2721
-8480
-10954
-10264
-7754
-4353
-3074
-3787
-3076
-1636
-1234
-294
730
-373
-1764
-601
1641
2936
4169
4402
1888
-763
-1588
-1964
-2016
-1580
-1979
-2904
-2224
-227
595
291
358
55
-512
850
3294
4514
5068
5315
4808
4596
5087
4634
2239
-349
-1646
-2383
-2535
-2111
-2700
-4045
-4499
-4311
-4190
-3958
-3640
-3580
-3212
-1539
518
1553
2113
2338
1771
1508
1725
1362
818
483
-42
-586
-689
-461
-776
-1631
-2124
-2245
-1969
-1109
-108
723
1195
1511
2233
3124
3526
3296
2988
3419
4366
4808
4748
4442
3790
3283
3086
2994
2798
2021
1326
1692
1793
-1102
-6730
-10679
-10460
-7782
-4577
-2787
-3300
-3622
-2423
-1546
-1353
-1110
-1357
-1668
-391
1884
2816
3058
3857
2810
-206
-1762
-1962
-2203
-1553
-739
-1172
-1535
-768
-458
-1464
-1817
-1035
-725
70
2487
4472
5048
5458
5337
4079
3248
3239
2245
273
-834
-1173
-1642
-1635
-1681
-2945
-4145
-3943
-3410
-3641
-3649
-2750
-1922
-998
536
1365
1219
1364
1664
1657
1826
1995
1547
844
512
149
-617
-1065
-1019
-1286
-1773
-1825
-1526
-1044
-294
391
525
415
735
1479
2341
3051
3253
3246
3483
3782
4018
4052
3771
3580
3555
3424
3309
3257
3217
3201
1865
-2368
-7744
-10486
-9291
-5884
-2756
-1978
-3575
-4771
-3905
-2448
-1892
-2300
-2814
-1992
660
3361
4016
3005
1838
526
-1066
-1923
-1777
-1270
-513
230
88
-664
-1067
-1495
-2356
-2621
-1657
-219
1481
3661
5174
5124
4413
3730
2845
2111
1940
1541
624
183
159
-365
-1213
-2143
-3463
-4335
-3681
-2494
-2046
-1911
-1500
-1054
-705
-228
54
-24
348
1313
2154
2660
2728
2119
1089
208
-437
-1013
-1180
-798
-465
-470
-604
-877
-1070
-791
-433
-406
-266
421
1423
2329
2896
2863
2398
2218
2504
2816
3009
3156
3356
3680
3952
3902
3567
3466
3554
2213
-1694
-6310
-8566
-7311
-3789
-912
-1205
-4052
-6333
-6003
-4020
-2501
-2350
-2960
-2465
177
2877
3238
1720
-41
-1160
-1256
-623
-200
-173
182
910
958
-116
-1434
-2378
-2573
-1611
-132
1065
2014
2888
3403
3145
2455
1881
1473
1589
2347
2557
1617
710
402
-58
-996
-2335
-3754
-4121
-2712
-765
-142
-825
-1696
-2164
-1795
-826
-366
-562
-258
1088
2644
3275
2705
1490
347
-108
100
178
-56
-32
176
213
-14
-585
-1269
-1530
-1113
-502
-149
266
959
1494
1600
1505
1302
1131
1429
2200
2795
2883
2897
3080
3116
2918
2659
2581
2861
2802
1168
-2058
-4919
-5174
-2834
-106
706
-1161
-4163
-5622
-4547
-2595
-1875
-2684
-3580
-2940
-954
533
364
-934
-1996
-1877
-841
-40
-48
-267
-92
441
802
256
-1064
-1843
-1055
695
2013
2394
2237
2014
2072
2386
2400
1819
1174
1132
1452
1346
757
172
-304
-662
-889
-1563
-2549
-2539
-1474
-639
-504
-808
-1480
-1915
-1252
-248
-144
-469
-229
541
1243
1487
1049
60
-588
-255
423
601
469
344
184
271
444
-15
-798
-1024
-688
-221
309
829
1007
853
748
827
943
1147
1551
1873
1964
2086
2280
2339
2210
2025
1881
1876
2223
2751
2652
1302
-845
-2285
-1881
-162
1248
1141
-427
-2303
-3043
-2384
-1603
-1864
-3010
-3817
-3308
-2030
-1317
-1714
-2695
-3292
-3042
-2487
-2254
-2176
-1899
-1217
-172
457
98
-762
-1142
-398
961
1946
2356
2250
1882
2042
2714
2895
2431
1982
1613
1198
1073
1210
1087
669
270
-191
-737
-1006
-920
-823
-1019
-1315
-1510
-1641
-1472
-1093
-1045
-1217
-1042
-599
-297
-224
-269
-473
-871
-1024
-715
-392
-237
-146
-145
-130
37
294
422
360
369
531
852
1452
1994
2014
1718
1592
1880
2362
2623
2553
2231
1918
1955
2291
2532
2331
1823
1585
1768
1993
1902
1013
-457
-1075
-298
839
1376
908
-470
-1777
-1879
-1231
-1369
-2578
-3735
-3904
-3171
-2358
-2332
-3274
-4354
-4488
-3793
-3334
-3305
-3222
-2918
-2086
-830
-253
-773
-1416
-1201
-128
1136
2003
2164
1881
1846
2258
2663
2663
2376
2127
2070
2238
2462
2472
2265
1969
1614
1230
777
301
24
-156
-413
-524
-620
-947
-1220
-1400
-1598
-1728
-1757
-1700
-1675
-1709
-1725
-1864
-2011
-1855
-1519
-1178
-945
-938
-908
-584
-113
306
517
349
115
299
899
1530
1915
1971
1785
1813
2360
3009
3189
2900
2477
2261
2436
2877
3175
2908
2280
2059
2427
2869
3060
2560
992
-630
-850
85
838
698
-463
-2192
-3108
-2524
-1762
-2181
-3441
-4376
-4206
-3113
-2184
-2502
-3890
-4880
-4561
-3613
-2894
-2574
-2665
-2727
-2076
-979
-431
-657
-859
-391
644
1737
2419
2427
2029
1970
2481
2955
2925
2598
2312
2208
2330
2623
2829
2640
2230
1864
1433
1015
744
368
-201
-669
-1017
-1336
-1475
-1503
-1708
-2077
-2279
-2142
-1864
-1754
-1826
-1865
-1928
-2016
-1881
-1632
-1604
-1664
-1494
-1073
-539
-112
60
20
23
292
761
1246
1526
1505
1441
1680
2145
2429
2340
2158
2169
2349
2708
3136
3278
3126
2965
2871
2924
3150
3264
3102
2554
1463
233
-231
309
958
827
-209
-1728
-2748
-2574
-1923
-2047
-3170
-4376
-4599
-3815
-3001
-3049
-4124
-5270
-5135
-3810
-2613
-2321
-2708
-3023
-2524
-1251
-233
-296
-889
-901
-53
1208
2265
2559
2166
1898
2402
3173
3323
2952
2446
1975
1987
2545
2863
2534
2037
1669
1298
1004
897
580
-80
-535
-686
-846
-1054
-1326
-1734
-2166
-2370
-2256
-2071
-1987
-1890
-1834
-1953
-2037
-1883
-1658
-1493
-1292
-1083
-934
-651
-171
198
258
174
212
470
899
1403
1707
1735
1771
1847
1857
1927
2075
2156
2206
2341
2538
2751
2950
3133
3215
3124
3081
3232
3459
3447
2700
1288
164
5
398
510
-154
-1507
-2687
-2750
-1982
-1646
-2403
-3701
-4459
-4116
-3210
-2855
-3623
-4876
-5348
-4590
-3406
-2694
-2711
-3098
-2963
-1908
-734
-415
-867
-1174
-652
521
1699
2287
2089
1746
2065
2839
3240
3122
2885
2702
2729
3052
3228
2868
2286
1961
1845
1634
1345
1002
415
-120
-179
-211
-686
-1326
-1889
-2406
-2597
-2280
-2040
-2198
-2310
-2284
-2307
-2268
-2143
-2073
-2098
-1987
-1542
-1066
-789
-490
-177
-99
-83
123
358
561
887
1255
1418
1512
1757
1966
2053
2192
2350
2413
2500
2653
2724
2697
2676
2709
2691
2601
2605
2778
3025
3226
3072
2164
742
-219
-185
257
346
-200
-1323
-2347
-2433
-1851
-1690
-2459
-3628
-4228
-3858
-3090
-2866
-3615
-4705
-5006
-4318
-3427
-2864
-2769
-2965
-2754
-1829
-874
-549
-670
-614
-124
651
1421
1834
1825
1807
2175
2704
2912
2836
2727
2640
2693
2873
2845
2568
2329
2161
1858
1354
841
522
357
263
96
-431
-1205
-1763
-1998
-2091
-2221
-2449
-2643
-2635
-2415
-2140
-2069
-2290
-2485
-2406
-2064
-1496
-932
-634
-545
-417
-231
-42
146
161
69
237
758
1434
2015
2274
2229
2163
2261
2541
2876
3044
3039
2939
2843
2841
2808
2645
2494
2468
2493
2504
2510
2498
2431
2290
1833
902
-64
-468
-296
-46
-186
-943
-2077
-2818
-2705
-2338
-2604
-3523
-4358
-4449
-3841
-3229
-3374
-4317
-5152
-4970
-3985
-3008
-2482
-2504
-2598
-1975
-767
78
81
-282
-301
268
1289
2310
2713
2465
2248
2494
2907
3084
2960
2612
2309
2421
2775
2829
2513
2054
1534
1052
699
470
227
-102
-371
-644
-1103
-1593
-1922
-2137
-2321
-2498
-2692
-2829
-2735
-2422
-2172
-2256
-2486
-2454
-2085
-1552
-1071
-845
-857
-747
-287
304
724
868
825
916
1374
1987
2407
2478
2322
2236
2393
2731
3021
3031
2814
2686
2799
2989
2990
2660
2165
1852
1904
2198
2340
2117
1778
1696
1899
2027
1604
506
-613
-891
-345
195
-62
-1280
-2680
-3248
-2940
-2610
-3040
-4110
-4902
-4772
-3966
-3307
-3510
-4329
-4733
-4199
-3195
-2423
-2186
-2250
-1970
-988
173
691
542
328
541
1308
2214
2685
2580
2305
2337
2658
2916
2918
2678
2345
2205
2263
2228
1944
1465
982
611
372
259
123
-213
-617
-894
-1161
-1517
-1897
-2322
-2746
-2988
-2930
-2735
-2664
-2719
-2826
-2989
-3102
-3005
-2696
-2319
-1853
-1255
-697
-166
409
855
1089
1261
1450
1682
2019
2421
2766
2903
2784
2593
2497
2457
2464
2532
2589
2567
2558
2619
2628
2561
2405
2130
1870
1793
1939
2142
2145
1921
1722
1714
1870
1978
1501
283
-863
-1185
-864
-595
-1005
-2247
-3619
-4074
-3508
-2909
-3124
-4028
-4825
-4784
-3908
-3044
-2986
-3558
-3819
-3228
-2100
-1030
-537
-693
-862
-416
389
904
967
865
976
1509
2260
2744
2743
2472
2234
2198
2292
2351
2296
2186
2085
2037
2025
1829
1387
839
230
-326
-565
-549
-662
-1015
-1531
-2171
-2707
-2919
-3037
-3316
-3623
-3741
-3566
-3143
-2716
-2561
-2676
-2788
-2571
-1975
-1280
-657
-191
99
460
1038
1643
2014
2123
2096
2115
2335
2708
2965
2879
2571
2306
2253
2418
2702
2858
2719
2498
2383
2327
2302
2251
2067
1831
1711
1743
1861
1905
1707
1183
531
82
-22
120
230
29
-583
-1262
-1495
-1218
-931
-1184
-2034
-3003
-3364
-2879
-2127
-1873
-2358
-3036
-3147
-2571
-1850
-1677
-2209
-2731
-2516
-1662
-772
-340
-473
-745
-576
50
635
751
522
462
846
1540
2158
2336
2081
1833
1933
2185
2263
2117
1811
1477
1287
1170
930
515
15
-476
-920
-1306
-1653
-1963
-2232
-2408
-2498
-2640
-2829
-2937
-2944
-2882
-2759
-2599
-2479
-2405
-2227
-1890
-1491
-1107
-714
-347
-54
252
572
781
934
1164
1428
1664
1917
2193
2410
2533
2649
2748
2724
2642
2619
2651
2753
2886
2938
2849
2648
2376
2013
1586
1216
942
740
638
601
490
257
-16
-237
-407
-561
-634
-593
-406
-94
114
26
-315
-596
-557
-279
-72
-268
-900
-1511
-1601
-1306
-1111
-1360
-1972
-2396
-2242
-1647
-1164
-1305
-1919
-2327
-2064
-1298
-536
-244
-400
-492
-165
464
960
1034
870
818
1091
1622
1997
1895
1458
1040
813
686
517
244
-80
-291
-325
-354
-513
-771
-1023
-1187
-1271
-1304
-1348
-1463
-1547
-1592
-1723
-1923
-2074
-2119
-2096
-2027
-1970
-2016
-2065
-1912
-1588
-1301
-1082
-839
-535
-74
510
960
1122
1181
1428
1905
2455
2858
2991
2945
2942
3094
3212
3016
2538
2047
1690
1581
1680
1677
1428
1124
915
731
516
232
-124
-404
-456
-306
-176
-202
-311
-406
-408
-271
-86
3
48
287
726
1130
1293
1065
526
83
82
362
453
104
-527
-1029
-1097
-809
-599
-828
-1333
-1663
-1563
-1147
-797
-847
-1217
-1458
-1295
-889
-585
-555
-701
-788
-625
-286
-54
-61
-147
-133
6
229
378
352
267
220
204
170
103
32
-16
-12
-3
25
30
-57
-174
-381
-729
-1075
-1308
-1449
-1508
-1576
-1734
-1888
-1965
-1934
-1856
-1806
-1766
-1639
-1305
-797
-245
199
444
616
818
1060
1279
1403
1491
1567
1662
1786
1810
1745
1678
1624
1584
1549
1474
1342
1213
1142
1095
987
818
650
539
490
447
348
160
-4
-43
2
90
188
224
186
177
207
234
313
427
524
605
728
939
1176
1407
1545
1399
978
626
616
855
1069
983
467
-185
-495
-372
-208
-419
-1006
-1630
-1854
-1631
-1358
-1499
-2093
-2611
-2669
-2306
-1759
-1395
-1462
-1680
-1581
-1166
-741
-492
-390
-306
-61
419
890
1031
799
407
105
5
66
110
13
-147
-267
-362
-476
-622
-801
-1017
-1162
-1072
-788
-502
-311
-251
-344
-534
-682
-715
-666
-538
-342
-165
-64
-1
71
76
-35
-156
-234
-171
124
524
810
905
911
903
943
1015
1017
931
850
879
973
1004
892
702
550
500
551
616
638
604
546
522
511
449
344
263
223
271
408
538
614
677
726
764
854
1030
1270
1500
1709
1873
1959
2028
2066
1971
1691
1250
761
426
348
404
335
11
-503
-1014
-1333
-1493
-1660
-1905
-2183
-2314
-2174
-1882
-1674
-1729
-1983
-2176
-2125
-1851
-1527
-1297
-1165
-1009
-805
-638
-581
-658
-773
-800
-628
-324
-75
98
206
257
285
296
313
285
240
236
248
260
279
232
83
-75
-193
-287
-339
-350
-377
-445
-520
-600
-694
-781
-851
-877
-802
-658
-537
-449
-419
-434
-432
-409
-343
-207
-1
269
548
754
820
752
671
702
836
995
1105
1111
1060
1034
1058
1051
901
622
357
235
292
497
739
884
939
969
1031
1164
1313
1383
1350
1260
1195
1204
1266
1274
1168
975
786
695
666
660
699
756
825
931
1002
929
698
421
209
72
-13
-144
-392
-675
-917
-1113
-1294
-1477
-1664
-1838
-1902
-1857
-1828
-1891
-2019
-2127
-2150
-2031
-1801
-1543
-1327
-1157
-964
-766
-591
-411
-282
-205
-84
98
266
336
312
201
37
-81
-132
-137
-103
-21
64
108
136
144
106
-16
-190
-388
-593
-668
-561
-418
-358
-397
-492
-573
-540
-477
-488
-531
-528
-399
-191
-78
-149
-338
-438
-284
9
253
346
366
457
679
1002
1183
1114
931
836
936
1136
1238
1114
843
631
620
745
864
905
866
824
857
926
905
792
685
659
704
791
893
953
945
911
871
787
708
690
709
738
748
717
628
559
546
553
560
500
400
334
347
431
480
389
188
-31
-239
-443
-646
-861
-1097
-1267
-1304
-1281
-1298
-1366
-1472
-1592
-1647
-1638
-1631
-1633
-1604
-1505
-1374
-1250
-1140
-1093
-1102
-1054
-921
-778
-670
-575
-495
-432
-320
-207
-144
-117
-114
-115
-116
-53
95
231
350
419
383
284
185
175
202
146
32
-119
-276
-347
-329
-348
-440
-508
-489
-385
-218
-68
-53
-152
-226
-217
-157
-76
-11
-6
-44
-18
67
107
100
127
226
403
669
929
1046
1065
1100
1167
1234
1275
1285
1246
1220
1287
1376
1379
1268
1081
888
758
728
739
701
624
560
546
570
587
554
441
326
284
317
380
440
486
462
389
366
406
466
520
525
447
351
357
468
535
464
279
35
-180
-290
-386
-597
-879
-1131
-1316
-1417
-1469
-1548
-1673
-1798
-1846
-1833
-1858
-1884
-1866
-1825
-1703
-1502
-1338
-1227
-1107
-961
-821
-683
-539
-401
-274
-152
-33
53
146
276
399
466
483
475
462
512
603
644
619
553
509
480
408
273
43
-242
-477
-610
-676
-738
-792
-825
-855
-851
-785
-729
-664
-550
-427
-288
-119
65
215
325
415
470
499
561
695
858
997
1134
1252
1303
1359
1416
1439
1420
1356
1310
1252
1176
1106
1009
887
774
695
599
475
383
312
251
218
180
117
63
84
187
283
339
372
376
374
388
413
418
419
479
587
702
797
838
849
851
845
791
657
507
396
332
296
218
40
-265
-637
-944
-1124
-1221
-1323
-1471
-1637
-1768
-1778
-1703
-1673
-1731
-1847
-1914
-1820
-1575
-1309
-1134
-1036
-957
-837
-663
-489
-377
-309
-219
-68
96
200
220
188
165
171
198
218
216
202
196
164
88
7
-97
-192
-271
-383
-496
-604
-702
-757
-810
-886
-926
-898
-813
-686
-557
-456
-383
-281
-141
-5
93
138
177
234
341
493
606
669
714
769
844
899
914
905
917
994
1100
1190
1208
1161
1096
1036
994
948
876
814
787
798
812
775
687
602
517
446
413
369
316
286
308
355
399
450
468
446
447
482
537
613
683
741
776
775
764
735
694
657
624
594
581
601
607
574
489
317
115
-51
-163
-247
-342
-474
-624
-746
-868
-988
-1105
-1237
-1315
-1328
-1317
-1299
-1343
-1455
-1540
-1567
-1548
-1528
-1511
-1476
-1389
-1239
-1089
-1012
-1010
-1009
-945
-813
-662
-542
-446
-357
-233
-114
-43
-29
-82
-130
-153
-151
-141
-159
-199
-239
-278
-333
-411
-496
-564
-592
-560
-524
-511
-491
-438
-350
-270
-222
-194
-151
-68
85
255
364
422
448
494
584
703
800
860
895
931
1023
1114
1144
1125
1079
1043
1065
1114
1124
1086
1043
1023
1040
1043
984
868
739
667
680
696
661
599
509
431
397
372
337
315
343
402
454
501
500
450
416
399
398
419
472
586
697
761
771
707
622
568
516
432
315
204
144
137
141
73
-98
-291
-411
-440
-428
-430
-482
-576
-635
-636
-634
-678
-768
-878
-986
-1046
-1071
-1110
-1170
-1221
-1231
-1237
-1246
-1257
-1300
-1318
-1271
-1198
-1143
-1155
-1182
-1173
-1143
-1075
-1016
-1006
-993
-943
-833
-727
-696
-706
-741
-757
-704
-620
-568
-554
-531
-490
-431
-374
-343
-326
-309
-228
-114
-43
0
27
50
88
147
197
209
250
361
520
713
909
1046
1113
1142
1176
1223
1255
1300
1362
1413
1465
1514
1520
1467
1388
1298
1212
1158
1144
1139
1114
1082
1023
926
811
692
603
526
485
494
508
515
504
477
430
385
341
295
267
275
319
348
366
358
308
271
293
380
480
556
597
579
536
501
457
372
223
46
-98
-172
-191
-201
-263
-400
-541
-638
-672
-687
-753
-864
-983
-1063
-1085
-1103
-1164
-1273
-1375
-1395
-1321
-1205
-1101
-1042
-1006
-968
-924
-883
-882
-917
-952
-938
-860
-751
-679
-681
-730
-792
-823
-825
-823
-836
-867
-864
-807
-729
-658
-633
-656
-662
-619
-513
-367
-239
-151
-106
-68
-30
-17
-25
-61
-82
-27
87
210
313
374
415
475
551
648
745
838
943
1047
1134
1179
1182
1162
1136
1096
1048
1021
1033
1081
1142
1158
1098
985
871
784
721
671
621
600
621
685
742
756
749
744
781
842
901
923
890
836
764
667
551
430
341
315
332
368
396
407
394
348
267
144
10
-99
-160
-186
-223
-282
-361
-429
-463
-482
-486
-491
-498
-487
-453
-431
-450
-524
-655
-786
-879
-951
-988
-1016
-1049
-1041
-1017
-970
-923
-935
-940
-904
-826
-710
-584
-483
-431
-401
-389
-399
-426
-457
-466
-444
-404
-370
-353
-372
-421
-491
-586
-699
-779
-793
-743
-646
-556
-493
-424
-342
-240
-124
-40
-5
20
69
139
217
234
178
106
67
98
164
216
227
213
229
283
340
355
337
323
367
478
614
725
790
832
882
949
1003
1026
998
950
918
893
880
838
759
670
589
552
555
559
553
536
509
494
495
494
477
450
422
423
477
538
559
528
443
352
293
248
216
156
80
15
-45
-109
-201
-327
-458
-557
-603
-597
-565
-505
-415
-314
-188
-87
-40
-35
-70
-97
-108
-111
-104
-118
-155
-210
-279
-359
-443
-519
-596
-668
-731
-767
-776
-769
-763
-778
-791
-765
-690
-589
-486
-401
-356
-325
-277
-233
-196
-185
-193
-197
-192
-173
-155
-164
-196
-227
-255
-248
-212
-173
-141
-129
-117
-103
-80
-37
17
83
125
158
186
185
178
158
121
77
31
20
36
77
116
104
71
24
-2
1
20
70
123
200
319
455
576
667
714
721
707
689
669
632
586
562
551
529
498
439
349
273
223
179
125
45
-19
-56
-59
-1
63
114
143
169
202
228
267
284
285
276
264
254
227
205
177
108
35
-23
-58
-85
-87
-80
-122
-157
-182
-191
-191
-212
-205
-202
-195
-136
-68
-40
-57
-96
-159
-228
-276
-317
-346
-368
-374
-354
-346
-343
-342
-374
-411
-442
-435
-408
-362
-289
-232
-159
-97
-54
-31
-36
-41
-51
-53
-72
-115
-160
-189
-186
-183
-186
-204
-253
-304
-346
-380
-413
-444
-451
-407
-339
-239
-120
-30
40
113
175
216
237
234
217
208
207
231
267
262
237
187
116
82
69
84
101
112
162
225
304
363
355
309
276
302
388
486
537
529
483
433
388
324
211
80
-9
-32
37
126
166
154
126
107
106
138
141
131
144
182
249
295
291
254
183
114
82
68
59
47
19
-12
-54
-100
-137
-180
-224
-257
-276
-276
-256
-220
-200
-189
-178
-154
-100
-26
46
83
78
36
-14
-67
-114
-151
-199
-204
-177
-133
-90
-93
-142
-210
-257
-277
-269
-250
-228
-193
-169
-156
-156
-179
-193
-184
-168
-137
-101
-51
5
40
35
-25
-131
-234
-296
-317
-311
-297
-273
-214
-132
-47
16
23
-5
-9
39
115
184
217
197
151
121
85
22
-72
-174
-219
-221
-173
-112
-95
-107
-122
-112
-78
-41
1
39
92
171
263
348
390
400
397
394
403
413
405
375
320
271
218
176
159
132
126
129
130
144
133
99
57
10
0
36
97
175
230
259
250
210
153
91
46
26
46
83
123
165
183
164
118
40
-32
-60
-26
52
135
192
200
175
139
101
59
17
-16
-25
4
57
99
94
42
-45
-133
-201
-247
-271
-282
-290
-287
-271
-271
-291
-324
-377
-402
-381
-326
-242
-159
-76
-7
50
73
56
5
-78
-148
-212
-282
-329
-384
-426
-428
-412
-377
-335
-297
-246
-185
-131
-85
-52
-40
-23
29
71
98
123
125
132
139
126
111
64
23
14
18
39
47
43
25
-2
-26
-53
-61
-61
-44
12
86
157
217
239
216
171
121
105
128
159
195
228
232
216
203
151
78
9
-30
-1
68
170
257
272
268
246
217
197
161
154
177
241
336
413
439
409
349
274
199
111
25
-52
-108
-101
-79
-74
-84
-107
-123
-117
-102
-89
-75
-47
24
99
163
203
198
188
179
170
138
77
4
-69
-121
-167
-232
-298
-389
-448
-449
-442
-403
-368
-348
-310
-250
-170
-91
-37
-10
-12
-26
-38
-50
-78
-125
-156
-175
-179
-155
-133
-135
-148
-170
-196
-200
-192
-163
-109
-61
0
78
137
162
136
68
-15
-58
-28
44
127
183
198
201
196
166
100
-1
-109
-168
-144
-59
16
46
40
6
-22
-18
-8
-8
-4
21
100
222
337
423
440
392
339
315
317
310
278
214
134
77
51
25
-48
-150
-239
-273
-223
-131
-36
18
35
75
137
205
243
228
171
109
83
87
80
36
-44
-128
-179
-188
-178
-187
-230
-270
-286
-258
-190
-121
-60
-25
10
54
76
91
64
-9
-70
-112
-117
-93
-71
-77
-120
-173
-251
-305
-337
-383
-386
-363
-304
-195
-82
0
12
-33
-121
-196
-223
-208
-151
-82
-14
45
107
150
148
108
51
2
3
55
124
175
175
128
45
-26
-84
-125
-137
-144
-112
-30
65
150
192
185
144
111
92
101
129
147
171
184
205
223
206
173
112
56
36
33
51
75
83
97
122
145
176
201
204
210
216
218
233
234
230
219
193
153
105
56
2
-49
-93
-146
-170
-149
-93
-7
75
129
157
165
160
152
113
46
-13
-47
-27
20
56
55
-5
-78
-142
-186
-208
-212
-200
-168
-114
-49
7
11
-33
-124
-232
-301
-321
-289
-223
-166
-143
-143
-164
-184
-191
-215
-240
-244
-215
-136
-25
49
42
-16
-102
-166
-177
-165
-145
-141
-136
-94
-14
56
72
44
-28
-76
-35
23
80
103
59
26
13
14
41
14
-55
-111
-131
-92
-10
66
85
69
63
83
149
201
191
129
37
-11
24
98
146
143
98
71
109
174
212
167
47
-45
-74
-15
92
133
111
66
57
121
207
244
197
115
71
115
220
286
256
149
21
-42
-34
-8
-13
-72
-118
-91
1
128
192
171
115
58
85
150
183
168
89
8
-34
-39
-27
-63
-139
-198
-212
-154
-55
11
23
-11
-71
-96
-88
-97
-112
-165
-228
-230
-181
-113
-53
-48
-94
-117
-104
-67
-23
-34
-88
-136
-167
-152
-112
-105
-137
-168
-172
-144
-78
-31
-20
-30
-43
-22
26
62
85
74
30
3
-7
0
2
-22
-57
-91
-86
-62
-13
20
7
-6
-32
-34
-11
-1
-1
-12
-20
-6
47
96
128
138
124
111
117
128
137
127
80
39
25
26
40
36
0
-42
-71
-67
-36
-4
14
26
34
56
107
151
170
165
143
132
147
170
180
166
122
64
32
21
16
11
-22
-54
-62
-41
-5
14
-7
-52
-73
-76
-50
-24
-25
-36
-51
-38
4
33
42
22
-5
-7
6
14
-2
-35
-72
-85
-71
-42
-16
-15
-22
-26
-19
6
23
30
30
37
71
103
114
99
48
-20
-78
-114
-131
-134
-133
-119
-96
-72
-46
-52
-81
-113
-131
-126
-104
-66
-29
8
48
87
119
133
128
107
88
85
88
92
83
64
48
29
-10
-54
-100
-151
-173
-161
-145
-116
-85
-77
-64
-55
-52
-42
-35
-27
-11
23
42
66
100
108
126
124
108
110
116
133
135
118
83
45
32
23
12
-20
-65
-95
-100
-70
-35
-23
-32
-43
-30
-5
15
6
-29
-79
-114
-119
-106
-97
-83
-66
-44
2
39
56
51
21
15
26
53
91
117
137
145
158
157
129
95
42
-1
-16
-10
7
25
17
-4
-25
-67
-111
-153
-197
-212
-200
-158
-95
-34
19
55
85
104
112
119
121
135
156
188
213
213
203
168
123
69
15
-17
-35
-38
-18
-10
-13
-25
-46
-69
-85
-103
-122
-120
-112
-81
-35
-14
-2
-1
-4
7
22
42
53
55
63
66
75
73
61
44
25
17
5
-3
-16
-29
-32
-30
-17
-4
-1
-6
-13
-36
-70
-105
-151
-187
-201
-195
-173
-152
-140
-132
-140
-146
-140
-140
-123
-98
-58
14
78
136
171
163
134
103
70
51
37
18
20
22
32
45
25
-20
-85
-151
-182
-191
-175
-157
-141
-117
-84
-40
-7
12
8
10
28
68
126
161
173
171
158
143
129
105
72
42
28
45
67
84
99
89
76
75
73
74
66
40
27
25
11
18
19
-5
-4
-3
14
32
33
46
45
52
61
59
64
40
33
39
23
16
4
-7
4
29
66
102
129
138
146
140
111
78
29
-16
-48
-72
-70
-74
-85
-87
-97
-109
-113
-109
-109
-98
-82
-58
-16
17
46
60
50
34
36
39
44
45
20
-5
-30
-45
-55
-83
-132
-179
-202
-201
-172
-138
-124
-123
-111
-80
-38
5
23
25
21
25
43
64
64
39
7
-18
-20
-17
-13
-22
-58
-93
-106
-95
-72
-55
-56
-61
-63
-32
16
45
47
21
-7
-10
11
38
37
2
-46
-70
-60
-38
-30
-43
-61
-57
-20
47
88
87
64
37
39
56
72
61
23
0
4
30
67
69
52
37
25
39
49
39
1
-54
-85
-96
-73
-58
-48
-41
-46
-17
15
48
74
73
71
74
91
113
130
123
95
70
59
63
60
41
27
6
-4
11
15
11
-5
-38
-50
-41
-23
-5
15
31
51
90
116
117
111
81
54
40
9
-2
-17
-43
-45
-51
-52
-58
-71
-77
-71
-54
-40
-26
-11
-5
4
10
11
5
9
13
16
24
29
37
24
0
-23
-64
-94
-104
-119
-107
-88
-85
-61
-35
-6
27
38
34
25
13
0
-14
-31
-64
-92
-103
-102
-78
-55
-46
-44
-49
-48
-32
-30
-46
-59
-64
-55
-39
-20
-18
-24
-20
-11
21
53
77
93
103
117
118
103
65
14
-39
-79
-103
-125
-132
-121
-98
-78
-59
-34
-24
-5
14
29
52
63
73
101
117
130
139
133
136
147
157
170
158
129
106
77
44
14
-25
-65
-83
-78
-57
-13
24
44
68
82
92
96
83
68
42
11
4
-1
-16
-26
-44
-74
-95
-105
-91
-69
-55
-31
-6
18
54
93
107
103
81
68
74
75
86
72
30
-8
-39
-52
-62
-92
-121
-146
-156
-130
-98
-87
-95
-104
-105
-81
-38
-8
-6
-19
-23
-25
-1
24
19
8
0
16
46
78
83
58
21
-7
-18
-13
-17
-43
-63
-88
-100
-74
-66
-74
-71
-68
-35
13
51
75
60
27
-4
-18
-30
-42
-44
-61
-60
-28
15
35
31
11
-16
-18
-5
22
37
34
33
42
64
83
92
71
50
55
70
103
115
92
56
18
-25
-55
-82
-129
-153
-164
-155
-100
-44
-2
31
53
81
109
136
152
148
138
118
102
80
44
12
-29
-69
-92
-83
-65
-52
-25
-17
-10
-5
-10
-8
-8
-13
-27
-26
-9
4
31
41
27
29
26
32
41
28
10
-7
-25
-33
-25
-23
-28
-37
-32
-6
18
28
28
18
-2
-4
4
9
20
18
16
19
10
20
12
-16
-41
-64
-61
-54
-41
-37
-43
-62
-78
-78
-68
-45
-29
-1
31
72
120
141
141
121
87
63
56
48
45
42
21
2
-19
-47
-68
-99
-134
-144
-139
-133
-110
-78
-67
-60
-55
-53
-29
13
60
105
130
144
145
140
114
66
6
-56
-101
-111
-92
-80
-78
-87
-88
-75
-45
-12
1
14
30
51
86
101
89
51
6
-19
-21
-11
5
2
-9
-9
-10
3
-6
-29
-38
-55
-49
-18
10
20
21
19
16
33
50
69
78
67
61
60
52
25
-2
-38
-81
-98
-94
-76
-69
-70
-78
-89
-84
-64
-43
-31
-22
-10
21
49
68
88
78
62
69
87
116
141
125
109
78
42
27
-9
-45
-82
-104
-96
-84
-52
-33
-36
-42
-53
-37
-13
3
17
23
34
46
52
57
46
14
-14
-32
-42
-32
-12
-14
-25
-38
-43
-34
-31
-28
-29
-30
-24
5
54
82
95
84
61
51
54
58
35
9
-17
-22
-4
3
12
-6
-41
-48
-35
-8
12
13
1
-8
2
29
44
26
14
4
3
35
63
74
62
31
15
9
0
-14
-43
-83
-109
-103
-76
-53
-42
-41
-38
-32
-3
29
41
30
4
4
15
38
60
49
31
9
10
25
22
8
-28
-59
-67
-55
-42
-42
-57
-80
-78
-63
-45
-25
-21
-15
3
42
66
83
79
41
22
-9
-34
-48
-81
-100
-107
-104
-89
-69
-58
-58
-49
-42
-29
-12
-4
11
27
38
41
47
41
33
33
29
30
33
37
47
52
47
38
19
-7
-19
-21
-14
0
7
22
42
50
57
57
48
36
28
28
41
47
53
48
31
18
-7
-22
-47
-73
-82
-85
-72
-46
-19
2
14
20
35
51
64
76
85
97
112
130
139
133
113
86
61
31
14
1
-15
-23
-25
-20
-26
-42
-51
-69
-73
-68
-63
-39
-25
-5
34
54
67
72
70
53
44
37
22
3
-18
-34
-42
-55
-80
-95
-115
-128
-119
-105
-83
-67
-44
-17
12
35
44
45
38
33
33
33
34
20
9
7
-5
-7
-13
-32
-48
-65
-66
-57
-53
-40
-26
-15
-4
3
14
18
6
4
3
-5
3
19
11
4
-8
-23
-32
-42
-55
-61
-67
-83
-66
-41
-35
-15
-9
-16
-1
14
30
46
56
70
95
115
122
118
99
68
38
20
1
-8
-13
-27
-23
-21
-23
-41
-51
-56
-65
-49
-32
-19
3
24
49
68
70
71
72
62
59
61
64
59
47
41
27
10
-19
-57
-87
-109
-104
-92
-75
-54
-43
-23
-13
1
13
12
23
23
29
48
62
61
39
18
9
-9
-16
-12
-14
-18
-21
-7
8
16
19
15
4
-4
21
47
60
59
59
60
51
48
33
14
-26
-56
-55
-58
-55
-61
-85
-100
-107
-86
-60
-50
-37
-28
-16
5
26
47
62
59
65
84
99
107
97
67
40
29
23
34
37
24
4
-14
-32
-49
-51
-76
-96
-89
-75
-29
20
45
61
65
54
55
61
51
38
21
18
25
34
42
22
-15
-49
-69
-76
-67
-58
-56
-44
-36
-24
-4
-8
-18
-30
-23
-6
17
45
42
39
34
16
11
1
-21
-42
-51
-59
-56
-40
-40
-43
-35
-38
-27
-9
-4
14
27
37
54
58
71
66
42
30
10
-2
-7
-18
-34
-50
-63
-81
-88
-90
-101
-97
-86
-81
-59
-29
-15
1
17
36
58
71
79
78
79
71
60
58
53
43
38
27
10
0
-13
-29
-43
-57
-56
-60
-55
-43
-31
-6
6
23
44
55
72
76
70
73
70
67
61
47
31
10
-7
-22
-28
-36
-39
-31
-27
-20
-11
-10
-16
-28
-27
-19
-18
-4
1
5
12
8
15
14
-1
-3
-12
-12
-22
-29
-21
-44
-50
-53
-67
-56
-49
-39
-20
-3
18
44
66
74
76
75
56
48
50
40
39
22
-1
-7
-22
-36
-60
-92
-109
-118
-118
-113
-101
-98
-84
-70
-48
-15
-2
15
22
31
58
79
82
76
68
57
48
31
6
-16
-31
-44
-41
-36
-28
-27
-33
-32
-34
-13
2
5
28
48
71
90
93
94
85
79
64
49
44
28
15
4
-17
-35
-32
-48
-57
-48
-53
-27
-15
-8
22
32
40
46
41
46
44
36
37
32
24
32
32
28
25
25
24
11
4
-2
-10
-17
-26
-39
-35
-32
-31
-12
-9
-6
5
9
14
23
33
36
36
36
33
32
14
-11
-41
-57
-58
-65
-58
-60
-64
-63
-61
-61
-61
-56
-60
-49
-28
3
35
49
54
50
49
47
31
17
0
-19
-23
-24
-32
-41
-52
-76
-90
-87
-85
-69
-52
-37
-9
13
28
39
37
21
17
20
24
36
47
50
51
42
37
29
8
-2
-9
-20
-23
-18
-11
-7
-12
-12
-3
-8
-2
9
9
17
17
18
15
13
11
1
-10
-23
-22
-14
-10
0
9
19
25
30
35
33
34
29
11
8
17
8
7
11
10
27
39
46
60
56
55
48
41
32
23
30
8
-7
-11
-25
-37
-60
-71
-72
-71
-57
-41
-25
-14
-4
4
3
17
19
21
35
34
53
66
54
48
30
6
-12
-22
-42
-48
-39
-36
-26
-13
-11
-13
-20
-25
-19
-4
-1
9
23
22
26
18
4
-13
-30
-15
-9
9
33
31
40
38
32
29
19
0
-6
-2
5
12
14
12
-1
-6
-11
-14
-14
-24
-33
-33
-24
-20
-10
-7
-18
-19
-14
-7
5
10
11
10
1
3
13
9
-1
-14
-21
-13
-10
-4
7
-1
0
20
36
56
71
66
50
33
14
4
-15
-49
-63
-61
-64
-54
-51
-59
-66
-77
-70
-49
-35
-18
-2
4
18
35
45
42
30
24
24
26
27
26
19
4
-12
-32
-42
-51
-62
-59
-55
-42
-21
-1
6
12
17
2
5
11
12
28
33
30
30
23
20
11
1
-3
-1
15
29
40
48
38
24
19
11
10
8
-1
-4
-15
-17
-11
-19
-21
-20
-24
-8
-1
11
21
15
24
16
16
27
18
24
27
16
22
15
6
8
-3
-8
-7
8
21
33
56
68
67
75
79
64
59
48
26
23
12
-7
-22
-56
-87
-95
-105
-98
-85
-73
-55
-50
-30
-18
-16
-4
6
16
36
53
62
59
46
31
15
0
-13
-21
-25
-27
-25
-25
-27
-35
-46
-49
-52
-47
-36
-25
-11
3
15
19
21
14
-1
-4
-18
-25
-22
-23
-20
-18
-21
-24
-30
-28
-20
-6
10
14
27
21
10
19
2
-1
3
1
12
10
17
16
10
1
-4
5
3
9
21
15
12
8
5
-3
-14
-17
-13
-7
-5
9
21
16
20
26
30
37
38
42
44
44
51
64
64
46
37
24
4
-4
-12
-17
-25
-30
-33
-35
-34
-38
-34
-20
-9
15
39
42
48
48
41
36
20
12
1
-14
-18
-24
-29
-40
-47
-49
-49
-45
-37
-24
-20
-9
3
17
28
28
40
37
26
19
12
10
-3
-5
-6
-17
-21
-43
-47
-53
-66
-61
-54
-45
-42
-33
-30
-26
-16
-7
-1
-5
-3
-6
-7
-5
-9
-3
12
9
15
30
27
26
20
5
11
15
13
10
11
16
8
2
-1
-5
-1
-1
4
9
5
3
4
-2
-7
4
15
20
17
21
27
21
24
30
37
39
30
25
24
14
5
13
4
-5
7
14
26
36
41
42
41
39
33
30
20
6
0
0
-6
-16
-23
-47
-57
-48
-43
-36
-24
-16
-1
17
17
20
14
3
-1
4
23
28
31
27
6
-5
-21
-31
-45
-54
-50
-40
-29
-27
-25
-25
-28
-25
-21
-13
-10
-15
-9
-3
-6
-3
-10
-17
-24
-42
-40
-33
-23
-18
-15
-6
-5
1
3
-2
-8
-16
-21
-16
-9
-8
-4
-11
-24
-24
-18
-18
-21
-18
-15
-5
2
2
3
4
0
10
30
42
48
46
39
35
27
19
6
-6
-8
-11
-9
-2
2
0
4
5
8
15
16
30
41
44
37
30
19
6
4
-4
-10
-12
-7
2
-3
-6
-1
-3
-15
-3
14
24
29
27
31
38
34
24
16
4
-1
14
15
2
-5
-16
-38
-51
-53
-48
-44
-45
-30
-13
-7
2
7
6
6
1
2
3
0
1
-2
-10
-13
-12
-11
-13
-9
-11
-11
-5
-10
-3
-2
-19
-25
-31
-42
-40
-43
-55
-49
-43
-42
-26
-12
-21
-23
-16
-17
2
13
18
33
30
46
45
31
35
23
21
13
5
7
1
-7
-18
-16
-17
-21
-9
-7
-6
5
18
23
22
32
30
30
26
23
28
11
-2
-6
-13
-15
-10
-5
3
1
5
14
16
20
17
18
19
22
37
47
46
42
36
34
26
11
5
-4
-10
-9
-11
-16
-24
-25
-36
-34
-32
-30
-18
-8
-3
3
18
13
8
8
4
8
1
-3
-6
-4
0
-9
-6
-4
-6
-5
-17
-27
-31
-39
-38
-40
-37
-29
-33
-32
-32
-22
-15
-29
-28
-23
-13
6
11
10
10
11
12
7
5
0
-12
-13
-20
-20
-4
-13
-20
-21
-19
-13
-15
-20
-22
-19
-5
8
21
37
40
47
41
30
20
2
0
-2
-4
7
13
13
10
9
3
-16
-19
-18
-12
2
13
30
33
32
29
25
26
11
13
22
21
29
31
24
22
13
6
13
-1
-12
-5
-11
-7
8
16
17
16
22
25
34
40
29
28
31
20
22
30
18
10
11
2
-11
-11
-19
-26
-34
-39
-32
-25
-19
-17
-17
-17
-14
-11
-16
-11
-12
-1
12
14
27
25
21
13
-2
-5
-12
-23
-23
-22
-22
-15
-12
-25
-28
-26
-38
-42
-42
-37
-23
-8
13
23
19
17
7
-10
-11
-17
-22
-14
-16
-10
-1
-10
-25
-36
-40
-40
-38
-25
-23
-19
-6
1
8
9
8
13
18
24
30
28
22
8
-1
4
6
-2
-2
-12
-16
-20
-31
-24
-31
-33
-12
-2
7
23
36
39
36
37
36
39
38
40
50
49
45
39
27
11
-8
-24
-29
-29
-33
-15
-9
-9
3
1
-2
-2
7
3
7
18
26
44
54
51
41
38
27
14
4
-9
-10
-24
-28
-18
-23
-18
-18
-26
-19
-15
-3
12
19
31
44
51
54
50
48
43
24
14
13
-2
-17
-27
-37
-44
-42
-36
-45
-48
-39
-38
-38
-36
-30
-18
-11
4
23
29
30
33
34
27
16
10
9
4
-5
2
-2
-13
-29
-37
-43
-50
-41
-39
-30
-18
-5
13
12
10
7
6
12
16
16
21
33
24
20
24
6
-7
-21
-28
-28
-30
-34
-38
-35
-41
-28
-18
-13
-2
-1
15
28
33
38
46
42
37
40
24
16
13
-12
-16
-18
-35
-35
-37
-44
-40
-39
-33
-26
-25
-10
7
13
23
35
43
47
59
64
67
70
60
51
33
9
1
-17
-39
-42
-44
-50
-51
-52
-49
-49
-45
-34
-17
-6
6
29
35
36
43
38
33
23
12
9
5
3
1
-8
-15
-21
-28
-37
-32
-34
-35
-19
-14
-10
-1
3
7
14
14
27
34
32
41
40
38
31
15
7
0
-16
-20
-19
-32
-32
-38
-48
-45
-41
-37
-27
-11
1
15
22
29
42
38
43
43
32
34
34
25
21
10
-5
-13
-28
-35
-39
-49
-51
-53
-40
-25
-17
-10
5
19
31
52
54
65
78
72
76
76
70
51
26
12
5
-6
-14
-26
-36
-43
-49
-43
-46
-40
-27
-27
-9
0
12
28
25
25
35
40
42
39
29
24
15
-5
-10
-15
-23
-33
-43
-42
-34
-31
-24
-17
-20
-14
-2
13
25
30
34
33
32
43
53
47
29
12
10
-4
-9
-7
-24
-39
-47
-51
-45
-48
-53
-61
-67
-54
-36
-12
-5
-4
7
19
24
34
46
35
20
13
18
23
11
-2
-29
-47
-47
-56
-52
-42
-46
-43
-31
-19
-2
5
3
-2
3
16
35
52
46
46
51
45
40
30
20
7
-25
-37
-34
-41
-44
-59
-60
-52
-45
-21
-5
5
10
24
39
45
57
61
51
43
33
21
21
10
-14
-21
-31
-33
-29
-25
-21
-26
-27
-19
-17
-9
-1
3
11
14
30
54
65
72
67
63
61
47
46
36
17
9
6
1
-9
-6
-13
-39
-46
-48
-42
-33
-30
-13
-4
4
19
18
18
15
7
10
10
6
15
18
7
9
3
-16
-13
-15
-27
-29
-27
-30
-27
-21
-15
-10
-5
6
12
24
34
35
45
26
17
29
19
14
3
-8
-15
-18
-21
-32
-36
-43
-49
-46
-38
-29
-24
-28
-22
-12
-1
17
24
32
29
30
46
45
30
15
-4
-24
-34
-43
-48
-54
-61
-53
-47
-33
-19
-11
-4
-1
4
22
35
38
37
36
34
32
30
29
23
20
11
14
22
17
14
-3
-12
-17
-28
-29
-34
-35
-26
-22
-14
3
