-2
-2
-4
-2
-2
-3
-3
-4
-3
-3
-1
-2
-1
-2
-2
-1
-1
-3
-1
-1
-2
-2
-3
-3
-2
-2
-4
-2
-4
-2
-4
-4
-3
-2
-3
-2
-3
-2
-1
-2
-2
-2
-3
-3
-2
-2
0
0
-1
-1
-1
0
0
1
0
3
0
0
0
0
1
1
2
1
1
1
1
1
1
1
0
3
2
3
3
4
3
3
2
1
2
1
3
3
2
3
4
4
4
5
4
3
4
1
3
2
1
2
0
2
1
1
3
2
3
2
2
4
3
4
3
3
3
3
3
2
2
1
0
2
1
1
1
3
0
0
1
1
0
-1
0
-1
-1
0
0
-3
-2
-1
-1
0
0
0
0
-1
0
-2
-2
0
-2
-2
0
-2
-1
-1
-1
-1
-2
-2
-1
-2
-1
-1
-1
-2
-1
-2
-2
-1
-1
-1
-2
-2
-1
-1
-2
-1
-2
-2
-3
-3
-2
-2
-3
-2
-2
-2
0
-1
-3
-4
-4
-3
-3
-4
-4
-3
-3
-3
-2
-2
-2
-2
-2
-2
-1
-2
-3
-1
-2
-3
-3
-3
-1
-1
-1
0
2
2
2
3
3
3
1
2
3
2
3
2
0
2
3
2
2
3
3
3
4
3
6
5
4
3
3
1
2
1
1
2
3
2
4
4
4
4
4
5
4
4
3
3
3
2
2
1
1
1
1
1
0
2
2
2
2
1
2
1
2
3
1
0
0
0
0
1
0
-1
-1
-2
-1
-1
-2
-1
0
0
-2
-1
-1
-1
0
-1
-1
-2
-3
-2
-3
-3
-3
-3
-3
-5
-4
-2
-3
-2
-3
-2
-1
-2
-2
-1
-3
-2
-2
-4
-3
-2
-2
-2
-2
-1
-2
-2
-2
-2
-2
-2
-3
-3
-2
-2
-2
-2
-2
0
-1
-2
-1
0
-1
-1
-2
-1
-1
-2
-1
-1
-2
0
-2
-2
-2
-2
-1
-1
0
1
0
1
0
0
0
2
1
1
0
0
-1
-2
-1
-1
-1
-2
-3
-1
-2
0
0
-1
-1
1
0
1
0
-1
1
-1
0
1
1
1
2
2
2
4
4
3
5
4
4
5
2
3
2
1
3
3
3
4
4
3
4
4
5
5
5
3
4
3
2
2
1
2
1
2
2
2
2
2
2
3
1
1
1
1
1
0
-1
1
0
0
0
-1
-1
0
0
-1
0
0
-1
-1
0
1
1
1
0
1
1
1
2
1
-1
-1
0
-2
-2
-2
-3
-3
-2
-2
1
0
0
0
0
-1
-2
-2
-1
-2
-3
-2
-3
-3
-3
-4
-3
-3
-2
-2
-2
-3
-2
-2
-3
-3
-3
-2
-3
-3
-1
-3
-2
-1
-1
-2
-1
-1
-1
-3
-4
-3
-3
-1
-2
-2
-2
-2
-3
-3
-3
-1
-1
-1
-1
-2
-2
-1
-1
0
1
0
0
-1
0
1
-1
-1
0
-1
0
0
1
-1
1
0
-1
1
1
0
2
3
1
1
1
2
1
1
-1
0
1
2
2
4
3
2
2
2
2
1
2
2
1
3
2
2
3
2
3
2
3
2
3
3
4
4
4
4
3
4
2
2
4
4
4
4
4
4
5
5
3
5
3
3
3
2
2
3
0
1
2
1
2
2
3
2
2
3
1
1
1
1
0
-1
-2
0
-1
-3
-2
-1
-2
-2
-2
-3
-3
-2
-2
-2
-1
-3
-2
-2
-3
-2
-3
-4
-2
-4
-4
-3
-4
-3
-2
-4
-4
-4
-4
-4
-3
-3
-3
-4
-3
-3
-1
-3
-3
-3
-4
-4
-4
-4
-3
-4
-3
-2
-1
-3
0
-3
-4
-4
-4
-5
-5
-4
-3
-3
-3
-3
-3
-2
-1
-1
-1
-1
-1
-1
-2
-2
-3
-2
-3
-1
-1
-1
-3
0
0
0
1
2
2
1
2
1
2
2
1
0
1
0
2
2
2
3
3
4
3
4
5
4
4
3
4
2
4
3
4
4
4
5
3
4
4
5
5
4
4
2
4
3
2
5
5
6
6
5
5
4
4
4
3
4
4
3
4
2
3
1
2
3
1
1
0
1
2
2
2
2
3
2
2
2
1
0
0
0
-2
-1
0
-1
0
1
1
0
-1
0
0
1
0
-1
1
0
-1
0
-1
-2
-2
-3
-3
-4
-4
-2
-3
-2
-1
-2
-2
-2
-3
-2
-3
-2
-1
-3
-3
-4
-3
-2
-3
-2
-2
-2
-3
-4
-3
-3
-3
-2
-1
-2
-2
-2
-2
-2
-2
-1
-2
-1
-2
-2
-5
-3
-2
-2
-1
-2
-3
-3
-2
-1
-1
-2
-2
-1
-1
1
0
1
-1
-1
-1
-1
-1
0
0
1
0
0
0
-1
-1
-1
-1
-1
0
-1
0
-1
0
1
1
1
0
0
1
1
1
2
0
2
1
2
2
2
2
2
2
3
4
2
4
3
3
4
3
3
3
2
1
1
1
2
1
1
3
3
3
1
2
3
3
2
1
1
1
0
0
-1
1
1
0
1
1
1
0
0
2
3
-1
1
1
-1
1
0
-2
2
1
-2
-2
-2
-2
-2
-2
-2
1
-4
-2
0
-3
-3
2
0
0
2
2
0
1
1
2
-3
-2
-1
-2
-2
-2
2
-2
-1
1
-3
1
-2
-4
2
-3
-2
0
0
-2
-2
-1
-1
-2
-1
0
-3
-1
0
-3
-1
1
1
0
-2
1
-1
-1
0
-3
-2
-2
-2
-2
0
0
-2
1
0
-1
-1
1
-2
0
1
1
1
-2
2
-1
-1
3
-1
3
-1
-3
2
1
2
-1
4
0
0
1
0
3
-4
0
1
4
0
0
1
3
0
-1
8
0
6
-1
-3
5
-6
-2
0
-1
0
0
-1
8
-1
-6
-2
0
3
-1
-4
7
-4
-9
14
3
-13
15
-1
-7
9
6
-5
-9
11
-1
-7
1
5
2
-7
3
2
7
-1
-8
14
-1
-5
11
8
-7
-5
18
-14
-7
21
-10
-13
18
-8
-4
10
-7
-11
8
0
-18
13
-2
-11
8
-8
8
-2
-9
10
-4
-3
-1
5
-4
-5
10
-9
2
0
2
5
-11
11
-4
0
-1
6
12
-25
10
15
-9
1
3
7
-2
-4
11
5
-6
4
0
-7
7
-1
-3
0
2
-6
2
-10
18
-13
-1
5
-8
18
-20
-3
23
-30
5
4
-2
0
-12
10
-1
-21
17
-14
4
2
-16
3
26
-28
5
17
-30
11
2
-10
20
-26
9
0
-12
13
-21
2
9
-20
3
19
-21
-5
27
-20
-12
30
-15
-17
15
10
-31
5
26
-30
-1
32
-32
-2
36
-46
22
23
-28
-3
31
-23
-20
28
0
-27
34
-6
-10
16
4
-28
33
-10
-18
46
-22
-16
46
-35
2
35
-47
44
-2
-28
73
-49
-1
57
-61
35
10
-20
33
-19
6
19
-29
14
15
-6
-7
19
0
-6
-3
29
-29
13
19
-33
43
-36
-2
32
-63
62
-38
-5
29
-33
47
-45
21
10
-41
11
29
-29
-15
51
-59
22
6
-35
53
-62
30
32
-76
68
-26
-34
65
-65
31
15
-55
39
-5
-47
50
-32
1
29
-56
76
-57
-14
88
-92
20
77
-111
63
9
-53
61
-71
46
1
-68
89
-65
3
27
-30
6
11
-21
19
-17
-21
44
-42
25
-18
3
-6
11
-11
-1
2
22
-33
26
28
-62
80
-41
-42
97
-84
29
21
-21
14
-15
2
18
-3
-34
99
-93
54
33
-54
60
-39
32
-10
-1
16
7
-11
35
-34
35
-10
3
-29
54
-27
-28
77
-33
-44
81
-41
-18
49
-38
17
19
-24
-1
39
-53
58
-64
48
9
-63
68
-23
-23
23
-26
37
-42
19
-16
-6
0
13
-34
-1
54
-96
53
8
-68
46
3
-60
47
-21
-23
25
-66
76
-62
-53
100
-97
8
-13
8
-27
6
-5
-23
24
-37
-17
21
-4
-41
-6
20
-12
-53
38
-4
-51
9
50
-57
-2
39
-16
-61
54
-1
-35
-22
140
-198
116
53
-155
153
-58
-19
60
-17
32
-35
61
-17
-35
62
11
-25
35
37
-26
77
-74
98
-15
-25
103
-47
17
100
-81
75
22
-39
69
-15
15
30
37
-24
46
15
0
12
20
16
12
5
39
5
25
-34
97
-86
52
34
-34
68
-86
116
-63
-37
78
-49
-16
35
-18
-40
83
-132
86
-11
-90
95
-57
-36
32
-43
3
-55
57
-82
-20
36
-81
-27
42
-48
-87
93
-126
-11
35
-118
23
-17
-70
6
-33
-41
-26
-12
-97
85
-129
-11
42
-112
13
-81
3
-30
-39
-18
-53
36
-157
116
-183
119
-141
14
76
-178
126
-58
-35
5
-41
-19
17
16
-33
26
10
-49
81
-104
137
-36
11
-23
167
-26
-68
201
-68
21
173
-158
190
58
-61
175
-17
133
15
62
41
96
37
117
-8
75
212
-169
238
85
-94
187
60
-50
206
-1
70
89
-4
126
3
34
138
-28
111
3
101
-4
83
29
-13
74
4
55
15
40
-6
98
-27
-23
88
-41
2
10
57
-51
14
26
-135
23
-52
-107
-43
-9
-160
20
-121
-144
-10
-146
-177
-12
-175
-131
-91
-156
-191
-38
-193
-272
10
-314
-170
-25
-407
129
-398
-142
63
-467
116
-247
-283
118
-279
-153
76
-291
54
-166
-118
61
-291
91
158
-416
256
18
-188
125
119
-183
139
95
140
-8
219
23
149
163
-12
302
116
33
277
163
113
197
150
267
140
70
372
78
222
191
113
318
48
309
225
98
265
312
-115
444
143
-12
469
-18
238
369
-59
328
265
37
263
212
137
214
215
124
192
105
128
82
61
118
-24
49
46
-87
65
-90
-85
-38
-185
-88
-125
-242
-180
-32
-425
-178
-69
-566
-73
-238
-666
77
-485
-473
-176
-484
-376
-364
-438
-339
-274
-577
-295
-204
-608
-263
-243
-423
-385
-56
-505
-316
-40
-404
-215
-203
-61
-252
-151
-118
-159
-125
25
-210
28
-19
-118
113
-55
72
92
6
40
221
102
88
177
374
-211
582
167
-127
628
264
-65
518
405
9
440
486
62
364
434
228
400
407
443
457
322
563
337
274
701
109
519
672
224
502
652
330
286
702
274
542
401
579
523
222
579
302
230
272
351
69
236
208
-74
179
-151
-58
-124
-296
-230
-23
-570
-175
-263
-610
-204
-812
-451
-329
-1064
-464
-177
-1124
-490
-310
-972
-975
-176
-988
-1029
-441
-472
-958
-507
-579
-474
-1019
-482
-428
-811
-304
-519
-306
-490
-429
-172
-443
-529
-152
-207
-145
-184
-267
215
31
-918
679
-193
-506
473
2
33
259
135
172
114
4
543
-86
396
805
-114
584
707
-198
864
320
59
903
574
180
980
520
489
700
536
779
670
652
942
644
725
843
585
797
968
609
1062
1015
621
1185
1016
517
1040
936
577
1150
560
680
815
329
406
495
284
143
134
6
80
-351
-90
-289
-693
-242
-610
-840
-402
-795
-787
-979
-961
-1336
-649
-1091
-1848
-149
-1262
-1730
-518
-1300
-1481
-1019
-1178
-1464
-1111
-424
-1493
-1223
-226
-1614
-935
-828
-1304
-92
-1233
-479
-546
-850
278
-1482
-181
532
-1924
-174
1112
-1941
120
610
-563
-5
-735
1090
-981
-59
918
-443
498
330
105
624
300
-179
294
1061
-278
1064
810
505
787
862
660
289
1378
648
753
1792
937
1767
1625
541
1981
770
999
1835
1481
1973
1888
1738
2070
1772
1156
1838
1331
1583
1848
1692
1711
1333
1273
592
466
399
33
496
248
-456
543
-388
-1140
-405
-1318
-1445
-867
-1628
-996
-898
-1423
-1267
-1749
-1890
-2686
-1729
-1473
-2122
-1161
-927
-2020
-1909
-1179
-2310
-2214
-789
-2225
-1201
-256
-1221
-599
-1443
-1277
-1340
-482
-1854
538
47
-1107
-443
419
65
-2313
370
1081
-2234
1011
1351
-703
-83
1350
-347
-761
945
-1115
1896
-565
27
1651
244
-723
967
1258
-1119
628
1676
231
777
1717
866
-301
1129
1870
260
1505
2078
1621
1329
1450
1465
1760
1281
1399
2049
2289
1593
2233
2739
1377
1653
2340
1749
923
2400
2427
751
1432
1883
263
206
584
301
-180
103
-157
-591
-553
-1299
-1354
-1202
-2074
-1459
-1037
-2134
-1843
-1449
-2766
-2699
-2030
-2573
-2640
-2036
-1760
-2670
-1947
-1778
-2449
-2402
-1894
-1823
-1730
-1880
-1107
-195
-1774
-1351
-513
-1490
-1295
-1115
131
-40
-551
-128
-344
-222
-1040
-360
268
185
260
364
998
-543
-10
81
-622
783
-103
333
679
-2
-5
172
17
201
419
468
1320
279
1038
1027
39
1221
1199
1852
2220
2264
1777
1282
1696
1563
1881
2731
3004
2987
2835
2785
2398
2574
2502
2453
3251
3397
2666
2526
2940
1197
903
1516
629
541
1190
719
65
-255
-578
-1247
-1967
-1109
-1304
-1710
-912
-1498
-2088
-2182
-3388
-3082
-2892
-3121
-2135
-2097
-2251
-2241
-2627
-3346
-3088
-2819
-2354
-1793
-1335
-1336
-1091
-1666
-2115
-1943
-1312
-1298
-1000
96
468
159
-769
-800
-795
-1072
-344
486
854
733
65
24
-64
-608
-823
75
187
126
1196
132
-771
-258
-860
-983
324
1182
-24
739
847
-653
-549
518
840
1429
2339
2262
1709
1373
705
982
1145
2199
2684
3432
4178
2749
2844
2565
1891
2374
3484
3366
3794
3977
2648
1712
836
563
59
663
1748
1344
985
237
-1053
-1919
-2282
-2229
-1022
-642
-1274
-1211
-2390
-3372
-3465
-3815
-3300
-2083
-2410
-2249
-1688
-2849
-2989
-3469
-3654
-2788
-2417
-1301
-740
-1482
-1396
-2151
-2540
-1735
-1034
-7
660
758
328
-86
-163
-577
-932
898
363
625
1738
833
-84
-72
-538
-496
484
925
1186
891
736
16
-227
-157
-204
650
634
1315
1472
1412
1161
557
1851
1182
852
2434
1664
1420
2161
2224
2249
2417
2609
2659
2577
2925
3126
3411
3256
3404
2644
2324
2353
1791
1810
1235
926
822
418
-27
115
-330
-1076
-1054
-1140
-1397
-1651
-1550
-1669
-2786
-2651
-2598
-3035
-2825
-2827
-2822
-2978
-3249
-3237
-3224
-3438
-2980
-2394
-2954
-2564
-2267
-3043
-2783
-1987
-2126
-1844
-1280
-1499
-1373
-1004
-1169
-787
-656
-808
-697
-337
-388
-191
222
-575
-486
22
-608
87
522
423
-98
348
73
-529
336
145
523
1065
1312
1174
1822
1991
2563
2687
2306
2259
1785
2361
2547
3120
4146
3852
3243
3241
3225
3157
3399
4192
4211
3577
3597
3048
2232
1950
1713
743
855
1491
761
761
117
-910
-1666
-2190
-2111
-1421
-1046
-1600
-1436
-2451
-3084
-3177
-2774
-2440
-2188
-1386
-1861
-2507
-2143
-2369
-2467
-1982
-1737
-1477
-1235
-1080
-1540
-1134
-1234
-1294
-1007
-629
-502
-261
-124
-914
-637
-816
-1634
-1029
-688
-995
-918
-688
-1670
-1753
-1652
-2335
-1118
-1414
-1013
-1282
-1473
-1710
-2262
-1538
-990
-1022
202
557
354
1700
2367
1127
1353
1538
1054
2257
2777
3877
4065
3899
3360
2891
3470
3721
4191
4616
4749
4331
3466
2991
2358
1892
1633
1305
1518
1281
487
-88
-713
-1512
-1545
-1929
-2183
-1659
-2011
-2239
-2558
-2927
-2981
-3486
-3174
-2335
-2255
-2257
-2153
-2798
-2812
-2506
-2004
-1292
-1025
-684
-1057
-1156
-1418
-822
-74
182
693
1153
736
263
617
401
531
504
5
451
-203
108
-302
-657
-752
-1272
-1348
-1282
-613
-1290
-1484
-2387
-2583
-2361
-1931
-1072
-1106
-886
-148
470
1235
1193
1342
241
42
1120
1869
2919
4173
3846
2838
2919
2455
2661
4215
5119
5146
4929
4067
2887
2085
1987
1891
1997
2086
2198
856
57
-547
-1659
-2055
-1997
-1465
-1358
-1763
-1786
-2365
-3708
-4258
-4058
-3729
-2993
-1794
-1914
-2509
-3178
-3814
-3843
-2593
-1093
-480
220
-387
-1535
-1636
-1609
-595
592
1991
2070
1550
1220
530
375
756
1276
1258
1480
1151
784
-118
-289
-611
-926
-558
-241
-229
-285
-928
-1745
-2385
-2874
-2045
-1214
-749
-208
829
742
227
118
-110
-1113
493
1728
2083
3162
3844
2309
1166
1902
2021
2736
4110
5060
4585
3370
2549
1685
681
1218
1989
1720
1963
1564
2
-1083
-1731
-2319
-1739
-1316
-1085
-1024
-1785
-2471
-3308
-3779
-3410
-3374
-2958
-2226
-2369
-2601
-2656
-3339
-3511
-2735
-1956
-1366
-601
-263
-644
-1474
-1248
-682
-404
739
1617
1559
1084
1161
619
625
1490
1594
1085
1081
1150
92
250
505
566
-54
-179
-143
-601
-78
-556
-634
-664
-1238
-685
-122
430
2485
3111
1523
1252
331
-444
1087
2539
3303
4211
3765
2039
1921
2034
2157
2889
3886
4329
3640
2751
2088
761
194
403
184
453
1029
357
-1386
-2033
-2742
-3643
-3252
-2359
-1825
-2171
-2107
-3375
-4360
-4130
-4172
-3754
-2687
-1716
-2514
-2900
-2821
-3468
-3079
-2172
-1547
-1290
-734
-876
-1521
-1373
-972
-611
-293
813
1425
1066
1189
928
296
776
1310
771
1007
1332
485
-150
-298
-130
-768
-266
134
-741
140
94
-1067
-794
-230
-387
-540
1966
4001
3453
3195
2131
322
487
2245
3809
5047
6303
4604
2708
2254
2617
3312
3744
5304
5379
3885
2957
2035
759
281
258
-86
302
802
-255
-1476
-2757
-3615
-3683
-3749
-3091
-2148
-3019
-3455
-3889
-4880
-4404
-3989
-4029
-3032
-2651
-3218
-3463
-3680
-3303
-2673
-2200
-1405
-1249
-1511
-1296
-1601
-918
290
507
460
376
321
391
669
975
1081
1169
616
147
-258
-124
135
-872
-458
-28
-708
-1051
-1099
-1560
-1888
-1233
-1188
-283
-160
-325
116
163
3485
3099
2495
2889
1344
1367
3076
4544
5096
6452
4682
3105
3432
3903
4926
5236
5607
5622
3309
2783
2469
1411
1526
1394
106
-267
68
-1576
-2171
-2433
-2854
-3318
-4279
-3207
-3780
-4267
-3458
-4470
-4887
-4029
-4118
-4213
-2945
-3036
-3926
-3729
-3563
-2878
-1909
-1190
-724
-1791
-1861
-1476
-1870
-120
1477
1082
718
471
-105
-254
775
1318
1540
1992
911
-461
-1102
-740
-1419
-1192
129
-348
-838
-1626
-2338
-2539
-2369
-1208
-605
-485
732
-116
118
3187
3071
2249
2878
1903
1645
3786
5059
5595
6474
4988
3945
3648
4484
6108
6152
6272
6399
4240
2972
2859
1949
1973
2148
911
461
130
-1882
-2209
-3164
-3315
-2877
-4183
-3194
-3693
-4884
-4268
-4817
-5921
-4702
-4474
-4602
-3084
-3258
-3831
-4138
-4675
-3572
-2655
-1556
-87
-1291
-1649
-1690
-2493
-1252
1130
1444
1272
1092
117
-218
155
461
1361
1250
612
-168
-573
-835
-870
-1441
-1884
-1197
-1980
-1745
-2102
-2681
-2241
-2855
-2313
-863
-921
-506
206
2782
2932
2645
3618
1251
1804
3157
4401
5597
7225
6934
4797
4448
4353
5019
5661
6802
7828
5753
4687
3786
1589
1858
2113
1632
1463
1073
-515
-1954
-3030
-3687
-3852
-4191
-3303
-3721
-4063
-3620
-5298
-6097
-5277
-5439
-4867
-2876
-2801
-3464
-3679
-4305
-4295
-3265
-1212
-94
-679
-841
-959
-2393
-956
1018
1386
2258
1788
540
294
321
678
1534
1404
1126
347
-1130
-1389
-1167
-1882
-2089
-1862
-2675
-2969
-3393
-3967
-3645
-3614
-2844
-2598
-1228
-744
1473
2371
712
2026
410
981
3016
4580
5755
6468
5386
4385
4791
5046
6208
7234
6828
7547
6319
4778
4846
3693
2950
2454
2413
2234
1668
513
-1170
-2482
-3039
-3430
-3403
-3186
-3148
-5046
-4983
-5045
-5792
-4999
-4804
-4635
-4353
-3820
-4228
-4126
-4163
-4157
-2815
-2562
-1078
-128
-1105
-1184
-1422
-1243
614
2064
2334
2580
1882
535
391
1080
2246
2473
1511
743
-237
-1256
-1292
-1051
-1224
-1155
-1701
-3448
-3102
-4363
-4170
-4190
-3876
-2046
-2188
-1952
247
1564
-109
1089
598
468
2311
3717
4367
5497
5397
4431
4273
5043
6449
6375
6757
7854
6808
5857
5669
4324
3581
3292
2313
2072
2349
949
-435
-1291
-2219
-2924
-3103
-2794
-3094
-4394
-4616
-5040
-6267
-5050
-4288
-4849
-4143
-3787
-4594
-4497
-4198
-3765
-3235
-2534
-1722
-1684
-1271
-859
-1234
-1309
157
755
1309
1713
1881
1301
321
735
474
2050
1437
681
604
-768
-1555
-2078
-1272
-1688
-2014
-2018
-3797
-4087
-4164
-4471
-3259
-2782
-1858
-1969
545
1522
-12
934
93
728
1657
4317
5047
5565
5790
4226
4259
5137
6620
6906
7114
7924
6441
5369
5331
4701
3962
3189
2662
1811
1466
989
-579
-1553
-2172
-3214
-3632
-3050
-2804
-4289
-4517
-5065
-6257
-5969
-4791
-4690
-3889
-2835
-4020
-4749
-4443
-3668
-3036
-1671
-195
-601
-946
-516
-985
-720
1740
2182
1734
3194
2611
1489
1722
1546
1220
1111
2085
639
676
1001
-1114
-2338
-2416
-2599
-3512
-2044
-3100
-3953
-4207
-5345
-4780
-4293
-2670
366
1597
-307
307
-2032
-2989
777
2512
4558
6325
5065
3051
2621
3343
5462
6779
7805
8834
6189
4768
5240
3819
4223
4676
3099
3038
2545
579
-324
-1385
-1907
-2556
-2475
-2410
-2291
-3969
-4599
-4992
-6760
-5390
-5391
-5206
-3609
-3589
-4451
-4339
-4604
-4661
-3415
-2179
-605
-383
-1338
-891
-1250
-1362
1262
2244
2251
2917
2450
1643
1809
2246
2546
2385
2150
1587
700
285
1169
-1070
-1644
-1847
-3538
-3091
-3617
-3088
-3585
-3573
-4601
-4270
-3310
346
1709
156
279
-1601
-2828
-586
2190
4300
6055
4918
3037
2729
3358
4665
6251
7476
8724
6770
5156
4978
3915
3291
3682
3324
3421
3496
1305
-681
-988
-2742
-3627
-3071
-2044
-2012
-3439
-3817
-5340
-6708
-5922
-5801
-5257
-3119
-3235
-4616
-4378
-4782
-5214
-3471
-1647
-685
-352
-795
-1433
-1986
-499
1486
2215
2898
3287
1935
1240
2052
2060
2843
2912
2057
1384
703
889
35
-175
-477
-1868
-2557
-3639
-3439
-3458
-3777
-3704
-4258
-4092
-3369
828
414
-93
471
-2519
-1881
206
2530
4325
5323
4480
2823
2850
3985
5368
6459
7646
8421
6080
6086
5242
4007
3966
3120
3261
3169
2982
1591
269
-1071
-2768
-3978
-3948
-2668
-2675
-3228
-2893
-5493
-6953
-7056
-7220
-5584
-3277
-2812
-4121
-4628
-5980
-6203
-4662
-2005
41
-462
-935
-1782
-2911
-1189
865
2212
3448
3029
1449
999
1370
1675
2402
2557
2434
864
682
1312
82
-66
-1188
-2852
-3984
-3161
-3512
-2679
-2474
-3541
-4756
-1504
1307
-509
1246
-788
-2600
-2025
373
2710
5177
6097
3265
2050
2655
3831
4910
6528
8969
7560
5943
6662
4965
4366
4232
3006
3179
5128
4488
1743
1386
-1045
-3165
-3166
-1996
-401
-1751
-1918
-3560
-6203
-5828
-5994
-6324
-4504
-3096
-3948
-3923
-4372
-5737
-5342
-4896
-2583
-796
-773
-87
-2215
-2871
-1057
-296
945
3892
3060
1580
1620
564
1069
2270
1860
1018
1152
327
624
142
114
-1612
-4275
-4224
-4436
-3452
-2129
-2004
-4514
-1578
-146
-2656
-188
-1158
-2977
-1806
-660
921
3459
3902
2809
1555
1114
2278
3250
4600
7724
7167
5526
5938
4007
3902
4612
3117
3014
3807
3489
2771
2663
1377
-877
-2539
-3332
-1705
-1322
-22
-156
-3417
-4434
-5904
-6569
-4352
-2545
-2361
-2317
-3515
-4959
-4937
-4622
-2835
-950
-1148
-43
-1093
-2526
-1159
-1015
201
2166
2581
2331
1859
1368
918
1767
1935
1633
1490
855
951
730
100
-1013
-2670
-3685
-4075
-3300
-1828
-2139
-2508
286
-666
-1088
-1124
-3621
-2800
-1462
-1009
1354
4252
3093
1901
811
468
1722
2437
4126
6723
6602
5908
4688
2858
3826
3247
2525
4130
5297
3649
2665
2028
28
-41
-840
-1157
-211
-630
-651
-1478
-2014
-2456
-4850
-4649
-3370
-3903
-2978
-1970
-2806
-3501
-3863
-4654
-3025
-1627
-2174
-805
-832
-1168
-1275
-1999
-318
892
599
1783
2362
1388
1284
723
370
1351
1042
1036
1522
1628
300
-934
-2094
-2484
-3156
-2971
-909
-1205
-2122
-276
-5
-304
-483
-3699
-3111
-2272
-1343
-97
1957
3421
2119
-151
-23
1206
1248
2333
3715
4600
5341
4057
2668
3728
2906
1673
1975
2971
4037
3623
3088
2400
988
-521
-2132
-1867
-770
174
324
-28
-596
-3169
-4769
-4412
-3418
-1815
-1527
-1471
-2105
-3627
-3698
-2900
-1888
-1504
-1833
-2403
-2093
-1267
-822
-3
296
-420
-680
-660
202
1255
2272
2415
1220
408
-1
1060
2370
2695
2141
907
-308
-1310
-1553
-673
-388
-1440
-1837
-1935
-451
279
-325
-1549
-3050
-3992
-4208
-2320
-372
1997
1843
-304
-887
-139
758
1545
2300
2853
3164
3196
4188
5323
5867
4662
2546
1874
2437
3146
4180
5527
5106
3082
647
-1181
-532
728
731
592
-109
-1024
-1711
-1940
-1304
-1257
-2376
-3197
-3102
-2825
-1912
-721
-992
-1413
-2952
-4717
-4459
-3373
-2079
-1216
-878
-965
-1749
-2256
-1810
-975
-11
197
-392
-139
815
1189
1007
1245
435
-691
-1207
-1483
-532
579
395
-1053
-2434
-2733
-2566
-2515
-2209
-2687
-3384
-2776
-1490
-185
856
-73
-1969
-2697
-2606
-1311
343
1955
3256
3050
2682
3093
3237
3810
4420
4515
4963
5485
5824
5768
5722
5185
3734
3165
2962
3180
3316
3597
3460
2367
1631
546
-571
-865
-1098
-1751
-1662
-1479
-1745
-2020
-2062
-2872
-3649
-4080
-3940
-3184
-2476
-2126
-2157
-2179
-2383
-2768
-3076
-3108
-2910
-2284
-1381
-534
-779
-1054
-1248
-1318
-938
-387
327
-196
-1195
-1750
-1621
-730
-376
-897
-1157
-1312
-1989
-1925
-1433
-1499
-1644
-2114
-2700
-1761
-564
-961
-1326
-1496
-1420
-930
79
1611
2330
2146
1509
1357
1243
1520
2260
2974
3673
4106
4205
5043
5927
5626
5277
4652
4636
4787
5032
5530
5171
4576
3661
2791
1727
624
-522
-714
-310
-324
-307
-364
-1044
-2194
-3783
-5022
-4512
-3739
-2954
-2460
-2108
-2409
-2225
-2151
-2425
-2649
-3226
-2732
-1482
-524
-576
-1110
-1943
-2174
-2068
-2059
-1443
-1006
-637
-455
-494
-701
-1006
-1192
-1370
-1743
-2068
-2316
-2155
-1563
-1372
-1477
-1452
-1476
-1244
-42
-277
-988
-829
414
1025
1075
1594
1193
789
933
892
1156
1238
1292
2348
2891
3325
3722
3841
3795
2700
1202
1147
2293
3311
4145
4307
3567
3241
3161
2838
2292
2232
1278
800
1714
2548
2184
1288
54
-1890
-3029
-3269
-2164
-1087
-364
-780
-1877
-3255
-3897
-3789
-3455
-2650
-2211
-1600
-1001
-455
-516
-792
-1658
-2157
-2128
-1668
-698
-28
-192
-1070
-1641
-2257
-2250
-1417
-1102
-1675
-1635
-1432
-977
-435
-599
-1424
-1887
-1557
-1380
-1007
-681
-16
-153
-231
220
225
1026
1216
877
1065
1668
1851
2068
3134
2537
1282
1319
1624
1066
864
1033
1029
1214
2088
3061
3375
2901
1971
917
324
933
1055
1550
1877
1682
2158
2105
2001
1630
1128
107
93
765
1176
807
209
-801
-1956
-2897
-3136
-2926
-2571
-1948
-2105
-2079
-2121
-2850
-3308
-3741
-3830
-2217
-459
60
180
-395
-1612
-1697
-1352
-847
-453
-191
-220
-291
-368
-176
-13
124
18
-367
-327
130
301
723
1319
865
575
418
773
933
498
467
835
354
950
1618
1708
1937
1362
801
1073
1509
1663
794
-49
-294
-419
-214
-38
68
227
746
2160
3161
3117
1312
-129
-606
-364
108
1058
1702
1369
1095
1438
926
895
293
-73
44
176
242
-97
-337
-997
-2463
-4005
-4015
-3569
-3125
-3063
-3051
-3316
-3154
-3336
-2890
-2629
-2221
-1938
-1793
-1048
-137
-126
617
850
418
-139
16
282
723
1482
1441
1565
1643
1460
1471
1033
744
311
325
1073
1284
831
516
575
550
428
916
978
562
232
-299
-302
-162
612
537
-93
-330
-1141
-1952
-1799
-1437
-840
54
2795
4969
5384
3798
884
-753
-552
986
2197
3128
3376
2600
2898
3370
2997
1782
197
-186
-258
454
1165
1217
559
-1292
-4042
-5628
-5432
-4513
-4576
-4052
-3770
-3522
-3430
-3361
-3236
-3267
-2742
-1961
-1044
60
146
312
783
1702
1508
894
851
994
931
923
1269
1847
2460
2831
2364
1886
1441
564
137
341
466
68
-34
36
205
-35
-674
-1283
-1702
-1547
-1458
-875
-97
-542
-1446
-2688
-3090
-2918
-2584
-1985
-1687
-781
2475
5332
6768
5173
2165
-213
-175
1632
3095
4200
4501
4403
4561
4516
4761
3747
2523
1643
484
220
385
940
906
-867
-3542
-5842
-5808
-5427
-5061
-5514
-6056
-5669
-5788
-4977
-3752
-2810
-1303
-633
-560
-565
-606
-424
685
2123
2198
1944
1786
2016
2379
1991
1776
1447
1069
982
875
1143
1931
1826
826
12
-727
-1492
-1332
-907
-483
-386
-1144
-1802
-2571
-2846
-2541
-1703
-1128
-1388
-2402
-3539
-3172
-2590
-2167
-1874
-2081
21
3689
6155
6990
5091
2520
741
1278
2563
3262
4038
4347
5110
5141
5101
4884
3546
2831
1630
484
560
905
1234
-239
-2070
-4126
-5177
-4433
-3973
-4292
-5424
-5597
-5257
-5040
-3803
-3126
-1672
606
1853
2258
1569
1170
807
1453
2314
2787
2601
1967
2326
1571
1296
1659
1189
627
-321
-1167
-1381
92
1205
1165
862
-188
-1111
-1677
-1640
-1116
-1587
-2158
-2995
-3811
-2951
-1799
-925
-1109
-1999
-3664
-4648
-4151
-3750
-2985
-2977
-3595
-1717
1991
5318
7117
5302
2979
681
405
1188
1862
2973
3204
3748
3852
4577
5259
4178
3486
2051
159
-478
-465
525
-481
-2027
-3347
-4033
-3236
-3283
-3352
-3644
-4172
-4352
-4400
-3162
-1976
-211
1631
3195
5221
4876
4247
4151
3637
2895
1975
1966
1477
822
822
1504
2429
2595
1422
-952
-2572
-2671
-1927
-250
910
810
-64
-973
-962
-669
-984
-1807
-3015
-4790
-5264
-3750
-1480
67
-928
-1899
-3009
-3795
-3965
-4010
-3948
-5333
-4772
-5470
-1769
3693
5664
7144
3967
2757
1124
1594
2855
1811
1652
725
2117
3991
5149
6488
4578
4446
2487
635
1021
390
593
-2864
-5375
-5310
-4335
-1821
-1234
-799
-1840
-2721
-3187
-3513
-2119
-1782
-130
1545
3429
5785
6383
6011
5143
3815
2088
835
-61
-374
-520
-529
827
1638
1622
1103
-361
-1429
-1570
-1257
-894
-937
-1381
-1853
-1137
-471
807
982
-315
-1620
-3626
-3792
-2876
-1951
-1631
-2404
-3005
-2591
-2348
-2832
-3219
-4438
-5820
-6350
-6377
-3440
2219
4553
6052
4832
4091
4056
4251
4443
3118
1151
-153
368
1442
3300
4711
3829
3524
2968
2919
2916
1582
-332
-4065
-7364
-7577
-6214
-4204
-2236
-1508
-1429
-1024
-683
-667
-127
-748
-558
-426
1318
4254
5517
6123
6172
6026
5195
4404
2593
424
-944
-2207
-2281
-1701
-857
124
-92
-304
590
1284
1227
-80
-1912
-3154
-3352
-2433
-731
-67
-717
-943
-1496
-1315
-555
-566
-1780
-3824
-5105
-5115
-4664
-4410
-4544
-5246
-5390
-4708
-3746
-2456
1737
4400
4110
4186
3815
4789
5604
6221
6113
3972
2460
2834
2948
3844
4074
3437
2498
2876
3645
4271
3627
1616
-1150
-4554
-6488
-6106
-6143
-6158
-5884
-4940
-3402
-1740
693
2171
2162
1304
1933
2243
2470
3430
2784
2554
3096
4600
5426
5215
4441
2338
-206
-2478
-2756
-3571
-4885
-4501
-4786
-3719
-1223
1575
2501
801
-636
-1163
-1770
-2477
-2722
-3288
-4484
-4249
-2888
-776
1096
1163
128
-2206
-3542
-4062
-4580
-5704
-6466
-7046
-6937
-5076
-1901
385
2012
5453
5218
6170
6493
6508
6579
4319
4274
3395
2581
4036
4936
5658
5216
5131
4548
4309
4018
2792
711
-1963
-3134
-3541
-4839
-4718
-5143
-6422
-6567
-5593
-3644
-2463
-388
1425
1574
2407
3588
5069
4410
3818
3921
2438
2733
4306
5077
5280
3391
1932
458
-1477
-1924
-3158
-5210
-6099
-5761
-4717
-3231
-1007
487
624
-65
-329
-306
-1269
-2173
-3254
-5227
-4877
-3202
-1496
-222
-240
-1240
-2128
-2877
-3403
-3265
-4653
-6380
-7222
-7389
-5824
-3281
-1656
-710
-285
4274
6580
6957
9061
7915
6528
4977
4846
5208
4252
4230
4715
5122
4892
5758
5290
3683
3013
1176
796
874
-827
-2274
-4939
-7294
-7144
-7904
-7376
-5594
-3878
-1859
211
2946
4207
4652
3757
3646
3089
1180
2747
2170
1564
3879
3495
3751
4022
2965
1042
-2768
-3921
-3676
-5794
-7164
-5923
-5768
-6167
-3225
-858
412
642
-458
10
-1787
-3076
-1837
-3716
-4649
-3846
-2868
-1525
-603
63
-398
-2380
-3461
-2611
-4401
-5294
-3797
-4210
-4319
-3053
-950
251
372
1140
4737
6547
5879
9176
9341
8307
9063
8112
7944
6272
4061
4587
3390
2225
2022
882
1028
2221
2296
1633
971
-1842
-4141
-6501
-9247
-8044
-8582
-8282
-5677
-3817
-547
1679
4008
5790
5182
4150
4182
3818
1476
1300
2085
1493
2673
4022
3790
3815
2720
1513
-478
-3259
-3409
-4775
-7818
-7456
-6308
-5717
-3879
-1992
-907
-494
-1248
-716
-975
-3334
-3640
-3691
-4222
-3355
-3314
-2776
-2606
-3356
-3145
-2973
-3041
-2393
-2305
-2930
-2485
-1383
-1045
-1022
-579
-715
-834
-672
142
2494
6258
7610
9759
11707
11275
11267
10139
8231
5502
1548
250
74
-431
325
719
292
976
1428
964
849
-1184
-3749
-5935
-8892
-8654
-7773
-7673
-5532
-3480
-998
1487
4281
6780
6377
5277
4110
4078
2982
2209
2477
651
1118
2079
2187
2754
1263
372
-1442
-3917
-3873
-4274
-6159
-7552
-7687
-7910
-7680
-6319
-5053
-4092
-4126
-3072
-1011
-520
413
752
-1153
-2157
-2123
-2245
-2199
-2343
-2076
-1682
-1065
893
2841
2454
2430
2406
1502
422
-467
-789
-1414
-1126
-223
1449
3929
8373
8797
9323
10771
9105
8942
7277
5458
3355
-638
-1777
-2107
-2178
-1650
-1477
-1076
7
1047
826
1741
226
-2638
-3993
-6309
-6228
-5784
-6580
-5233
-4470
-2583
335
2984
5266
6663
6525
5384
6677
5744
3824
2458
-488
-2429
-2854
-2144
-889
-1576
-1324
-717
-2529
-2758
-2013
-4061
-6703
-7739
-9160
-9021
-7362
-5782
-3742
-3161
-1953
884
2026
3344
3760
1864
1129
804
-595
-319
-715
-1492
-751
-1035
26
2202
2589
2451
2422
1182
1445
1493
-130
-639
-2556
-2862
-2043
-1055
1402
5885
6484
6718
9206
8214
8700
7625
5192
3837
97
-1493
-1384
-2036
-2361
-2533
-2204
-585
1510
1923
3399
3384
741
-831
-3137
-4645
-5420
-8040
-8063
-7116
-5179
-2046
866
4029
5937
5616
5650
6403
3927
1208
-328
-3338
-4543
-5006
-4459
-3576
-3878
-2803
-925
-1154
-279
276
-1803
-3906
-5089
-5741
-6201
-6558
-5140
-3660
-2754
-20
2997
5715
6770
6586
6298
4947
3466
1431
-494
-1683
-3094
-3146
-1673
-611
545
2063
2344
2312
3054
2928
2197
741
-842
-2310
-4290
-4031
-3057
-2954
-1973
2232
4030
5821
9223
9616
10174
8149
6581
4855
610
-1482
-3292
-4389
-4369
-3812
-2588
-565
1910
2498
3639
2981
1462
390
-2688
-4603
-6127
-8570
-8510
-7937
-5967
-3104
-1132
2152
4182
4507
5824
6383
4970
2784
663
-2250
-2749
-3167
-3447
-1712
-2437
-1574
317
796
2565
2467
1271
-265
-2212
-3303
-3614
-4244
-4990
-4639
-4060
-2777
-163
1941
3533
4381
3588
3855
3540
2232
627
-1580
-3589
-4583
-4370
-2732
-1305
-340
1205
1980
2217
3107
3309
1993
-21
-1589
-3219
-4232
-4122
-3360
-2705
-1931
548
4651
6136
6928
9084
8062
6899
5862
4784
3073
-45
-1793
-2840
-3645
-3474
-2761
-2498
-1709
296
957
2197
2707
1957
287
-2411
-4067
-5120
-7267
-8050
-7562
-7240
-5955
-3452
-212
2474
4043
5292
6475
6236
4893
4131
1784
-233
-617
-2215
-2334
-1754
-1237
490
480
2137
3186
1645
1133
196
-1516
-3533
-4577
-5255
-5709
-4608
-2802
-458
1115
3244
4888
4771
5060
4813
3346
756
-1022
-1505
-2651
-3161
-1945
-870
-1100
-532
865
1685
1269
1024
-145
-1754
-2966
-3422
-4079
-5378
-4808
-4086
-4107
-2512
-407
1900
4089
4116
6329
6723
5161
5188
4322
2950
830
-287
-410
-748
-333
275
1454
1760
2958
4120
3350
3493
2667
915
-1148
-3250
-3743
-5566
-6920
-5599
-4071
-2822
-1708
487
2272
3118
3965
4845
5523
4160
2849
1881
926
743
-87
-769
-994
-996
-1329
-1684
-1479
-1118
-1604
-2573
-2148
-1796
-2269
-2703
-1887
-1413
-1571
-830
-818
-194
-145
-460
495
551
1260
1890
1106
1334
1580
894
256
-144
-354
-1177
-2681
-2961
-2580
-2808
-2781
-2185
-1822
-1520
-1069
-1030
-730
-1188
-1735
-1904
-1979
-1745
-1425
-1252
481
1977
2466
4480
6196
7401
7808
7445
7222
5895
4260
3055
1226
-962
-2529
-2975
-3212
-2179
-966
-182
229
631
1361
1232
333
-543
-2303
-4447
-5429
-5694
-5707
-4799
-3302
-1702
555
3094
5259
7288
6878
6315
5803
3775
2314
174
-1895
-3296
-4573
-4221
-3393
-2521
-1321
-118
476
1035
1494
1147
606
-570
-2011
-2688
-3740
-4061
-3864
-3462
-2719
-2135
-733
534
1748
2170
2459
2343
789
60
-1297
-2754
-3671
-4688
-4492
-4382
-4099
-3002
-1757
-484
807
1812
2147
1995
1627
1141
294
-971
-1254
-1299
-1247
-129
2051
5120
5776
7372
9181
9017
8634
7799
6680
4432
1862
519
-315
-1281
-1807
-1532
-1372
-604
282
844
1450
1154
238
-1265
-2347
-3083
-4528
-5955
-6846
-7117
-7071
-6742
-4705
-2136
-402
1338
3352
5493
5917
5436
5365
3861
1784
-171
-1589
-2872
-4407
-4193
-4183
-3148
-1219
177
1462
1662
2502
1831
221
-798
-2102
-3406
-5075
-5310
-4683
-3907
-2892
-1626
599
1372
1982
2809
2519
2132
713
-57
-938
-2483
-2964
-3446
-3928
-3315
-2665
-1938
-1227
-124
1082
1616
2030
2173
2115
674
-568
-666
-1331
-2017
-2008
-1326
-505
1025
3264
6151
7057
8069
9257
8404
7690
6494
5031
3019
488
-473
-1632
-2684
-3061
-2711
-2186
-1722
-400
581
1269
1033
478
-29
-1414
-2163
-3020
-4267
-4319
-4320
-4066
-3255
-1708
430
1524
2704
4573
5348
5077
4398
3548
2330
313
-901
-2347
-3622
-4281
-4508
-3718
-3046
-2056
-1386
-1072
-568
67
128
-1052
-1286
-1705
-2817
-2869
-2641
-1974
-1532
-1702
-472
506
1124
1806
1734
1790
1936
1745
1771
1597
763
-85
-703
-927
-451
-344
-749
-392
-176
250
1163
1708
1755
1132
236
-4
219
-234
-659
-1143
-1869
-2046
-1674
-1716
-931
-657
315
1855
1849
3851
4411
3666
3558
2753
2224
950
-452
-1302
-2388
-3140
-3491
-2213
-1436
-430
763
1255
2435
2447
2166
2003
570
-482
-1776
-2658
-2984
-3113
-2791
-2437
-989
488
1855
2915
3818
4397
3527
3104
2427
1159
100
-958
-1610
-2195
-2730
-2138
-1729
-1146
-299
296
612
983
1595
1524
853
342
-340
-1192
-1933
-1925
-1763
-1850
-1471
-605
-96
599
1283
1492
1456
1123
1056
696
58
-587
-1258
-2047
-2508
-2665
-2866
-2662
-2563
-2020
-1647
-898
188
360
485
659
509
304
-151
-513
-1222
-1709
-1964
-1812
-1165
-1104
-711
150
836
2113
3270
3311
3876
3666
3091
2747
2323
1892
879
-106
-453
-474
-499
-276
692
670
903
1456
2130
2762
2268
1815
1310
328
-213
-836
-1543
-1912
-1980
-2075
-1582
-366
284
945
1345
1795
2336
1994
1977
1503
600
-244
-1361
-1703
-1992
-2063
-1873
-1438
-471
-162
286
590
1145
888
-93
-483
-1310
-2364
-3080
-3503
-3684
-3835
-3458
-3030
-2014
-717
214
999
1208
1639
1402
623
178
-631
-1327
-2021
-2100
-1740
-1314
-847
-58
625
1233
1733
1818
1464
700
-92
-1040
-1749
-2476
-2882
-3185
-3658
-3306
-2553
-1753
-1058
-135
1012
1619
2104
2697
3310
3550
3620
3889
4302
4318
4473
4803
5159
5455
5279
5182
4878
4376
3698
2746
1773
1025
166
-1007
-1403
-1215
-1311
-1405
-1192
-992
-841
-882
-1178
-1343
-1912
-2864
-3534
-3788
-3423
-3481
-3391
-2589
-1778
-1117
-382
718
1134
714
101
-176
-617
-1308
-1714
-2046
-2351
-2491
-2117
-1637
-930
-394
-260
-66
385
863
792
824
832
462
122
-93
-179
-484
-703
-700
-542
-172
-30
76
184
124
0
-270
-552
-1022
-1539
-1988
-2356
-2352
-2161
-1991
-1437
-1120
-718
-140
330
575
599
442
241
-86
11
152
249
656
1014
1631
2336
2858
3452
3636
3404
3453
2913
3216
2988
3051
2993
2792
3263
2945
3356
3262
3103
2915
2098
1918
1318
1037
694
322
166
-243
-37
-170
-264
-58
-629
-1039
-1654
-2178
-2557
-3242
-3591
-4088
-4423
-4374
-4142
-3756
-3366
-2707
-2203
-1613
-879
-513
34
383
322
425
-247
-529
-751
-1283
-1231
-1034
-808
-562
-70
296
549
675
696
577
23
-559
-1021
-1554
-1752
-1757
-1826
-1687
-1245
-956
-358
129
420
598
368
202
-126
-526
-844
-1009
-1258
-1501
-1440
-1211
-823
-336
-142
-67
109
75
86
178
-28
-45
-170
-373
-30
376
881
1472
2047
2685
3366
3949
4264
4666
4485
3993
3891
3493
3269
2968
2796
3028
2713
2852
3479
3634
3563
3458
3027
2304
1885
1352
700
-56
-942
-1408
-1845
-2198
-1878
-1974
-2030
-2053
-1951
-1716
-1800
-1744
-1943
-2285
-2516
-2639
-2687
-2983
-3009
-3174
-3118
-2521
-1980
-1530
-1300
-1167
-614
-517
-358
-90
-425
-916
-1490
-1440
-1640
-1969
-1945
-2005
-1677
-1416
-723
-186
-58
124
229
259
326
396
-131
-682
-1055
-1469
-1546
-1621
-1570
-1578
-1675
-1335
-777
-407
73
267
289
318
276
202
-128
-592
-852
-1050
-1119
-717
1
372
1213
2159
2926
3738
3797
3893
3729
3469
3084
2659
2323
1771
1486
1375
1769
2058
2110
2565
2845
3220
3367
3464
3266
2644
1876
1249
795
82
-149
-576
-628
-470
-258
338
493
869
1098
896
867
573
87
-660
-1433
-1813
-2299
-2487
-2484
-2312
-2135
-2026
-1336
-1300
-1123
-1096
-1317
-1184
-1704
-1624
-1689
-1984
-1951
-2029
-1583
-1348
-1023
-558
-384
-32
120
313
493
82
103
-284
-630
-935
-1402
-1507
-1820
-1713
-1834
-1772
-1394
-1447
-1073
-956
-712
-480
-636
-482
-461
-280
-213
-240
-53
49
96
207
468
488
401
544
515
657
563
498
513
434
561
612
814
1048
1194
1346
1384
1596
1713
1609
1404
1278
1243
1076
976
908
932
899
809
1176
1423
1407
1366
1242
1154
872
662
410
-1
-560
-878
-938
-998
-894
-762
-624
-463
-147
104
306
239
140
-8
-195
-288
-314
-94
-99
266
616
946
1347
1262
1361
1217
898
568
393
79
-392
-394
-695
-666
-764
-737
-517
-595
-557
-493
-563
-650
-761
-715
-718
-961
-921
-916
-861
-678
-488
-268
-84
29
17
87
12
-253
-458
-850
-954
-951
-958
-862
-707
-595
-566
-393
-136
-121
-372
-529
-483
-627
-642
-521
-472
-439
-382
-139
129
290
349
339
326
187
160
47
-64
-146
-275
-170
-35
161
260
234
399
479
649
572
364
335
-25
-167
-366
-391
-471
-690
-747
-658
-351
-156
226
575
742
1026
1115
1156
1093
852
684
407
196
211
322
557
868
1226
1568
1659
1745
1783
1608
1266
1011
686
261
57
-168
-299
-478
-574
-519
-601
-418
-371
-298
-235
-259
-15
49
23
136
160
19
-68
-75
-10
10
25
383
607
555
814
975
922
749
494
271
-153
-572
-792
-954
-1180
-1163
-1027
-916
-714
-473
-349
-413
-411
-478
-699
-931
-1049
-1124
-1345
-1389
-1312
-1237
-1145
-1020
-761
-597
-482
-370
-115
-66
-53
-31
-199
-351
-636
-884
-1150
-1405
-1417
-1562
-1529
-1415
-1157
-912
-800
-571
-428
-394
-380
-355
-199
-280
-305
-30
136
359
490
738
883
847
933
946
965
960
880
893
915
915
977
1022
1047
1071
1124
1213
1262
1368
1392
1486
1437
1413
1401
1234
1182
1098
1046
882
751
844
818
796
930
1036
1009
1051
1130
1152
1056
1066
1206
1209
1108
1161
1187
1011
1005
993
985
904
770
704
508
557
659
587
537
456
368
267
96
-15
-191
-579
-817
-935
-1137
-1316
-1351
-1313
-1408
-1466
-1343
-1275
-1309
-1453
-1387
-1544
-1696
-1659
-1789
-1746
-1766
-1809
-1774
-1865
-1795
-1736
-1782
-1816
-1828
-1889
-1998
-1989
-1945
-1852
-1778
-1697
-1622
-1520
-1292
-1172
-994
-731
-665
-656
-630
-562
-589
-654
-632
-543
-410
-333
-120
70
115
342
456
506
543
584
602
517
613
565
492
460
589
679
599
717
826
839
891
1061
1203
1251
1337
1463
1537
1615
1718
1686
1704
1697
1695
1515
1357
1377
1123
939
886
803
865
807
909
1051
1086
1150
1132
1179
1011
703
443
79
-235
-490
-636
-661
-618
-525
-326
-127
71
262
323
309
339
329
210
109
107
75
111
264
441
649
815
983
1084
1142
1089
970
914
703
418
252
85
-44
-112
-103
-178
-214
-283
-396
-405
-491
-618
-710
-831
-961
-1090
-1188
-1280
-1314
-1296
-1161
-995
-882
-825
-822
-797
-746
-730
-801
-809
-834
-926
-866
-782
-684
-606
-559
-409
-354
-311
-352
-411
-458
-542
-532
-484
-358
-231
-157
-18
81
196
128
17
-71
-365
-584
-784
-938
-1125
-1261
-1321
-1280
-1177
-1040
-841
-784
-640
-580
-567
-449
-390
-404
-442
-469
-444
-368
-433
-337
-163
-110
23
276
422
594
708
676
637
527
409
292
178
139
155
138
228
450
656
896
1055
1192
1373
1417
1521
1581
1567
1501
1457
1432
1345
1427
1448
1517
1626
1664
1799
1872
1977
1996
1854
1677
1470
1168
808
564
228
-78
-316
-470
-517
-530
-494
-304
-218
-130
131
163
218
299
223
83
-85
-285
-430
-469
-563
-555
-418
-255
-26
71
208
300
207
33
-103
-275
-538
-846
-1117
-1320
-1437
-1500
-1518
-1442
-1312
-1120
-866
-633
-425
-345
-443
-490
-608
-664
-729
-766
-814
-869
-762
-590
-391
-192
-4
82
111
112
72
-141
-305
-541
-752
-806
-793
-699
-593
-457
-345
-208
-4
158
212
125
10
-175
-249
-215
-209
-141
-127
9
144
308
483
600
674
647
637
666
625
563
394
255
128
55
54
-22
2
48
27
61
81
41
22
-101
-161
-224
-248
-257
-288
-255
-171
-36
-9
120
273
305
308
237
296
231
160
145
69
110
99
93
187
210
132
93
26
-62
-122
-219
-312
-304
-270
-228
-140
16
139
184
265
269
289
246
151
91
58
48
134
301
486
690
786
861
886
940
882
807
797
666
500
422
373
317
318
287
277
422
533
691
782
873
928
852
762
636
469
210
-19
-107
-221
-280
-195
-118
-11
73
174
280
280
196
96
-83
-375
-555
-715
-933
-1024
-997
-895
-762
-635
-488
-447
-472
-454
-462
-510
-624
-780
-893
-998
-1044
-981
-949
-919
-862
-794
-708
-616
-574
-597
-681
-768
-815
-885
-1047
-1099
-1105
-1188
-1104
-1010
-889
-770
-619
-525
-504
-408
-377
-384
-409
-507
-538
-580
-601
-497
-409
-262
-82
126
274
396
551
665
664
648
709
703
710
826
901
970
1080
1114
1115
1120
1136
1116
1105
1081
1106
1082
1028
1023
976
1024
1011
1053
1153
1153
1154
1230
1269
1218
1221
1139
993
912
821
738
659
515
422
386
355
379
437
414
293
204
90
-7
-121
-262
-342
-418
-446
-446
-365
-285
-248
-205
-123
-51
-70
-98
-143
-247
-380
-535
-586
-628
-734
-739
-775
-728
-635
-575
-532
-492
-478
-541
-581
-668
-802
-929
-1013
-1046
-1059
-1037
-931
-840
-719
-521
-377
-240
-133
-161
-146
-247
-324
-373
-482
-547
-541
-458
-429
-283
-115
38
227
311
362
387
303
238
67
-5
-68
-150
-137
-121
-58
41
201
337
468
519
511
498
455
355
214
73
-57
-170
-280
-357
-404
-366
-288
-213
-125
18
118
121
138
106
51
-29
-65
-136
-180
-194
-213
-88
-14
119
230
341
434
444
488
438
319
195
126
13
-66
-71
-93
-102
-10
109
214
300
410
544
573
621
629
585
509
420
349
290
211
268
367
402
448
493
521
538
544
495
485
387
285
224
102
76
95
5
21
86
54
19
35
11
-66
-89
-86
-158
-153
-165
-185
-111
-78
-22
44
45
66
45
-25
-115
-213
-314
-408
-461
-446
-410
-373
-250
-149
-71
17
92
46
-46
-104
-248
-406
-531
-643
-702
-759
-697
-620
-549
-422
-324
-286
-299
-351
-490
-649
-781
-914
-1058
-1130
-1103
-1044
-959
-811
-608
-451
-338
-209
-109
-105
-120
-199
-304
-349
-413
-412
-343
-260
-138
-30
170
330
467
601
672
721
703
689
628
547
433
371
318
316
297
350
406
429
474
519
551
555
536
501
489
424
449
405
373
370
311
347
377
450
524
528
525
515
569
586
559
597
572
513
457
463
461
474
444
412
469
439
467
482
486
518
462
377
362
323
304
249
244
224
167
179
161
143
101
84
32
-23
-41
-102
-107
-177
-246
-285
-348
-434
-527
-611
-702
-781
-853
-829
-804
-810
-775
-704
-686
-693
-586
-494
-455
-430
-412
-418
-425
-397
-375
-379
-392
-361
-347
-310
-268
-249
-264
-306
-320
-327
-351
-364
-391
-402
-399
-379
-335
-328
-264
-208
-195
-113
-82
-84
-114
-64
-62
-59
-16
-23
-1
10
56
89
96
111
107
77
65
30
27
-22
-61
-46
-54
2
52
137
200
219
282
310
337
336
348
331
322
319
327
412
453
515
634
623
655
699
658
629
595
535
429
310
191
112
62
22
-35
-35
-67
-63
17
73
117
176
120
109
126
129
126
94
41
-46
-64
-88
-73
-43
-61
-44
-45
-40
-46
-56
-76
-136
-195
-188
-170
-191
-185
-190
-152
-109
-53
32
77
112
129
138
143
165
155
100
91
23
18
42
25
-14
1
31
17
55
19
5
-49
-108
-167
-217
-276
-359
-356
-361
-371
-331
-295
-259
-225
-233
-188
-179
-226
-250
-266
-307
-311
-318
-345
-327
-310
-302
-303
-275
-293
-302
-315
-287
-305
-318
-353
-344
-304
-284
-259
-231
-173
-153
-90
-51
-11
24
65
60
93
138
114
128
127
111
114
218
253
260
298
277
269
248
229
192
149
119
104
140
138
115
163
212
175
230
212
200
197
122
120
135
145
129
179
159
165
220
200
186
214
192
196
193
184
178
149
154
163
213
248
298
345
350
361
343
382
348
317
267
256
290
284
322
360
375
398
374
348
313
280
223
146
85
-13
-35
-106
-125
-124
-110
-103
-93
-39
-4
-4
7
31
-20
-87
-118
-160
-206
-209
-204
-193
-180
-158
-90
-66
-55
-51
-80
-121
-151
-225
-300
-320
-343
-329
-295
-255
-235
-209
-171
-161
-141
-160
-228
-265
-307
-377
-363
-354
-345
-337
-314
-246
-212
-152
-165
-137
-148
-198
-252
-284
-284
-315
-326
-365
-409
-394
-383
-362
-334
-287
-280
-276
-262
-277
-310
-320
-344
-372
-381
-391
-376
-299
-228
-135
-43
11
110
161
178
176
155
144
138
177
199
248
331
394
447
544
585
589
625
634
671
623
591
597
553
517
517
567
594
619
647
618
599
619
620
600
552
447
389
368
290
267
240
175
169
153
160
172
156
129
116
69
41
18
-33
-42
-59
-73
-102
-62
-17
-33
-18
-9
-25
-50
-66
-128
-143
-151
-187
-195
-205
-219
-241
-227
-234
-255
-307
-374
-406
-434
-486
-522
-567
-617
-666
-677
-678
-716
-750
-714
-735
-758
-722
-715
-662
-670
-646
-654
-671
-657
-642
-588
-560
-498
-459
-459
-397
-351
-298
-239
-238
-238
-249
-277
-277
-199
-177
-158
-73
9
55
120
170
196
216
237
295
321
339
312
336
311
308
375
352
393
401
427
482
505
523
550
515
530
569
576
559
544
560
509
536
539
547
595
591
555
558
545
554
525
525
504
471
451
457
459
447
461
419
404
437
447
468
467
416
394
369
310
262
259
243
223
210
210
184
168
155
131
133
109
64
44
5
-39
-98
-131
-183
-248
-216
-185
-204
-188
-150
-173
-191
-193
-174
-235
-273
-286
-345
-376
-374
-424
-435
-397
-337
-284
-300
-285
-278
-274
-265
-287
-331
-345
-405
-435
-408
-451
-457
-438
-427
-373
-316
-244
-215
-224
-238
-252
-264
-274
-317
-392
-386
-405
-387
-332
-221
-180
-170
-97
-86
-112
-105
-122
-176
-221
-242
-284
-309
-293
-237
-186
-79
-51
-18
73
82
62
2
-17
-61
-76
-116
-94
-88
-81
-10
63
138
176
201
184
154
132
142
111
85
101
77
90
106
146
201
230
289
319
338
348
334
330
318
275
226
226
196
192
228
264
320
353
355
341
340
365
318
242
221
130
109
109
96
96
144
128
118
135
179
143
115
131
56
10
-26
-71
-124
-119
-149
-129
-115
-112
-79
-38
-69
-62
-35
-95
-133
-175
-207
-260
-320
-314
-305
-315
-252
-188
-137
-104
-78
-48
-45
-67
-85
-143
-207
-281
-299
-305
-273
-240
-194
-172
-129
-121
-93
-51
-92
-77
-123
-177
-184
-214
-252
-198
-176
-152
-121
-62
10
7
49
76
70
61
9
4
-37
-103
-85
-63
-42
-6
15
45
120
144
170
228
203
177
169
152
129
162
187
195
197
217
251
283
281
290
317
315
326
346
351
325
306
293
303
327
348
337
272
272
235
232
213
160
166
141
127
91
54
41
48
-4
-37
-45
-42
-16
-44
-64
-73
-86
-79
-116
-83
-107
-141
-78
-90
-96
-58
26
45
53
105
108
122
96
66
40
-1
-14
-31
-71
-78
-89
-78
-72
-92
-40
-9
3
-4
7
30
21
-15
-14
-27
-21
-64
-64
-20
-15
-7
28
0
-13
-49
-36
-13
-47
-83
-124
-119
-184
-215
-213
-202
-210
-198
-179
-170
-144
-155
-136
-99
-108
-105
-107
-82
-90
-70
-39
-43
-64
-62
-86
-130
-136
-168
-165
-176
-225
-253
-258
-285
-328
-342
-353
-347
-339
-338
-336
-312
-267
-256
-243
-227
-202
-153
-146
-107
-67
-41
5
44
81
122
122
143
168
173
177
170
161
121
113
146
160
114
142
195
184
172
179
197
157
175
188
174
164
142
144
127
157
163
232
269
260
253
265
269
237
219
180
145
103
81
114
135
157
192
194
185
197
211
205
176
165
150
110
112
83
65
89
98
109
121
120
123
145
105
83
108
79
11
-27
-5
-25
-61
-43
-72
-61
-64
-66
-51
-56
-117
-183
-206
-280
-325
-357
-383
-399
-384
-366
-321
-275
-290
-272
-241
-249
-249
-251
-253
-228
-256
-283
-288
-296
-277
-249
-198
-159
-163
-166
-129
-139
-173
-137
-128
-164
-176
-182
-198
-177
-191
-173
-144
-96
-71
-70
-18
-13
-10
27
63
65
55
51
36
13
35
30
44
31
74
118
104
88
108
106
126
138
144
179
176
211
217
230
221
244
248
297
313
307
320
339
353
330
347
384
385
373
395
391
377
406
399
320
363
351
308
310
276
258
233
218
214
228
216
226
217
174
147
139
176
179
198
190
191
141
112
96
83
81
49
52
60
52
33
44
32
-22
-50
-66
-108
-126
-118
-133
-147
-149
-130
-135
-129
-143
-92
-122
-145
-136
-159
-190
-242
-219
-232
-265
-268
-284
-276
-303
-296
-288
-309
-322
-342
-340
-354
-366
-424
-422
-402
-403
-372
-372
-353
-337
-357
-345
-282
-277
-265
-240
-269
-251
-232
-221
-224
-188
-162
-207
-217
-196
-202
-215
-187
-159
-139
-117
-126
-119
-114
-107
-56
-44
-62
-51
-35
-5
-7
-30
-9
18
18
33
73
59
62
69
59
71
94
96
114
109
135
161
146
142
168
162
149
185
202
254
279
316
327
324
329
335
338
344
347
307
316
267
259
282
290
288
298
306
303
346
357
353
355
336
329
270
248
254
257
249
268
267
243
244
256
249
193
195
166
135
101
83
54
43
26
25
23
16
1
4
-27
-84
-75
-71
-132
-139
-173
-193
-251
-274
-282
-311
-321
-344
-350
-394
-387
-383
-398
-398
-416
-422
-459
-469
-432
-446
-420
-395
-416
-399
-388
-406
-382
-370
-356
-352
-309
-252
-250
-235
-217
-201
-212
-202
-210
-205
-174
-158
-148
-115
-95
-107
-60
-51
-32
-2
37
65
78
112
132
138
168
201
209
227
243
255
269
233
237
254
240
227
270
275
271
290
249
230
228
222
226
212
224
212
213
229
222
249
233
222
272
282
290
311
297
292
287
264
255
248
203
197
190
146
143
132
143
129
121
128
118
120
97
80
88
91
62
60
13
1
-29
-15
8
-1
29
30
39
20
39
27
43
30
34
39
3
12
8
-52
-31
-28
-49
-49
-44
-31
-11
-17
-20
-9
-25
-29
-12
-28
4
5
-43
-61
-68
-70
-113
-76
-119
-153
-121
-122
-131
-145
-163
-192
-221
-257
-224
-246
-254
-231
-251
-288
-310
-302
-274
-276
-264
-259
-237
-213
-240
-205
-199
-210
-203
-210
-210
-203
-191
-179
-173
-157
-135
-120
-107
-86
-67
-32
-6
-41
-46
-79
-85
-75
-66
-54
-49
-32
-64
-45
-29
-21
2
1
-14
1
-2
-7
-4
-2
-12
-16
-5
-30
-35
-23
-25
-45
-29
-10
-14
13
50
50
41
62
97
92
92
113
140
151
195
212
215
219
176
182
178
206
225
239
220
239
273
251
254
248
240
228
185
194
188
182
170
141
141
135
138
121
91
115
135
116
108
102
76
64
69
50
47
35
-9
-25
-16
-48
-72
-46
-53
-40
-29
-19
-40
-53
-60
-57
-92
-106
-88
-135
-124
-116
-120
-118
-141
-136
-142
-142
-136
-118
-96
-104
-113
-87
-106
-125
-111
-84
-98
-116
-98
-108
-88
-106
-81
-76
-85
-95
-104
-104
-109
-132
-158
-146
-124
-95
-96
-121
-101
-107
-102
-84
-57
-29
-16
-21
-8
20
50
42
64
84
61
59
81
89
69
68
73
82
63
101
124
91
96
122
122
109
114
116
108
125
128
107
110
121
133
103
121
118
116
131
151
176
172
183
178
166
187
173
162
144
134
104
125
125
121
151
132
116
137
160
142
148
160
166
153
128
117
118
102
79
96
87
63
50
84
70
40
58
60
29
15
19
7
-22
-40
-25
-18
-17
-47
-50
-48
-101
-97
-80
-118
-111
-118
-143
-150
-161
-175
-167
-142
-158
-156
-132
-146
-161
-149
-175
-214
-213
-233
-262
-233
-222
-222
-226
-239
-202
-193
-211
-191
-163
-179
-185
-173
-199
-187
-175
-176
-173
-176
-167
-175
-199
-213
-175
-172
-170
-147
-118
-124
-169
-119
-136
-132
-128
-143
-128
-146
-122
-118
-104
-76
-96
-87
-55
-60
-35
-37
-44
-47
-36
-38
-52
-50
-51
-8
11
33
53
58
37
74
88
82
106
86
65
70
87
104
90
106
160
148
159
189
189
199
208
219
225
213
229
221
216
234
242
230
251
273
255
241
212
205
234
217
240
263
249
252
253
264
243
239
252
219
208
206
159
148
126
90
89
99
106
82
94
100
90
69
103
93
42
34
15
9
-3
-15
1
-13
-55
-40
-45
-35
-30
-57
-101
-80
-102
-131
-98
-118
-92
-106
-121
-103
-118
-120
-114
-134
-140
-135
-170
-183
-177
-186
-200
-181
-181
-198
-212
-206
-169
-168
-170
-175
-197
-225
-235
-195
-187
-185
-171
-156
-178
-157
-135
-154
-155
-144
-105
-103
-98
-94
-97
-121
-84
-51
-53
-35
-39
-47
-22
-40
-52
0
9
-5
10
40
48
64
103
87
84
103
99
107
120
135
127
140
142
165
176
141
181
200
193
198
179
190
170
187
155
182
186
195
175
155
159
141
139
146
136
119
129
141
153
171
164
132
136
119
115
110
106
73
91
84
53
72
47
47
49
33
42
75
40
12
28
4
1
4
17
-3
-27
1
-14
-35
-37
-42
-58
-89
-80
-68
-83
-77
-76
-81
-65
-69
-111
-133
-137
-146
-159
-171
-162
-151
-186
-188
-182
-214
-211
-176
-170
-168
-149
-163
-162
-152
-138
-131
-142
-121
-155
-160
-132
-157
-172
-168
-148
-185
-160
-153
-121
-134
-115
-95
-99
-82
-122
-123
-118
-102
-113
-112
-86
-116
-112
-79
-117
-118
-102
-98
-116
-87
-61
-67
-40
-29
-49
-40
-30
-38
-32
-36
-34
-37
-24
3
18
22
57
59
56
90
83
91
93
104
95
115
135
147
129
173
177
176
221
209
241
249
228
230
228
221
238
258
261
242
227
247
254
247
262
262
227
191
184
164
146
149
163
161
175
160
157
174
166
179
166
150
132
131
94
57
65
23
19
17
-9
-21
-26
-54
-65
-64
-59
-53
-104
-116
-130
-148
-158
-139
-127
-126
-122
-130
-141
-124
-100
-108
-103
-105
-114
-131
-148
-139
-121
-105
-89
-119
-111
-123
-118
-112
-98
-71
-103
-112
-106
-97
-175
-140
-77
-93
-92
-67
-57
-47
-37
-21
-4
-18
-22
-35
-29
7
20
16
20
20
20
47
42
31
42
36
22
26
61
52
16
10
25
17
30
24
38
51
48
51
74
79
98
104
89
96
83
96
119
120
105
102
70
48
42
25
31
44
35
27
-3
-10
23
-15
-4
41
18
5
-18
-34
-45
-38
-64
-58
-50
-53
-55
-52
-69
-42
-11
5
33
17
25
-15
-25
1
13
-8
7
-7
-21
2
-16
-32
-13
15
17
33
22
18
-1
-9
1
-1
3
-10
-21
-21
-15
18
14
18
-4
-22
-7
-12
-3
-6
-9
-37
-81
-85
-97
-120
-70
-63
-71
-62
-60
-75
-75
-75
-79
-70
-87
-84
-91
-105
-104
-119
-100
-110
-98
-71
-78
-98
-100
-78
-79
-109
-92
-67
-101
-90
-86
-93
-108
-129
-119
-120
-110
-98
-76
-71
-71
-62
-47
-64
-48
-34
-42
-34
-26
-16
1
19
25
28
42
66
68
66
87
59
40
38
45
66
75
91
72
128
133
138
149
142
135
112
111
85
109
149
147
153
152
160
145
136
185
170
151
148
123
111
121
96
78
119
130
98
119
147
147
137
140
180
149
173
166
128
153
143
105
109
128
91
111
118
95
105
103
72
69
62
19
41
16
5
17
20
1
-9
3
-19
0
9
-7
-23
-35
-38
-75
-54
-63
-84
-83
-81
-76
-81
-106
-123
-82
-91
-99
-112
-114
-153
-166
-174
-196
-192
-183
-152
-158
-140
-134
-103
-128
-116
-105
-125
-141
-165
-164
-171
-177
-172
-168
-142
-130
-117
-86
-92
-101
-104
-86
-92
-77
-113
-116
-103
-119
-102
-86
-105
-98
-67
-62
-24
-30
-7
-5
10
14
7
20
14
25
26
42
41
37
58
87
98
69
74
65
70
62
62
72
62
48
24
62
87
105
145
173
166
156
144
147
131
135
158
148
105
93
97
104
108
102
131
133
121
115
135
138
102
99
93
94
56
68
56
45
49
46
44
44
55
28
28
3
8
28
14
14
10
-8
-15
-15
-14
-14
-37
-53
-49
-52
-48
-51
-64
-67
-55
-84
-87
-104
-105
-117
-112
-94
-116
-80
-65
-59
-71
-60
-36
-71
-96
-78
-113
-113
-127
-114
-93
-99
-95
-102
-91
-83
-94
-116
-91
-112
-126
-115
-119
-94
-101
-135
-111
-99
-97
-79
-69
-56
-67
-61
-57
-58
-64
-57
-45
-39
-16
-25
-30
3
6
-22
-25
-31
-47
-44
-7
-9
10
24
27
32
45
40
37
59
41
63
74
49
54
53
57
60
55
51
46
83
102
83
113
151
146
144
143
135
117
116
113
117
117
121
123
92
113
106
87
104
103
105
104
128
119
125
115
135
117
110
128
115
103
73
79
45
48
49
34
31
34
10
-1
6
1
4
4
17
9
33
11
13
29
3
17
23
32
16
4
-21
-19
4
24
-2
15
23
16
-11
-49
-62
-60
-55
-58
-46
-60
-75
-62
-57
-62
-60
-67
-61
-63
-64
-65
-64
-105
-134
-110
-110
-109
-80
-98
-118
-84
-74
-80
-50
-59
-85
-106
-102
-116
-136
-143
-121
-103
-111
-114
-91
-70
-47
-30
-23
-16
-10
-7
18
17
16
31
7
12
27
35
19
17
1
30
41
60
87
88
73
69
74
49
39
26
7
5
28
23
13
33
52
48
36
37
49
72
52
35
32
18
8
12
8
-11
26
-22
-34
24
16
13
-6
-5
-24
-24
-2
13
17
0
7
8
24
39
35
41
55
57
25
17
24
32
14
13
44
39
44
36
15
19
-6
-16
-24
-19
-29
-31
-5
-29
-12
-9
-23
-22
-13
-10
-42
-29
-47
-50
-47
-41
-50
-41
-42
-47
-47
-46
-51
-51
-65
-58
-28
-35
-35
-27
-45
-54
-49
-45
-61
-42
-39
-55
-65
-101
-75
-81
-69
-60
-65
-65
-57
-54
-72
-64
-50
-35
-48
-42
-38
-40
-31
-21
-14
-12
-23
-23
-19
-36
-54
-54
-28
-65
-56
-15
-33
-18
11
51
51
48
38
37
54
38
59
62
34
26
6
37
40
39
74
50
45
82
90
84
117
95
89
78
80
85
70
99
120
118
115
113
101
81
87
96
75
93
102
94
109
146
136
138
123
111
116
80
88
94
69
78
74
80
74
51
37
20
-9
9
0
-2
28
-7
-10
-31
-43
-17
-5
9
9
9
14
-5
6
10
-12
-51
-50
-36
-65
-51
-37
-44
-46
-61
-53
-54
-44
-29
-18
-32
-31
-26
-45
-46
-58
-63
-53
-77
-73
-56
-49
-55
-50
-14
-1
-30
-35
-36
-40
-24
-19
-27
-30
-83
-76
-72
-93
-54
-37
-34
-53
-41
-48
-50
-41
-30
-32
-35
-20
-34
-38
-30
-34
-42
-49
-48
-62
-40
-23
-19
6
0
21
21
1
12
14
7
17
27
40
27
55
69
29
44
47
34
65
59
77
74
44
52
64
80
78
92
63
53
70
55
40
48
33
14
22
-31
-38
-6
-1
-25
4
21
-15
-17
5
4
-17
2
-44
-55
-37
-48
-20
-7
-8
7
-10
-43
-47
-55
-45
-64
-54
-43
-72
-73
-74
-27
-42
-72
-30
-34
-36
-25
-15
-11
30
8
-6
-7
-51
-50
-70
-54
-54
-56
-62
-53
-56
-71
-65
-76
-74
-94
-86
-80
-78
-95
-93
-83
-90
-100
-100
-97
-109
-99
-103
-100
-81
-91
-111
-102
-97
-101
-70
-88
-60
-30
-10
-14
-12
-8
0
15
3
0
-1
-9
-25
-18
1
44
61
35
47
72
82
93
108
96
93
96
113
138
130
146
102
74
86
89
79
79
105
117
99
107
118
90
107
108
126
136
121
131
129
131
134
127
143
150
162
162
134
102
118
141
122
128
131
130
96
95
90
101
104
93
71
88
75
68
56
63
82
48
49
66
63
59
66
59
66
47
19
28
25
3
11
10
-4
-9
-8
-33
-40
-23
-16
-22
-40
-47
-55
-75
-60
-38
-59
-74
-75
-64
-81
-79
-72
-44
-48
-52
-57
-40
-49
-71
-65
-85
-58
-62
-92
-86
-72
-90
-91
-92
-77
-66
-91
-90
-100
-94
-86
-103
-80
-90
-112
-100
-101
-87
-89
-79
-74
-91
-93
-82
-103
-101
-83
-89
-91
-93
-106
-112
-108
-66
-56
-66
-52
-69
-81
-73
-61
-39
-42
-20
-18
-3
-16
-24
-25
-20
-5
9
-4
-18
-20
-2
11
27
30
32
30
-9
-7
27
29
23
49
59
43
14
21
-1
19
39
23
29
52
45
29
42
61
60
29
33
24
7
17
33
13
9
26
14
21
38
43
61
34
44
55
42
44
33
47
49
21
32
16
-20
-7
-11
-7
2
18
-3
-22
-16
-22
-3
9
6
0
-36
-65
-26
-16
-27
-24
15
-18
-67
-44
-56
-35
-33
-48
-28
-39
-45
-42
-38
-35
-42
-42
-12
-41
-55
-29
-37
-38
-16
-1
-5
2
22
2
4
28
41
62
72
42
7
42
47
38
91
53
52
40
38
47
49
65
94
81
64
84
66
72
93
90
64
55
46
31
18
17
37
53
36
64
66
48
62
57
32
21
29
11
27
18
7
-4
-7
0
16
14
36
38
10
28
37
42
19
0
22
31
1
3
19
46
35
16
35
21
30
46
39
41
34
29
36
44
35
39
28
14
19
13
30
31
8
16
11
-1
-23
-19
-20
-33
-22
-28
-17
-25
-26
-30
-20
-53
-53
-23
-23
-23
-48
-39
-38
-67
-72
-74
-53
-54
-53
-58
-40
-46
-50
-64
-63
-72
-80
-62
-75
-64
-56
-57
-57
-30
-27
-28
-21
-18
-7
-24
-33
-27
-37
-36
-67
-68
-60
-69
-76
-61
-40
-43
-67
-54
-51
-55
-44
-35
-33
-37
-17
-22
-15
-5
9
-23
-48
-14
-20
-40
-20
-30
-35
-18
-22
6
5
17
29
33
48
49
25
38
46
42
64
64
49
26
35
15
20
44
47
24
5
44
40
31
33
50
59
59
63
38
42
33
38
36
35
66
64
62
63
61
58
53
45
51
40
40
50
38
24
23
35
45
45
9
6
4
-1
8
25
35
2
8
-5
0
-3
16
20
-7
-3
7
-4
-15
-9
-3
-6
-9
-21
-18
-26
-27
-33
-20
-20
-26
-30
-47
-51
-59
-25
-27
-32
-41
-40
-45
-65
-59
-55
-53
-52
-41
-31
-44
-46
-63
-64
-48
-50
-51
-65
-73
-69
-54
-42
-48
-59
-45
-45
-57
-43
-23
-26
-29
-39
-57
-51
-45
-49
-35
-31
-28
-31
-37
-20
-6
-12
-6
-3
-25
-9
13
-11
3
21
15
1
-7
-4
-16
-10
8
13
8
3
0
10
15
5
19
39
35
32
22
31
30
28
27
25
15
24
39
37
50
49
64
78
86
100
102
84
88
88
94
113
110
124
104
104
101
93
94
96
97
100
88
97
90
81
87
80
68
88
86
71
81
88
87
70
60
62
42
42
44
46
46
25
-10
-3
7
34
29
10
7
-6
7
9
2
1
-10
-27
-17
-15
-16
-3
-25
-22
-6
-24
-16
-30
-36
-25
-42
-48
-45
-63
-72
-84
-81
-74
-93
-90
-69
-67
-90
-82
-81
-101
-88
-88
-113
-134
-119
-110
-122
-115
-111
-121
-123
-110
-104
-106
-107
-105
-88
-71
-75
-80
-91
-90
-106
-103
-91
-85
-84
-52
-27
-40
-51
-40
-42
-40
-24
-25
-9
-13
-2
12
25
19
14
16
23
41
34
31
35
39
44
45
41
38
46
35
42
50
50
68
63
63
77
64
41
35
50
43
53
71
56
57
48
34
56
48
55
65
62
50
48
37
34
48
42
30
38
39
29
53
46
45
57
37
33
25
14
20
13
10
21
-3
-6
3
7
12
18
25
26
25
16
14
0
-11
-23
-22
-28
-18
12
-10
-10
-17
-20
-22
-4
-10
-18
-18
-20
-11
-12
-12
-13
-17
-19
-22
-22
-17
-18
-25
-19
-16
-15
-22
-15
-24
-37
-16
-14
-26
-28
-33
-32
-28
-25
-28
-28
-26
-27
-26
-9
-12
-29
-44
-38
-36
-59
-65
-41
-34
-39
-33
-35
-35
-23
-28
-45
-27
-19
-39
-42
-22
-4
-11
-15
-5
7
17
23
26
25
23
25
28
44
30
28
33
29
33
47
36
23
32
42
48
53
42
26
38
41
39
53
58
55
57
56
70
53
34
52
52
51
42
41
40
42
40
43
44
38
47
38
50
57
55
43
40
46
33
30
36
34
29
17
10
4
15
32
26
29
27
15
9
5
22
12
-17
-17
-27
-23
-27
-27
-15
-21
-22
-7
-9
-27
-27
-37
-54
-55
-37
-53
-64
-60
-48
-61
-43
-35
-37
-35
-41
-39
-44
-47
-65
-46
-52
-46
-39
-42
-47
-43
-43
-40
-20
-19
-23
-23
-24
-23
-18
-26
-27
-19
-9
-17
-8
-4
-23
-19
-20
-24
-31
-20
-18
-30
-18
-12
-6
-4
-8
-23
-20
-26
-18
-18
-6
2
-10
-4
-8
-22
-30
-31
-17
1
-9
-11
-20
-9
4
-6
-2
-6
-3
-2
5
13
8
17
1
5
18
12
14
10
21
29
39
35
37
35
29
30
29
28
34
17
22
31
17
13
22
21
22
16
27
37
37
37
17
18
9
9
20
16
17
17
19
14
20
16
-2
-13
-1
5
19
23
15
12
17
10
3
18
10
1
6
22
8
3
3
0
5
1
-3
7
10
7
5
-7
14
4
-7
-10
-14
-19
-19
-8
-10
-14
-22
-24
-22
-22
-22
-20
-31
-36
-31
-20
-25
-26
-27
-35
-31
-38
-44
-40
-35
-32
-36
-25
-10
-8
-17
-3
0
0
-4
-4
5
-12
-11
-23
-24
-22
-22
-16
-13
-1
15
22
18
16
24
10
16
20
23
16
4
18
14
21
22
9
15
28
27
24
31
37
38
28
33
33
20
26
24
28
32
23
24
33
35
29
22
13
12
25
30
32
24
22
32
36
28
35
29
29
28
36
45
26
15
16
24
18
16
20
19
4
11
10
10
3
-2
10
9
18
29
15
19
20
7
9
2
0
1
-16
-17
-21
-20
-17
-10
-11
-20
-15
-20
-26
-30
-25
-27
-31
-25
-30
-34
-40
-44
-35
-41
-41
-42
-39
-31
-23
-36
-44
-43
-48
-64
-65
-56
-48
-55
-53
-44
-46
-44
-43
-41
-46
-52
-48
-40
-41
-34
-22
-33
-41
-30
-20
-30
-32
-26
-27
-29
-26
-5
-4
11
14
7
11
2
1
3
8
12
30
22
18
15
13
10
18
25
17
18
24
24
29
23
27
32
31
34
32
27
25
33
24
13
11
14
22
26
21
23
20
10
19
16
26
18
22
23
18
21
20
17
9
11
6
-3
-9
0
2
4
16
13
8
1
4
13
7
4
3
6
2
0
9
11
9
9
0
0
14
10
19
26
22
20
25
15
9
21
17
0
4
14
6
2
14
17
11
11
19
7
8
12
12
20
19
10
4
2
4
6
-4
-13
-14
-14
-7
-4
-10
-26
-26
-28
-26
-16
-9
-5
-6
-11
-8
-14
-20
-22
-24
-23
-14
-13
-28
-13
-12
-26
-24
-25
-26
-14
-11
-11
-15
-18
-21
-29
-30
-25
-22
-18
-18
-9
-6
-6
-6
-6
-8
-3
-18
-21
-16
-14
-12
-8
-1
-13
-7
2
0
3
9
11
9
10
2
5
0
-12
-3
3
-4
7
12
12
11
6
-5
-13
-10
-13
0
7
14
16
14
8
5
20
27
22
8
11
14
17
19
23
14
16
20
20
27
32
30
20
28
31
27
26
29
31
18
16
22
18
19
22
18
25
23
22
16
19
24
29
29
27
22
12
4
-4
5
7
0
-7
-6
-11
-6
-8
-5
-10
-15
-14
-5
-10
-10
1
-8
-10
-12
-3
-14
-10
-11
-9
-11
-14
-5
-9
-8
-12
-25
-25
-21
-21
-13
-4
-4
-6
-14
-23
-24
-23
-4
-9
-12
-9
-7
-9
-8
-3
-8
-15
-16
-22
-25
-18
-21
-16
-20
-17
-19
-18
-12
-10
-9
-12
-10
-19
-7
-5
-12
-7
-14
-21
-18
-14
-10
-4
-9
-13
-13
-15
-10
-8
-15
-9
-5
-4
-11
-8
-14
-19
-9
-4
-7
-3
5
5
18
20
12
11
8
4
4
2
7
7
-1
-5
-1
-4
-9
-2
5
0
15
15
7
-5
-11
-5
-11
-9
-6
2
-1
1
12
15
8
3
11
5
10
7
0
9
10
-1
-2
2
-3
4
8
4
15
17
15
13
19
28
17
12
20
20
17
19
11
14
20
8
14
20
16
19
15
19
22
17
7
7
-1
1
14
17
10
14
8
-1
3
-1
6
4
5
11
13
9
10
16
20
13
12
11
15
10
4
10
10
11
10
11
14
14
9
9
13
17
11
13
14
15
12
7
0
-5
0
-2
4
8
6
2
-6
-9
-6
-3
-5
-6
-7
-11
-10
-15
-14
-13
-5
-6
-7
-7
-14
-12
-13
-20
-12
-8
-20
-13
-3
-10
-10
-13
-12
-14
-15
-10
-7
-5
-11
-6
-8
-6
-2
-2
-12
-10
-4
-8
-10
-12
