-2
-5
-2
2
5
10
3
3
1
-4
-2
0
7
1
-4
-1
-3
1
1
-4
6
12
3
9
9
5
4
7
12
3
3
5
1
1
-5
-11
-12
-1
-4
-1
-4
-7
1
-2
0
-2
-2
3
6
8
5
2
2
1
2
9
5
0
1
-2
-10
-2
11
2
1
5
4
3
0
1
0
-1
0
8
6
0
0
-4
10
7
0
7
4
1
-5
-1
-8
-16
-6
-6
-2
2
-5
-11
-9
-2
-5
-7
-6
-3
-3
-7
5
8
6
6
5
3
4
12
9
9
11
14
16
11
4
-2
-1
-6
-6
-3
1
-2
-5
7
1
6
1
-7
-1
-6
2
-4
-9
-5
-9
-4
0
2
-1
-12
-12
0
-10
-3
1
-5
3
-10
-11
-1
-8
-1
1
-7
0
-4
-5
-4
-5
-5
-10
3
9
-2
4
9
-2
-2
2
3
-2
-3
5
0
5
9
2
3
6
4
1
0
5
12
14
6
2
6
0
2
1
0
4
-4
6
9
12
13
10
12
-5
3
11
-3
3
6
4
3
-5
-2
1
-1
-1
-12
-9
-1
-1
-10
-10
-1
2
5
0
-5
-3
-6
-1
6
0
-1
1
-3
-5
-9
-5
-2
-2
3
-1
2
8
5
2
3
0
-2
4
2
6
10
0
2
8
5
5
2
-2
8
14
6
5
-1
-11
-7
1
-1
-8
-11
-6
-3
-4
-8
-6
1
-8
-14
-6
-8
0
12
-4
-9
8
-2
-10
5
4
-7
-10
2
12
3
0
7
10
4
-3
-5
-4
-6
-2
2
1
-4
-5
-1
-4
-7
-5
-4
-2
-4
-1
3
0
2
16
11
8
17
5
-3
-1
6
8
-1
-5
-1
3
4
-3
-10
-4
-1
-3
5
2
-14
-12
-5
-5
-3
-4
3
8
11
8
2
3
-2
5
8
-4
-3
0
2
2
-3
-9
-4
3
-2
-3
5
4
-5
5
14
0
-3
1
1
5
8
0
-5
-2
-2
4
-2
-7
-7
-14
-14
-9
-4
-1
-6
-1
13
-2
-9
9
4
-1
-1
-5
5
1
-6
-5
-3
2
0
5
5
-11
-7
6
-5
-1
8
8
5
5
3
-1
6
1
-1
4
15
25
12
8
17
12
-4
1
15
9
22
25
2
3
2
-9
1
-8
-20
-2
8
6
2
-9
-13
-16
-7
2
-10
-9
-14
-13
-16
-34
-27
-29
-19
13
19
12
6
0
8
17
-7
-7
6
4
13
5
-3
-16
-20
2
8
-4
1
12
7
4
-6
-12
-16
-35
-18
-1
-6
-10
-11
-12
-8
9
-3
-18
10
18
20
30
15
-4
0
19
14
0
-5
-5
10
26
9
-3
-1
-2
3
6
-1
-16
-13
-1
-5
-6
-16
-30
-30
-15
-20
-20
-2
-12
-7
9
1
3
20
23
20
22
22
13
1
11
20
9
18
21
15
20
15
16
14
-11
-21
-6
-10
-12
-8
-10
-9
0
1
-4
2
-3
-7
6
11
3
-7
-15
-11
7
7
-6
-12
-6
-4
-1
5
-9
-15
6
12
1
-23
-43
-39
-24
-8
-6
-13
-13
-3
7
9
4
-2
12
33
32
13
-19
-48
-23
6
1
16
18
14
33
21
-30
-64
-77
-58
-21
-11
-45
-77
-43
-4
-5
7
10
11
62
96
67
20
-3
12
57
85
48
8
25
49
43
17
-21
-27
44
92
55
-26
-171
-258
-180
-66
-31
-45
6
42
20
-18
-153
-246
-112
78
176
188
106
2
-14
27
20
-9
25
88
158
194
66
-114
-160
-89
48
166
165
81
67
44
-52
-165
-328
-359
-168
93
199
67
-44
-107
-133
-44
-7
-12
78
213
262
168
-46
-290
-310
-109
47
125
152
120
107
148
130
-12
-89
-44
20
67
-30
-227
-301
-232
-124
-11
46
16
21
98
149
100
-5
-92
-79
78
173
104
24
2
19
105
141
28
-30
14
71
95
23
-98
-146
-71
3
-13
-72
-138
-179
-97
24
17
-23
-6
28
74
82
-2
-81
-52
22
107
131
23
-104
-118
-62
-37
-28
-13
13
100
190
150
41
-30
-48
33
121
102
12
-43
-20
3
3
-44
-93
-41
65
107
83
12
-111
-136
-77
-76
-109
-122
-88
-10
75
67
-19
-43
-1
62
119
106
9
-28
1
-20
-65
-105
-142
-103
43
131
84
16
-35
-63
-30
14
-6
-8
74
143
156
105
-6
-75
-61
-12
30
61
42
3
12
24
-17
-72
-77
-43
5
50
36
-32
-76
-93
-67
9
44
33
46
69
48
6
-38
-64
-37
54
102
76
17
-105
-211
-203
-91
-11
5
58
95
67
22
-64
-146
-104
3
108
182
160
64
46
98
88
90
91
46
37
77
67
-35
-117
-107
4
109
115
43
-49
-76
-61
-36
-28
-94
-102
21
107
67
-55
-170
-221
-124
30
67
11
-30
-4
57
82
5
-54
14
123
173
117
8
-95
-73
102
206
176
98
21
41
74
-14
-144
-197
-182
-103
-1
-43
-198
-280
-231
-114
-50
-39
-48
12
164
216
147
74
17
49
197
285
216
73
-11
5
39
39
11
11
57
57
11
-87
-278
-387
-282
-99
-8
-8
-44
-78
-41
4
-4
-11
9
88
224
301
200
33
-19
22
76
129
162
130
89
84
52
-17
-108
-131
-15
126
132
36
-71
-186
-218
-133
-54
-56
-79
-69
-24
20
-28
-112
-84
-1
39
53
33
-46
-119
-80
26
64
41
54
125
169
131
65
29
9
47
174
243
159
5
-76
-66
-76
-94
-90
-66
-23
-21
-39
-73
-170
-227
-145
-30
-15
-85
-99
-55
-31
9
65
83
92
128
200
254
184
97
115
132
80
23
-3
-23
-61
-93
-103
-137
-217
-259
-186
-93
-109
-133
-77
-32
-8
46
95
87
56
69
128
164
131
112
154
155
86
50
46
-1
-33
23
82
41
-41
-85
-77
-56
-93
-117
-70
-34
-19
54
89
-16
-116
-87
-37
-23
-21
-29
-26
-47
-93
-120
-118
-106
-57
101
210
161
84
45
47
93
143
128
102
101
88
91
87
26
-30
-11
14
-46
-121
-173
-227
-211
-163
-152
-144
-120
-65
24
83
49
-7
4
47
109
196
223
167
121
92
22
-51
-92
-101
-26
66
64
14
-39
-117
-156
-118
-103
-128
-124
-84
-50
-33
-34
-65
-53
12
54
90
98
41
-4
5
-8
-35
-6
45
80
139
171
107
13
-63
-81
-21
59
126
171
178
129
34
-46
-131
-180
-111
-6
64
95
38
-76
-127
-127
-131
-83
-7
43
87
118
91
21
8
30
29
72
109
82
51
32
33
38
3
-45
-17
56
54
13
-11
-53
-141
-192
-153
-131
-124
-92
-40
2
-45
-109
-98
-51
-28
-2
50
69
38
27
78
114
75
19
28
65
9
-82
-76
-33
-71
-102
-75
-83
-149
-189
-148
-90
-94
-126
-112
-56
-38
-30
30
63
49
64
105
106
29
-20
36
94
53
-5
23
61
27
-2
32
29
-41
-56
11
74
93
77
70
85
76
31
-20
-81
-99
-7
60
7
-66
-66
-51
-115
-179
-130
-14
7
-27
32
132
87
-86
-123
12
133
127
83
123
201
153
-9
-87
-54
-3
20
83
179
166
39
-107
-180
-161
-123
-111
-39
107
205
184
59
-72
-96
-21
56
67
73
118
145
95
-3
-55
-13
11
-24
19
137
144
-6
-105
-44
38
-19
-154
-117
61
112
-7
-73
-35
-58
-127
-116
-17
32
-19
-17
67
87
-33
-170
-154
-52
-8
27
74
91
92
68
26
-37
-67
-27
33
87
78
31
-16
-110
-192
-169
-110
-100
-110
-80
-24
-49
-149
-226
-196
-109
-79
-55
15
58
8
-85
-117
-114
-93
-59
-19
73
117
25
-111
-177
-199
-199
-178
-124
5
89
33
-79
-104
-65
-73
-87
-39
72
154
117
21
-10
25
29
4
49
153
203
197
160
135
137
105
42
36
133
220
225
172
117
125
131
76
41
96
183
205
145
84
58
43
-7
-66
-39
31
45
17
42
110
108
44
11
57
130
161
195
261
305
260
160
78
5
-19
19
85
166
206
158
66
0
-20
17
92
140
152
186
195
119
12
-18
36
82
87
98
138
157
111
35
19
59
71
74
66
59
79
68
-21
-140
-228
-259
-278
-361
-447
-484
-536
-679
-859
-940
-941
-945
-948
-911
-825
-754
-748
-765
-734
-654
-558
-458
-352
-231
-103
6
63
67
81
126
161
190
257
365
429
390
332
343
382
354
296
339
458
475
353
278
289
280
195
123
203
324
304
188
140
213
253
150
41
106
293
341
203
113
173
232
169
86
137
272
323
239
166
216
258
204
172
229
338
378
283
164
173
279
323
273
228
255
278
180
19
-22
56
122
148
206
323
333
197
122
214
376
433
434
547
655
529
172
-169
-336
-374
-384
-385
-359
-409
-622
-946
-1258
-1448
-1490
-1418
-1266
-1076
-914
-891
-1024
-1163
-1160
-976
-713
-456
-217
-1
158
189
112
43
92
256
415
507
538
498
379
201
51
4
42
91
126
123
15
-171
-367
-514
-560
-504
-375
-248
-211
-248
-285
-317
-363
-399
-312
-133
-3
27
21
73
111
56
23
118
268
331
349
439
517
461
374
424
561
631
633
683
743
691
554
493
550
583
547
554
620
617
527
476
508
524
501
497
505
516
537
574
595
564
552
592
611
565
536
607
697
706
673
717
822
848
793
755
728
568
213
-139
-303
-332
-395
-562
-733
-899
-1158
-1520
-1837
-1955
-1916
-1836
-1753
-1649
-1554
-1562
-1665
-1684
-1491
-1196
-928
-708
-455
-187
-55
-59
-59
46
222
377
471
553
602
524
351
193
150
207
282
323
283
205
64
-202
-480
-635
-620
-525
-518
-577
-629
-690
-816
-977
-985
-814
-594
-443
-375
-320
-275
-272
-295
-245
-91
101
279
393
497
584
576
523
535
658
855
981
1002
1025
1065
1040
908
774
799
912
946
892
832
817
771
614
458
475
599
601
482
401
437
489
437
360
397
527
550
456
459
616
779
751
655
715
875
957
916
942
1159
1364
1315
1042
691
325
-18
-264
-299
-159
-113
-404
-943
-1439
-1791
-2098
-2338
-2353
-2081
-1748
-1637
-1767
-1966
-2068
-2046
-1885
-1503
-949
-492
-290
-249
-187
-69
-40
-62
54
360
664
748
630
439
260
140
89
144
299
447
469
299
-32
-387
-704
-953
-1037
-892
-627
-549
-785
-1161
-1449
-1541
-1506
-1374
-1127
-819
-582
-550
-637
-653
-541
-363
-129
214
577
764
729
637
625
723
908
1061
1161
1286
1438
1436
1197
961
904
967
1041
1123
1288
1383
1201
851
588
528
569
638
762
943
1030
850
508
304
384
576
644
658
781
902
838
660
609
737
901
993
1068
1225
1417
1533
1570
1636
1674
1378
629
-120
-303
-5
236
99
-363
-956
-1572
-2149
-2598
-2838
-2774
-2475
-2176
-2045
-2127
-2411
-2780
-2901
-2492
-1732
-1125
-876
-720
-475
-212
-56
-6
73
302
659
953
1003
823
538
251
102
187
430
591
555
445
300
1
-493
-1003
-1200
-986
-593
-398
-660
-1199
-1653
-1911
-1982
-1856
-1547
-1203
-1009
-960
-959
-951
-919
-780
-448
27
497
739
706
604
642
806
928
1033
1217
1421
1507
1369
1132
955
885
921
1001
1112
1207
1169
978
711
539
564
693
825
960
1085
1100
863
496
429
744
1054
1061
941
991
1118
1092
954
945
1058
1144
1265
1513
1751
1810
1779
1915
2197
2155
1448
365
-358
-315
102
304
28
-678
-1575
-2377
-2878
-3107
-3195
-3091
-2757
-2456
-2439
-2681
-3047
-3346
-3216
-2442
-1424
-803
-674
-628
-407
-84
214
506
829
1187
1555
1733
1565
1154
760
541
576
862
1144
1142
865
541
176
-361
-897
-1151
-1111
-972
-877
-990
-1483
-2163
-2626
-2739
-2629
-2361
-1963
-1701
-1697
-1728
-1643
-1473
-1225
-764
-136
399
743
895
881
813
891
1159
1430
1631
1814
1889
1726
1420
1162
1001
935
1023
1205
1294
1184
889
496
215
277
650
998
1159
1177
1005
695
505
614
874
1096
1342
1615
1684
1481
1218
1126
1235
1454
1691
1862
2023
2213
2381
2481
2436
2013
1012
-163
-649
-231
347
319
-404
-1511
-2626
-3375
-3670
-3750
-3689
-3329
-2834
-2646
-2937
-3463
-3859
-3798
-2960
-1564
-439
-112
-311
-444
-244
259
979
1698
2201
2518
2652
2423
1880
1401
1197
1254
1502
1791
1801
1344
690
121
-412
-1011
-1457
-1544
-1368
-1195
-1370
-2060
-3039
-3735
-3795
-3470
-3086
-2742
-2542
-2567
-2683
-2643
-2354
-1847
-1149
-349
311
650
754
763
865
1218
1764
2233
2423
2435
2372
2207
1963
1735
1561
1472
1499
1553
1471
1184
760
309
3
40
361
687
840
796
600
362
265
377
580
857
1273
1679
1777
1577
1380
1328
1414
1702
2150
2452
2481
2547
2813
3076
2969
2162
759
-428
-553
165
655
255
-889
-2335
-3530
-3993
-3830
-3692
-3777
-3626
-3190
-3082
-3561
-4127
-4248
-3683
-2372
-784
166
114
-311
-359
115
930
1873
2675
3092
3165
3042
2646
2061
1697
1747
2006
2241
2243
1788
991
305
-117
-605
-1266
-1746
-1819
-1799
-2036
-2538
-3268
-4019
-4351
-4103
-3677
-3437
-3309
-3217
-3194
-3053
-2564
-1825
-1089
-367
327
734
830
938
1256
1695
2210
2768
3071
2941
2639
2438
2317
2198
2114
1980
1675
1354
1181
999
630
203
-137
-404
-516
-341
-75
2
-36
-48
-123
-270
-193
219
695
1065
1362
1493
1374
1297
1520
1889
2200
2494
2864
3244
3545
3378
2180
388
-575
-28
1041
1359
589
-1001
-2775
-3827
-3808
-3502
-3641
-3808
-3508
-3218
-3461
-3997
-4386
-4335
-3520
-1943
-454
23
-312
-515
-60
941
2153
3073
3341
3252
3257
3255
3041
2828
2910
3132
3186
2951
2307
1355
660
556
565
42
-901
-1761
-2383
-2729
-2826
-2993
-3501
-4093
-4301
-4223
-4188
-4134
-3968
-3775
-3511
-2966
-2235
-1639
-1110
-478
139
551
873
1281
1706
2180
2738
3140
3140
2890
2743
2780
2858
2827
2601
2172
1741
1500
1286
952
571
236
-62
-319
-460
-535
-627
-662
-533
-381
-352
-375
-275
41
432
673
690
701
964
1375
1732
2017
2293
2686
3226
3486
2695
996
-156
253
1436
1897
1152
-448
-2297
-3420
-3280
-2720
-2854
-3448
-3638
-3507
-3669
-4079
-4304
-4217
-3635
-2399
-1156
-815
-1198
-1253
-475
766
1930
2664
2838
2767
2898
3164
3279
3290
3409
3553
3545
3320
2723
1869
1318
1356
1407
760
-400
-1392
-1912
-2108
-2192
-2446
-3127
-3902
-4310
-4414
-4509
-4543
-4318
-3993
-3688
-3352
-3026
-2734
-2249
-1369
-343
436
878
1152
1435
1906
2561
3074
3263
3332
3456
3495
3341
3099
2844
2593
2414
2338
2166
1697
1040
389
-96
-275
-227
-174
-255
-454
-723
-1048
-1254
-1147
-782
-307
136
364
265
78
170
562
1075
1654
2225
2647
2969
3055
2274
693
-184
659
2055
2334
1363
-239
-1999
-3039
-2723
-2030
-2294
-3110
-3351
-3285
-3698
-4203
-4211
-3931
-3432
-2448
-1493
-1442
-1903
-1713
-608
772
1844
2313
2184
1988
2287
2888
3297
3504
3646
3646
3524
3346
2938
2302
1977
2181
2174
1237
-216
-1277
-1645
-1552
-1410
-1751
-2766
-3897
-4469
-4507
-4423
-4316
-4166
-4114
-4123
-3979
-3677
-3291
-2654
-1673
-726
-145
190
468
847
1528
2450
3175
3451
3511
3590
3672
3681
3599
3387
3085
2925
2890
2677
2186
1526
864
384
196
190
62
-275
-616
-872
-1046
-1064
-988
-956
-850
-565
-339
-414
-490
-187
291
663
1058
1481
1740
2100
2717
2587
1056
-284
330
1940
2419
1506
71
-1544
-2619
-2168
-1144
-1478
-2899
-3581
-3297
-3307
-3726
-3820
-3678
-3462
-2754
-1851
-1738
-2253
-2197
-1127
316
1400
1753
1483
1251
1654
2489
3127
3393
3417
3244
3070
3088
3022
2602
2261
2422
2534
1739
232
-968
-1287
-1004
-701
-937
-2030
-3491
-4365
-4359
-4023
-3888
-3963
-4119
-4270
-4275
-4058
-3621
-2950
-2058
-1189
-623
-337
-98
379
1221
2240
3036
3373
3427
3497
3730
4058
4250
4132
3805
3551
3393
3175
2825
2345
1734
1095
697
524
311
-26
-378
-672
-940
-1123
-1170
-1188
-1196
-1043
-790
-747
-796
-562
-158
137
433
885
1321
1784
2350
2188
712
-611
72
1878
2446
1430
-21
-1400
-2218
-1713
-727
-1121
-2687
-3445
-3029
-2822
-3201
-3483
-3505
-3344
-2737
-1992
-1964
-2429
-2233
-1072
288
1100
1151
773
767
1569
2595
3114
3121
2979
2902
3018
3284
3256
2743
2339
2474
2573
1852
468
-616
-803
-416
-203
-754
-2034
-3347
-3948
-3784
-3508
-3611
-3996
-4382
-4587
-4530
-4227
-3794
-3273
-2615
-1948
-1489
-1200
-830
-188
772
1871
2667
2888
2860
3139
3774
4346
4517
4327
3998
3695
3546
3502
3336
2857
2158
1542
1121
806
528
295
23
-373
-736
-930
-1063
-1172
-1190
-1090
-944
-903
-964
-901
-560
-106
209
435
673
972
1595
2479
2564
1123
-458
-111
1807
2917
2175
450
-1256
-2084
-1454
-371
-676
-2321
-3447
-3274
-2811
-2843
-3163
-3522
-3704
-3282
-2447
-2071
-2325
-2392
-1699
-556
290
419
185
392
1309
2314
2745
2618
2369
2375
2731
3157
3210
2799
2373
2346
2535
2210
1008
-314
-711
-199
231
-197
-1406
-2813
-3655
-3460
-2833
-2877
-3644
-4228
-4244
-4099
-3984
-3702
-3299
-2856
-2235
-1573
-1257
-1213
-790
270
1492
2372
2702
2654
2747
3356
4194
4591
4355
3930
3738
3763
3766
3516
2923
2232
1759
1528
1326
933
355
-188
-482
-552
-719
-1134
-1481
-1439
-1135
-938
-998
-1158
-1219
-1000
-442
191
487
341
340
932
1719
2259
2496
2127
924
68
1036
2833
2978
1208
-574
-1328
-1274
-615
-85
-925
-2778
-3707
-3097
-2418
-2671
-3263
-3635
-3706
-3257
-2463
-2092
-2318
-2386
-1791
-884
-239
-22
73
542
1378
1977
2009
1834
1864
2136
2612
3065
3000
2353
1787
1825
2097
1855
920
-34
-306
-42
28
-629
-1781
-2707
-2972
-2688
-2506
-2938
-3631
-3979
-3933
-3774
-3559
-3233
-2866
-2465
-2018
-1702
-1524
-1079
-141
935
1715
2120
2211
2245
2662
3536
4299
4384
3953
3554
3454
3490
3422
3154
2668
2105
1653
1301
896
367
-92
-291
-368
-554
-908
-1253
-1397
-1252
-931
-798
-968
-1107
-865
-378
37
368
611
677
845
1461
2173
2586
2825
2539
1275
189
1058
3013
3268
1391
-589
-1438
-1337
-518
202
-672
-2803
-3959
-3339
-2500
-2589
-3126
-3615
-3884
-3528
-2694
-2279
-2467
-2503
-1909
-977
-280
-91
-122
285
1196
1791
1726
1608
1838
2200
2516
2697
2435
1776
1481
1957
2431
1922
553
-525
-541
75
379
-165
-1335
-2408
-2728
-2282
-1905
-2314
-3122
-3563
-3545
-3395
-3231
-3003
-2750
-2427
-1970
-1573
-1348
-1019
-332
542
1236
1592
1693
1805
2264
3076
3775
3880
3421
2894
2742
2970
3216
3094
2483
1666
1078
879
849
669
255
-227
-545
-646
-717
-892
-1010
-865
-592
-484
-600
-731
-612
-174
362
710
833
891
1041
1377
1850
2297
2650
2837
2380
1158
500
1525
2887
2520
742
-718
-1296
-1172
-417
-62
-1401
-3459
-4039
-3087
-2373
-2656
-3338
-3963
-4163
-3512
-2532
-2215
-2477
-2429
-1821
-1100
-623
-424
-175
513
1349
1661
1485
1427
1654
1986
2419
2630
2197
1549
1519
2052
2252
1615
528
-134
87
679
655
-296
-1383
-1868
-1794
-1499
-1415
-1917
-2781
-3238
-3053
-2768
-2642
-2397
-2061
-1939
-1952
-1842
-1564
-1046
-193
642
938
766
654
1016
1863
2806
3243
2892
2245
2045
2374
2739
2776
2454
1842
1169
808
819
841
608
240
-92
-408
-692
-707
-441
-182
-123
-205
-313
-381
-274
86
502
762
864
859
911
1211
1659
1979
2089
2102
2048
2113
2539
2666
1659
367
555
1917
2215
787
-924
-1835
-1838
-1130
-591
-1449
-3357
-4371
-3691
-2633
-2485
-3097
-3749
-3961
-3431
-2437
-1825
-1911
-2112
-1765
-893
-121
127
79
263
840
1375
1515
1379
1255
1373
1735
2055
1961
1422
983
1157
1651
1581
696
-131
-152
301
478
82
-775
-1608
-1752
-1261
-992
-1410
-1975
-2181
-2169
-2130
-2027
-1920
-1821
-1576
-1302
-1285
-1417
-1268
-692
34
542
648
489
509
993
1732
2228
2163
1683
1351
1611
2143
2273
1851
1273
871
696
754
892
798
387
-25
-146
-63
80
240
383
384
169
-2
133
486
821
1041
1079
889
671
732
1128
1610
1857
1687
1273
1048
1231
1716
2293
2427
1387
-250
-571
879
2018
1227
-611
-1972
-2293
-1518
-329
-350
-2064
-3683
-3628
-2559
-1895
-1986
-2489
-3013
-3016
-2332
-1640
-1524
-1650
-1482
-1004
-521
-333
-370
-220
293
775
788
526
410
590
1002
1406
1364
800
412
748
1415
1560
831
-160
-441
182
900
836
-8
-893
-1183
-777
-198
-199
-828
-1341
-1320
-1154
-1223
-1336
-1330
-1300
-1230
-1171
-1259
-1373
-1131
-509
-43
-23
-213
-204
220
891
1373
1301
832
569
884
1510
1873
1661
1077
647
685
1051
1397
1391
1014
648
572
659
686
696
734
737
755
797
660
391
480
953
1136
773
303
163
426
927
1207
811
190
128
576
1008
1178
1062
790
779
1003
723
-48
-89
885
1354
448
-861
-1479
-1218
-367
276
-389
-2081
-3066
-2424
-1147
-704
-1399
-2553
-3252
-2836
-1611
-823
-1196
-2036
-2274
-1694
-898
-463
-487
-666
-656
-373
-88
11
117
380
638
712
626
504
563
1033
1646
1658
823
3
185
1159
1820
1437
335
-506
-438
305
846
554
-374
-1263
-1539
-1186
-750
-723
-1116
-1632
-2002
-2012
-1655
-1285
-1177
-1182
-1116
-1057
-969
-647
-158
229
430
476
392
385
709
1243
1578
1514
1255
1073
1100
1336
1593
1609
1349
1096
1069
1155
1220
1209
1068
870
767
794
828
758
598
430
375
439
461
330
117
-13
60
297
436
340
230
339
603
828
921
948
1053
1367
1632
1282
519
371
1149
1787
1320
173
-680
-804
-268
302
-47
-1377
-2529
-2478
-1649
-1195
-1619
-2544
-3232
-3180
-2450
-1836
-2013
-2611
-2743
-2152
-1454
-1208
-1306
-1355
-1145
-633
9
342
252
199
553
1100
1382
1348
1249
1320
1619
1885
1691
1134
935
1279
1575
1397
828
229
-38
159
425
167
-575
-1188
-1380
-1334
-1296
-1402
-1679
-1961
-2020
-1923
-1844
-1825
-1748
-1515
-1258
-1108
-1007
-825
-486
-67
273
429
436
550
978
1487
1759
1773
1603
1424
1425
1652
1926
1949
1674
1325
1129
1159
1306
1302
1043
730
539
469
420
371
303
153
-22
-151
-200
-141
-32
22
-12
-55
-25
141
393
567
637
714
824
900
979
1172
1392
1537
1707
1721
1221
575
678
1465
1754
1002
-114
-833
-867
-368
-4
-592
-1945
-2870
-2674
-1926
-1648
-2143
-2970
-3460
-3184
-2411
-1859
-1992
-2463
-2525
-1982
-1329
-967
-803
-673
-534
-287
94
371
497
752
1138
1316
1163
1005
1154
1577
1955
1904
1338
756
785
1289
1599
1327
596
-105
-272
86
299
-126
-870
-1394
-1536
-1466
-1437
-1605
-1938
-2198
-2224
-2114
-1984
-1867
-1749
-1582
-1404
-1248
-985
-553
-153
129
390
605
708
880
1294
1697
1805
1723
1648
1679
1828
2018
2054
1802
1494
1406
1481
1530
1448
1233
923
650
575
655
721
618
330
58
-77
-113
-68
43
111
6
-175
-193
-36
129
269
415
516
539
577
729
1001
1302
1487
1461
1327
1338
1625
1905
1749
1204
827
961
1218
1094
533
-168
-638
-704
-577
-755
-1425
-2157
-2475
-2399
-2240
-2341
-2802
-3247
-3197
-2719
-2393
-2457
-2629
-2609
-2304
-1771
-1238
-1024
-1079
-1030
-695
-257
83
336
493
613
800
1024
1181
1252
1352
1514
1582
1438
1157
976
1058
1219
1086
569
-31
-376
-395
-274
-380
-907
-1571
-1878
-1761
-1617
-1692
-1904
-2130
-2229
-2121
-1879
-1660
-1528
-1334
-1029
-721
-438
-171
130
524
938
1223
1340
1451
1690
2004
2274
2381
2296
2150
2109
2182
2264
2208
1932
1577
1365
1371
1360
1094
667
348
272
299
206
-68
-378
-502
-455
-409
-434
-536
-634
-592
-384
-152
-97
-151
-62
241
624
897
994
1024
1163
1467
1771
1886
1872
1866
1899
2028
2176
2140
1875
1522
1239
1074
995
855
495
-38
-543
-909
-1172
-1377
-1576
-1913
-2422
-2835
-2951
-2932
-2947
-3011
-3112
-3176
-3103
-2892
-2650
-2470
-2296
-2076
-1825
-1505
-1128
-804
-570
-333
-51
164
309
527
815
1000
1046
1053
1028
987
1043
1159
1113
841
518
331
314
289
102
-254
-606
-835
-988
-1086
-1179
-1341
-1583
-1788
-1807
-1686
-1554
-1451
-1366
-1349
-1297
-1002
-551
-235
-87
120
431
750
1091
1480
1790
1926
1971
2050
2212
2403
2512
2463
2315
2152
1990
1841
1717
1583
1364
1089
841
593
367
235
147
-23
-246
-418
-524
-549
-470
-402
-477
-578
-523
-325
-121
11
99
197
355
556
707
823
1024
1272
1448
1502
1489
1521
1657
1817
1848
1731
1568
1456
1400
1349
1242
1027
741
474
230
-54
-346
-650
-962
-1224
-1465
-1769
-2100
-2292
-2392
-2543
-2696
-2798
-2918
-3031
-2957
-2726
-2571
-2540
-2485
-2353
-2179
-1909
-1592
-1351
-1172
-952
-679
-438
-263
-109
65
240
387
496
527
498
538
665
740
684
531
420
391
384
351
240
43
-147
-228
-220
-241
-303
-374
-491
-573
-547
-487
-512
-561
-474
-328
-220
-143
-93
-52
47
254
497
682
801
875
932
1066
1301
1528
1629
1574
1495
1518
1609
1663
1618
1497
1362
1260
1199
1102
919
717
596
544
466
347
225
128
77
76
82
42
-12
-18
19
66
141
243
320
362
417
505
608
707
777
815
836
863
924
962
952
968
1012
988
847
692
609
607
595
487
273
3
-169
-214
-268
-440
-699
-923
-1044
-1077
-1142
-1327
-1575
-1763
-1815
-1779
-1769
-1902
-2129
-2221
-2117
-1996
-1969
-1984
-2005
-1989
-1824
-1588
-1476
-1499
-1424
-1163
-939
-834
-767
-706
-624
-436
-165
-27
-48
-74
17
181
308
356
318
289
324
383
434
431
387
354
358
351
303
232
183
199
233
249
185
23
-38
88
236
253
162
34
-24
133
365
477
460
416
424
514
705
893
973
970
997
1087
1157
1201
1243
1266
1270
1267
1235
1163
1092
1034
978
917
845
740
647
609
582
520
411
288
219
230
269
243
137
44
74
188
227
181
141
138
183
289
382
384
324
309
377
447
455
434
420
417
419
401
340
282
265
238
162
66
-36
-150
-279
-365
-415
-522
-658
-732
-796
-926
-1063
-1148
-1220
-1343
-1442
-1446
-1431
-1485
-1594
-1678
-1710
-1650
-1504
-1414
-1452
-1552
-1580
-1447
-1224
-1048
-986
-1024
-1046
-924
-679
-452
-357
-383
-396
-288
-104
52
124
124
86
80
129
174
214
266
311
317
272
220
208
247
327
410
384
262
196
264
402
484
486
434
371
377
469
554
551
514
512
583
675
707
665
619
662
780
879
897
833
768
765
849
934
921
872
832
795
748
684
641
593
531
504
488
409
274
160
150
195
208
173
89
15
12
69
129
117
66
30
21
47
113
173
191
197
214
235
264
296
329
347
322
313
322
319
336
322
255
193
178
179
135
66
3
-66
-149
-211
-251
-304
-376
-466
-575
-657
-665
-642
-674
-797
-936
-992
-985
-961
-956
-1014
-1092
-1182
-1255
-1241
-1201
-1172
-1148
-1151
-1184
-1244
-1233
-1127
-1012
-923
-883
-876
-868
-772
-575
-418
-378
-377
-314
-204
-103
-1
67
91
125
203
302
367
398
415
425
477
558
609
597
578
585
607
683
750
737
696
674
685
670
615
616
665
675
610
502
437
457
532
591
561
455
376
406
517
601
577
480
400
362
372
411
426
373
306
308
333
299
252
232
213
210
234
214
149
114
135
166
161
138
126
129
165
199
171
90
59
150
273
303
219
131
141
243
359
406
366
275
227
287
375
395
340
235
131
75
73
83
49
-34
-154
-295
-421
-503
-526
-522
-578
-749
-931
-1025
-1016
-977
-977
-1022
-1117
-1182
-1180
-1125
-1051
-1028
-1019
-1017
-994
-928
-867
-813
-763
-690
-621
-595
-563
-491
-426
-366
-310
-301
-300
-257
-190
-138
-117
-114
-142
-138
-65
0
17
0
-21
-1
73
167
229
266
293
298
337
435
530
585
603
608
609
645
729
792
807
778
743
748
798
863
856
763
690
682
686
677
645
570
445
367
371
351
299
252
168
59
1
19
36
-23
-107
-121
-87
-49
-4
28
39
54
104
183
245
296
360
423
448
431
419
468
554
625
641
546
398
349
397
452
450
367
218
64
2
16
-11
-90
-189
-306
-394
-430
-467
-538
-613
-661
-707
-747
-768
-784
-803
-805
-791
-788
-809
-823
-775
-688
-620
-597
-618
-619
-555
-433
-337
-328
-379
-422
-378
-261
-183
-198
-268
-332
-337
-280
-219
-193
-223
-282
-294
-248
-193
-190
-228
-253
-240
-205
-165
-140
-135
-121
-100
-68
-32
-11
24
86
154
190
194
212
266
353
412
402
367
366
432
515
544
494
413
398
426
459
458
390
315
268
283
335
333
276
203
162
177
227
258
232
192
159
152
179
212
256
278
271
265
245
239
277
348
405
410
367
327
331
377
425
429
404
354
295
272
280
278
244
186
124
83
66
41
2
-55
-122
-157
-182
-205
-222
-284
-370
-419
-415
-398
-413
-438
-472
-517
-549
-527
-488
-471
-460
-488
-525
-522
-479
-408
-345
-311
-308
-309
-291
-236
-171
-111
-75
-101
-120
-86
-13
46
50
21
-18
-34
-16
21
14
-45
-85
-113
-138
-147
-159
-179
-207
-213
-199
-204
-216
-214
-172
-137
-129
-111
-103
-93
-65
-15
34
68
88
114
172
247
298
327
344
329
355
448
506
469
412
414
453
493
504
447
362
299
283
324
335
259
169
109
79
64
25
-28
-59
-69
-71
-98
-148
-190
-192
-119
-52
-61
-98
-110
-69
-1
53
73
52
39
82
149
189
175
122
107
120
139
156
112
51
13
-3
12
15
-36
-119
-174
-182
-180
-178
-201
-246
-261
-251
-238
-242
-275
-296
-264
-201
-154
-135
-135
-111
-43
30
86
100
85
100
159
228
246
212
160
135
155
182
174
83
-30
-74
-61
-54
-80
-151
-237
-284
-305
-325
-347
-368
-390
-408
-405
-380
-359
-355
-328
-276
-233
-226
-188
-114
-47
14
54
82
113
169
251
322
363
346
333
380
444
482
483
442
395
378
403
446
419
340
275
244
239
227
209
171
118
69
51
56
53
16
-22
-19
-18
-31
-43
-23
-18
-38
-58
-84
-91
-88
-59
-31
-39
-78
-117
-132
-112
-89
-102
-123
-151
-184
-201
-202
-186
-200
-241
-271
-276
-253
-242
-235
-218
-228
-219
-169
-110
-70
-47
-16
37
84
114
160
198
214
245
271
279
272
264
279
295
280
253
238
224
212
190
156
120
81
43
15
13
-11
-76
-134
-140
-115
-104
-117
-165
-214
-212
-175
-141
-151
-175
-176
-145
-86
-79
-118
-119
-86
-51
-27
-24
-42
-75
-80
-43
-23
-58
-97
-94
-63
-47
-57
-80
-106
-90
-38
-12
-20
-51
-57
-15
51
101
90
57
77
142
211
237
237
224
202
231
284
285
256
230
225
228
195
157
135
103
75
61
36
-36
-109
-136
-121
-119
-157
-221
-273
-281
-276
-253
-242
-269
-282
-270
-230
-185
-179
-172
-129
-77
-32
-9
3
12
44
119
164
150
114
93
121
163
183
170
148
128
117
129
126
105
82
71
75
71
59
41
27
34
30
19
26
19
14
31
40
63
77
62
73
101
105
98
84
59
67
82
75
52
3
-43
-62
-52
-61
-105
-136
-155
-168
-192
-208
-190
-204
-239
-248
-239
-232
-225
-205
-190
-185
-165
-135
-101
-65
-29
3
28
57
74
91
124
149
158
175
188
179
175
173
179
175
134
114
105
86
66
39
28
17
-6
-33
-46
-47
-57
-67
-75
-60
-55
-68
-53
-43
-51
-46
-21
12
41
48
52
62
73
89
114
121
99
74
71
90
101
99
82
48
21
19
33
36
23
-7
-27
-35
-51
-43
-30
-54
-68
-60
-59
-50
-36
-29
-31
-20
13
34
47
61
60
57
66
98
125
128
118
93
57
42
60
85
73
37
3
-35
-42
-35
-39
-52
-81
-101
-106
-111
-131
-129
-114
-118
-131
-138
-123
-105
-92
-75
-75
-87
-88
-67
-43
-19
-15
-44
-66
-62
-41
-13
-2
-33
-69
-92
-99
-93
-88
-100
-130
-148
-153
-137
-123
-110
-102
-108
-104
-71
-27
13
46
46
55
80
115
170
188
173
170
173
196
225
235
231
203
173
162
157
166
158
139
121
87
57
41
21
11
-6
-36
-58
-66
-84
-102
-106
-111
-124
-131
-122
-116
-110
-102
-85
-70
-63
-42
-1
34
39
43
54
65
95
117
127
119
80
62
75
82
82
61
27
4
-8
-7
-7
-22
-41
-52
-45
-22
-20
-33
-38
-24
-3
8
24
33
38
44
59
67
56
69
89
100
101
99
99
88
81
84
90
78
32
-4
-22
-55
-93
-120
-164
-195
-218
-252
-270
-294
-319
-339
-350
-323
-299
-304
-300
-285
-263
-221
-169
-135
-110
-84
-43
18
65
95
123
150
177
200
224
241
246
254
258
273
281
264
267
265
246
231
196
179
170
142
130
110
65
16
-21
-28
-48
-71
-90
-116
-130
-128
-118
-101
-93
-90
-85
-76
-44
-14
3
26
26
20
25
41
52
56
40
19
23
11
-5
-5
-9
-11
-32
-64
-87
-102
-102
-87
-84
-99
-123
-132
-123
-119
-93
-85
-94
-86
-83
-57
-18
-3
5
21
55
114
141
142
148
143
157
195
210
198
176
167
171
168
136
85
53
41
39
22
-21
-54
-89
-119
-120
-136
-178
-211
-217
-215
-221
-236
-246
-242
-236
-216
-207
-215
-217
-202
-161
-122
-105
-97
-91
-61
-16
11
22
29
27
58
115
141
133
107
97
122
158
158
132
93
60
61
69
62
43
20
12
13
9
-2
-26
-20
16
34
42
38
29
31
65
95
103
97
84
101
132
147
131
111
109
115
131
152
148
123
105
109
123
121
113
92
66
51
23
-12
-54
-87
-107
-119
-130
-158
-191
-228
-241
-224
-222
-227
-221
-207
-191
-173
-160
-148
-120
-78
-33
-8
-6
-4
8
50
102
135
164
172
176
188
203
221
233
236
228
219
222
201
164
134
96
70
58
28
-14
-61
-98
-119
-155
-177
-185
-202
-205
-210
-217
-218
-218
-197
-169
-119
-85
-86
-80
-60
-37
-10
32
50
46
55
59
71
73
64
59
60
72
68
54
40
10
-5
-11
-15
-21
-38
-54
-79
-104
-111
-114
-111
-105
-87
-88
-99
-100
-93
-58
-20
13
46
63
82
112
135
174
221
240
250
265
269
266
257
241
231
230
218
190
151
91
42
19
-11
-38
-66
-106
-135
-175
-201
-201
-224
-241
-254
-264
-259
-251
-253
-252
-234
-215
-185
-145
-120
-93
-60
-32
1
48
94
142
179
196
204
210
221
240
255
255
231
195
167
126
106
100
74
47
18
-3
-21
-37
-50
-70
-89
-97
-98
-104
-119
-131
-136
-139
-129
-115
-99
-90
-93
-82
-71
-59
-29
3
31
50
54
66
81
91
100
114
115
104
90
64
59
57
39
37
30
12
-2
-10
-23
-47
-65
-71
-73
-72
-73
-80
-79
-78
-75
-62
-55
-40
-14
-3
5
-1
-7
10
29
58
76
60
53
68
81
96
111
113
113
120
124
123
123
108
105
114
114
97
55
10
-14
-28
-47
-72
-108
-129
-136
-149
-153
-154
-167
-176
-168
-154
-144
-151
-168
-173
-150
-133
-123
-101
-91
-79
-60
-31
2
29
61
97
134
157
170
190
211
238
255
258
255
244
230
216
206
197
169
128
99
77
55
28
-4
-39
-64
-84
-103
-118
-138
-160
-177
-184
-185
-184
-174
-156
-140
-129
-127
-112
-84
-49
-10
9
20
19
30
62
88
122
127
107
104
107
111
109
90
67
47
18
-17
-43
-73
-117
-153
-170
-184
-200
-218
-229
-230
-222
-209
-210
-197
-163
-124
-72
-38
-4
25
63
122
167
190
199
215
241
275
292
290
287
290
288
284
277
246
186
144
122
83
46
-15
-87
-123
-157
-191
-225
-264
-301
-325
-317
-316
-340
-344
-334
-309
-267
-223
-187
-164
-122
-72
-22
35
66
95
132
159
174
185
204
218
240
255
250
238
215
203
198
188
156
109
71
43
31
13
-22
-64
-96
-108
-111
-107
-112
-141
-147
-131
-113
-76
-46
-24
10
31
55
88
101
118
138
143
150
144
125
127
121
106
95
71
32
-3
-18
-44
-73
-109
-154
-176
-198
-207
-211
-229
-251
-252
-237
-226
-212
-192
-178
-160
-143
-125
-91
-55
-15
23
42
62
93
114
135
171
180
170
163
166
172
169
165
143
118
90
66
52
37
17
-9
-29
-48
-60
-60
-55
-47
-50
-49
-40
-30
-15
4
21
25
25
24
28
42
57
64
65
61
55
53
53
50
31
5
-10
-24
-40
-64
-85
-96
-112
-122
-132
-137
-140
-136
-134
-128
-104
-99
-84
-51
-16
18
46
85
113
134
172
190
213
236
231
233
239
242
232
223
204
168
143
117
82
49
5
-38
-68
-91
-119
-151
-173
-189
-202
-204
-209
-211
-204
-206
-204
-188
-168
-148
-124
-99
-65
-40
-25
7
34
66
90
101
115
115
113
122
125
110
86
56
39
26
-6
-39
-69
-97
-116
-123
-134
-143
-148
-157
-151
-131
-114
-104
-74
-47
-37
-5
10
27
67
96
132
168
180
188
211
236
245
241
226
216
209
185
159
126
94
63
26
-7
-35
-74
-115
-148
-169
-183
-209
-228
-241
-236
-217
-216
-210
-200
-175
-138
-105
-63
-26
5
33
65
107
139
161
196
217
228
238
221
208
213
217
198
177
144
101
82
69
50
24
-8
-43
-58
-58
-72
-88
-113
-119
-105
-102
-92
-84
-95
-90
-76
-65
-51
-32
-12
0
21
34
33
34
35
46
46
42
29
-7
-20
-27
-40
-49
-67
-86
-112
-123
-117
-131
-141
-151
-147
-130
-118
-99
-94
-87
-55
-30
-8
14
26
37
76
113
119
131
143
150
154
160
164
149
134
114
97
91
71
49
20
2
-17
-59
-77
-90
-104
-110
-120
-135
-150
-150
-144
-123
-100
-95
-84
-76
-50
-14
11
42
63
76
90
112
134
144
152
164
160
138
124
107
88
79
53
24
-8
-43
-74
-95
-104
-119
-144
-161
-170
-172
-160
-141
-130
-125
-109
-93
-66
-27
5
25
50
78
98
134
167
187
203
209
211
204
200
200
186
166
147
116
77
57
32
1
-29
-78
-132
-165
-180
-195
-213
-233
-250
-255
-239
-210
-187
-172
-154
-147
-116
-69
-26
22
53
74
95
125
150
170
197
202
202
192
173
168
159
147
118
86
43
5
-8
-36
-66
-103
-148
-183
-216
-211
-208
-214
-207
-221
-216
-194
-164
-125
-87
-53
-30
-12
22
70
121
177
212
225
238
255
272
300
311
296
265
233
210
182
154
114
61
13
-40
-76
-97
-128
-167
-202
-229
-251
-263
-263
-258
-242
-238
-240
-233
-217
-179
-134
-95
-68
-47
-24
-5
47
91
114
142
145
152
173
182
194
200
184
155
137
115
90
73
45
12
-13
-48
-72
-76
-80
-83
-98
-116
-126
-128
-107
-86
-67
-60
-60
-50
-39
-8
27
53
64
69
76
86
107
120
128
125
113
103
93
84
77
63
34
-4
-32
-49
-66
-74
-89
-111
-135
-157
-162
-154
-152
-154
-141
-145
-140
-109
-93
-60
-35
-28
0
26
43
60
80
104
114
123
128
132
146
146
141
135
127
128
125
112
93
84
62
38
39
27
11
3
-7
-14
-19
-25
-24
-25
-31
-26
-22
-25
-20
-29
-30
-20
-29
-35
-29
-34
-38
-33
-40
-47
-49
-59
-68
-73
-81
-88
-99
-100
-99
-101
-96
-89
-76
-69
-54
-37
-23
-4
13
25
51
77
89
103
120
137
147
150
157
152
142
136
120
113
108
87
71
58
38
17
11
-14
-46
-69
-103
-123
-133
-143
-152
-156
-159
-163
-157
-143
-114
-94
-71
-39
-15
14
43
74
107
127
143
154
166
184
182
171
165
147
127
117
102
81
47
5
-28
-58
-84
-114
-142
-172
-207
-233
-252
-251
-245
-248
-230
-219
-207
-172
-153
-117
-63
-30
1
40
84
130
174
199
218
244
258
275
294
293
277
260
232
211
192
154
112
69
19
-31
-77
-125
-173
-213
-239
-264
-290
-305
-310
-312
-297
-277
-267
-240
-213
-182
-131
-96
-68
-25
16
62
110
144
173
197
222
242
261
273
265
243
226
211
190
152
108
67
26
-8
-52
-95
-130
-170
-198
-221
-239
-245
-259
-248
-228
-216
-194
-168
-133
-86
-40
2
45
85
121
159
202
240
257
272
293
298
303
306
288
275
258
222
180
147
103
54
15
-36
-85
-128
-172
-202
-226
-250
-275
-292
-307
-304
-291
-283
-260
-240
-215
-171
-123
-79
-34
8
44
92
137
163
197
219
226
233
245
241
238
236
209
191
166
126
105
70
43
21
-21
-64
-98
-123
-144
-159
-180
-204
-208
-202
-202
-191
-169
-159
-139
-108
-80
-44
-14
18
42
69
102
114
132
157
163
167
164
146
134
121
101
86
64
36
-2
-27
-42
-58
-76
-99
-107
-121
-139
-149
-153
-144
-144
-132
-116
-105
-87
-67
-46
-19
11
27
40
61
83
105
128
138
140
147
140
138
139
126
114
88
66
46
27
14
1
-14
-31
-51
-68
-74
-89
-91
-92
-99
-95
-104
-94
-69
-58
-41
-22
-15
-8
14
30
38
54
56
49
52
62
66
62
60
44
26
21
14
6
-2
-20
-35
-44
-52
-57
-61
-55
-61
-66
-60
-63
-51
-49
-38
-27
-26
-12
-4
14
43
61
73
89
93
99
114
119
122
110
98
90
71
60
36
15
-7
-33
-43
-63
-74
-77
-95
-105
-111
-119
-111
-113
-106
-96
-96
-78
-64
-49
-17
0
12
36
45
61
82
89
103
116
121
122
126
125
115
112
106
93
79
67
32
2
-10
-44
-65
-78
-98
-106
-118
-136
-145
-148
-152
-138
-123
-114
-93
-81
-60
-34
-11
21
40
69
92
106
132
140
144
155
169
168
159
152
133
117
111
96
72
55
31
2
-21
-50
-79
-100
-126
-140
-152
-171
-173
-190
-200
-186
-184
-172
-149
-125
-99
-75
-39
-17
8
47
80
106
125
146
153
166
187
188
180
175
158
140
121
95
73
44
20
-7
-42
-66
-90
-116
-132
-145
-160
-173
-181
-185
-181
-174
-168
-155
-136
-108
-72
-42
-14
15
48
82
105
136
156
162
176
178
188
193
180
179
170
151
128
99
76
47
19
-6
-38
-72
-99
-135
-154
-162
-177
-187
-191
-185
-178
-168
-159
-147
-118
-92
-69
-45
-19
8
32
52
80
102
115
129
136
147
151
147
156
144
134
137
113
96
75
44
29
6
-19
-37
-47
-69
-91
-107
-127
-130
-127
-116
-114
-110
-88
-87
-78
-47
-30
-7
12
16
26
47
61
63
76
80
72
69
64
62
50
43
30
6
-7
-22
-31
-43
-72
-88
-100
-112
-100
-94
-99
-94
-97
-100
-92
-76
-55
-30
-11
-4
10
35
48
72
93
111
132
131
131
139
144
140
129
111
91
79
59
44
33
15
-1
-17
-40
-45
-51
-75
-84
-91
-94
-93
-90
-83
-78
-70
-58
-57
-42
-23
-14
17
31
36
37
35
47
50
53
53
48
44
32
29
15
2
-1
-25
-43
-45
-61
-69
-77
-85
-78
-76
-87
-82
-69
-68
-42
-27
-22
15
33
56
77
92
110
122
145
165
176
179
182
175
158
157
149
123
107
82
49
28
7
-23
-52
-82
-109
-136
-163
-182
-201
-208
-216
-224
-226
-222
-207
-187
-165
-142
-117
-82
-47
-16
30
62
87
110
128
162
188
208
217
211
214
202
183
173
147
121
101
64
32
7
-27
-56
-77
-109
-139
-155
-176
-188
-185
-189
-190
-175
-166
-148
-115
-87
-54
-27
5
54
87
124
149
167
195
207
218
234
235
233
228
208
182
155
115
80
47
13
-27
-73
-100
-141
-171
-187
-225
-239
-253
-265
-247
-248
-239
-216
-204
-170
-129
-101
-70
-30
13
52
96
141
169
199
225
244
255
258
262
256
250
244
215
185
157
116
78
44
8
-33
-74
-103
-137
-169
-202
-232
-244
-251
-252
-249
-244
-226
-199
-176
-147
-108
-83
-54
-14
17
62
98
118
144
169
192
191
196
207
199
207
190
167
158
120
93
65
27
-3
-39
-67
-89
-112
-130
-153
-178
-187
-194
-194
-190
-184
-175
-156
-131
-114
-88
-63
-32
3
32
61
93
119
144
167
180
186
179
174
169
173
175
157
136
118
97
69
45
22
-6
-30
-54
-75
-90
-105
-123
-128
-131
-144
-146
-149
-145
-125
-111
-101
-90
-72
-60
-45
-17
2
19
36
53
73
88
105
100
96
103
97
96
89
87
84
61
48
31
6
-1
-6
-17
-15
-24
-40
-41
-49
-48
-44
-49
-43
-39
-37
-22
-12
-5
6
3
4
13
13
12
22
35
40
44
45
40
38
36
27
20
15
8
9
-3
-13
-14
-33
-44
-39
-48
-35
-29
-38
-36
-39
-30
-31
-31
-19
-15
-10
1
-3
3
12
7
17
12
12
16
8
7
11
13
3
7
9
2
3
-2
-4
-2
-7
2
11
15
11
10
20
23
34
44
49
58
61
59
56
62
63
60
63
53
45
46
32
22
11
2
-8
-34
-43
-57
-71
-80
-100
-103
-109
-111
-116
-123
-120
-125
-114
-104
-91
-67
-45
-31
-24
3
21
30
62
84
103
125
129
135
149
148
137
137
131
119
111
88
76
58
26
14
-15
-41
-47
-79
-96
-108
-120
-126
-135
-139
-144
-139
-144
-142
-120
-106
-81
-58
-44
-20
3
19
48
75
93
121
137
138
145
144
140
133
122
116
100
77
58
34
12
-8
-38
-57
-80
-98
-107
-120
-129
-137
-143
-141
-141
-139
-129
-118
-105
-86
-64
-40
-15
6
32
53
68
86
106
127
137
160
170
159
160
151
133
121
104
84
70
53
23
3
-10
-45
-58
-65
-87
-100
-113
-122
-121
-113
-104
-106
-101
-96
-90
-68
-57
-38
-15
-3
11
15
33
51
55
67
76
85
86
77
76
65
51
40
23
7
4
7
-3
-18
-35
-52
-59
-75
-81
-80
-84
-78
-82
-78
-59
-62
-55
-41
-28
-12
3
16
21
40
55
60
66
67
68
69
75
70
64
64
51
38
33
30
15
3
4
-11
-21
-24
-29
-36
-45
-48
-58
-62
-61
-64
-49
-41
-46
-38
-33
-26
-13
-3
3
-7
-5
6
7
17
18
11
12
3
-8
-4
-2
-7
-20
-26
-29
-36
-38
-37
-32
-40
-30
-27
-36
-17
-5
-1
3
2
13
21
27
41
49
56
63
57
61
65
60
59
55
49
44
37
28
16
2
-6
-11
-25
-43
-46
-44
-55
-59
-59
-66
-69
-74
-72
-60
-54
-46
-39
-34
-22
-17
-9
6
15
22
28
30
36
45
50
49
51
43
36
28
13
14
7
-4
-13
-18
-19
-31
-41
-46
-43
-47
-50
-40
-38
-35
-27
-23
-13
4
12
21
31
38
45
49
55
55
55
64
70
69
67
76
64
50
46
35
25
7
-9
-29
-47
-49
-60
-74
-75
-82
-91
-92
-96
-93
-83
-74
-67
-55
-33
-18
-6
7
25
34
43
64
80
94
99
103
103
99
105
107
106
96
87
78
58
46
36
19
0
-17
-35
-54
-64
-72
-86
-87
-93
-108
-102
-92
-88
-80
-64
-45
-36
-27
-10
-2
9
33
44
56
73
77
80
85
90
82
77
84
67
68
65
44
39
13
-11
-29
-46
-57
-68
-69
-77
-92
-106
-112
-98
-95
-92
-83
-77
-58
-50
-37
-12
-4
13
27
33
52
63
73
93
93
93
100
94
95
92
88
87
70
58
57
42
23
-2
-26
-38
-47
-67
-84
-88
-89
-100
-113
-112
-97
-88
-90
-79
-62
-51
-50
-41
-25
-12
0
7
23
44
50
44
58
76
71
76
79
71
73
71
62
56
48
38
31
25
10
-4
-9
-26
-32
-32
-45
-51
-45
-39
-38
-36
-31
-29
-12
1
-7
3
11
16
31
36
42
46
50
49
49
53
48
47
46
45
42
37
17
7
13
0
-9
-14
-26
-28
-35
-51
-51
-54
-52
-39
-44
-42
-35
-31
-24
-24
-17
-2
-2
6
10
12
22
15
14
22
22
24
32
40
38
30
25
16
15
15
8
1
-5
-8
-10
-7
-14
-25
-24
-24
-24
-29
-28
-16
-10
-7
-4
-7
-4
-6
-1
4
-3
-3
-5
-9
-4
-9
-19
-27
-23
-15
-24
-20
-12
-23
-14
-10
-16
-11
-18
-13
-15
-21
-14
-21
-17
-10
-7
2
4
11
17
13
19
27
26
25
32
29
18
5
3
6
-4
-7
-11
-11
-16
-21
-23
-27
-18
-28
-29
-19
-26
-14
-3
-7
-5
0
-1
7
13
13
20
24
27
31
38
41
33
35
38
28
23
24
22
11
4
-1
-16
-27
-29
-32
-34
-40
-36
-47
-50
-35
-48
-49
-42
-46
-29
-21
-17
-3
2
12
14
26
40
32
42
59
55
55
58
62
56
47
48
44
35
24
19
11
2
-3
-17
-22
-27
-28
-37
-47
-39
-46
-50
-47
-47
-38
-33
-22
-10
-5
0
7
7
14
27
23
25
34
32
32
39
36
38
32
26
30
11
9
5
-13
-23
-42
-48
-52
-66
-67
-58
-63
-65
-53
-53
-46
-33
-27
-20
-11
-1
8
7
16
34
41
47
60
74
73
79
84
71
73
76
66
53
48
50
40
24
19
1
-21
-26
-37
-53
-51
-64
-75
-73
-81
-78
-75
-74
-61
-58
-49
-37
-24
-11
-5
8
17
25
34
43
64
68
66
68
63
71
64
52
51
46
43
35
24
18
8
-2
-19
-30
-41
-48
-43
-49
-59
-55
-57
-59
-51
-55
-49
-28
-30
-25
-1
5
13
32
36
49
60
59
59
63
70
65
66
59
47
49
38
25
15
4
-5
-16
-27
-34
-43
-52
-54
-64
-70
-66
-64
-57
-58
-52
-45
-47
-31
-20
-15
-4
0
14
13
23
43
45
56
60
55
55
56
53
55
55
48
46
28
20
9
-15
-16
-23
-42
-46
-37
-39
-59
-58
-46
-47
-49
-46
-43
-35
-28
-26
-21
-13
0
7
0
3
18
19
6
19
24
18
19
14
17
14
3
5
8
-4
-8
-11
-17
-28
-43
-30
-24
-32
-32
-27
-19
-22
-18
-6
-2
15
15
16
32
23
32
45
43
51
52
52
54
46
39
38
25
25
24
-2
-3
-3
-19
-27
-29
-33
-41
-49
-53
-55
-50
-51
-49
-39
-46
-36
-25
-26
-18
-7
5
17
31
28
36
51
39
47
47
44
56
54
43
34
37
35
21
16
9
-2
-9
-18
-30
-37
-38
-40
-54
-59
-53
-57
-52
-47
-41
-24
-15
-10
3
13
19
27
36
45
50
57
57
60
64
60
68
63
53
52
34
30
17
9
-1
-20
-17
-33
-46
-58
-70
-75
-76
-78
-90
-85
-76
-81
-76
-75
-69
-40
-26
-21
-3
15
20
31
44
55
66
64
67
75
76
73
70
73
63
55
39
30
29
16
9
-7
-13
-19
-46
-53
-57
-67
-73
-79
-74
-72
-74
-69
-67
-60
-50
-43
-31
-16
-6
7
25
24
38
55
55
63
65
66
61
64
63
51
46
45
41
25
9
1
-13
-21
-25
-36
-44
-47
-54
-61
-67
-61
-64
-63
-52
-53
-40
-26
-25
-9
8
9
13
31
43
43
51
59
59
58
61
66
61
58
55
44
40
35
20
10
2
-8
-20
-31
-33
-41
-40
-37
-47
-42
-44
-46
-38
-39
-37
-28
-13
-5
-4
-3
11
18
14
24
23
29
40
34
35
43
42
38
34
34
28
17
17
12
0
-1
-5
-14
-14
-19
-24
-26
-30
-29
-22
-23
-25
-26
-29
-22
-16
-12
-9
2
22
11
10
20
20
27
26
26
21
21
25
15
14
5
3
2
-7
-9
-15
-24
-25
-30
-34
-26
-28
-32
-20
-16
-20
-18
-8
-5
0
10
6
11
22
26
35
38
34
43
53
41
33
35
30
25
15
2
-5
-9
-19
-29
-34
-37
-40
-51
-52
-56
-60
-54
-49
-49
-41
-36
-39
-29
-20
-11
-2
7
17
25
30
36
38
32
40
46
40
41
37
36
32
24
20
12
8
-1
-2
-4
-22
-21
-23
-34
-33
-44
-42
-46
-46
-33
-39
-27
-24
-24
-10
0
8
7
26
41
34
40
50
48
48
54
49
48
53
37
34
36
20
13
6
1
-7
-19
-27
-43
-50
-49
-57
-69
-78
-72
-70
-75
-77
-72
-54
-44
-37
-24
-17
-1
19
24
30
48
57
67
72
71
77
77
73
73
70
63
51
42
40
31
17
5
-4
-14
-26
-40
-56
-57
-65
-67
-61
-72
-68
-60
-52
-47
-42
-25
-24
-14
3
-1
9
24
35
48
53
55
55
60
60
56
53
54
47
44
39
21
12
2
0
-11
-33
-33
-43
-52
-60
-68
-67
-73
-66
-60
-69
-57
-56
-52
-32
-28
-16
-4
9
21
26
38
44
54
66
63
71
75
71
71
75
72
65
56
38
41
29
11
2
-12
-11
-30
-48
-54
-68
-72
-71
-74
-78
-77
-65
-62
-58
-49
-39
-28
-14
-2
4
18
27
33
48
48
51
59
59
61
59
56
55
51
43
35
23
14
0
-7
-14
-24
-25
-33
-45
-52
-51
-57
-67
-62
-59
-50
-45
-43
-29
-18
-15
-6
-2
2
10
21
27
30
39
43
48
47
48
45
44
47
42
39
36
21
11
10
-4
-16
-15
-23
-27
-32
-36
-38
-47
-38
-32
-40
-36
-35
-23
-16
-28
-14
-15
-12
2
-3
2
12
18
26
29
36
39
43
44
38
36
38
28
23
26
13
10
3
-12
-8
-7
-23
-27
-20
-24
-25
-20
-20
-17
-12
-9
-14
-22
-8
-8
-12
0
6
2
6
8
9
14
10
7
16
16
12
10
6
17
10
-2
-1
-7
-6
-7
-8
-2
-7
-10
1
8
7
9
11
20
28
14
13
22
23
19
9
1
9
11
-2
-2
2
5
-10
-14
-4
-14
-15
-25
-25
-20
-41
-35
-31
-41
-39
-30
-28
-26
-14
-4
4
9
12
18
14
22
33
31
28
38
47
38
38
40
38
37
36
24
17
22
14
8
6
-10
-22
-23
-30
-47
-47
-40
-51
-51
-51
-48
-46
-51
-37
-30
-38
-33
-20
-4
1
8
16
27
39
40
48
49
56
65
53
46
54
51
47
45
31
26
21
5
-2
-3
-21
-28
-32
-40
-43
-49
-50
-52
-53
-53
-58
-52
-39
-32
-29
-13
-5
2
13
19
30
33
41
44
44
45
49
53
42
41
39
30
30
18
15
11
-2
-3
-17
-35
-34
-35
-40
-54
-57
-49
-55
-56
-54
-51
-41
-33
-34
-29
-14
4
8
9
31
38
35
49
58
62
63
62
62
63
59
54
51
46
36
28
17
2
1
-11
-23
-26
-40
-49
-56
-58
-55
-62
-76
-66
-52
-63
-59
-46
-48
-35
-24
-23
-11
10
24
28
40
44
42
47
54
55
45
50
53
46
41
40
31
28
24
3
1
2
-19
-23
-22
-31
-37
-43
-49
-39
-34
-39
-33
-27
-11
-9
-14
-4
1
5
7
6
19
29
28
27
33
31
17
26
26
19
20
8
3
6
-4
-7
-6
-10
-19
-25
-28
-31
-30
-22
-15
-24
-30
-25
-18
-16
-14
-6
7
14
11
17
25
28
37
34
33
34
24
23
28
18
9
9
6
-1
5
-5
-18
-13
-18
-31
-33
-39
-41
-36
-41
-41
-37
-35
-30
-18
-9
-2
1
7
23
29
30
34
32
47
45
33
43
39
44
44
35
34
25
17
3
-3
-10
-25
-31
-35
-42
-50
-52
-56
-63
-60
-47
-45
-53
-42
-30
-28
-13
-5
2
24
28
25
37
44
50
60
66
56
59
53
42
44
36
35
30
10
1
-4
-13
-16
-29
-40
-39
-48
-60
-66
-67
-54
-60
-67
-62
-56
-48
-37
-21
-5
-1
9
24
30
39
52
57
61
70
71
63
65
67
67
55
45
36
21
16
-2
-10
-13
-39
-40
-51
-70
-63
-66
-82
-87
-73
-73
-84
-73
-62
-51
-38
-34
-21
-6
10
26
36
50
62
73
83
87
96
96
85
91
91
72
62
57
34
25
24
-5
-19
-19
-39
-52
-64
-84
-85
-86
-93
-92
-100
-91
-76
-68
-56
-55
-41
-25
-27
-17
12
27
36
52
59
71
76
81
87
86
88
82
66
60
59
52
50
37
18
6
-13
-24
-27
-45
-53
-56
-65
-80
-84
-72
-75
-71
-56
-54
-51
-39
-28
-10
-2
7
17
14
32
47
49
65
72
77
77
78
74
61
64
56
44
32
18
16
2
-15
-14
-30
-48
-62
-66
-67
-79
-79
-82
-79
-69
-70
-57
-45
-44
-23
-14
-4
7
6
30
37
35
45
49
52
53
62
58
52
60
60
58
46
39
33
20
22
12
-6
-10
-19
-37
-42
-48
-52
-54
-51
-50
-56
-50
-45
-41
-33
-28
-19
-16
-10
-2
14
25
25
38
39
42
48
43
47
44
38
28
21
17
5
1
1
1
-5
-16
-16
-18
-24
-28
-32
-24
-33
-35
-22
-25
-23
-28
-30
-19
-17
-15
-7
3
19
27
19
22
29
36
32
26
36
36
37
29
26
22
10
0
-11
-10
-14
-28
-25
-30
-36
-31
-40
-41
-36
-37
-29
-27
-17
-2
-3
5
10
14
16
18
29
34
42
42
37
38
39
42
36
29
31
22
12
13
2
1
-2
-11
-17
-22
-28
-32
-32
-34
-35
-42
-46
-44
-34
-34
-28
-16
-16
-5
4
11
15
14
18
21
19
20
18
25
37
27
24
26
20
26
17
10
12
2
-7
-10
-17
-25
-31
-40
-41
-46
-54
-47
-40
-36
-25
-17
-16
-7
3
11
22
21
17
32
33
28
35
36
44
46
37
41
47
36
32
24
8
5
-5
-8
-6
-11
-10
-18
-28
-30
-36
-39
-40
-44
-52
-43
-33
-38
-26
-14
-19
-13
-13
-13
2
8
13
27
35
38
44
49
53
46
48
47
32
27
23
16
3
2
-3
-22
-23
-29
-36
-36
-44
-40
-31
-40
-42
-29
-31
-33
-21
-23
-28
-18
-7
-8
-1
12
13
16
24
25
33
37
39
45
45
43
46
46
36
35
27
21
15
6
6
-4
-15
-23
-33
-35
-43
-39
-35
-48
-43
-30
-33
-33
-28
-21
-24
-20
-5
0
12
19
24
30
23
28
40
41
37
42
44
32
31
30
19
18
8
-2
2
-10
-15
-10
-19
-28
-32
-34
-40
-44
-40
-38
-37
-32
-29
-27
-31
-24
-11
-9
-8
4
13
10
16
26
33
37
37
43
44
42
41
34
32
33
14
14
10
-1
5
-4
-11
-23
-35
-25
-28
-45
-38
-30
-36
-30
-27
-20
-13
-13
-9
-9
-3
13
10
14
26
27
30
28
29
24
25
28
19
17
22
29
18
5
3
2
0
-8
-10
-12
-24
-19
-23
-29
-22
-27
-30
-31
-28
-25
-15
-6
-6
3
14
5
6
17
21
22
19
30
36
26
32
30
24
19
12
10
10
-5
-15
-9
-18
-23
-18
-35
-38
-32
-31
-26
-34
-30
-22
-21
-22
-26
-9
-2
-9
2
6
5
16
23
26
29
26
23
36
39
36
33
37
33
23
23
13
15
9
-7
-6
-11
-17
-16
-21
-30
-28
-24
-29
-31
-28
-28
-27
-28
-27
-12
-4
-8
-2
-1
7
19
18
27
37
37
36
28
30
38
20
10
2
-5
-3
-7
-9
-14
-8
-11
-18
-25
-37
-24
-29
-40
-33
-23
-29
-25
-14
-14
-12
-14
4
9
4
12
14
22
31
26
29
31
28
32
27
30
30
16
18
13
8
12
3
2
2
-9
-12
-16
-19
-19
-28
-27
-31
-41
-32
-23
-23
-25
-18
-14
-1
3
0
17
13
16
25
15
23
27
26
25
25
21
20
20
10
1
-2
4
9
5
-6
-1
-2
-16
-20
-24
-26
-24
-26
-36
-32
-19
-18
-16
-14
-17
-15
0
4
4
20
23
24
29
24
26
19
21
28
15
10
18
13
9
1
-10
-11
-11
-15
-22
-26
-22
-27
-30
-27
-29
-27
-26
-28
-15
-9
-19
-12
8
5
0
11
20
25
21
24
31
43
41
33
40
36
29
25
19
12
5
3
-8
-11
-12
-16
-13
-21
-18
-23
-29
-19
-25
-30
-24
-26
-29
-11
-10
-19
-14
-12
-3
-6
2
23
12
18
29
18
23
29
26
25
20
17
14
9
10
17
8
0
-3
-13
-8
-14
-24
-22
-28
-24
-29
-32
-30
-33
-27
