0
8
3
-6
-4
0
1
2
5
8
11
11
8
14
18
15
15
4
8
23
26
16
11
16
9
14
16
7
3
4
6
-2
5
6
-7
0
-5
-1
4
2
2
-5
-7
-10
-12
-3
-8
-9
-6
-10
-14
-17
-7
-2
-6
-6
-5
0
-5
-14
-3
0
-4
-3
-8
-8
-2
-6
-6
-4
-6
3
-6
-8
5
6
6
1
1
8
6
9
8
4
6
14
11
-3
-2
-2
10
16
5
13
-1
2
12
-9
-9
-3
6
10
7
6
6
6
0
0
0
5
-1
-2
9
4
-6
-6
0
2
5
9
2
4
5
-2
4
-3
-4
5
7
9
8
9
-1
-6
2
0
-4
3
13
6
3
2
5
5
5
4
3
9
7
-4
4
8
3
10
12
11
7
1
2
-3
2
6
-2
-4
-1
-5
-11
-13
-13
-10
-11
-3
2
-8
-4
-1
-11
-6
-13
-23
-27
-23
-6
-13
-27
-20
-13
-11
-12
-23
-20
-11
-15
-15
-8
-11
-5
10
3
-3
1
-1
-6
-10
-1
2
0
5
4
4
9
13
6
7
0
1
16
7
8
10
4
9
6
2
7
12
15
14
13
15
7
3
8
6
-1
-5
0
7
10
5
0
-2
-5
7
-1
-4
9
5
10
9
10
14
9
11
10
8
6
8
22
24
17
18
26
24
18
18
8
-4
11
22
16
18
25
12
3
14
8
5
15
9
9
5
3
0
-2
2
-4
1
-6
-15
-21
-23
-13
-23
-25
-21
-24
-13
-12
-17
-19
-15
-22
-27
-11
-12
-17
-14
-14
-17
-20
-14
-13
-26
-26
-19
-18
-21
-17
-9
-13
-13
-14
-12
-7
-6
2
-3
-3
3
4
9
-5
-8
-3
-15
-11
-5
-6
-7
1
0
-14
-10
-10
-14
-6
-3
3
3
3
0
-1
6
3
0
4
2
3
4
-2
0
7
9
5
6
9
10
9
13
18
18
21
16
14
26
24
20
17
19
27
31
27
29
35
19
16
19
15
19
17
24
16
8
20
17
18
15
12
13
10
12
8
-6
0
-8
-6
-5
-15
-1
-10
-9
1
-15
-17
-17
-28
-26
-18
-17
-18
-17
-13
-22
-28
-28
-20
-14
-24
-27
-24
-23
-23
-17
-9
-6
-8
-20
-16
-13
-20
-12
-19
-12
1
-6
1
-9
-8
1
-10
-10
-7
-7
-15
-17
-10
-12
-7
-15
-12
-3
-11
-10
-6
-11
-1
2
-6
0
0
3
2
-1
5
4
4
6
10
12
15
13
6
10
22
17
17
18
4
12
22
26
32
24
29
30
40
37
31
46
45
46
43
31
32
27
29
31
23
32
41
27
23
32
29
30
31
20
21
21
10
7
3
2
4
-5
-7
-2
-7
3
-7
-15
-2
-9
-14
-10
-16
-24
-22
-26
-37
-34
-33
-33
-25
-37
-37
-33
-41
-40
-40
-36
-37
-43
-40
-41
-47
-53
-53
-43
-39
-48
-43
-37
-42
-40
-37
-38
-42
-42
-39
-35
-23
-18
-22
-20
-12
-16
-24
-22
-14
-17
-21
-22
-19
-10
-9
0
0
-6
-1
3
-1
6
8
6
10
23
25
17
20
12
13
26
27
20
21
31
34
27
29
26
30
36
34
33
33
45
41
33
54
48
45
55
47
46
56
49
43
59
52
41
49
46
46
50
44
40
39
43
44
34
31
29
26
27
29
26
23
13
7
5
-2
-1
-4
-6
-15
-13
-3
-19
-27
-24
-19
-21
-31
-34
-37
-46
-47
-39
-49
-47
-46
-55
-48
-56
-58
-56
-60
-61
-56
-51
-58
-51
-49
-66
-57
-43
-43
-50
-45
-41
-50
-37
-40
-42
-29
-32
-32
-30
-30
-27
-31
-26
-23
-33
-26
-14
-24
-29
-22
-23
-24
-24
-17
-10
-20
-15
0
-2
-3
2
5
9
16
24
21
24
32
27
28
29
37
51
47
54
58
60
69
61
68
71
63
70
69
66
76
87
78
68
72
71
68
60
53
58
61
54
56
58
49
45
39
38
33
33
33
23
28
19
4
9
17
20
6
-4
-5
-11
-13
-19
-23
-21
-18
-30
-35
-31
-38
-39
-42
-40
-34
-38
-45
-55
-47
-48
-52
-45
-47
-52
-59
-54
-49
-55
-54
-54
-50
-53
-54
-57
-63
-50
-44
-46
-47
-45
-44
-54
-50
-40
-37
-33
-35
-32
-36
-40
-27
-24
-29
-31
-27
-25
-18
-16
-16
-18
-19
-15
-16
-7
-8
-12
5
12
5
7
14
18
25
29
31
28
34
35
29
36
41
45
46
47
49
45
53
51
52
62
58
63
58
50
62
61
60
63
55
48
51
50
55
55
53
58
49
53
50
43
43
44
44
35
32
28
33
25
22
27
7
6
3
1
3
-2
2
-9
-13
-9
-18
-21
-28
-37
-37
-27
-33
-43
-38
-32
-43
-51
-41
-41
-34
-30
-44
-46
-51
-51
-45
-47
-51
-53
-47
-47
-45
-40
-40
-38
-34
-38
-42
-40
-43
-47
-38
-34
-43
-38
-35
-25
-24
-34
-27
-25
-19
-18
-21
-13
-19
-15
-20
-21
-1
-6
-6
3
2
5
5
14
19
11
15
27
33
32
33
32
33
31
34
43
41
48
51
47
51
53
57
57
50
54
51
50
57
57
56
58
55
53
49
52
57
45
44
43
44
51
38
38
34
25
36
35
31
25
18
21
15
1
-4
-7
-12
-11
-11
-17
-16
-11
-7
-10
-15
-24
-27
-10
-20
-37
-23
-27
-27
-27
-38
-40
-41
-44
-51
-55
-48
-41
-47
-53
-49
-49
-55
-61
-59
-57
-58
-58
-53
-56
-59
-50
-54
-57
-50
-48
-49
-54
-55
-51
-50
-52
-55
-51
-51
-45
-39
-39
-29
-15
-15
-17
-11
0
2
-5
3
1
-3
-6
-2
24
22
13
27
31
28
40
48
44
39
43
49
45
57
67
67
66
58
59
57
67
71
67
75
74
73
74
71
74
77
78
60
61
78
68
63
63
62
68
59
51
57
44
28
38
35
26
23
19
12
6
12
7
2
-2
-3
0
-14
-19
-20
-20
-21
-25
-22
-27
-29
-33
-33
-27
-42
-42
-39
-36
-32
-52
-57
-53
-57
-54
-53
-61
-59
-58
-66
-59
-57
-64
-55
-50
-64
-62
-59
-65
-55
-61
-67
-62
-64
-53
-48
-54
-47
-51
-54
-44
-40
-40
-45
-46
-45
-36
-27
-22
-19
-22
-8
-8
-10
0
-1
-1
0
0
-1
-1
4
5
9
11
12
20
28
28
30
38
40
31
38
47
42
46
48
60
61
55
65
61
57
67
71
81
93
90
83
77
79
80
77
73
72
67
62
63
61
59
60
59
57
42
41
51
38
39
39
21
26
24
17
18
5
6
8
12
15
6
4
5
4
-4
-13
-9
-4
-9
-6
-10
-29
-34
-36
-26
-22
-35
-40
-44
-50
-48
-46
-52
-60
-56
-57
-66
-67
-65
-60
-65
-65
-60
-67
-72
-76
-59
-59
-67
-67
-76
-66
-69
-80
-77
-81
-88
-86
-84
-89
-92
-92
-94
-89
-86
-91
-90
-85
-73
-65
-59
-54
-49
-48
-39
-29
-24
-11
-2
8
17
29
39
50
61
73
85
84
90
91
95
107
102
109
117
113
110
116
122
125
134
145
143
147
148
142
150
153
154
158
154
160
165
164
169
169
161
152
148
151
144
129
120
99
78
70
50
39
28
6
-11
-34
-60
-83
-102
-131
-140
-141
-162
-177
-187
-191
-199
-219
-219
-217
-222
-215
-214
-219
-219
-214
-203
-196
-187
-181
-182
-175
-163
-161
-150
-132
-119
-106
-91
-85
-78
-62
-39
-22
-17
2
23
30
29
49
54
51
78
103
113
117
130
142
154
165
173
185
189
198
209
211
219
219
225
235
239
239
231
235
235
238
238
220
211
194
189
187
176
164
128
102
70
47
31
-10
-44
-79
-111
-140
-172
-198
-221
-260
-296
-314
-340
-352
-363
-394
-411
-419
-427
-413
-400
-394
-375
-352
-332
-308
-276
-241
-209
-171
-146
-120
-79
-44
-4
32
53
78
110
132
151
172
172
177
192
191
197
203
185
168
174
179
182
171
150
158
179
199
221
229
248
284
325
377
413
437
470
502
544
589
608
611
602
593
598
604
606
560
458
345
266
232
192
68
-150
-378
-525
-537
-529
-639
-864
-1126
-1276
-1249
-1124
-1074
-1190
-1378
-1456
-1338
-1112
-901
-817
-848
-824
-653
-389
-138
38
143
249
383
527
683
817
906
1006
1069
1062
1024
979
992
1020
989
876
683
499
402
363
289
146
-56
-254
-356
-400
-445
-541
-675
-749
-756
-724
-710
-755
-781
-736
-605
-445
-372
-380
-373
-277
-85
128
238
222
203
254
408
595
666
622
544
495
525
595
605
540
445
357
307
277
252
205
150
97
51
9
-33
-40
-9
32
39
26
11
30
111
191
224
216
218
251
305
326
300
281
276
280
261
160
5
-99
-124
-132
-191
-347
-550
-700
-713
-652
-656
-766
-927
-1021
-974
-839
-738
-719
-744
-736
-638
-460
-284
-164
-92
-33
57
182
309
407
477
531
555
566
571
571
569
542
491
403
282
169
90
33
-33
-141
-295
-453
-545
-543
-535
-569
-658
-761
-784
-708
-587
-512
-510
-519
-492
-377
-202
-54
53
121
194
300
437
593
749
885
969
1025
1092
1178
1311
1461
1541
1528
1479
1450
1487
1543
1551
1500
1395
1271
1129
967
829
749
696
567
253
-266
-763
-938
-772
-633
-928
-1657
-2390
-2626
-2252
-1710
-1608
-2152
-2906
-3146
-2622
-1783
-1265
-1378
-1835
-2031
-1601
-751
-38
208
117
66
306
789
1262
1553
1683
1733
1758
1751
1735
1769
1896
2010
1917
1568
1100
780
738
846
788
381
-214
-712
-894
-802
-720
-876
-1268
-1673
-1875
-1810
-1602
-1465
-1513
-1638
-1689
-1606
-1368
-1077
-827
-644
-517
-394
-212
59
347
606
811
904
924
948
1047
1211
1338
1368
1278
1101
972
935
953
965
883
714
514
380
366
422
483
491
430
343
314
410
584
715
764
747
749
877
1080
1183
1093
923
846
983
1190
1149
706
27
-397
-239
202
266
-408
-1493
-2217
-2076
-1355
-881
-1281
-2358
-3222
-3147
-2284
-1417
-1285
-1900
-2544
-2528
-1749
-769
-216
-234
-485
-482
-54
583
1098
1358
1444
1477
1510
1541
1620
1811
2038
2120
1901
1424
975
813
954
1103
885
265
-476
-953
-962
-743
-723
-1118
-1774
-2290
-2359
-2040
-1725
-1724
-2030
-2344
-2340
-1964
-1455
-1118
-1050
-1070
-948
-604
-140
263
525
657
774
968
1189
1403
1599
1746
1816
1825
1807
1804
1874
1980
2011
1930
1807
1700
1664
1701
1719
1654
1552
1429
1289
1221
1242
1299
1287
1061
663
347
370
655
770
356
-616
-1548
-1605
-850
-230
-614
-2037
-3468
-3692
-2608
-1319
-1124
-2364
-3959
-4398
-3231
-1497
-654
-1208
-2373
-2839
-1988
-410
723
826
313
-11
366
1236
1956
2247
2273
2246
2253
2225
2153
2169
2375
2573
2426
1820
999
494
540
864
865
159
-902
-1718
-1884
-1472
-1160
-1474
-2299
-3082
-3297
-2878
-2279
-2058
-2312
-2695
-2797
-2413
-1757
-1221
-975
-939
-887
-648
-196
366
823
1073
1155
1164
1277
1555
1855
2059
2100
1927
1684
1562
1617
1737
1789
1700
1446
1148
952
926
1096
1315
1358
1158
869
674
747
1124
1456
1461
1214
992
1022
1253
1404
1319
1159
1165
1282
1149
546
-378
-936
-535
255
281
-925
-2742
-3808
-3242
-1759
-975
-1845
-3814
-5213
-4757
-2873
-1297
-1316
-2621
-3796
-3600
-2006
-203
551
154
-490
-509
344
1507
2218
2403
2391
2381
2451
2576
2723
3006
3363
3435
2920
1952
1205
1174
1674
1976
1330
-126
-1461
-1895
-1412
-819
-1089
-2343
-3696
-4219
-3764
-2968
-2660
-3132
-3890
-4181
-3731
-2874
-2161
-1912
-1949
-1841
-1448
-876
-222
385
847
1178
1387
1498
1717
2172
2707
3056
3043
2699
2354
2376
2699
2969
2941
2502
1873
1482
1511
1758
1902
1715
1239
790
583
644
859
1001
886
550
275
309
532
726
712
401
176
398
818
850
209
-867
-1491
-928
155
421
-745
-2649
-3756
-3053
-1273
-290
-1192
-3293
-4727
-4175
-2127
-490
-635
-2106
-3367
-3126
-1405
410
987
408
-316
-329
583
1742
2356
2384
2191
2106
2184
2296
2420
2588
2772
2734
2175
1281
632
551
891
1089
478
-813
-1954
-2388
-2057
-1529
-1692
-2675
-3769
-4268
-3945
-3168
-2667
-2851
-3431
-3745
-3390
-2475
-1518
-1044
-1032
-1074
-852
-210
706
1452
1792
1883
1944
2076
2393
2851
3210
3327
3202
2912
2661
2609
2724
2825
2702
2285
1702
1267
1136
1195
1267
1165
802
359
81
90
307
459
418
191
-35
12
221
429
513
328
175
363
759
932
577
-224
-1045
-1096
-297
344
-91
-1586
-3106
-3367
-2213
-907
-796
-2171
-3978
-4562
-3384
-1606
-818
-1486
-2746
-3315
-2515
-771
610
765
232
-139
138
1112
2132
2595
2602
2461
2362
2460
2622
2755
2963
3031
2666
1946
1134
673
781
1001
735
-252
-1581
-2410
-2435
-2105
-1938
-2454
-3584
-4461
-4561
-4051
-3377
-3117
-3470
-3926
-3947
-3341
-2322
-1458
-1119
-1109
-973
-491
324
1264
1967
2251
2329
2465
2711
3140
3608
3814
3784
3564
3252
3110
3118
3155
3037
2561
1955
1486
1218
1206
1051
493
37
-231
-279
42
-25
-579
-842
-748
-438
108
130
-545
-807
-412
293
919
835
246
88
661
1355
1342
333
-744
-749
346
1273
698
-1032
-2449
-2468
-1085
269
-142
-2038
-3612
-3713
-2287
-634
-414
-1694
-3112
-3242
-1907
-269
460
-8
-826
-882
-85
864
1439
1400
1113
1225
1489
1519
1598
1786
1822
1712
1413
808
309
241
337
218
-270
-1071
-1834
-2099
-1968
-1856
-2036
-2656
-3440
-3658
-3167
-2580
-2308
-2473
-2934
-3015
-2331
-1388
-732
-502
-564
-484
88
943
1711
2198
2271
2130
2199
2625
3140
3478
3514
3211
2812
2720
2888
2923
2776
2448
1951
1603
1441
1163
891
807
685
477
264
5
-336
-456
-102
261
404
423
-350
-1515
-1311
-89
1078
1731
574
-1480
-1452
407
1864
2359
1086
-1542
-2141
-317
926
1059
442
-1270
-2550
-2241
-1536
-893
-196
-948
-2861
-3655
-3204
-2150
-596
-199
-1970
-3454
-2930
-1514
38
1170
637
-894
-1258
-347
901
2174
2393
1234
499
839
1393
2110
2412
1548
735
806
704
268
160
12
-343
-601
-1171
-2140
-2530
-2115
-1777
-1944
-2482
-3226
-3498
-2837
-1982
-1642
-1835
-2300
-2437
-1704
-597
44
191
91
-4
476
1579
2335
2316
2115
2083
2292
2794
3094
2885
2691
2633
2551
2553
2347
1907
1816
1880
1608
1249
843
426
436
662
554
236
-156
-451
-306
51
270
291
223
21
-217
-111
321
680
913
1098
1021
978
1098
1090
1128
1057
565
234
351
311
-24
-517
-1131
-1479
-1418
-1282
-1505
-2232
-2929
-3062
-2705
-2197
-2086
-2497
-2883
-2880
-2358
-1507
-990
-958
-932
-778
-393
258
773
976
1011
1059
1343
1729
1824
1809
1831
1631
1419
1321
975
528
301
59
-236
-514
-1076
-1776
-2073
-2122
-2244
-2365
-2691
-3184
-3254
-2939
-2679
-2412
-2204
-2322
-2285
-1689
-1051
-607
-169
72
238
781
1456
1904
2283
2467
2442
2624
2924
3053
3169
3281
3134
2849
2677
2540
2393
2334
2132
1659
1320
1164
875
662
577
300
73
4
-184
-284
-128
-11
59
125
12
-103
24
380
756
958
920
669
630
1240
2024
2380
1964
505
-875
-514
1095
2057
1318
-1011
-3305
-3459
-1579
137
-150
-2458
-4994
-5499
-3725
-1677
-1194
-2451
-4302
-5065
-3779
-1598
-411
-591
-1386
-1885
-1284
143
1169
1428
1370
1320
1481
1744
1904
2226
2786
3044
2637
1724
878
725
1340
1927
1542
97
-1437
-2016
-1592
-867
-829
-1946
-3417
-4087
-3633
-2612
-2039
-2428
-3305
-3841
-3423
-2252
-1251
-987
-1164
-1291
-995
-153
822
1468
1735
1774
1810
2090
2489
2810
3134
3369
3203
2719
2426
2434
2620
2874
2744
2028
1382
1103
890
900
1062
822
314
-52
-345
-355
85
501
444
39
-272
-297
91
772
1145
966
655
193
72
1317
2708
2935
2338
1032
133
1339
3380
3579
1617
-895
-1820
-399
1664
1903
-431
-3375
-4465
-3169
-954
-392
-2496
-5038
-5844
-4841
-2849
-1658
-2671
-4439
-4830
-3716
-2004
-827
-892
-1545
-1588
-785
187
691
779
995
1560
2022
1881
1496
1500
1981
2640
2784
1917
698
175
537
1213
1215
149
-1296
-2170
-1992
-1159
-772
-1496
-2710
-3484
-3433
-2597
-1700
-1685
-2406
-2902
-2699
-1890
-927
-356
-259
-344
-298
138
906
1579
1929
2038
2048
2043
2181
2522
2795
2791
2652
2412
2082
2027
2172
2121
1900
1546
1116
814
683
693
778
714
507
290
118
183
444
675
744
540
313
480
842
1132
1374
1270
1049
1365
1860
2057
2051
1718
1407
1769
2369
2490
1738
88
-1056
-394
972
1318
1
-2491
-4236
-3652
-1625
-495
-1691
-4437
-6339
-5765
-3472
-1684
-1928
-3731
-5329
-5077
-2963
-918
-416
-1152
-2086
-2089
-826
613
1245
1125
791
807
1154
1462
1709
2024
2363
2365
1744
913
488
709
1383
1618
750
-626
-1567
-1546
-676
-65
-637
-1962
-3007
-3066
-2197
-1290
-1214
-2003
-2845
-2847
-1976
-927
-407
-622
-1005
-908
-325
428
1020
1182
1079
1154
1457
1770
2060
2242
2205
2203
2224
2010
1826
1858
1962
2028
1872
1511
1208
1096
1218
1365
1325
1158
851
671
894
1087
1120
1194
967
757
1053
1308
1340
1324
1087
954
1258
1559
1629
1446
1150
1074
1250
1586
1787
1646
1063
-118
-1173
-891
301
879
83
-2043
-4063
-4045
-2146
-430
-737
-3101
-5535
-5830
-3797
-1419
-847
-2301
-4316
-5049
-3584
-1160
135
-227
-1468
-2329
-1753
-206
992
1166
647
181
158
528
1023
1445
1721
1699
1201
481
103
320
953
1385
957
-241
-1316
-1467
-748
-6
-18
-959
-2170
-2613
-2058
-1121
-647
-1079
-1983
-2462
-2058
-1105
-433
-476
-920
-1218
-979
-310
315
595
607
502
560
952
1373
1638
1748
1733
1648
1530
1507
1709
1982
2173
2166
1833
1479
1444
1659
1944
2115
1918
1505
1336
1524
1763
1884
1862
1554
1270
1259
1371
1501
1511
1239
932
909
969
1008
1053
1040
985
924
764
615
804
1176
1181
253
-1178
-1650
-690
571
731
-835
-3186
-4053
-2621
-526
138
-1543
-4239
-5367
-4014
-1667
-393
-1211
-3300
-4652
-3895
-1689
-67
-154
-1381
-2488
-2302
-883
336
561
175
-298
-335
125
599
959
1268
1398
1287
885
449
461
932
1399
1329
575
-334
-711
-391
282
551
-63
-1145
-1875
-1692
-889
-372
-665
-1589
-2416
-2364
-1556
-826
-763
-1306
-1855
-1837
-1187
-359
81
-19
-312
-320
162
861
1332
1457
1366
1255
1319
1608
1994
2243
2268
2216
2109
1976
2053
2218
2218
2151
2013
1846
1843
1848
1759
1691
1573
1419
1319
1168
1044
1033
948
778
633
589
693
759
661
551
549
609
647
673
811
1024
1141
815
-227
-1046
-535
721
1359
541
-1589
-3271
-2777
-747
692
-79
-2724
-4911
-4688
-2479
-427
-432
-2401
-4488
-4888
-3156
-874
-179
-1235
-2689
-3261
-2330
-676
236
-10
-660
-843
-423
210
741
1055
1237
1402
1310
872
619
900
1476
1872
1530
476
-396
-396
304
959
829
-253
-1552
-1946
-1223
-348
-221
-1013
-2266
-2917
-2300
-1162
-664
-1079
-1908
-2365
-1938
-935
-175
-74
-364
-578
-330
398
1110
1423
1394
1234
1215
1511
1961
2251
2252
2121
2029
1958
1973
2077
2012
1818
1763
1722
1569
1472
1413
1282
1188
1215
1119
866
747
771
746
688
642
562
534
572
618
664
773
923
939
947
1124
1364
1738
1768
605
-659
-436
789
1777
1507
-538
-2837
-3076
-1155
847
732
-1782
-4599
-5214
-3187
-626
-1
-1743
-4309
-5446
-3955
-1322
-47
-809
-2510
-3568
-2914
-1068
301
298
-476
-930
-697
-19
759
1297
1513
1522
1260
847
720
1043
1696
2146
1774
742
-224
-420
319
1179
1142
72
-1352
-2062
-1473
-322
100
-650
-2024
-3002
-2705
-1452
-577
-858
-1792
-2413
-2281
-1412
-330
65
-327
-716
-623
-10
880
1398
1305
1053
949
1054
1460
1938
2063
1940
1865
1711
1552
1684
1830
1759
1692
1591
1358
1219
1259
1376
1444
1350
1168
886
627
793
1094
1076
886
517
219
491
941
1132
1134
911
580
548
1058
1744
2066
1797
603
-894
-892
673
2001
1848
-139
-2802
-3588
-1707
801
1344
-951
-4148
-5418
-3826
-917
473
-967
-3688
-5367
-4570
-1825
206
-124
-1891
-3363
-3261
-1576
238
789
68
-832
-955
-401
471
1325
1646
1523
1224
764
532
897
1648
2208
1978
988
-73
-468
148
1124
1363
561
-857
-1939
-1747
-614
198
-144
-1457
-2772
-3033
-2008
-733
-486
-1352
-2375
-2766
-2151
-864
-24
-162
-804
-1170
-817
57
914
1207
880
508
468
798
1470
1940
1845
1637
1461
1315
1491
1796
1881
1794
1586
1390
1337
1391
1582
1636
1433
1290
1105
941
1143
1287
1140
972
768
713
897
1030
1027
963
944
999
946
969
1265
1552
1739
1284
-82
-863
-165
1110
1805
880
-1512
-3237
-2655
-420
1207
249
-2661
-4927
-4625
-2034
281
63
-2315
-4760
-5006
-2633
-9
525
-980
-2875
-3357
-1911
179
1160
496
-701
-1083
-441
656
1453
1539
1290
1078
932
931
1026
1264
1664
1760
1293
459
-274
-199
516
1003
791
-309
-1594
-1858
-1098
-198
-32
-984
-2344
-2956
-2420
-1257
-612
-1127
-2172
-2789
-2462
-1376
-412
-275
-863
-1423
-1248
-438
443
905
718
281
143
450
1129
1691
1714
1481
1251
1160
1396
1677
1805
1825
1635
1453
1417
1343
1397
1631
1735
1591
1270
953
896
1174
1542
1533
1013
518
466
767
1262
1485
1137
706
620
809
1115
1478
1637
1466
1145
520
-173
-62
775
1332
998
-344
-2013
-2470
-1208
380
534
-1123
-3300
-4229
-3072
-865
141
-1085
-3302
-4528
-3650
-1348
247
-238
-2014
-3224
-2747
-981
618
765
-342
-1229
-1036
-96
961
1470
1193
756
645
714
866
1133
1445
1573
1325
772
155
-100
316
969
1069
392
-707
-1471
-1250
-380
134
-323
-1516
-2548
-2575
-1651
-755
-786
-1647
-2490
-2637
-1970
-961
-478
-847
-1387
-1468
-1044
-275
373
462
205
48
195
619
1089
1341
1325
1217
1181
1231
1397
1636
1752
1729
1676
1534
1380
1402
1554
1716
1739
1496
1154
959
1029
1345
1521
1267
829
513
596
1066
1388
1274
916
662
814
1161
1353
1419
1329
1210
1203
890
276
107
515
1011
1005
46
-1317
-1911
-1241
6
398
-770
-2628
-3646
-2879
-1101
-242
-1109
-2904
-4114
-3510
-1598
-247
-561
-2012
-3102
-2685
-1170
165
373
-518
-1303
-1081
-135
825
1132
754
428
528
802
1024
1066
1043
1173
1312
1117
575
123
213
740
1088
710
-299
-1136
-1110
-425
160
-63
-1153
-2169
-2257
-1571
-822
-727
-1482
-2413
-2612
-2004
-1210
-735
-850
-1399
-1655
-1254
-598
-53
209
71
-187
-136
250
719
1070
1184
1057
932
1079
1354
1549
1717
1785
1699
1613
1578
1571
1642
1808
1935
1781
1421
1200
1205
1394
1655
1583
1105
698
657
942
1312
1372
1030
648
634
1006
1301
1286
1114
900
899
1042
766
211
62
415
827
688
-228
-1330
-1599
-709
323
214
-1124
-2652
-3138
-2067
-547
-266
-1461
-3047
-3697
-2817
-1211
-381
-983
-2226
-2808
-2231
-1030
-150
-217
-854
-1190
-938
-331
206
414
438
464
457
377
294
455
920
1276
1178
660
71
-57
465
1102
1173
511
-385
-784
-471
213
548
21
-945
-1586
-1515
-879
-408
-650
-1375
-2027
-2103
-1542
-916
-705
-996
-1497
-1640
-1253
-683
-279
-194
-354
-492
-365
20
409
657
791
795
767
868
1096
1381
1622
1735
1678
1509
1447
1601
1822
1984
2012
1829
1545
1422
1512
1654
1723
1594
1237
912
894
1061
1180
1182
985
702
650
819
929
857
697
639
714
834
787
303
-187
-59
394
630
379
-477
-1282
-1171
-414
104
-231
-1306
-2220
-2215
-1339
-538
-781
-1770
-2569
-2641
-1846
-901
-846
-1538
-2162
-2210
-1606
-902
-707
-966
-1265
-1178
-726
-371
-245
-245
-214
38
264
241
146
152
417
747
775
540
208
79
355
721
784
490
26
-252
-99
200
283
18
-486
-840
-868
-734
-622
-724
-1071
-1341
-1382
-1310
-1161
-1008
-999
-1117
-1167
-1066
-880
-636
-391
-283
-247
-125
26
209
473
721
927
1099
1198
1196
1226
1421
1697
1920
1969
1804
1579
1535
1766
2039
2072
1830
1462
1217
1272
1500
1552
1313
1020
840
793
877
957
852
654
573
584
571
540
483
406
447
576
625
527
190
-154
-68
343
655
524
-138
-856
-977
-411
281
296
-563
-1557
-1902
-1400
-547
-279
-931
-1948
-2500
-2140
-1296
-822
-1110
-1813
-2253
-2057
-1413
-902
-902
-1230
-1413
-1266
-972
-698
-583
-567
-467
-335
-297
-324
-286
-68
230
408
335
48
-114
62
419
708
678
306
-55
-95
165
453
453
124
-305
-536
-411
-183
-139
-310
-657
-954
-959
-782
-642
-615
-714
-842
-878
-779
-581
-422
-301
-162
-94
-36
93
238
465
772
931
893
810
799
965
1287
1552
1538
1267
1017
1007
1204
1493
1624
1415
1062
847
906
1177
1406
1356
1037
706
603
725
924
1006
828
530
376
420
587
747
725
533
356
328
475
690
753
538
214
53
198
491
585
310
-165
-471
-378
-32
104
-225
-815
-1240
-1214
-866
-633
-793
-1275
-1723
-1746
-1427
-1151
-1127
-1403
-1727
-1757
-1534
-1279
-1167
-1248
-1352
-1293
-1100
-940
-870
-802
-667
-507
-378
-327
-363
-326
-114
139
287
293
184
120
251
468
631
641
457
274
242
335
450
425
243
8
-146
-163
-151
-183
-257
-419
-576
-599
-596
-613
-582
-578
-593
-534
-467
-405
-302
-212
-124
-18
103
204
271
370
497
582
663
756
772
796
880
959
1036
1077
1063
1043
1047
1107
1161
1115
1035
966
934
955
948
840
698
617
622
661
626
519
388
292
343
431
407
349
302
296
367
398
353
342
423
541
553
421
261
186
315
578
642
374
29
-160
-122
87
176
-39
-419
-726
-807
-734
-683
-778
-1034
-1304
-1449
-1478
-1462
-1414
-1436
-1550
-1622
-1648
-1658
-1596
-1460
-1323
-1229
-1195
-1177
-1135
-1005
-769
-555
-428
-384
-393
-329
-161
58
228
291
269
238
275
397
546
596
536
432
328
313
375
400
317
170
46
-46
-60
-39
-97
-198
-282
-298
-297
-303
-278
-275
-288
-233
-156
-107
-30
36
94
170
264
373
467
521
549
595
689
814
849
787
779
792
821
889
864
774
731
729
724
692
635
616
612
582
532
465
414
417
476
491
413
303
233
271
380
490
496
396
306
317
456
615
667
605
524
506
570
677
720
652
559
511
479
450
436
355
182
13
-118
-218
-302
-408
-565
-717
-838
-959
-1062
-1141
-1226
-1298
-1339
-1412
-1520
-1547
-1509
-1446
-1372
-1361
-1401
-1396
-1287
-1135
-966
-845
-839
-830
-725
-564
-403
-280
-260
-282
-224
-96
29
90
85
40
27
96
169
170
129
94
46
27
49
14
-58
-98
-122
-165
-192
-191
-219
-253
-236
-237
-268
-231
-144
-94
-67
-47
-44
27
163
243
263
263
290
358
439
497
469
432
468
534
600
629
605
585
624
695
737
684
575
525
549
622
677
615
483
402
399
491
596
587
507
416
387
475
612
705
684
580
525
565
697
843
864
762
658
626
692
787
788
699
600
520
495
518
491
403
327
227
81
-39
-122
-190
-258
-334
-474
-659
-806
-870
-866
-867
-928
-1053
-1170
-1193
-1140
-1085
-1051
-1044
-1058
-1047
-997
-954
-907
-832
-768
-724
-711
-710
-678
-613
-549
-503
-482
-480
-471
-446
-394
-334
-311
-305
-324
-352
-326
-277
-235
-234
-274
-304
-310
-293
-255
-213
-219
-241
-237
-219
-173
-97
-34
-37
-72
-52
15
114
226
259
217
193
247
375
505
555
520
478
499
578
652
678
632
567
577
650
688
645
581
552
571
617
626
558
457
435
498
565
580
504
406
397
475
577
623
568
477
449
483
551
606
585
526
477
441
446
487
507
487
439
358
296
298
329
350
314
220
120
48
50
70
35
-32
-110
-196
-249
-240
-249
-292
-364
-452
-510
-541
-544
-559
-587
-625
-688
-700
-694
-719
-736
-750
-775
-795
-778
-766
-792
-812
-821
-805
-757
-727
-731
-755
-745
-696
-651
-636
-649
-689
-691
-616
-555
-511
-482
-487
-457
-407
-368
-320
-309
-294
-229
-185
-162
-151
-169
-139
-36
42
82
95
60
56
136
250
346
374
340
316
351
462
591
640
610
562
545
633
775
840
822
740
667
687
785
881
874
800
744
708
719
761
756
718
676
614
574
551
538
559
543
491
418
349
317
307
331
323
274
204
129
100
116
157
161
108
40
10
49
101
134
118
59
41
59
63
74
77
40
24
4
-48
-79
-101
-110
-139
-203
-277
-334
-365
-371
-382
-438
-493
-551
-593
-591
-597
-622
-655
-692
-717
-734
-754
-752
-747
-742
-729
-747
-754
-723
-692
-658
-641
-651
-642
-619
-577
-536
-530
-545
-560
-561
-515
-449
-433
-479
-541
-544
-477
-372
-293
-303
-364
-373
-283
-162
-74
-47
-72
-71
13
133
237
302
317
318
373
484
572
623
645
660
706
762
810
828
839
866
893
917
922
901
891
898
901
871
805
759
758
752
735
690
606
542
511
493
448
372
317
253
208
203
196
166
102
60
50
42
68
73
41
18
-20
-37
-5
19
15
3
-28
-73
-76
-38
-28
-41
-66
-105
-121
-111
-95
-111
-149
-172
-200
-215
-219
-235
-241
-262
-280
-295
-336
-344
-338
-337
-341
-379
-428
-460
-452
-437
-443
-458
-511
-546
-525
-501
-490
-503
-541
-588
-610
-593
-565
-553
-568
-601
-620
-590
-543
-513
-498
-503
-510
-485
-447
-421
-392
-354
-321
-276
-224
-192
-173
-129
-51
40
95
108
114
144
227
319
369
378
384
417
479
560
605
601
594
596
619
661
684
682
689
704
708
711
695
670
650
641
630
599
565
525
489
473
460
433
377
325
285
242
216
196
166
139
100
61
39
30
40
27
-15
-58
-86
-84
-59
-36
-48
-79
-121
-135
-101
-71
-44
-58
-107
-129
-136
-119
-72
-55
-74
-103
-136
-132
-104
-98
-107
-142
-178
-198
-196
-197
-223
-262
-289
-295
-299
-304
-333
-380
-404
-418
-412
-409
-437
-459
-479
-477
-448
-431
-431
-447
-455
-443
-417
-388
-369
-365
-363
-348
-309
-273
-259
-250
-246
-212
-173
-162
-153
-137
-103
-71
-26
-4
-10
22
72
119
157
163
163
189
236
287
308
321
335
341
354
381
411
439
452
433
409
422
455
486
502
483
446
431
464
487
482
461
400
365
357
365
375
344
295
234
204
215
206
196
163
129
123
116
118
125
128
127
121
95
74
69
73
98
80
41
24
16
26
26
24
13
-20
-36
-37
-51
-55
-70
-96
-120
-154
-176
-187
-191
-189
-219
-267
-307
-343
-339
-314
-333
-369
-407
-433
-423
-384
-363
-384
-413
-453
-451
-411
-377
-361
-378
-398
-392
-362
-314
-290
-300
-312
-326
-308
-284
-268
-247
-242
-242
-238
-235
-219
-187
-166
-141
-130
-142
-136
-118
-76
-26
-8
-12
-25
-3
62
132
179
183
163
151
185
249
292
303
285
281
315
343
357
353
319
316
334
339
349
325
294
303
319
317
291
260
239
239
257
272
250
206
187
194
217
229
216
205
198
192
203
213
208
198
193
205
205
193
184
183
191
189
182
163
135
139
132
119
125
93
57
38
25
26
12
-20
-54
-88
-116
-126
-130
-138
-154
-191
-214
-224
-235
-246
-261
-281
-302
-304
-306
-305
-297
-298
-296
-290
-286
-277
-279
-299
-286
-256
-255
-264
-270
-281
-278
-252
-239
-249
-269
-286
-263
-232
-218
-221
-243
-261
-251
-215
-177
-165
-169
-167
-142
-95
-45
-23
-36
-34
-2
50
92
121
114
106
129
159
194
197
182
175
174
207
232
235
226
202
181
198
210
203
205
191
168
167
172
172
173
165
152
146
149
154
150
140
129
135
141
140
148
149
140
156
179
180
174
171
172
181
190
197
204
207
188
171
162
159
159
151
133
107
83
75
82
62
35
17
-4
-5
-16
-39
-61
-78
-82
-98
-118
-147
-176
-178
-166
-168
-189
-217
-245
-242
-219
-208
-222
-238
-234
-234
-228
-214
-202
-200
-199
-190
-195
-200
-197
-188
-155
-145
-166
-182
-198
-185
-144
-114
-109
-136
-166
-151
-106
-59
-38
-46
-62
-53
-14
26
46
35
10
3
22
53
88
103
92
71
66
89
118
131
122
107
100
106
114
125
133
109
86
72
53
58
80
94
74
61
52
39
55
61
67
74
56
58
60
54
71
78
80
91
89
100
115
138
162
154
154
153
147
165
189
198
193
183
168
171
172
171
177
160
124
105
111
101
75
54
28
12
7
-12
-20
-29
-53
-70
-93
-116
-125
-139
-147
-154
-179
-191
-187
-179
-178
-176
-183
-209
-220
-219
-208
-205
-214
-226
-237
-225
-206
-192
-182
-191
-203
-201
-178
-157
-151
-154
-159
-152
-148
-123
-99
-93
-91
-87
-69
-51
-25
-8
-11
-11
-4
24
42
45
54
55
76
105
114
124
123
128
135
141
140
120
110
106
110
118
105
83
74
79
90
99
90
77
75
79
85
83
78
68
62
51
52
70
86
100
89
76
84
105
124
127
126
103
79
84
104
122
110
93
77
67
89
101
92
70
46
29
29
27
7
-2
-14
-22
-26
-33
-21
-25
-28
-23
-35
-51
-63
-64
-51
-60
-68
-67
-76
-62
-53
-52
-55
-68
-76
-79
-78
-79
-87
-100
-116
-124
-115
-115
-126
-136
-139
-134
-131
-140
-135
-132
-140
-140
-154
-161
-159
-155
-148
-131
-119
-138
-129
-112
-108
-92
-76
-55
-45
-42
-31
-27
-9
15
34
50
53
58
74
94
110
124
130
114
84
72
92
108
104
90
64
59
72
82
89
85
79
66
68
75
78
79
64
69
73
61
67
80
99
111
105
86
68
72
91
104
90
68
48
38
60
80
79
53
43
44
42
65
60
32
29
25
19
6
-15
-24
-19
4
9
-16
-26
-20
0
17
17
13
-9
-18
-9
1
-6
-10
-8
-22
-5
9
4
5
-9
-18
-23
-24
-30
-47
-57
-62
-54
-59
-86
-111
-122
-113
-108
-111
-127
-147
-152
-134
-117
-124
-127
-135
-138
-128
-114
-116
-130
-121
-99
-86
-91
-86
-71
-63
-40
-23
-16
-3
2
-5
-13
4
23
18
19
23
32
40
50
61
30
13
25
43
64
59
43
24
24
71
102
95
76
76
90
105
105
78
57
72
108
115
94
69
67
104
133
141
113
70
61
73
89
80
64
58
59
72
60
42
24
8
37
62
63
32
-25
-37
-19
-1
19
7
-31
-32
6
40
40
2
-25
-1
38
28
-21
-56
-40
22
47
14
-17
-25
8
45
33
-8
-29
-14
-5
-30
-74
-101
-87
-56
-49
-65
-84
-82
-62
-60
-75
-88
-73
-65
-85
-98
-99
-79
-74
-109
-124
-116
-100
-86
-93
-101
-94
-67
-50
-48
-48
-48
-37
-51
-92
-92
-34
44
61
10
-39
-35
35
71
32
-7
-4
46
31
-121
-273
-221
25
233
213
13
-111
6
221
310
203
43
34
151
204
117
-17
15
221
338
267
77
-44
17
120
164
101
-1
-18
26
64
59
44
63
121
169
158
110
19
-62
-91
-65
-1
2
-86
-166
-143
-51
6
-24
-109
-137
-76
-15
-38
-153
-206
-114
5
29
-70
-140
-71
25
30
-66
-134
-68
32
37
-71
-177
-144
-15
55
-21
-115
-58
70
94
-24
-138
-93
81
190
82
-128
-190
-55
90
74
-76
-169
-69
111
114
-89
-210
-103
88
120
-62
-235
-212
-24
98
25
-90
-79
47
134
68
-67
-74
69
155
48
-107
-101
30
108
30
-81
-55
92
180
89
-50
-47
109
197
87
-78
-68
131
252
139
-42
-60
101
239
187
2
-99
18
194
182
1
-119
-47
108
170
96
-29
-39
82
166
126
10
-98
-73
61
124
31
-162
-247
-129
55
121
4
-144
-144
-19
19
-105
-216
-108
125
196
-11
-280
-248
44
273
247
46
-63
-6
17
-155
-384
-318
55
295
81
-375
-559
-267
186
365
182
-48
-55
61
62
-69
-121
88
381
416
137
-185
-236
-29
207
296
192
-5
-171
-236
-201
-92
23
73
67
42
-7
-90
-144
-113
9
141
137
-33
-238
-264
-116
20
45
-8
-54
-57
-74
-102
-62
31
100
65
-70
-119
-13
119
141
28
-48
11
61
-6
-100
-52
143
258
136
-143
-269
-84
191
272
103
-81
-109
-26
36
2
-8
112
237
197
7
-148
-133
15
154
173
111
38
-35
-97
-110
-24
138
244
194
48
-70
-72
0
44
74
118
152
134
52
-57
-129
-94
26
117
105
-1
-139
-208
-178
-98
-27
12
24
20
-2
-64
-138
-168
-87
58
128
80
-53
-163
-188
-153
-66
19
72
64
-39
-155
-213
-167
-38
76
132
126
82
-13
-133
-157
-41
120
211
175
24
-109
-136
-78
11
73
137
152
70
-66
-185
-171
-46
77
126
88
8
-74
-136
-112
8
125
180
143
28
-74
-93
-44
9
44
78
109
85
-14
-114
-122
-15
101
142
104
12
-66
-94
-72
-15
45
86
67
8
-33
-38
-24
-10
5
47
91
80
-1
-72
-32
78
156
144
78
37
54
103
92
37
14
38
65
41
2
-26
-12
19
18
11
4
3
0
-30
-42
-36
-25
-26
-51
-66
-38
9
28
2
-50
-83
-85
-70
-50
-43
-40
-43
-62
-78
-70
-52
-29
13
34
8
-46
-100
-127
-109
-40
16
6
-47
-79
-58
-40
-31
-12
8
35
16
-48
-96
-91
-27
37
69
51
31
33
29
39
47
74
120
116
77
39
18
37
55
45
46
50
32
1
-26
-43
-22
8
11
-11
-34
-27
3
6
-10
-7
2
5
-1
-17
-14
5
5
-14
-31
-24
-14
-12
-5
-15
-2
34
32
7
-3
37
110
139
85
13
-6
28
69
67
31
21
43
63
43
-7
-20
37
114
135
66
-24
-69
-59
1
40
49
54
24
-14
-44
-51
-30
-16
-10
-12
-41
-82
-123
-143
-101
-20
46
45
-33
-109
-116
-61
-11
4
-21
-52
-50
-49
-66
-97
-84
-22
33
22
-59
-139
-168
-111
-38
-9
-26
-53
-53
-65
-68
-60
-42
20
78
75
22
-15
-1
55
96
84
73
64
60
45
8
16
68
125
143
83
9
-29
18
92
89
46
4
-4
11
-1
-13
-12
9
52
75
36
-26
-54
-35
15
38
19
-7
-33
-25
0
15
30
29
19
-7
-31
-65
-89
-59
-17
5
4
-8
-37
-47
-25
3
30
29
8
-17
-31
-13
20
46
59
73
70
55
31
7
20
41
55
42
8
-2
-8
-4
0
-1
17
30
20
-7
-21
-16
-4
4
-14
-46
-45
-18
-10
-37
-79
-82
-56
-38
-51
-89
-112
-100
-76
-75
-82
-71
-41
-12
-19
-39
-56
-49
-21
2
13
7
5
-7
-35
-50
-51
-19
9
14
20
4
-15
-19
-1
19
43
63
46
21
19
31
55
67
64
60
56
55
51
41
35
47
65
60
51
30
19
39
51
51
41
27
33
51
59
45
13
-9
-13
3
37
50
36
12
-17
-26
-15
4
21
20
12
0
-13
-29
-34
-25
-5
25
36
-2
-49
-54
-37
2
24
9
-4
-19
-40
-59
-63
-39
-1
20
-1
-37
-40
-12
14
19
10
11
20
1
-41
-66
-59
-20
-2
-27
-54
-64
-36
-29
-53
-54
-39
-16
-19
-63
-86
-70
-34
-12
-29
-41
-17
21
21
-28
-58
-43
8
9
-41
-69
-61
-4
9
-15
-35
-42
-2
11
-11
-20
-15
-3
-5
-16
-17
-4
18
28
13
7
27
53
62
62
66
77
70
51
36
28
40
52
59
45
39
50
39
25
9
20
47
51
45
16
-1
4
21
34
32
36
27
5
-10
-14
1
22
49
58
43
29
11
8
31
61
63
46
29
22
9
-1
9
13
16
13
4
-6
-29
-20
0
0
-15
-33
-33
-25
-20
-22
-26
-22
-15
-14
-34
-60
-61
-60
-50
-53
-83
-79
-57
-49
-53
-60
-61
-62
-56
-61
-75
-56
-28
-32
-48
-75
-86
-58
-31
-14
-27
-56
-58
-54
-57
-49
-39
-31
-10
6
-14
-29
-28
-17
7
24
12
-16
-31
-23
0
29
44
41
33
27
32
29
36
53
69
82
71
40
40
70
97
108
99
89
83
92
79
44
32
49
76
70
39
15
12
27
42
37
24
22
9
13
26
18
20
27
34
34
23
14
-4
-5
0
11
31
18
-12
-33
-40
-15
8
-4
-8
-11
-19
-5
-19
-36
-31
-25
-16
-19
-34
-42
-53
-50
-42
-33
-34
-53
-62
-66
-67
-66
-71
-70
-66
-50
-33
-44
-54
-53
-46
-28
-30
-52
-65
-72
-78
-78
-85
-73
-64
-73
-82
-94
-85
-69
-60
-57
-57
-48
-47
-60
-72
-62
-27
10
14
0
4
19
33
38
36
34
41
36
26
26
26
40
59
63
61
62
62
59
55
63
99
123
108
82
72
91
113
109
97
97
113
116
91
59
50
67
91
110
92
61
60
70
77
75
76
86
67
46
33
14
25
44
48
40
17
-3
-2
-1
4
-2
-5
-7
-25
-52
-75
-67
-54
-48
-33
-26
-44
-71
-71
-71
-58
-55
-78
-91
-101
-110
-122
-122
-107
-95
-91
-100
-106
-107
-103
-88
-71
-75
-86
-82
-92
-102
-82
-57
-47
-52
-72
-72
-59
-55
-52
-59
-61
-34
-22
-34
-50
-63
-34
-9
-11
-21
-26
-3
19
35
47
41
43
61
67
57
48
48
52
43
38
47
44
49
60
57
68
81
78
73
73
75
87
96
94
87
82
93
99
89
95
98
80
74
80
93
107
98
87
81
87
100
101
78
72
83
85
78
58
36
26
39
60
59
39
21
26
29
16
-11
-26
-17
-20
-19
-34
-59
-55
-55
-54
-50
-58
-62
-64
-70
-89
-99
-97
-85
-90
-104
-104
-119
-136
-142
-142
-130
-121
-115
-127
-137
-138
-146
-132
-126
-121
-108
-119
-120
-122
-141
-124
-88
-80
-85
-100
-96
-79
-76
-64
-57
-51
-30
-31
-32
-25
-17
3
12
22
31
34
46
65
77
72
78
92
96
96
92
88
100
100
96
92
81
96
112
118
111
102
117
129
136
136
134
134
126
125
117
110
117
117
123
143
147
126
109
105
114
121
120
111
101
93
91
92
92
89
89
95
91
83
77
59
52
51
33
23
17
4
-8
-21
-25
-24
-37
-56
-66
-64
-55
-54
-77
-89
-75
-66
-71
-81
-95
-110
-115
-111
-116
-130
-131
-128
-127
-137
-154
-169
-177
-163
-153
-158
-154
-161
-174
-170
-167
-158
-150
-147
-144
-148
-139
-130
-136
-130
-121
-105
-89
-94
-91
-83
-71
-56
-53
-47
-39
-35
-23
-7
8
15
36
53
55
61
69
73
67
72
91
99
101
103
110
115
115
126
132
142
161
172
174
169
176
179
172
171
169
181
191
177
165
152
148
159
155
145
142
138
135
129
117
112
125
137
117
85
75
76
81
79
61
53
57
49
31
6
-9
12
24
8
-25
-51
-63
-50
-43
-70
-78
-78
-75
-75
-94
-106
-100
-89
-98
-113
-124
-137
-145
-144
-140
-146
-149
-147
-158
-168
-173
-177
-168
-158
-159
-161
-164
-167
-174
-170
-159
-155
-144
-136
-136
-126
-126
-129
-124
-121
-100
-86
-104
-110
-97
-82
-58
-51
-53
-42
-33
-29
-18
-4
1
14
34
49
48
54
74
77
91
101
106
111
105
93
99
116
130
142
141
153
166
167
174
166
166
171
169
166
164
171
179
186
187
182
178
177
177
179
173
172
157
140
131
115
111
108
104
113
113
96
72
68
76
73
63
38
33
32
14
8
-4
-12
-17
-27
-41
-66
-69
-66
-73
-76
-87
-95
-100
-113
-123
-129
-132
-131
-124
-135
-159
-164
-172
-176
-172
-178
-182
-177
-175
-185
-187
-188
-185
-168
-177
-180
-167
-173
-176
-160
-151
-148
-134
-138
-149
-145
-140
-126
-112
-103
-97
-84
-84
-92
-96
-92
-69
-43
-23
-11
-8
2
14
26
36
59
73
76
86
78
73
84
89
103
114
122
139
130
137
156
159
167
169
168
160
157
163
166
172
179
185
188
191
189
189
191
191
194
190
170
167
166
142
138
145
145
139
128
119
122
130
113
90
77
66
74
69
48
34
21
12
7
2
-14
-23
-25
-30
-34
-59
-82
-89
-93
-95
-96
-100
-116
-128
-128
-132
-145
-150
-157
-173
-173
-181
-196
-191
-184
-189
-186
-175
-184
-200
-202
-200
-195
-192
-195
-198
-199
-200
-184
-175
-176
-160
-146
-141
-135
-136
-128
-110
-110
-113
-107
-94
-74
-68
-63
-41
-30
-15
-1
5
18
23
37
43
46
52
46
73
90
91
109
108
120
140
135
135
146
145
145
153
143
141
157
170
177
181
178
182
175
170
186
181
178
187
184
175
161
157
155
151
158
153
146
143
141
136
127
130
119
103
103
95
83
78
71
62
64
56
35
29
27
15
-9
-16
-15
-21
-30
-42
-43
-42
-58
-75
-86
-87
-89
-96
-109
-118
-124
-133
-128
-132
-134
-127
-135
-141
-157
-167
-171
-178
-172
-173
-180
-188
-190
-187
-176
-169
-166
-163
-160
-160
-177
-177
-169
-159
-148
-147
-143
-149
-149
-131
-123
-103
-84
-82
-73
-66
-65
-61
-60
-47
-23
-24
-7
13
4
19
35
53
63
68
78
67
78
90
83
88
94
95
117
130
128
134
142
165
177
184
184
179
177
175
173
168
176
183
186
185
179
167
157
163
164
167
161
152
153
139
121
120
119
117
119
112
96
89
84
69
67
63
48
35
24
13
16
-7
-21
-7
-19
-29
-45
-67
-69
-76
-82
-86
-90
-94
-98
-94
-104
-120
-130
-142
-138
-147
-167
-176
-176
-173
-189
-191
-181
-180
-166
-158
-157
-162
-176
-175
-183
-184
-168
-166
-166
-173
-170
-163
-155
-143
-135
-112
-99
-98
-95
-100
-100
-94
-83
-67
-62
-58
-46
-27
-11
2
16
33
39
39
36
42
46
42
57
69
77
88
88
102
105
111
128
141
151
143
154
163
149
148
150
157
161
164
169
175
179
168
161
168
163
158
162
160
158
159
152
147
145
138
143
139
132
127
106
100
100
86
79
74
65
57
53
36
20
18
18
5
-5
-13
-24
-36
-39
-44
-52
-58
-66
-68
-76
-85
-88
-100
-110
-118
-128
-135
-154
-170
-165
-164
-171
-162
-163
-168
-159
-163
-167
-173
-174
-166
-175
-196
-197
-189
-199
-186
-173
-176
-157
-148
-141
-137
-150
-148
-140
-140
-134
-133
-123
-102
-88
-73
-67
-58
-40
-28
-15
-10
-8
2
4
8
16
20
42
59
71
74
85
102
106
112
124
136
136
136
144
143
148
156
165
176
173
178
187
186
182
187
195
190
188
176
169
168
167
182
171
162
164
157
155
137
129
137
128
117
107
104
96
71
68
68
60
51
34
26
20
12
6
-11
-24
-37
-44
-53
-61
-68
-81
-82
-81
-93
-102
-111
-122
-125
-140
-154
-160
-162
-162
-169
-163
-166
-173
-172
-170
-167
-169
-162
-161
-178
-185
-188
-194
-187
-174
-168
-152
-139
-139
-140
-143
-136
-131
-131
-124
-119
-111
-103
-95
-73
-63
-52
-33
-23
-23
-21
-16
-8
4
8
20
27
35
48
52
61
74
89
104
102
99
113
114
112
118
129
136
134
148
151
143
145
155
158
165
178
171
168
164
158
162
156
157
153
149
150
143
129
134
147
138
128
126
109
90
81
76
72
78
81
61
46
39
25
25
20
10
16
15
-2
-21
-34
-42
-52
-53
-59
-62
-59
-72
-76
-77
-86
-98
-104
-105
-118
-126
-128
-132
-133
-134
-134
-132
-129
-138
-134
-132
-152
-139
-139
-141
-137
-137
-130
-134
-134
-131
-128
-120
-112
-110
-100
-95
-96
-89
-78
-77
-76
-62
-59
-58
-54
-50
-36
-31
-20
-8
0
10
5
13
25
28
34
39
45
55
60
64
79
81
84
91
100
110
101
107
114
110
115
112
113
117
119
123
121
127
138
128
128
141
128
125
125
121
119
115
115
115
105
96
90
91
95
86
84
84
65
63
52
38
35
28
31
34
30
14
6
12
4
-12
-16
-20
-36
-43
-40
-49
-57
-54
-54
-60
-74
-86
-85
-92
-105
-98
-101
-108
-114
-116
-113
-113
-111
-111
-109
-114
-109
-115
-126
-123
-133
-129
-122
-128
-120
-108
-95
-94
-99
-92
-97
-91
-87
-91
-72
-64
-60
-55
-57
-44
-33
-32
-25
-9
-10
-12
-3
-4
10
8
10
22
28
33
39
51
55
68
74
78
79
80
84
80
96
94
95
102
90
94
101
107
106
107
113
117
116
102
98
101
106
100
95
109
100
93
103
93
86
86
82
74
59
57
53
37
39
42
37
45
36
33
37
20
13
10
4
-10
-9
-13
-27
-24
-31
-34
-31
-34
-39
-46
-43
-49
-62
-64
-62
-69
-80
-79
-77
-78
-77
-78
-79
-70
-74
-79
-75
-86
-87
-91
-91
-84
-93
-86
-83
-78
-75
-84
-68
-69
-69
-63
-71
-55
-57
-68
-55
-46
-48
-38
-36
-33
-27
-23
-17
-21
-13
-9
-17
-8
-4
-13
-4
10
5
17
33
25
30
39
37
31
36
41
34
48
49
46
53
47
56
60
52
58
63
67
61
55
54
55
60
52
57
63
57
58
59
56
53
58
52
47
48
40
31
28
32
35
31
28
30
32
25
20
28
26
16
22
14
4
4
4
6
3
-1
-6
-11
-13
-20
-24
-14
-9
-17
-19
-19
-26
-25
-28
-34
-27
-20
-21
-29
-32
-32
-31
-33
-33
-34
-41
-32
-30
-41
-44
-38
-33
-37
-41
-34
-29
-30
-28
-24
-24
-24
-25
-33
-31
-25
-27
-21
-16
-15
-15
-22
-18
-17
-20
-21
-13
-4
-9
-9
0
-2
3
3
0
6
0
-4
-2
-1
0
4
7
9
14
14
13
16
17
21
25
18
17
19
14
19
17
14
21
20
21
26
26
23
28
24
17
20
15
11
25
30
18
28
33
19
23
23
21
27
23
23
24
15
9
16
17
19
19
17
24
30
21
19
26
17
16
18
21
20
9
9
12
13
-1
-2
15
11
19
18
9
14
6
-6
-6
0
1
1
-3
4
1
-18
-15
-14
-12
-15
-15
-8
-10
-26
-26
-24
-36
-31
-25
-26
-22
-18
-23
-28
-28
-31
-31
-41
-42
-29
-43
-50
-37
-40
-34
-30
-39
-37
-32
-36
-38
-35
-23
-17
-21
-20
-22
-23
-25
-20
-15
-17
-13
-6
-14
-19
-7
4
4
2
12
14
13
4
7
16
20
24
27
41
30
30
38
32
35
31
35
39
34
40
44
45
47
39
48
47
40
41
33
48
49
36
42
44
40
38
33
26
30
31
18
20
28
22
22
21
17
19
11
2
4
5
1
-3
-10
-8
-6
-15
-23
-19
-8
-12
-20
-17
-17
-28
-38
-32
-34
-41
-33
-29
-33
-35
-34
-40
-43
-41
-45
-43
-36
-35
-34
-27
-30
-34
-32
-37
-40
-40
-39
-37
-32
-33
-34
-20
-32
-31
-17
-24
-21
-20
-18
-17
-19
-16
-8
-7
-10
-6
-6
1
3
3
12
11
5
3
1
-1
2
3
12
24
20
21
21
18
28
27
27
31
29
23
18
17
20
21
20
25
32
23
22
30
25
31
34
38
41
29
24
18
14
14
6
6
22
23
16
20
23
24
22
22
23
15
12
11
6
-2
1
13
13
11
14
10
12
5
-5
-2
-1
0
-5
-1
-1
2
8
-1
11
12
-2
3
-8
-10
-6
-14
-9
-8
-9
-8
-13
-12
-5
-5
-6
-4
-6
-8
-18
-16
-19
-20
-10
-13
-16
-10
-15
-23
-19
-19
-27
-20
-16
-23
-22
-25
-27
-27
-29
-31
-30
-24
-25
-26
-20
-16
-21
-18
-16
-19
-22
-30
-32
-25
-27
-34
-27
-17
-15
-23
-19
-10
-6
-8
-15
-1
2
-10
-15
-12
-9
-13
-5
-4
-3
14
11
4
19
20
10
11
14
12
4
12
22
11
17
27
29
24
25
33
30
28
31
34
34
27
31
35
27
23
23
28
24
17
27
35
34
32
41
45
36
30
27
16
17
18
2
6
17
13
21
19
17
29
20
10
11
4
-1
0
-1
-1
0
-3
-4
-4
-11
-11
-9
-5
-11
-12
-4
-5
-12
-16
-14
-17
-20
-23
-25
-20
-16
-24
-21
-20
-27
-26
-25
-30
-27
-20
-21
-22
-19
-14
-15
-20
-15
-18
-29
-20
-22
-30
-27
-17
-23
-22
-13
-16
-6
-6
-3
1
-7
-3
-6
-16
-14
-5
-10
-12
0
3
-5
-5
10
7
0
8
15
17
11
10
12
14
6
2
9
8
10
7
13
18
12
17
14
15
16
10
17
16
7
16
21
13
15
10
11
14
9
5
13
16
10
15
10
-2
7
14
0
5
18
9
6
5
6
9
6
3
3
3
-3
-6
-6
-2
4
3
3
3
0
-2
-7
-5
-5
-1
-2
-2
6
-2
-5
5
-5
-13
-5
-12
-12
-6
-8
-1
1
3
-2
-5
-1
-8
-10
-4
-8
-8
-1
-4
-7
1
0
-3
-7
-3
-1
-3
3
5
3
6
-1
-8
-4
-3
-10
-9
3
4
-6
0
5
-1
3
7
2
5
7
0
-1
1
-3
-4
-1
-5
-4
-3
1
0
3
3
0
4
-6
-10
-4
-5
-6
-8
1
-1
-7
-2
-5
-3
-5
-10
-5
-10
-15
-9
-13
-19
-7
-6
-14
-8
2
-3
-5
-4
-7
-7
-11
-10
-15
-10
-4
-15
-7
-10
-11
-1
-8
1
5
5
8
-1
-2
3
-3
-9
-3
-2
-4
-7
-2
9
13
17
18
25
20
10
15
8
5
10
6
2
4
9
10
7
17
27
21
20
21
20
18
12
17
14
10
19
12
13
23
16
14
13
9
9
2
0
0
5
12
4
9
17
12
11
8
0
2
-1
-13
-12
-10
-11
-9
-5
-13
-8
1
-11
-20
-13
-15
-21
-19
-15
-10
-4
-9
-14
-19
-29
-25
-35
-33
-25
-25
-16
-20
-20
-15
-19
-17
-13
-19
-24
-15
-18
-25
-22
-17
-13
-13
-20
-14
-10
-11
-10
-12
-5
-4
-8
-3
-9
4
10
-1
8
6
8
8
-7
4
10
3
3
5
10
14
15
16
27
30
25
20
16
20
15
7
12
16
16
18
18
21
29
27
17
21
24
14
14
13
16
19
16
13
16
19
14
12
14
11
6
3
6
3
1
11
6
2
4
-2
3
-1
-1
8
1
0
-3
-7
-14
-11
-11
-16
-13
-16
-16
-8
-12
-14
1
0
-8
0
-18
-21
-9
-29
-25
-17
-18
-14
-19
-11
-10
-14
-10
-9
-8
-11
-12
-3
-4
-16
-7
-7
-13
-11
-17
-7
-1
-5
-3
0
8
2
-3
6
11
6
5
2
