-9
-8
-11
-8
-9
-11
0
2
-3
-2
2
-1
4
7
3
-1
-3
-3
-11
-9
-6
1
11
6
10
9
3
9
5
5
3
7
14
3
1
5
4
2
3
7
9
5
4
3
2
6
3
0
2
-2
-7
-5
6
6
-2
-6
2
5
-4
4
5
3
5
-9
-8
-12
-11
4
-6
-8
1
6
7
6
2
-5
-4
-7
-5
-8
-9
-5
-6
-5
-3
-6
-9
1
5
-6
-6
-5
-4
-3
-9
-3
5
6
9
5
-8
0
16
5
1
0
-6
-5
-2
1
-4
-7
3
2
-2
8
8
-1
4
14
6
5
2
-5
0
-1
-7
-17
-16
0
-4
-8
0
4
15
6
-3
6
8
10
6
-3
-7
-11
-7
-12
-17
-9
-17
-22
-9
2
1
2
6
1
6
5
-4
2
12
4
-3
-5
7
7
-2
9
13
6
13
11
2
9
4
2
8
4
7
13
16
17
14
12
8
5
4
1
7
-1
-4
5
-3
2
4
-4
-8
-10
2
-1
-8
-2
0
5
0
-8
-6
-8
-7
-1
-8
-10
-9
-7
-8
-12
-15
-13
-7
-6
-7
-5
-4
-6
-9
-7
-10
-7
-10
-11
-3
-7
-4
1
7
4
-5
10
10
3
3
-5
4
7
7
10
2
-12
-13
0
3
9
6
2
0
-9
-2
4
15
8
4
15
-1
-10
-6
-4
5
8
-6
-3
3
0
8
1
1
5
-2
-2
1
3
-5
-3
6
-2
-1
7
16
21
8
4
6
2
7
3
-3
5
1
-13
-13
-8
1
6
1
-3
-7
-2
-3
-11
-6
-9
-10
-6
-9
-9
-7
5
8
-6
-8
-6
-6
-3
-8
-7
-4
0
-4
-9
-3
-7
-10
0
3
-9
-9
-2
-2
-10
-13
-2
-5
-6
1
-4
-5
-3
-3
8
2
0
9
-1
11
15
-3
2
-3
-11
1
8
6
0
3
3
-2
2
1
-2
3
13
13
8
12
10
11
17
13
13
12
8
17
19
14
22
14
7
13
8
0
1
-3
4
5
3
8
2
3
-3
-1
-4
-8
9
2
0
8
1
2
1
-3
-5
-3
0
-8
-1
-2
-19
-13
-14
-21
-8
0
-6
-1
-3
-16
-6
3
0
-6
-17
-18
-15
-11
-10
-7
-9
-17
-14
-8
-14
-16
-11
-14
-14
-18
-14
-5
-7
-14
-15
-6
-2
-8
-6
-3
4
12
9
-2
0
4
1
6
15
7
0
3
5
3
-4
4
2
4
10
0
5
7
-1
9
6
-2
9
11
6
13
18
14
9
7
3
-3
-5
10
15
3
3
7
11
6
7
10
5
16
7
7
10
2
9
7
9
11
7
3
4
0
0
9
4
1
1
4
1
2
7
-4
-1
2
4
9
6
8
5
1
3
9
4
3
9
-2
4
8
0
2
-2
-15
-4
2
-11
-12
-13
-10
-9
-17
-10
-8
-15
-22
-17
-14
-17
-12
-12
-15
-14
-14
-8
-13
-12
1
-2
-14
-14
-2
-3
-10
-9
-19
-16
-4
-4
-3
-9
-15
-13
-9
-11
-9
-1
-5
-3
5
3
8
5
-3
2
0
2
8
9
11
4
2
-1
3
5
-3
9
16
4
2
4
13
18
10
11
19
20
17
9
3
14
16
9
16
11
7
15
10
12
10
10
19
7
10
11
10
10
4
8
5
8
4
5
8
-7
-5
7
5
-2
4
12
5
6
4
-9
-5
1
-11
-1
11
-1
-11
-2
0
-9
6
10
1
-4
-6
-2
-11
-14
-4
-3
-3
6
-1
-12
-8
-14
-19
-8
-8
-12
-9
-11
-7
-6
-1
-5
-22
-8
-16
-19
-8
-18
-13
-15
-17
-10
-15
-11
-11
-4
3
-5
1
-3
-8
-10
-8
-4
-10
-8
0
-1
-5
0
6
3
5
3
0
0
-1
-2
-2
1
1
1
3
-3
-5
7
9
14
6
5
15
4
16
21
14
20
13
4
8
22
20
12
12
17
22
17
14
12
2
6
13
9
10
13
11
11
7
7
10
-1
-9
6
2
-11
-6
-2
3
4
0
0
5
12
3
1
-5
-7
7
-5
-9
1
-5
-10
-5
-6
-17
-6
-4
-11
2
-1
4
-1
-11
-6
-15
-18
-9
-1
3
-11
-13
-6
-10
-9
-9
-12
-8
-4
-7
-7
-2
-3
-3
-7
-11
-15
-16
-14
-20
-16
-15
-14
-3
1
16
6
0
4
-8
5
10
5
10
8
7
1
0
5
-1
3
4
-9
-6
2
-3
-4
3
6
7
-4
-5
9
7
4
7
6
3
12
6
2
14
13
13
14
14
8
4
9
5
4
-1
-3
3
3
4
3
0
-8
-6
2
3
0
-2
-1
3
-1
-5
9
6
-3
5
4
0
-1
5
13
11
10
15
5
0
8
5
5
3
-3
3
2
-3
-2
1
-2
-3
6
-1
-5
-2
-4
-3
-3
-6
-3
-2
-5
1
0
0
3
-7
-1
4
0
-2
-4
4
0
-1
5
3
10
7
-1
7
5
-1
3
9
8
6
2
7
9
-2
3
6
-2
-1
-3
-6
-2
-5
0
-2
0
6
6
4
-5
-5
3
4
1
8
2
-6
2
-3
-1
6
14
7
-3
-5
-5
1
0
0
-6
-2
-5
-8
-1
-6
2
-3
-11
-3
-9
-3
-4
-10
2
5
-4
-9
-14
-14
-8
-7
0
-6
-14
-9
-8
-7
-4
-4
1
-3
1
-1
-7
-2
-1
0
-3
-4
-8
-15
-11
-11
-10
-2
-1
2
4
2
2
-3
1
2
2
12
3
2
0
-9
-1
3
4
-3
-1
6
6
1
-2
5
0
4
15
11
6
10
12
11
13
13
14
21
20
12
1
3
8
-1
5
9
8
7
6
11
11
8
8
4
2
5
5
4
5
5
6
4
5
5
10
22
19
16
13
-3
-8
-13
-13
-7
5
7
9
6
-8
-13
-20
-27
-22
-19
1
16
0
-5
-25
-34
-28
-24
-6
-2
2
6
0
-9
-8
-16
-12
3
4
13
1
-18
-17
-27
-37
-33
-18
-16
-11
-3
-7
-5
-13
-14
-3
-11
-1
13
9
5
-3
-14
-19
-21
-30
-26
-15
-8
1
1
-1
-2
-7
2
13
13
14
12
2
9
14
13
12
3
5
0
3
12
15
22
23
24
27
25
16
17
22
17
21
23
15
1
-5
-6
6
20
28
34
29
29
16
-4
-2
12
28
39
40
36
9
-7
-15
-35
-26
-5
4
17
14
1
-7
-13
-18
-11
-1
4
5
-1
-17
-28
-24
-27
-34
-37
-29
-19
-21
-19
-18
-15
-4
-6
-13
-10
-18
-17
-12
-10
9
4
-10
-13
-18
-23
-22
-19
-31
-31
-34
-32
-28
-13
10
5
11
14
11
14
6
14
33
48
49
45
34
18
5
-16
-22
-14
-2
6
18
33
27
18
8
0
-8
-13
-16
-13
-10
-5
10
14
11
20
36
55
57
45
43
36
44
57
67
86
89
70
4
-115
-269
-394
-418
-310
-116
83
202
207
131
10
-111
-133
-57
101
319
488
546
433
173
-129
-382
-476
-397
-206
9
148
179
96
-35
-137
-191
-160
-35
112
224
283
276
220
162
101
41
-12
-68
-106
-129
-141
-132
-105
-42
27
47
11
-66
-150
-177
-132
-53
41
113
149
162
133
64
-16
-77
-100
-75
-13
51
85
91
78
34
-5
-58
-125
-172
-196
-176
-154
-122
-86
-82
-63
-43
-46
-63
-118
-174
-179
-138
-58
44
149
220
226
175
65
-64
-162
-200
-146
-32
94
187
203
159
68
-37
-108
-112
-49
33
100
139
136
112
75
46
42
12
-37
-62
-71
-64
-31
32
106
185
239
247
207
132
67
47
111
222
318
389
386
314
230
141
80
79
134
206
261
287
265
210
154
96
54
44
29
24
35
18
-51
-135
-178
-197
-187
-158
-154
-164
-200
-245
-286
-336
-384
-441
-475
-496
-519
-534
-579
-646
-707
-754
-784
-782
-781
-790
-761
-716
-661
-600
-558
-508
-454
-382
-276
-182
-94
6
107
204
282
351
398
430
473
530
598
642
666
685
691
710
735
744
748
759
786
822
848
867
856
794
731
657
588
587
609
642
690
719
722
695
651
604
570
561
599
701
804
856
797
567
235
-129
-468
-719
-931
-1129
-1299
-1438
-1526
-1612
-1740
-1926
-2147
-2299
-2317
-2210
-2017
-1797
-1563
-1321
-1037
-731
-438
-213
-79
37
168
342
558
786
993
1178
1353
1487
1538
1493
1386
1228
1079
989
941
918
884
805
641
401
81
-285
-634
-922
-1111
-1232
-1295
-1311
-1303
-1270
-1254
-1265
-1273
-1260
-1201
-1078
-918
-710
-433
-129
176
484
751
944
1085
1195
1269
1337
1413
1500
1619
1730
1803
1776
1639
1443
1236
1092
966
837
710
581
501
498
531
537
511
509
576
718
825
743
407
-117
-632
-992
-1198
-1330
-1498
-1712
-1900
-1988
-2002
-2047
-2190
-2422
-2600
-2593
-2380
-2016
-1631
-1295
-987
-671
-283
142
472
665
756
830
1004
1276
1557
1776
1865
1864
1841
1811
1774
1700
1542
1321
1137
1031
981
934
794
545
261
-14
-275
-583
-998
-1451
-1850
-2091
-2134
-2060
-1983
-1984
-2011
-2006
-1933
-1819
-1741
-1686
-1589
-1338
-914
-384
136
534
790
964
1134
1265
1321
1309
1264
1305
1489
1746
1958
2014
1910
1723
1572
1479
1348
1127
846
621
562
701
935
1098
1177
1220
1320
1495
1590
1423
921
222
-406
-798
-996
-1143
-1401
-1775
-2067
-2173
-2135
-2112
-2282
-2624
-2951
-3034
-2799
-2382
-1965
-1672
-1446
-1128
-621
-28
419
639
690
732
930
1270
1607
1780
1746
1647
1617
1678
1735
1689
1505
1263
1148
1181
1289
1334
1155
817
449
152
-45
-253
-546
-913
-1264
-1470
-1499
-1474
-1539
-1698
-1893
-2031
-2016
-1902
-1811
-1757
-1670
-1452
-1054
-553
-58
301
474
559
634
692
727
735
741
823
1036
1320
1563
1656
1578
1420
1283
1194
1109
974
787
639
658
844
1112
1347
1470
1564
1728
1968
2162
2116
1730
1072
395
-113
-478
-825
-1245
-1710
-2079
-2216
-2167
-2135
-2309
-2697
-3118
-3361
-3334
-3109
-2850
-2629
-2385
-2014
-1427
-731
-174
158
312
419
617
913
1237
1439
1486
1516
1619
1831
2063
2188
2149
1996
1853
1792
1797
1778
1604
1278
937
659
455
249
-65
-509
-1014
-1428
-1648
-1739
-1847
-2016
-2213
-2345
-2293
-2099
-1888
-1730
-1601
-1392
-1042
-563
-69
302
529
691
855
1046
1218
1300
1309
1318
1427
1637
1837
1942
1920
1841
1765
1687
1562
1309
961
679
560
618
782
936
1025
1129
1345
1603
1732
1548
969
185
-550
-1093
-1460
-1787
-2170
-2533
-2701
-2611
-2358
-2189
-2288
-2585
-2893
-3013
-2912
-2689
-2444
-2258
-2018
-1554
-852
-93
502
835
967
1069
1249
1470
1594
1542
1364
1219
1239
1403
1602
1706
1657
1553
1483
1465
1450
1307
975
557
203
-13
-163
-351
-648
-1047
-1375
-1540
-1551
-1511
-1551
-1674
-1793
-1771
-1579
-1319
-1076
-895
-716
-423
19
517
926
1174
1274
1301
1316
1321
1268
1153
1061
1067
1194
1384
1511
1507
1417
1317
1221
1060
786
427
79
-119
-89
109
339
562
819
1150
1519
1749
1629
1082
291
-467
-1038
-1431
-1756
-2120
-2447
-2547
-2379
-2058
-1794
-1781
-1980
-2199
-2281
-2215
-2100
-2021
-1944
-1757
-1327
-629
144
762
1166
1408
1586
1769
1886
1844
1627
1329
1105
1037
1086
1175
1218
1203
1182
1197
1242
1220
1046
690
250
-148
-488
-779
-1079
-1391
-1651
-1829
-1867
-1796
-1746
-1767
-1831
-1846
-1767
-1629
-1434
-1234
-1004
-666
-224
287
775
1171
1447
1631
1748
1782
1714
1561
1391
1307
1354
1486
1601
1637
1626
1611
1601
1540
1344
987
566
223
65
91
184
299
472
765
1195
1626
1832
1595
953
159
-567
-1159
-1677
-2208
-2743
-3085
-3091
-2795
-2372
-2088
-2035
-2107
-2152
-2084
-1981
-1962
-2003
-2000
-1788
-1232
-457
287
872
1294
1640
1967
2238
2342
2168
1790
1393
1107
971
926
912
897
930
1051
1241
1409
1406
1166
741
283
-119
-501
-942
-1417
-1848
-2182
-2289
-2177
-2012
-1903
-1853
-1835
-1783
-1653
-1537
-1493
-1466
-1340
-1004
-456
206
817
1281
1649
1965
2188
2265
2156
1882
1593
1443
1471
1585
1653
1667
1696
1787
1918
1948
1734
1303
810
416
226
177
168
221
395
764
1267
1687
1747
1326
609
-194
-971
-1680
-2377
-3095
-3689
-3940
-3778
-3320
-2825
-2478
-2298
-2179
-2009
-1821
-1728
-1764
-1858
-1873
-1602
-1000
-268
412
1002
1529
2050
2544
2881
2939
2690
2227
1766
1419
1164
981
852
801
894
1121
1407
1627
1624
1374
962
480
-14
-559
-1166
-1760
-2259
-2573
-2635
-2506
-2315
-2141
-1994
-1875
-1745
-1607
-1523
-1457
-1391
-1256
-957
-492
74
633
1140
1595
1979
2255
2370
2305
2108
1874
1690
1594
1552
1534
1548
1612
1751
1891
1895
1720
1400
1037
757
572
412
266
190
300
647
1093
1406
1348
910
324
-295
-925
-1583
-2347
-3182
-3846
-4103
-3963
-3603
-3226
-2951
-2697
-2357
-1952
-1592
-1432
-1464
-1557
-1564
-1279
-759
-209
305
827
1396
2009
2601
3042
3189
3016
2672
2287
1894
1492
1108
810
662
702
908
1206
1459
1514
1348
1073
700
192
-442
-1140
-1839
-2474
-2892
-3034
-2980
-2823
-2623
-2368
-2068
-1772
-1543
-1381
-1285
-1241
-1152
-899
-487
-35
419
894
1374
1812
2163
2380
2421
2336
2232
2129
2011
1883
1745
1618
1601
1683
1741
1709
1574
1376
1190
1069
980
834
678
592
646
860
1121
1194
907
436
-41
-561
-1107
-1659
-2335
-3079
-3625
-3827
-3724
-3522
-3381
-3236
-3011
-2658
-2226
-1842
-1576
-1478
-1478
-1359
-985
-510
-132
237
710
1233
1787
2367
2822
2967
2836
2625
2401
2084
1673
1230
855
662
635
771
1052
1291
1336
1268
1183
962
499
-146
-859
-1614
-2330
-2825
-3061
-3142
-3107
-2947
-2645
-2243
-1835
-1510
-1281
-1103
-988
-869
-621
-297
6
332
751
1219
1636
1990
2246
2338
2336
2326
2299
2231
2090
1901
1718
1635
1653
1642
1554
1403
1245
1140
1116
1137
1073
946
901
976
1141
1331
1300
902
376
-113
-605
-1118
-1653
-2272
-2975
-3482
-3623
-3558
-3444
-3365
-3291
-3098
-2751
-2331
-1973
-1728
-1604
-1547
-1359
-935
-500
-216
81
484
949
1488
2089
2554
2722
2663
2536
2393
2166
1824
1404
1025
796
719
806
1039
1233
1242
1189
1179
1050
658
95
-556
-1308
-2042
-2566
-2898
-3112
-3190
-3102
-2819
-2407
-1989
-1635
-1338
-1067
-878
-693
-415
-160
15
248
622
1020
1350
1654
1912
2053
2143
2249
2309
2260
2116
1900
1673
1549
1486
1387
1259
1110
937
834
865
923
906
840
832
909
1053
1253
1305
989
472
0
-455
-928
-1405
-1967
-2619
-3124
-3314
-3277
-3143
-3067
-3067
-2971
-2697
-2311
-1963
-1712
-1567
-1524
-1390
-999
-530
-216
37
407
859
1362
1929
2408
2609
2589
2511
2410
2255
1972
1569
1202
982
899
933
1112
1314
1354
1316
1325
1237
873
324
-273
-971
-1715
-2293
-2700
-3007
-3196
-3222
-3035
-2720
-2369
-2018
-1679
-1332
-1056
-850
-595
-335
-173
-3
302
644
932
1256
1598
1859
2034
2214
2394
2454
2397
2263
2065
1860
1677
1490
1312
1137
908
742
770
880
923
937
1016
1118
1231
1417
1504
1229
676
133
-357
-856
-1368
-1941
-2582
-3133
-3407
-3402
-3262
-3165
-3172
-3114
-2836
-2417
-2073
-1833
-1663
-1623
-1568
-1266
-812
-469
-222
132
612
1147
1705
2216
2542
2607
2552
2514
2403
2128
1702
1287
1028
896
876
1014
1243
1365
1378
1431
1414
1139
634
34
-627
-1377
-2070
-2579
-2966
-3246
-3338
-3199
-2895
-2535
-2178
-1790
-1381
-1063
-821
-559
-302
-124
32
300
619
883
1164
1514
1838
2047
2235
2437
2545
2497
2374
2266
2102
1887
1686
1473
1225
933
715
665
711
737
741
827
987
1158
1354
1503
1349
830
251
-217
-717
-1315
-1935
-2551
-3124
-3467
-3488
-3324
-3201
-3184
-3108
-2836
-2441
-2083
-1842
-1685
-1595
-1544
-1305
-853
-469
-264
-5
485
1028
1520
1999
2387
2518
2452
2423
2379
2145
1743
1342
1072
923
868
929
1118
1303
1359
1398
1487
1383
967
433
-130
-818
-1575
-2185
-2621
-2993
-3241
-3210
-2977
-2688
-2354
-1951
-1516
-1152
-854
-592
-339
-113
28
189
445
683
867
1127
1463
1708
1872
2083
2279
2322
2269
2221
2101
1859
1605
1382
1134
833
565
442
456
520
574
695
887
1061
1262
1511
1615
1317
767
294
-179
-785
-1399
-1973
-2573
-3093
-3302
-3196
-3028
-2964
-2908
-2688
-2338
-2012
-1780
-1595
-1476
-1500
-1463
-1150
-755
-545
-366
46
576
1069
1572
2067
2388
2445
2423
2451
2350
2013
1590
1270
1068
894
821
958
1158
1264
1336
1483
1557
1315
835
325
-283
-1072
-1829
-2409
-2890
-3301
-3535
-3455
-3180
-2893
-2510
-2021
-1564
-1202
-883
-538
-255
-118
-11
191
405
576
803
1135
1456
1675
1910
2208
2451
2543
2527
2484
2332
2048
1771
1549
1267
889
591
492
496
522
626
823
1021
1192
1419
1664
1661
1271
738
246
-321
-986
-1638
-2242
-2831
-3310
-3462
-3304
-3146
-3085
-2937
-2638
-2293
-2018
-1797
-1617
-1557
-1580
-1458
-1111
-775
-575
-324
139
673
1179
1711
2206
2503
2553
2574
2622
2479
2118
1705
1386
1147
949
892
996
1130
1198
1269
1406
1431
1169
722
208
-438
-1208
-1930
-2508
-3024
-3459
-3653
-3558
-3312
-2996
-2588
-2095
-1595
-1161
-751
-361
-79
74
198
374
548
691
893
1164
1420
1649
1928
2232
2429
2508
2508
2432
2254
1971
1698
1447
1115
732
454
329
295
313
425
624
816
1040
1358
1614
1600
1290
855
409
-155
-792
-1400
-2043
-2679
-3139
-3283
-3182
-3064
-2978
-2782
-2428
-2079
-1807
-1550
-1378
-1351
-1369
-1237
-987
-813
-698
-456
-18
483
990
1535
2023
2314
2423
2521
2596
2439
2050
1635
1317
1042
826
789
884
974
1046
1171
1332
1356
1120
729
290
-263
-939
-1605
-2176
-2726
-3237
-3499
-3477
-3319
-3091
-2741
-2255
-1756
-1298
-843
-416
-105
93
273
465
646
794
920
1119
1363
1578
1803
2062
2280
2357
2351
2326
2220
2016
1781
1509
1170
807
510
317
211
191
240
362
584
890
1215
1489
1625
1540
1243
832
355
-243
-921
-1606
-2267
-2805
-3116
-3216
-3194
-3072
-2878
-2653
-2367
-2045
-1780
-1619
-1522
-1475
-1435
-1352
-1216
-1021
-775
-437
11
522
1069
1604
2040
2335
2535
2613
2539
2352
2074
1751
1449
1234
1105
1052
1120
1241
1343
1422
1447
1358
1133
777
264
-385
-1109
-1825
-2472
-2997
-3377
-3618
-3662
-3510
-3178
-2734
-2244
-1736
-1293
-887
-474
-105
151
306
444
579
729
937
1176
1403
1597
1796
2025
2247
2390
2400
2325
2218
2027
1764
1495
1218
882
540
338
273
293
372
521
752
1001
1261
1516
1679
1621
1307
886
413
-155
-815
-1495
-2131
-2716
-3133
-3279
-3241
-3153
-3048
-2859
-2544
-2200
-1909
-1679
-1536
-1478
-1453
-1360
-1152
-947
-769
-481
-46
452
979
1519
1985
2285
2434
2523
2551
2418
2132
1813
1539
1290
1097
1048
1094
1150
1180
1230
1301
1241
1002
645
167
-454
-1138
-1740
-2251
-2728
-3110
-3310
-3309
-3171
-2904
-2524
-2117
-1691
-1275
-851
-409
-69
150
359
581
757
870
1008
1174
1283
1386
1548
1721
1847
1915
1969
2003
1936
1778
1600
1402
1153
857
577
380
252
179
234
408
585
777
1062
1371
1580
1658
1570
1286
877
379
-202
-837
-1498
-2120
-2637
-2960
-3098
-3116
-3023
-2847
-2596
-2293
-1985
-1704
-1525
-1436
-1372
-1335
-1288
-1167
-978
-765
-482
-62
431
934
1441
1852
2103
2248
2318
2297
2161
1933
1674
1427
1247
1182
1176
1206
1261
1271
1276
1289
1193
933
541
68
-451
-1001
-1506
-1944
-2384
-2764
-2987
-3036
-2944
-2768
-2540
-2269
-1923
-1518
-1097
-690
-319
-24
209
460
699
854
949
1010
1063
1140
1273
1432
1548
1638
1724
1777
1809
1805
1704
1506
1283
1065
851
661
489
367
328
413
600
827
1098
1351
1574
1768
1843
1702
1367
938
409
-213
-868
-1509
-2118
-2650
-2983
-3086
-3052
-2982
-2869
-2669
-2413
-2139
-1903
-1750
-1654
-1624
-1579
-1403
-1144
-913
-719
-418
5
455
913
1351
1690
1865
1976
2118
2209
2150
1959
1757
1607
1492
1425
1383
1315
1208
1103
1062
1039
890
605
267
-79
-440
-828
-1216
-1654
-2145
-2545
-2754
-2814
-2826
-2796
-2659
-2383
-1988
-1505
-988
-558
-213
101
389
652
805
829
799
792
841
926
1050
1154
1218
1336
1531
1734
1852
1868
1787
1611
1432
1273
1091
838
562
380
349
463
660
891
1119
1332
1576
1830
1977
1902
1568
1083
547
-36
-652
-1258
-1876
-2482
-2917
-3093
-3086
-3046
-2987
-2831
-2601
-2332
-2040
-1769
-1600
-1529
-1474
-1329
-1110
-922
-772
-584
-291
79
493
939
1324
1572
1759
1985
2170
2202
2086
1898
1668
1421
1239
1116
996
850
730
734
823
866
800
649
434
137
-214
-600
-1048
-1572
-2089
-2462
-2651
-2734
-2740
-2623
-2380
-2028
-1577
-1078
-629
-322
-113
79
247
347
340
295
275
273
364
556
771
958
1123
1344
1579
1730
1802
1779
1675
1520
1330
1176
1012
802
634
594
664
775
951
1179
1414
1642
1863
2089
2201
2097
1798
1405
952
374
-294
-961
-1631
-2262
-2725
-2957
-3048
-3104
-3089
-2908
-2635
-2381
-2140
-1934
-1795
-1728
-1660
-1526
-1390
-1315
-1246
-1039
-692
-316
116
615
1080
1458
1788
2101
2309
2278
2089
1893
1686
1446
1220
1086
1018
972
1001
1152
1327
1375
1291
1139
927
583
89
-437
-982
-1605
-2181
-2556
-2776
-2959
-3052
-2930
-2651
-2323
-1944
-1518
-1118
-799
-535
-279
-48
69
87
118
198
288
371
525
718
882
1083
1345
1613
1794
1853
1885
1895
1805
1663
1511
1312
1077
875
786
789
832
919
1076
1312
1559
1786
2015
2174
2145
1927
1605
1192
642
-13
-691
-1366
-2006
-2536
-2863
-3041
-3159
-3169
-3054
-2843
-2583
-2328
-2110
-1956
-1873
-1805
-1702
-1592
-1516
-1430
-1255
-982
-626
-221
211
633
999
1325
1638
1898
2024
2026
1960
1864
1760
1668
1600
1564
1537
1517
1546
1599
1604
1534
1384
1151
851
486
51
-438
-972
-1500
-1956
-2346
-2665
-2889
-3031
-3067
-2962
-2746
-2457
-2133
-1784
-1406
-1030
-670
-352
-99
84
226
366
522
673
789
917
1089
1279
1461
1635
1787
1878
1899
1914
1905
1806
1662
1515
1374
1251
1122
1023
1005
1043
1126
1278
1488
1701
1857
1975
2075
2056
1834
1490
1090
583
-21
-634
-1216
-1793
-2314
-2685
-2896
-3024
-3109
-3116
-3023
-2852
-2678
-2508
-2307
-2134
-2014
-1924
-1782
-1620
-1510
-1373
-1150
-854
-526
-127
362
823
1218
1587
1925
2166
2291
2316
2282
2213
2080
1939
1857
1801
1722
1654
1634
1611
1514
1345
1138
846
449
-2
-477
-1012
-1614
-2174
-2633
-2999
-3276
-3430
-3427
-3283
-3029
-2670
-2220
-1747
-1308
-899
-517
-186
42
196
326
407
456
532
662
812
966
1121
1301
1513
1688
1830
1944
1998
1982
1905
1822
1727
1569
1370
1194
1061
975
972
1052
1176
1316
1498
1744
1985
2154
2203
2069
1770
1370
868
261
-413
-1116
-1822
-2426
-2854
-3143
-3312
-3377
-3323
-3157
-2930
-2650
-2400
-2225
-2100
-2014
-1950
-1882
-1814
-1762
-1682
-1478
-1151
-742
-249
301
852
1379
1875
2318
2627
2760
2767
2712
2581
2374
2161
1961
1785
1653
1568
1539
1516
1440
1314
1149
920
563
88
-442
-1018
-1623
-2205
-2713
-3113
-3439
-3639
-3647
-3488
-3210
-2850
-2408
-1895
-1385
-916
-493
-156
60
187
282
334
345
340
350
439
609
838
1117
1426
1735
1995
2219
2406
2481
2430
2263
2056
1840
1594
1362
1155
996
937
1012
1187
1420
1667
1885
2103
2293
2378
2303
2020
1550
988
348
-330
-1005
-1704
-2353
-2881
-3201
-3333
-3375
-3342
-3261
-3116
-2918
-2695
-2499
-2396
-2367
-2376
-2348
-2248
-2125
-1991
-1789
-1463
-1009
-464
146
768
1326
1805
2249
2617
2825
2877
2786
2618
2442
2259
2095
1966
1858
1793
1802
1857
1887
1824
1660
1404
1051
611
85
-532
-1225
-1922
-2539
-3042
-3426
-3689
-3825
-3802
-3615
-3269
-2829
-2388
-1977
-1598
-1254
-946
-714
-579
-511
-465
-407
-293
-90
136
380
699
1073
1486
1889
2206
2458
2636
2713
2722
2642
2465
2201
1928
1718
1567
1440
1345
1340
1431
1567
1742
1945
2089
2153
2155
2107
1984
1704
1260
729
164
-424
-996
-1521
-2010
-2460
-2825
-3032
-3109
-3158
-3203
-3201
-3142
-3074
-2987
-2865
-2758
-2667
-2561
-2379
-2088
-1762
-1445
-1064
-619
-149
372
908
1404
1800
2084
2330
2545
2662
2668
2596
2504
2403
2319
2297
2299
2288
2243
2207
2182
2082
1898
1600
1199
713
151
-432
-1034
-1660
-2277
-2818
-3224
-3519
-3692
-3755
-3731
-3611
-3403
-3107
-2782
-2478
-2211
-1955
-1692
-1422
-1170
-936
-692
-458
-186
162
534
896
1245
1578
1913
2248
2525
2730
2871
2923
2906
2861
2794
2671
2485
2290
2118
1985
1885
1802
1737
1665
1607
1583
1563
1519
1426
1266
1083
877
618
291
-104
-546
-1017
-1477
-1900
-2286
-2676
-3006
-3229
-3377
-3427
-3417
-3370
-3284
-3172
-3008
-2798
-2567
-2323
-2086
-1835
-1502
-1111
-719
-316
104
533
960
1389
1804
2131
2378
2576
2734
2852
2900
2881
2818
2740
2657
2576
2512
2423
2262
2062
1869
1630
1309
919
464
-47
-598
-1141
-1660
-2172
-2679
-3130
-3481
-3741
-3911
-4013
-4040
-3955
-3796
-3582
-3275
-2906
-2535
-2171
-1779
-1356
-941
-546
-176
161
498
852
1217
1571
1896
2191
2473
2760
3017
3217
3339
3358
3297
3194
3049
2859
2617
2331
2077
1861
1681
1540
1390
1245
1123
1006
910
816
671
483
296
103
-77
-272
-532
-809
-1101
-1380
-1627
-1863
-2115
-2397
-2639
-2813
-2933
-2999
-3039
-3049
-3004
-2880
-2672
-2419
-2148
-1858
-1539
-1174
-772
-375
-1
356
695
1029
1371
1708
1993
2201
2377
2557
2726
2845
2907
2920
2891
2849
2795
2695
2556
2352
2077
1776
1452
1071
619
117
-419
-960
-1491
-1976
-2416
-2852
-3255
-3573
-3800
-3959
-4050
-4094
-4103
-4027
-3844
-3590
-3276
-2920
-2520
-2057
-1538
-976
-422
114
605
1060
1510
1911
2245
2521
2739
2919
3059
3163
3247
3277
3235
3170
3092
2985
2839
2635
2400
2159
1893
1608
1329
1065
784
501
280
98
-78
-233
-344
-419
-493
-535
-551
-581
-664
-795
-912
-1048
-1236
-1463
-1713
-1964
-2221
-2429
-2551
-2634
-2691
-2696
-2594
-2387
-2130
-1846
-1531
-1192
-865
-540
-185
150
419
644
878
1151
1421
1656
1895
2105
2274
2441
2592
2689
2694
2625
2519
2397
2226
1972
1708
1439
1131
823
526
231
-88
-461
-819
-1128
-1474
-1847
-2207
-2565
-2892
-3207
-3470
-3663
-3824
-3900
-3871
-3739
-3521
-3222
-2843
-2402
-1917
-1418
-891
-359
133
591
1012
1420
1769
2058
2338
2582
2778
2941
3064
3153
3200
3188
3128
3033
2853
2607
2345
2044
1725
1401
1066
772
512
264
78
-56
-189
-312
-419
-496
-567
-635
-685
-743
-776
-769
-736
-681
-634
-632
-637
-625
-651
-726
-841
-996
-1187
-1366
-1492
-1597
-1683
-1725
-1698
-1593
-1416
-1182
-908
-610
-313
-11
292
566
783
936
1050
1150
1238
1288
1336
1365
1385
1436
1485
1530
1564
1585
1595
1563
1502
1403
1254
1054
816
553
249
-97
-463
-841
-1189
-1507
-1819
-2097
-2333
-2542
-2701
-2806
-2872
-2926
-2975
-2973
-2908
-2802
-2681
-2506
-2263
-1977
-1617
-1196
-729
-247
222
708
1201
1670
2077
2406
2655
2833
2939
2960
2939
2848
2677
2509
2347
2180
2006
1837
1686
1518
1355
1208
1047
851
617
383
150
-95
-348
-602
-835
-1047
-1210
-1281
-1276
-1233
-1141
-985
-762
-492
-227
15
213
338
392
393
341
209
13
-221
-453
-652
-821
-944
-1022
-1057
-1028
-937
-785
-610
-446
-292
-144
-24
64
127
151
152
140
138
162
212
301
409
552
719
880
1034
1165
1269
1299
1251
1169
1024
828
581
302
35
-259
-521
-743
-957
-1130
-1286
-1419
-1521
-1622
-1733
-1854
-1990
-2128
-2252
-2366
-2444
-2493
-2493
-2388
-2190
-1909
-1559
-1158
-691
-189
317
815
1269
1651
1964
2210
2405
2534
2572
2540
2472
2367
2243
2114
1964
1809
1655
1511
1389
1256
1095
918
723
512
270
5
-245
-508
-768
-978
-1132
-1226
-1274
-1260
-1180
-1031
-822
-577
-287
14
300
571
835
1055
1178
1222
1185
1084
948
752
527
290
41
-172
-343
-476
-584
-672
-746
-780
-769
-766
-758
-744
-749
-748
-725
-697
-672
-643
-595
-515
-402
-265
-92
69
224
392
560
711
802
840
828
787
724
634
516
374
227
89
-29
-131
-237
-363
-515
-661
-814
-1005
-1203
-1425
-1674
-1906
-2114
-2274
-2393
-2455
-2441
-2351
-2167
-1899
-1544
-1143
-724
-281
164
600
986
1318
1605
1820
1985
2105
2180
2217
2200
2156
2109
2049
1975
1868
1740
1586
1412
1217
998
766
508
238
-25
-258
-454
-631
-772
-860
-905
-899
-857
-775
-660
-552
-418
-255
-103
68
234
403
585
746
914
1066
1193
1284
1304
1278
1201
1061
852
592
304
-9
-333
-638
-890
-1118
-1297
-1384
-1411
-1387
-1320
-1220
-1093
-963
-845
-749
-656
-581
-533
-465
-392
-317
-235
-124
24
176
333
483
631
743
812
859
859
814
697
539
373
168
-49
-254
-464
-666
-855
-1015
-1129
-1208
-1277
-1334
-1380
-1435
-1471
-1486
-1518
-1533
-1527
-1491
-1387
-1236
-1025
-761
-450
-78
310
698
1075
1405
1677
1888
2034
2091
2064
1968
1814
1621
1404
1200
1012
826
672
549
458
398
326
242
155
47
-80
-217
-369
-518
-651
-761
-827
-830
-770
-668
-511
-300
-66
209
499
773
1042
1268
1452
1615
1721
1759
1731
1646
1521
1354
1156
945
713
466
211
-25
-255
-496
-729
-943
-1151
-1350
-1500
-1612
-1707
-1764
-1782
-1750
-1670
-1569
-1438
-1276
-1109
-924
-716
-524
-348
-191
-54
72
185
263
315
368
409
448
497
548
576
591
608
604
577
523
428
306
153
-22
-196
-380
-579
-757
-912
-1053
-1164
-1260
-1315
-1322
-1311
-1256
-1156
-1036
-884
-698
-502
-297
-73
133
324
501
652
790
889
962
1007
1028
1042
1020
980
947
895
814
746
676
593
510
405
306
222
132
55
-9
-65
-95
-104
-88
-42
19
82
177
285
391
507
606
694
790
887
985
1082
1157
1224
1279
1329
1349
1317
1249
1138
973
771
548
277
-31
-322
-613
-897
-1153
-1382
-1568
-1714
-1817
-1867
-1877
-1838
-1768
-1680
-1568
-1430
-1276
-1127
-968
-816
-667
-507
-350
-185
-31
128
281
421
560
676
777
855
904
927
910
871
821
740
616
477
331
172
5
-155
-310
-463
-609
-736
-844
-952
-1059
-1146
-1213
-1271
-1315
-1321
-1309
-1253
-1143
-1001
-828
-629
-399
-165
77
325
536
704
840
951
1025
1053
1050
1032
993
936
893
864
826
810
794
776
769
751
734
703
638
559
488
413
334
261
194
166
154
170
227
291
359
431
512
594
665
714
744
758
756
761
744
712
690
641
572
510
425
297
142
-36
-237
-444
-647
-849
-1052
-1247
-1394
-1501
-1570
-1593
-1572
-1519
-1422
-1285
-1130
-948
-778
-617
-455
-311
-192
-97
-8
59
120
163
205
259
285
302
312
321
320
310
294
257
220
157
88
21
-70
-166
-280
-399
-514
-640
-747
-836
-912
-968
-1007
-1009
-981
-934
-877
-809
-713
-619
-518
-395
-265
-146
-17
128
269
403
521
643
748
822
894
936
955
955
912
860
799
723
654
575
508
463
421
408
415
418
428
449
459
456
453
454
447
423
407
399
410
419
421
450
488
509
533
566
582
596
604
607
622
619
613
606
592
563
524
483
401
305
186
49
-79
-241
-398
-550
-707
-827
-935
-1016
-1054
-1083
-1094
-1080
-1051
-1016
-984
-959
-949
-929
-901
-873
-834
-788
-740
-671
-564
-466
-381
-271
-187
-129
-67
-13
17
21
17
13
15
18
28
31
43
69
80
92
93
71
37
-1
-65
-146
-225
-327
-420
-498
-557
-582
-597
-584
-549
-496
-406
-311
-214
-118
-34
36
98
153
191
205
212
228
243
271
314
356
407
487
581
676
769
844
901
941
957
958
927
864
807
746
684
635
607
597
602
645
694
731
765
781
771
736
688
613
503
381
264
159
84
42
24
30
71
136
202
267
305
297
241
148
22
-139
-335
-541
-737
-905
-1031
-1113
-1158
-1158
-1110
-1044
-962
-871
-796
-747
-727
-722
-743
-783
-817
-861
-889
-872
-817
-720
-589
-443
-273
-99
55
200
303
353
368
347
302
224
140
68
-8
-46
-57
-68
-51
-28
-3
23
14
-7
-42
-120
-213
-315
-446
-569
-657
-722
-766
-765
-700
-609
-491
-338
-168
-1
161
308
420
493
535
558
571
554
534
521
524
552
598
665
761
868
959
1047
1112
1134
1119
1051
940
802
641
466
312
172
46
-11
-29
-14
32
86
159
226
271
293
278
241
197
126
58
16
-8
-15
12
85
181
287
399
501
573
616
621
570
477
343
172
-9
-198
-372
-521
-643
-720
-779
-801
-780
-753
-729
-693
-680
-690
-696
-726
-765
-817
-874
-910
-915
-900
-873
-814
-725
-619
-505
-393
-272
-162
-87
-30
8
13
-3
-30
-61
-97
-129
-145
-144
-131
-109
-69
-22
13
36
55
56
23
-20
-67
-116
-170
-216
-260
-281
-252
-211
-163
-90
-2
94
185
260
315
357
383
369
341
315
274
239
214
208
216
252
322
383
443
511
579
609
609
596
553
485
407
335
269
209
174
166
170
213
276
341
409
472
527
575
599
597
586
552
510
476
440
404
386
380
365
378
396
383
382
374
327
277
210
117
21
-97
-208
-312
-422
-518
-612
-682
-734
-783
-808
-820
-832
-843
-843
-829
-822
-806
-797
-792
-760
-737
-705
-662
-619
-555
-488
-412
-327
-257
-191
-119
-58
-1
45
70
81
92
99
87
83
66
42
18
-11
-24
-51
-91
-115
-141
-170
-187
-207
-233
-250
-265
-271
-272
-267
-261
-260
-246
-222
-188
-153
-120
-81
-41
-9
29
67
97
123
144
180
211
242
278
317
357
392
435
467
495
528
543
565
589
589
599
605
607
620
619
619
622
618
605
602
592
571
547
515
484
442
419
390
356
332
296
284
253
217
189
147
108
59
13
-18
-55
-82
-94
-104
-99
-80
-63
-47
-29
-11
-16
-28
-35
-63
-99
-117
-158
-193
-225
-260
-264
-286
-297
-291
-314
-326
-331
-357
-388
-425
-468
-515
-561
-597
-644
-677
-681
-685
-683
-656
-620
-579
-535
-489
-448
-422
-389
-355
-350
-334
-335
-353
-344
-344
-329
-312
-307
-281
-258
-230
-197
-179
-162
-143
-124
-111
-106
-105
-97
-99
-89
-57
-35
-7
31
60
109
158
188
230
255
268
290
308
318
335
355
376
405
429
477
525
551
591
628
649
659
671
672
646
623
592
551
527
480
435
417
402
394
384
379
375
372
365
348
333
301
263
230
197
178
155
135
138
149
163
180
193
207
220
218
201
188
158
112
65
10
-32
-73
-121
-159
-183
-197
-200
-210
-223
-236
-274
-316
-359
-423
-490
-559
-638
-704
-752
-786
-803
-794
-760
-731
-685
-634
-593
-530
-490
-475
-445
-427
-428
-429
-423
-407
-391
-352
-306
-271
-216
-164
-117
-67
-42
-34
-28
-45
-78
-106
-134
-164
-187
-201
-204
-183
-147
-123
-87
-48
-18
25
51
66
97
119
136
160
180
212
266
320
368
428
488
542
593
631
672
697
707
693
669
648
614
578
535
497
461
428
405
385
370
345
331
325
301
275
247
214
187
171
139
123
132
125
141
179
196
226
258
285
304
302
298
282
247
208
165
129
102
70
46
25
14
11
-2
-14
-40
-59
-101
-172
-220
-280
-353
-420
-486
-540
-575
-598
-622
-631
-628
-616
-591
-575
-565
-568
-571
-564
-581
-591
-586
-587
-584
-558
-522
-486
-432
-375
-322
-275
-233
-195
-180
-168
-159
-168
-175
-183
-189
-179
-176
-164
-125
-88
-55
-16
21
46
66
76
63
43
16
-6
-34
-53
-57
-46
-20
16
76
137
202
272
342
392
419
458
481
478
481
476
463
465
471
483
507
519
551
593
614
638
638
623
611
573
520
456
380
320
277
234
198
172
175
195
212
247
271
281
296
301
282
255
227
186
136
95
50
7
-7
-17
-31
-25
-23
-22
-19
-33
-49
-81
-121
-156
-219
-286
-340
-392
-426
-450
-462
-466
-459
-428
-404
-381
-353
-337
-331
-329
-340
-355
-367
-386
-398
-398
-403
-391
-364
-341
-313
-271
-246
-235
-208
-206
-242
-260
-280
-317
-360
-393
-421
-438
-435
-426
-404
-368
-333
-295
-245
-203
-174
-149
-127
-102
-86
-79
-53
-38
-13
29
63
120
171
215
267
310
345
375
408
425
419
417
408
400
388
370
365
363
351
346
351
343
338
346
341
329
321
301
277
259
233
215
202
183
179
177
190
207
218
241
260
275
279
280
276
260
240
205
187
160
130
117
94
87
92
93
104
117
120
117
113
108
93
64
32
0
-39
-74
-114
-137
-151
-168
-172
-186
-196
-184
-196
-209
-207
-224
-251
-261
-278
-310
-325
-341
-352
-351
-356
-365
-365
-356
-357
-353
-351
-348
-351
-363
-365
-369
-378
-375
-366
-366
-350
-319
-296
-275
-242
-206
-172
-152
-125
-102
-89
-69
-56
-43
-20
0
24
53
81
113
140
157
182
208
213
209
194
192
176
142
130
109
75
65
60
60
68
77
87
98
115
132
141
161
182
179
182
194
202
226
251
264
284
313
343
367
384
402
413
410
407
408
383
352
334
303
272
254
235
210
200
197
185
184
171
162
153
131
107
72
43
4
-42
-70
-92
-110
-130
-134
-129
-137
-136
-127
-125
-116
-116
-132
-150
-179
-202
-215
-228
-249
-273
-278
-279
-280
-267
-254
-243
-225
-214
-214
-215
-213
-215
-231
-246
-257
-268
-267
-265
-255
-240
-225
-198
-175
-141
-113
-107
-95
-91
-95
-110
-127
-140
-168
-179
-184
-180
-168
-150
-123
-93
-54
-26
6
31
40
49
50
44
32
25
16
12
21
19
41
67
93
130
150
177
204
216
223
221
204
193
186
161
153
154
159
168
173
190
213
245
269
276
278
278
266
246
237
213
185
172
168
165
159
176
198
210
228
232
238
241
219
192
167
138
108
83
65
55
61
68
82
106
112
114
121
119
98
68
38
-3
-47
-86
-108
-120
-137
-148
-145
-139
-132
-132
-132
-136
-158
-181
-208
-235
-260
-284
-296
-297
-295
-274
-246
-215
-164
-132
-106
-74
-52
-41
-46
-47
-56
-91
-105
-117
-133
-133
-144
-146
-135
-132
-128
-112
-110
-128
-127
-140
-158
-177
-206
-221
-228
-229
-231
-224
-204
-182
-158
-127
-100
-76
-44
-21
-6
-2
12
23
31
47
59
67
77
93
125
152
154
173
201
213
227
233
235
233
220
210
200
191
178
161
159
159
155
170
183
193
208
225
240
237
245
245
225
216
194
172
157
135
120
115
111
113
113
121
127
121
120
113
96
76
51
27
4
-17
-27
-37
-44
-39
-23
-7
-3
1
12
13
7
-12
-29
-34
-53
-78
-88
-104
-111
-116
-125
-120
-118
-113
-119
-128
-132
-149
-159
-168
-188
-206
-215
-222
-226
-227
-224
-215
-204
-190
-179
-163
-158
-159
-155
-157
-153
-144
-150
-156
-155
-156
-148
-143
-146
-132
-127
-131
-108
-97
-94
-83
-78
-66
-63
-52
-38
-35
-29
-9
1
10
36
43
54
82
100
105
112
125
129
141
146
138
138
134
133
132
130
133
132
134
143
144
141
136
136
139
136
129
130
135
129
132
149
163
177
189
196
211
226
212
198
197
181
153
136
111
92
93
85
76
75
76
72
64
60
40
21
2
-27
-47
-75
-97
-98
-105
-105
-90
-90
-80
-61
-56
-53
-58
-65
-80
-95
-109
-124
-127
-123
-111
-107
-92
-72
-53
-37
-41
-43
-52
-69
-94
-121
-140
-163
-173
-181
-180
-162
-156
-140
-109
-92
-88
-80
-76
-92
-109
-122
-140
-150
-167
-178
-168
-158
-140
-119
-98
-72
-45
-32
-24
-9
-8
-6
5
-4
-5
0
3
15
33
56
79
99
130
157
174
184
196
198
192
201
204
187
176
161
144
145
139
123
109
109
112
104
110
117
104
94
93
85
69
57
44
37
27
8
5
2
22
44
51
72
86
102
110
113
117
97
78
49
16
-7
-37
-50
-49
-55
-44
-25
-10
20
33
43
46
22
2
-27
-64
-97
-128
-156
-164
-162
-159
-145
-117
-75
-56
-40
-19
-19
-31
-53
-80
-106
-142
-175
-190
-200
-196
-187
-180
-157
-139
-118
-97
-84
-74
-76
-85
-84
-97
-110
-115
-128
-116
-110
-99
-73
-50
-16
9
33
55
78
94
106
122
121
115
98
90
96
81
67
62
68
73
85
116
135
158
179
186
196
191
176
154
121
87
49
16
-14
-32
-43
-31
2
23
63
104
136
165
174
184
167
136
110
73
31
-1
-16
-32
-21
15
48
86
119
151
164
170
168
142
102
49
-6
-49
-92
-128
-141
-136
-129
-100
-68
-52
-23
-13
-32
-36
-59
-103
-144
-185
-220
-253
-266
-263
-248
-224
-192
-145
-99
-65
-48
-26
-5
-9
-16
-36
-69
-88
-106
-134
-139
-140
-146
-127
-111
-91
-71
-59
-35
-23
-19
-20
-34
-44
-62
-80
-93
-117
-120
-117
-110
-82
-50
-13
29
63
97
122
132
138
130
112
97
69
35
13
2
2
9
28
56
93
131
163
193
206
204
194
171
139
103
57
25
9
-1
5
19
37
68
109
148
171
183
191
182
160
132
90
59
33
0
-14
-14
1
23
50
71
92
107
114
112
91
58
20
-13
-59
-98
-124
-148
-137
-121
-105
-74
-47
-16
9
19
23
17
0
-21
-45
-73
-101
-122
-137
-135
-124
-112
-91
-65
-44
-22
-5
-18
-22
-22
-39
-60
-89
-110
-121
-144
-152
-144
-131
-112
-84
-54
-36
-19
-8
-1
1
-15
-35
-54
-75
-96
-110
-112
-112
-111
-95
-66
-31
0
25
60
77
75
70
64
52
23
9
0
-16
-15
-4
6
27
61
82
109
133
131
131
133
111
76
55
33
1
-11
-7
-5
3
27
56
88
111
130
147
141
134
119
92
70
49
21
-2
-4
-11
3
19
26
61
73
80
88
79
68
50
26
-4
-33
-50
-64
-73
-68
-69
-65
-44
-25
-9
5
11
8
13
1
-20
-23
-33
-46
-55
-52
-47
-47
-34
-19
-6
13
26
25
25
27
20
2
-18
-42
-60
-70
-91
-111
-114
-111
-100
-94
-76
-56
-42
-27
-12
-8
-9
-9
-23
-32
-51
-68
-71
-80
-78
-72
-54
-31
-13
14
27
44
61
60
56
45
25
5
-13
-29
-47
-42
-28
-25
-4
22
47
73
81
94
95
83
73
51
28
10
-10
-22
-27
-30
-14
9
32
54
68
88
94
97
87
61
39
16
-12
-31
-39
-47
-53
-38
-19
-11
13
35
48
59
60
64
39
22
14
-7
-11
-24
-24
-13
-13
1
19
39
52
56
70
60
41
53
34
7
-4
-19
-35
-49
-48
-56
-56
-40
-35
-26
-18
-10
-6
4
6
-3
1
-8
-14
-9
-18
-29
-34
-31
-26
-20
-16
-11
8
13
8
21
29
23
22
11
0
-7
-19
-21
-19
-31
-35
-12
-2
0
24
39
49
43
39
38
30
21
5
-9
-20
-29
-45
-49
-42
-35
-26
-14
7
11
13
10
-1
0
-16
-18
-22
-42
-53
-55
-55
-49
-38
-31
-14
3
5
7
0
1
8
-1
-8
-7
-10
-17
-7
8
10
12
22
30
26
35
31
16
21
14
10
14
8
3
3
-1
2
5
5
9
4
-4
-13
-14
-16
-27
-23
-19
-18
-10
-3
2
12
10
7
11
-4
-8
-10
-30
-29
-20
-27
-23
-4
-1
10
24
23
30
33
34
30
23
23
9
6
13
15
22
33
48
58
60
65
79
79
62
49
42
25
-4
-25
-32
-50
-62
-50
-48
-37
-26
-18
1
-3
4
8
-4
-11
-19
-25
-42
-48
-54
-61
-47
-38
-27
-10
-5
12
27
23
19
21
18
6
2
-15
-30
-33
-41
-32
-31
-21
2
14
35
34
25
37
24
17
18
-13
-22
-31
-48
-48
-48
-45
-38
-17
-3
13
27
35
50
56
57
48
29
19
0
-21
-26
-31
-39
-37
-18
1
10
24
50
59
69
68
41
40
29
1
-4
-26
-38
-35
-41
-27
-4
27
43
57
80
85
96
92
76
60
37
10
-14
-26
-42
-43
-30
-18
-4
12
36
50
54
54
50
33
8
-10
-29
-37
-66
-83
-66
-67
-49
-23
-8
11
19
28
40
37
23
9
-14
-45
-63
-78
-89
-87
-86
-66
-35
-24
-7
15
29
45
41
31
28
10
-13
-25
-36
-48
-48
-45
-37
-22
-15
-1
17
25
29
31
27
9
-9
-26
-55
-66
-78
-85
-82
-80
-71
-53
-20
8
25
37
48
50
46
46
38
21
9
2
-7
-15
-14
-4
7
32
58
68
79
86
97
90
74
62
39
16
-9
-25
-31
-39
-36
-24
-9
11
38
61
67
67
71
62
42
21
-4
-24
-36
-49
-63
-59
-47
-29
-14
4
39
58
71
76
63
53
33
4
-11
-34
-57
-68
-67
-58
-56
-41
-14
9
18
36
38
27
28
10
-12
-28
-40
-53
-71
-67
-53
-51
-32
-7
5
32
46
47
58
45
36
20
-13
-26
-43
-58
-68
-79
-77
-62
-42
-25
-11
3
15
21
23
16
11
10
-10
-22
-25
-41
-47
-43
-43
-28
-8
7
22
37
50
62
70
59
53
44
34
20
3
2
-6
-12
-13
-7
15
23
36
57
55
61
69
57
50
42
20
6
-6
-19
-35
-41
-40
-39
-21
0
10
14
23
26
27
28
21
-1
-18
-15
-28
-31
-30
-31
-14
-3
15
34
42
44
46
48
43
40
24
0
-18
-30
-38
-45
-46
-47
-33
-19
-11
1
5
6
12
9
3
-9
-24
-44
-57
-58
-61
-70
-66
-53
-37
-22
-10
4
3
5
16
16
13
3
-12
-25
-34
-51
-52
-39
-35
-29
-19
0
12
21
33
32
38
29
22
18
1
-5
-17
-24
-20
-19
-9
7
24
29
41
44
49
58
51
42
24
13
0
-23
-31
-35
-28
-17
-20
-9
12
22
29
41
43
48
39
17
2
-9
-17
-29
-27
-25
-32
-27
-8
7
24
35
37
50
56
49
41
35
24
9
2
-10
-14
-6
-8
-4
19
22
26
43
36
34
45
39
22
-2
-10
-24
-42
-44
-51
-58
-55
-43
-33
-40
-23
0
-1
11
14
8
4
-16
-24
-24
-40
-59
-56
-54
-51
-46
-39
-23
-19
-9
10
13
21
16
4
1
-7
-15
-18
-18
-20
-14
-15
-10
7
20
35
39
44
46
43
39
15
-1
-8
-26
-36
-39
-42
-38
-35
-30
-25
-11
4
8
24
25
20
19
6
3
-4
-8
-7
-14
-14
-11
-7
-4
10
21
28
39
41
41
41
36
32
31
30
20
15
8
7
13
11
13
22
28
29
28
28
34
35
26
22
20
9
1
-8
-26
-44
-34
-21
-25
-20
-20
-15
-2
3
12
15
9
13
9
-3
-10
-16
-31
-35
-33
-37
-37
-36
-32
-16
-11
-13
-1
12
17
12
5
2
-10
-18
-27
-37
-40
-40
-34
-26
-28
-18
6
14
19
28
33
39
36
18
8
-2
-16
-29
-40
-46
-57
-59
-42
-32
-22
-4
3
19
31
24
17
13
14
0
-11
-24
-37
-37
-51
-42
-24
-17
13
27
35
53
52
56
50
42
44
21
7
-5
-26
-24
-18
-23
-17
2
9
28
59
71
66
55
51
41
22
6
-10
-33
-48
-43
-42
-46
-36
-22
-1
8
19
40
43
38
36
30
12
-9
-22
-39
-52
-47
-45
-43
-22
-7
7
29
43
49
58
59
59
40
17
0
-20
-33
-36
-48
-53
-34
-30
-25
3
28
38
41
42
43
31
10
-2
-16
-37
-51
-61
-66
-69
-70
-45
-22
-14
2
13
20
26
26
18
1
-9
-23
-34
-40
-46
-41
-22
-13
-6
6
18
24
36
49
47
42
25
17
5
-15
-21
-28
-32
-22
-10
-4
0
7
15
27
31
37
26
15
17
0
-5
-5
-21
-29
-28
-7
-5
-9
12
15
10
22
28
19
7
12
16
6
-11
-20
-19
-14
-6
-1
3
8
25
34
30
30
35
35
32
25
13
8
-1
1
-6
-7
5
10
17
14
19
26
22
20
12
2
-2
-9
-16
-22
-20
-25
-26
-17
-11
-2
2
14
16
4
-4
-10
-20
-35
-44
-57
-52
-50
-50
-44
-34
-12
-10
0
26
19
17
22
9
-4
-15
-20
-24
-32
-40
-41
-21
-7
-4
15
30
31
42
47
35
24
19
0
-19
-24
-38
-44
-45
-38
-24
-19
1
18
22
33
39
28
18
21
-3
-27
-24
-44
-62
-56
-59
-46
-31
-19
6
20
40
54
54
59
55
41
28
12
2
-12
-23
-20
-23
-16
0
20
34
50
56
57
69
55
41
33
6
-5
-21
-43
-46
-58
-50
-35
-17
14
18
35
55
53
51
45
37
10
-13
-23
-51
-72
-73
-69
-60
-43
-30
-14
14
35
43
52
54
40
31
3
-19
-28
-48
-63
-66
-60
-44
-41
-24
9
28
51
66
63
60
53
38
8
-16
-35
-49
-57
-65
-64
-50
-37
-20
9
27
41
59
65
50
37
26
-4
-29
-52
-64
-65
-79
-65
-52
-49
-13
13
34
59
68
76
57
37
32
8
-19
-34
-40
-48
-45
-41
-27
0
19
39
60
68
71
72
56
40
32
4
-32
-39
-46
-49
-35
-27
-10
7
29
46
59
58
54
55
38
20
-2
-17
-33
-52
-60
-63
-50
-35
-15
-5
12
28
30
32
28
26
14
1
-10
-34
-39
-47
-54
-34
-30
-23
2
18
28
37
42
43
36
24
12
4
-14
-34
-42
-43
-40
-30
-25
-15
1
7
15
26
30
25
19
4
-15
-23
-36
-48
-50
-56
-53
-36
-22
-9
0
12
25
27
30
21
8
-1
-16
-27
-41
-41
-35
-37
-22
-4
9
30
42
43
51
52
50
39
24
9
-16
-32
-38
-32
-26
-18
6
22
33
41
52
62
58
55
36
6
-6
-14
-38
-45
-38
-45
-33
-15
-2
23
41
58
57
52
46
25
16
4
-25
-39
-46
-59
-48
-36
-29
-3
18
37
54
63
64
58
48
32
9
-11
-25
-51
-58
-44
-53
-41
-19
-5
24
36
47
51
56
56
33
15
-7
-23
-35
-57
-65
-64
-60
-40
-20
-4
17
31
47
51
53
50
20
0
-19
-40
-50
-59
-72
-73
-57
-45
-21
2
23
46
58
70
62
53
39
17
-8
-35
-42
-51
-60
-53
-40
-19
-2
20
48
66
80
89
78
52
36
12
-20
-34
-50
-63
-62
-64
-50
-31
-8
26
50
57
61
67
59
37
18
-6
-28
-45
-59
-74
-77
-55
-40
-8
17
35
58
66
72
76
66
42
21
-1
-24
-35
-59
-71
-51
-46
-31
-4
4
40
60
48
64
62
46
29
8
-12
-34
-47
-63
-67
-50
-40
-32
-12
9
22
41
49
43
38
25
9
-7
-22
-39
-57
-65
-64
-53
-40
-19
-5
15
39
45
53
56
43
30
23
7
-16
-34
-37
-40
-45
-43
-27
-4
9
29
43
54
67
51
44
34
18
6
-14
-22
-42
-43
-33
-29
-11
-8
3
26
35
43
51
49
40
15
5
-4
-30
-37
-42
-39
-27
-28
-22
-4
13
25
30
47
42
37
33
17
11
1
-8
-18
-29
-29
-23
-20
-8
14
15
21
31
28
36
28
24
16
3
-3
-22
-25
-25
-27
-28
-24
-14
-8
1
7
15
16
20
13
-5
-2
-8
-16
-27
-42
-35
-35
-44
-30
-16
-9
0
5
16
21
20
16
8
11
3
-15
-18
-29
-37
-29
-22
-26
-22
-2
7
20
30
25
22
26
27
11
2
-3
-15
-19
-21
-25
-30
-23
-14
-3
3
12
25
22
22
19
17
13
-6
-10
-16
-21
-22
-28
-32
-21
-7
-5
12
24
17
17
26
29
26
20
12
-6
-7
-3
-14
-17
-14
-17
-3
9
14
26
29
25
24
27
17
11
9
-9
-16
-16
-13
-11
-15
-19
-11
-1
3
13
19
19
16
14
11
0
-16
-22
-24
-21
-17
-18
-22
-14
-1
1
11
9
14
20
13
16
3
-5
1
-6
-18
-16
-14
-20
-10
-6
-3
10
19
16
5
3
7
5
2
-2
-1
-3
-11
-12
-3
-8
-13
-6
-1
8
7
4
2
-8
-4
-8
-18
-11
-11
-15
-12
-5
2
-6
-4
5
5
7
9
6
4
-4
-3
2
-3
-4
-11
-12
3
-1
3
11
3
11
17
13
10
6
1
-2
-6
-8
-10
-8
-9
-9
-5
0
7
11
11
15
17
7
5
4
-7
-9
-14
-19
-15
-17
-17
-10
-9
-4
4
8
14
23
16
-3
0
-1
-10
-11
-14
-11
-12
-15
-4
1
8
21
22
26
20
17
26
14
1
-6
-12
-11
-19
-23
-6
2
-6
-1
9
10
13
22
21
11
8
3
-7
-11
-19
-20
-18
-22
-9
-4
-9
-1
2
10
11
13
18
18
12
-4
-7
-8
-8
-2
-3
-2
-8
-4
3
-2
6
13
11
9
11
14
9
10
7
6
1
-5
-6
-3
2
-4
-4
3
8
6
4
5
8
9
3
3
2
-2
-5
-10
-5
-1
-11
-4
2
-4
-4
1
3
5
2
0
4
-2
3
2
-3
2
-2
-2
-1
-1
6
10
2
0
-2
-1
1
1
13
10
12
10
-3
3
11
9
5
-1
2
1
-11
-5
-10
-12
-4
-2
2
-6
4
13
11
19
14
7
-3
-10
-15
-14
-10
-20
-24
-10
-7
0
7
8
21
18
18
25
15
6
4
-4
-9
-14
-20
-16
-15
-15
-10
4
16
19
27
21
18
26
20
16
-1
-11
-15
-23
-18
-20
-21
-9
1
3
2
16
14
6
21
14
8
-3
-9
-13
-27
-19
-22
-30
-25
-8
-1
-3
8
8
9
16
12
16
15
5
-7
-24
-20
-14
-26
-25
-20
-15
-3
-1
10
13
8
25
30
16
9
2
-4
-13
-20
-21
-24
-19
-16
-15
-10
-5
9
17
13
15
23
22
14
2
-8
-15
-19
-24
-27
-27
-26
-13
-6
12
21
17
24
27
23
15
7
5
-8
-11
-8
-8
-15
-24
-15
-10
-3
17
20
26
32
27
26
22
12
7
2
-12
-14
-6
-10
-13
-7
-4
-1
5
6
10
23
24
23
17
7
-4
-11
-9
-14
-11
-13
-22
-17
-8
-7
-3
6
14
19
17
17
15
8
2
-2
-1
-9
-16
-21
-19
-15
-16
-9
-9
-3
13
22
26
21
13
6
3
-2
-13
-17
-19
-20
-21
-22
-15
-7
-2
4
8
18
20
14
16
12
-3
-10
-13
-21
-29
-26
-24
-16
-11
-14
-2
14
13
22
26
20
18
3
-8
-6
-11
-14
-20
-18
-14
-16
-11
-7
14
30
23
24
19
18
17
11
4
-9
-10
-18
-18
-9
-14
