-4
-2
-3
4
4
0
-4
-13
-4
-12
-5
2
2
9
-6
-7
3
-2
-9
-13
-14
-9
-5
-7
-8
-4
1
-3
-1
8
1
-17
-12
-1
1
0
-11
-1
6
-5
-8
4
8
-9
-10
-7
-8
-8
-3
3
-1
0
0
-2
-6
0
4
-4
4
-4
-9
-2
5
2
3
6
-11
-3
4
-2
9
4
-4
2
-2
-3
1
-8
-2
2
5
7
8
6
-3
5
8
9
-1
-5
-3
0
6
5
4
-4
0
3
3
15
13
8
4
2
6
3
-8
-1
7
1
6
15
15
9
3
11
10
1
5
5
-4
-2
1
4
4
-1
-5
-1
-4
-6
-2
-5
0
6
0
-5
-6
-3
0
0
-2
1
5
-5
-5
0
-10
-4
7
6
5
2
1
-3
0
1
-8
1
-3
0
6
9
6
-8
-4
-6
-7
0
-6
-17
-17
-8
-7
-6
3
-5
-6
-4
-2
3
-3
-8
-4
-6
-7
-2
-11
-6
-5
-2
12
-1
-1
4
2
4
1
-1
-4
-5
-8
-8
-5
0
8
-2
-4
6
2
10
12
6
4
4
2
3
8
6
4
9
9
3
-2
0
0
0
10
10
5
8
0
2
-1
-3
6
11
18
5
-2
6
11
12
2
6
1
-5
6
-1
-4
4
-4
-5
-3
-5
-6
0
7
6
9
7
2
1
4
2
-9
-13
3
6
-2
0
2
-6
-4
2
-4
-2
1
-3
-9
-6
3
0
0
8
0
-8
-7
-11
-4
-6
-3
2
-7
-4
-2
-2
-4
-10
-11
-3
-6
-5
3
-1
-2
-2
6
0
-10
3
-4
-16
-3
0
-4
4
4
1
-2
-7
-8
-5
-9
-12
-4
-8
-2
-2
-5
6
9
14
13
3
5
10
8
2
11
15
2
4
10
5
7
11
-2
-5
5
7
7
10
4
-9
4
5
-10
7
9
7
-2
-6
7
2
-4
-5
-8
-8
-8
0
0
-6
-5
-3
-4
-8
-1
-4
-9
1
3
8
7
5
6
-15
-9
-1
-6
9
1
-7
-1
4
3
-10
-6
0
-2
-2
6
4
-2
4
5
-1
-5
-4
3
4
1
4
2
-3
1
0
0
0
-6
-6
-7
-3
3
3
-3
-7
-6
-5
-7
-8
3
2
2
6
4
9
-1
-7
5
0
-5
-1
0
5
3
0
6
4
5
5
7
10
-2
1
9
2
3
1
2
3
-1
3
6
8
9
11
10
-1
1
2
4
0
5
23
8
-3
12
3
-5
3
-2
-9
-7
-6
-14
-12
-5
-10
-10
-6
-1
-3
-7
2
3
-7
-3
-5
-5
2
-2
2
7
-5
-8
-7
-8
-9
-6
-1
-4
-7
-9
0
8
0
6
6
5
9
0
5
8
6
7
2
8
3
1
7
-2
-4
-1
6
8
0
2
3
2
-2
-9
-9
-3
5
0
-12
-5
-3
0
10
0
7
8
-2
2
-1
-3
0
-3
-3
-3
1
-4
-2
6
0
5
3
5
9
5
6
2
-3
-2
3
-2
-5
8
7
7
8
0
0
1
5
3
0
9
9
2
6
3
-7
1
0
-12
-17
-12
-5
-4
-4
-4
-2
10
9
-2
2
-1
-5
-1
-1
2
3
5
7
11
9
1
6
12
8
1
-3
5
2
6
7
-1
3
-3
6
11
-2
-8
-8
11
12
-2
-1
2
-1
4
4
2
-1
-12
0
1
-3
2
-4
0
4
0
-10
-11
-8
-11
0
2
-2
6
-1
-10
-1
6
5
-1
-4
-4
-5
-2
3
2
-4
0
5
3
2
7
6
-3
1
3
1
7
0
1
4
-7
-2
-3
-2
3
-12
-4
10
2
2
10
7
-7
-8
-3
-11
-7
0
6
7
5
4
-4
-2
-5
-6
0
1
3
3
0
-12
-9
6
0
-8
-4
0
0
-1
4
1
-10
-6
-6
-9
-4
-5
-1
-1
-5
-7
-3
2
7
1
-2
-1
-11
0
3
-11
10
8
-5
-1
-3
-1
0
1
1
2
1
1
-2
0
6
0
-1
1
6
6
4
7
-3
-11
1
5
1
0
1
-3
-2
-1
-2
-1
-6
-4
-2
-2
-3
-10
-3
0
-2
-4
-9
-4
2
-6
-5
-7
-7
4
-2
2
9
8
2
-6
-7
-9
-7
-7
-3
-6
-4
7
1
4
6
-1
5
1
0
0
-8
-7
-2
3
2
1
1
-4
6
3
-8
1
0
2
7
3
4
1
-3
-3
0
-4
-3
2
-4
-3
-11
-20
-6
-2
-9
1
3
0
-3
-7
-2
-8
-7
-1
3
5
-9
-9
-7
-12
-13
-8
-3
-6
-7
-1
0
-1
0
6
9
5
1
1
15
12
-9
-12
-3
1
-1
8
6
-2
1
-1
0
-9
-15
-4
-11
-8
2
-2
2
3
-2
-1
1
-2
-2
-6
-8
-4
-3
8
12
6
8
8
0
4
3
1
11
1
3
8
-1
0
0
1
7
6
4
6
10
9
-2
6
17
11
7
8
10
10
4
4
1
2
6
-1
-4
3
-7
-15
0
5
6
14
3
-5
3
4
-6
-6
5
1
1
-4
-4
6
4
8
8
4
0
4
9
-1
6
3
-5
1
-7
-7
-6
-6
2
-7
-6
-7
-7
0
-2
-12
-14
-7
-22
-13
-8
-17
-4
-10
-21
-19
-13
-8
-7
-5
-9
-10
-16
-14
-7
-19
-16
-7
-12
-5
-4
-1
4
-1
2
5
0
12
16
4
12
7
3
14
12
7
8
6
-3
-9
2
9
-4
-1
2
1
13
6
2
13
5
3
14
16
10
14
20
3
-5
4
-4
-5
2
-5
0
10
0
7
9
1
3
7
3
-9
4
-3
-15
-2
-14
-13
1
-4
5
5
0
17
11
16
27
9
17
10
-2
8
-5
-7
11
9
-2
-2
4
-9
-4
5
-5
2
7
-2
-6
14
3
-10
10
-6
-5
19
6
2
1
-2
-2
-1
7
-3
7
20
1
-5
-3
-2
-3
-6
0
-3
-11
4
-9
-18
5
-5
1
19
-3
-20
-1
6
-13
-4
-3
-12
-8
-20
-6
6
-18
0
4
-7
5
-15
1
-2
-17
11
-3
-2
9
-4
-2
-19
-4
8
-16
-1
-5
-14
5
-8
0
9
-12
-1
8
-5
5
9
-2
3
5
2
0
5
5
-9
-1
-13
-7
20
-11
2
10
-25
8
7
-16
14
-7
-25
14
9
-5
1
5
-12
-4
26
-9
-10
23
-15
-8
19
-16
-7
14
-1
-5
7
6
-9
7
12
-22
-1
2
-34
16
5
-21
37
-21
4
45
-42
29
17
-60
41
-18
-56
60
-28
-27
64
-40
-12
44
-33
14
34
-33
10
30
-29
13
28
-17
18
3
-10
25
-26
-12
33
-45
-1
21
-54
32
2
-37
59
-23
1
58
-76
14
32
-85
67
6
-77
83
-25
-48
83
-48
-40
46
-40
-12
24
-18
2
16
-2
-3
0
-2
-8
2
20
-9
-8
31
-22
-2
56
-30
-15
48
-41
2
46
-70
28
32
-81
78
-5
-92
110
-39
-56
125
-57
-25
113
-70
-19
97
-68
8
72
-84
25
61
-55
19
48
-22
0
34
-25
6
36
-43
18
12
-41
28
-18
-13
28
-49
3
15
-48
28
-10
-25
25
-26
3
1
-15
-2
-12
0
8
4
-6
4
-1
-31
-21
6
-37
-5
28
-61
29
31
-81
45
3
-73
65
-6
-52
63
-15
-25
67
-9
-14
34
14
24
13
-2
-4
19
-10
-23
25
-27
-13
17
-46
15
8
-41
40
13
-21
33
5
-40
7
15
-33
-20
19
-5
-13
37
-30
-18
50
-63
15
79
-74
30
44
-61
49
-9
-16
42
-50
15
29
-52
29
13
-72
52
4
-65
81
-7
-39
74
-16
-40
84
-25
-50
101
-72
-6
89
-91
55
41
-92
87
19
-108
154
-34
-119
220
-142
-46
194
-212
30
136
-178
36
125
-168
38
101
-172
91
41
-119
81
37
-90
50
48
-128
93
-33
-109
120
-90
-27
59
-52
3
25
-5
-3
27
9
-7
29
21
-50
45
19
-58
56
-17
-35
-12
12
-9
-33
57
-63
-11
57
-49
3
56
-28
-65
93
-19
-98
129
-59
-146
151
-92
-131
180
-126
-67
199
-99
-32
189
-94
-30
213
-138
-16
193
-202
28
168
-210
59
137
-227
94
123
-204
128
58
-166
103
60
-101
33
92
-99
4
134
-145
-1
133
-177
13
90
-166
30
67
-112
21
97
-81
-8
130
-111
3
138
-160
50
99
-157
81
39
-124
58
50
-85
24
75
-68
26
96
-46
-22
103
-43
-95
153
-67
-127
200
-114
-134
230
-138
-122
218
-128
-81
182
-96
-105
192
-85
-112
251
-171
-30
218
-211
67
85
-146
65
2
-57
38
0
-52
39
-2
-31
84
-85
6
89
-152
87
56
-153
115
4
-117
114
-10
-124
125
-3
-134
159
-59
-114
213
-134
-49
241
-235
70
211
-256
140
68
-191
100
45
-164
41
121
-238
108
134
-253
144
20
-152
143
-18
-52
94
-34
-61
46
25
-100
0
111
-117
-41
110
-85
-15
65
-32
3
82
-32
-52
145
-69
-61
155
-102
-21
76
-49
-15
17
23
-80
75
-18
-83
154
-39
-7
45
38
0
-37
140
-102
-9
147
-158
28
105
-125
14
44
-37
28
2
13
20
24
-50
62
113
-161
128
67
-148
120
-40
-23
-20
-18
42
-82
70
-19
-60
99
12
-43
43
29
-46
25
-4
-28
56
-66
-74
126
-50
-198
151
11
-231
132
48
-132
34
-15
-17
52
-126
26
111
-185
43
103
-116
-72
104
-12
-184
243
-120
-231
381
-208
-88
302
-199
17
131
-80
4
72
-31
-121
178
20
-285
246
63
-369
281
76
-288
225
-101
-70
282
-255
10
294
-236
-83
297
-78
-299
259
115
-365
220
144
-390
286
35
-288
397
-192
-153
375
-221
-31
282
-225
-109
317
-129
-196
302
-57
-241
190
121
-182
7
113
-36
31
-74
64
84
-174
59
125
-47
-142
63
136
-176
47
94
-139
45
-1
-32
77
-80
-84
131
-7
-91
156
-54
-159
245
24
-224
238
-17
-292
277
50
-195
83
-78
61
18
-126
191
-74
-174
183
86
-133
-16
80
-124
42
158
-171
29
70
-204
191
72
-229
92
12
-44
40
52
-29
-156
102
109
-41
-55
31
51
-169
146
140
-258
-81
118
69
-76
1
31
-77
-46
72
142
-107
-160
169
74
-47
55
-149
4
40
-139
250
-13
-313
130
114
-52
-13
-21
-15
-6
30
171
34
-234
73
180
-70
-31
93
-117
-206
313
38
-315
181
-101
-88
271
-168
92
18
-323
430
24
-345
325
-149
-187
317
-24
-172
-2
36
-83
83
94
-198
39
26
-26
283
-263
-114
327
-357
196
247
-453
231
-9
-171
362
-198
-101
167
-174
169
17
-189
211
-126
-80
320
-102
-199
139
64
-149
90
97
-253
-25
245
-179
-77
287
-265
-29
257
-61
19
-132
115
125
-313
165
227
-377
17
255
-176
9
36
-112
176
-84
-117
248
-140
-126
220
-61
-27
188
-236
40
306
-398
76
360
-476
60
309
-444
222
158
-481
428
43
-425
418
-28
-232
181
-25
-12
17
-103
16
131
-136
-14
165
-147
-4
168
-130
60
151
-322
156
290
-484
108
348
-373
50
298
-187
-58
229
-171
18
183
-244
87
89
-74
38
-67
89
-45
-119
216
-87
-197
313
-164
-212
544
-370
-237
602
-321
-162
346
-178
-32
110
-138
225
-199
-164
387
-296
20
195
-206
-22
243
-38
-354
491
-97
-484
573
-13
-406
132
163
-133
-106
190
-50
-141
154
26
-103
203
-151
-226
463
-96
-401
351
75
-385
167
247
-245
-113
153
-54
-8
51
-215
160
61
-306
333
-62
-329
361
-141
-108
288
-256
-144
252
-94
-116
131
-141
129
52
-158
362
-135
-165
171
90
2
-289
343
-106
-250
488
-364
-55
381
-418
41
364
-263
-156
214
144
-177
-125
370
-166
-300
490
-110
-285
344
-133
-219
291
-58
-361
241
256
-530
168
545
-704
156
560
-656
215
274
-440
200
77
-231
30
141
-89
-156
319
-181
-195
486
-336
-99
540
-501
-116
675
-531
-114
542
-426
89
75
-116
193
-287
63
162
-63
-234
122
276
-491
285
258
-506
309
203
-552
268
353
-727
178
481
-517
-73
409
-196
-229
410
-184
-158
490
-395
-176
629
-389
-327
589
-124
-329
179
229
-180
-132
361
-257
-97
292
-300
65
190
-279
65
208
-38
-212
245
48
-444
468
92
-610
345
267
-644
292
431
-652
250
312
-370
294
3
-313
175
198
-342
93
312
-528
259
178
-278
332
-284
-22
341
-261
32
54
-90
6
-39
246
-106
-129
178
-148
272
-71
-251
348
-248
-73
294
-131
-212
151
159
-228
233
31
-360
273
78
-163
41
96
-195
-93
448
-352
-67
362
-489
203
260
-464
81
222
-339
171
170
-351
148
31
-123
203
21
-317
218
-1
-215
365
-391
68
221
-400
330
1
-292
176
6
-135
344
-228
-317
654
-434
-232
738
-511
-138
487
-371
130
176
-405
204
189
-296
75
261
-305
66
135
-171
375
-331
-77
510
-478
63
198
-97
30
-230
369
-60
-383
280
62
-206
-75
509
-252
-485
882
-482
-241
841
-574
-38
413
-139
-359
467
172
-932
760
138
-736
574
37
-262
38
193
-12
-183
251
-266
76
359
-541
371
119
-558
557
-195
-206
561
-606
68
703
-727
-34
689
-612
-218
762
-308
-297
509
-283
-85
274
-214
-80
279
-201
-264
551
-256
-346
431
-86
-124
48
-76
290
-240
-219
628
-427
-137
383
-421
244
-28
-310
448
-110
-204
219
-51
-26
-171
132
119
-271
239
-139
-49
402
-505
184
376
-678
378
154
-384
327
-198
-86
286
-313
-37
305
-269
64
334
-170
9
83
-148
57
44
-166
74
123
-208
152
155
-302
161
-93
18
341
-463
156
336
-559
98
536
-577
-219
635
-435
-30
568
-505
101
226
-344
206
-57
27
-214
9
593
-390
-131
468
-163
-451
327
453
-675
-123
673
-355
-290
413
-59
-294
112
160
3
12
19
-154
165
170
-609
190
337
-648
233
466
-421
222
-35
-315
657
-600
-226
865
-688
-8
541
-390
130
-125
-40
280
-296
252
-64
-161
344
-537
204
245
-463
192
-112
419
-288
-251
882
-691
-34
442
-304
-14
-138
309
-169
-107
516
-591
211
415
-908
685
264
-831
516
312
-479
-108
479
-285
-272
398
56
-147
-13
314
-233
-166
447
-367
-246
701
-589
-237
993
-777
4
840
-799
198
282
-553
473
-95
-187
420
-296
-162
212
91
-390
208
590
-802
409
505
-1016
458
32
-523
543
-180
-81
355
-212
6
108
-38
-111
-152
355
-74
-243
426
-303
-222
535
-442
-19
526
-569
247
335
-472
410
-198
-585
701
-268
-576
885
55
-631
344
343
-596
-175
491
-397
234
276
-678
670
-132
-757
549
51
-358
71
339
60
-216
88
-18
-221
95
-279
192
444
-507
175
335
-533
3
291
-328
64
389
-347
-27
586
-482
-339
602
-478
-385
697
-130
-100
512
-361
-56
201
-568
222
343
-541
379
292
-573
468
109
-665
447
89
-609
652
368
-659
168
282
-542
-127
465
-213
-128
409
-192
74
143
-331
-83
204
19
-313
439
84
-444
317
62
-103
127
-262
159
280
-299
229
0
-223
60
-126
244
-70
-172
245
-209
185
221
-474
155
23
-392
215
125
-156
78
33
-186
239
15
-333
375
132
-235
190
-54
-148
30
-143
60
237
-98
-208
345
19
-475
126
72
-134
91
62
-28
-29
-141
-141
325
47
-321
316
135
-282
172
53
-236
95
-142
-20
561
-335
-129
569
-438
-174
496
-191
-406
337
-15
-402
545
54
-549
308
-28
-472
358
122
-230
304
73
-112
125
71
-246
23
331
-134
122
244
-129
-84
-102
-1
55
-176
96
302
-235
5
297
-335
-167
251
-180
-26
254
-49
-25
47
-59
-56
79
-56
-117
210
-48
-141
339
-9
-219
50
-52
-60
-3
44
79
-124
-49
98
-98
129
-102
-277
239
-51
32
328
-85
-131
-38
-46
12
102
67
-139
29
81
-89
22
-74
-93
-141
-173
158
-5
-145
87
6
-158
54
74
-81
44
-38
-58
16
55
99
19
14
-36
-107
-49
89
85
-41
25
4
-89
-31
-44
-69
-61
24
84
59
70
-96
-130
61
9
3
162
28
-23
189
79
75
68
-125
15
90
109
-21
-22
10
-367
29
180
-264
1
-50
-221
48
88
33
-7
-139
-133
49
147
175
139
95
37
-10
131
141
-28
8
72
-23
105
129
-163
-101
-77
-120
116
99
2
-42
-141
-89
-45
-121
-33
-70
-104
103
8
-4
51
-177
-79
103
15
17
65
-1
-155
24
100
-158
59
47
-131
130
76
-11
-11
-64
8
-38
49
127
65
29
42
84
27
36
58
35
-2
-45
5
48
-104
-101
0
-111
-41
21
25
45
-89
-21
33
-72
13
16
-52
23
0
-44
83
-8
-148
59
14
-48
69
-8
-6
-23
-1
34
-11
-88
-74
101
33
91
156
-18
-7
-33
-5
97
14
-34
43
40
31
97
85
27
-70
-74
84
36
-10
113
9
-71
-61
-51
16
-10
25
99
112
14
56
65
-161
-96
-109
-166
20
21
-71
-9
-73
-254
-100
-54
-83
37
56
95
-46
3
20
-165
85
141
61
259
186
29
145
62
1
200
11
45
259
26
89
215
-23
-7
45
-97
-19
-24
-68
-25
-150
-119
-133
-209
-93
-149
-118
-23
5
51
32
27
-56
27
58
89
279
200
139
160
143
57
26
84
-76
-57
-39
-117
-34
-228
-288
-270
-415
-307
-311
-298
-306
-392
-247
-290
-336
-302
-322
-268
-212
-67
-15
-102
-163
-118
-76
-85
107
153
114
230
141
118
219
154
138
292
260
77
109
26
13
123
54
104
88
7
109
247
267
154
60
92
167
207
344
444
336
345
469
489
465
445
545
677
951
1132
1106
1227
1020
915
1214
1247
1479
1877
1588
1166
484
-892
-1515
-1396
-1326
-890
-837
-1875
-2912
-3413
-3593
-3202
-2708
-2571
-2440
-2258
-1826
-1306
-1094
-1069
-895
-221
709
1696
2235
2092
1729
1504
1783
2097
2344
2284
1738
1573
1351
1130
1152
538
47
-260
-702
-686
-923
-1414
-1602
-1823
-1928
-1674
-1586
-1690
-1595
-1385
-1108
-714
-376
-360
-268
135
488
950
1182
1122
1143
1123
1394
1670
1576
1245
815
504
456
544
510
309
9
-252
-369
-290
-334
-528
-563
-506
-392
-101
14
-170
-104
-22
139
535
692
723
793
1071
1440
1622
1607
1526
1503
1722
2053
2158
2126
1958
2242
2638
2414
1273
-1069
-2730
-2985
-2353
-859
-502
-2280
-4533
-5782
-5636
-4343
-3066
-2704
-2867
-3042
-2326
-1164
-720
-571
-445
395
2257
3770
4159
3554
2338
1730
2582
3588
3821
3246
1712
555
401
423
396
4
-858
-1457
-1602
-1846
-2336
-3084
-3662
-3267
-2374
-1618
-1340
-1887
-2280
-1953
-991
339
975
769
394
291
556
1011
1176
901
718
768
955
1056
516
-408
-1003
-966
-412
83
76
-512
-1185
-1361
-1036
-457
-57
-22
-87
54
420
688
682
612
585
816
1295
1692
1782
1495
1437
1711
1943
2268
2345
2172
2137
2083
1919
1782
1657
1374
1395
1624
1526
1703
2045
2087
1818
292
-2157
-3412
-3507
-2763
-986
-756
-2786
-4815
-5877
-5284
-3435
-2117
-1763
-2111
-2435
-1688
-440
344
599
787
1587
3047
4073
4025
3389
2409
2060
2736
3129
2602
1236
-336
-1063
-949
-721
-734
-1280
-1980
-2182
-2126
-1974
-2096
-2612
-2667
-2036
-1197
-688
-727
-1071
-1216
-658
314
1031
943
146
-504
-626
-243
174
70
-303
-717
-886
-649
-551
-845
-1234
-1246
-846
-269
183
-7
-465
-556
-251
440
1046
1212
1084
854
946
1276
1424
1519
1597
1532
1443
1243
931
644
514
807
1396
1805
1754
1333
808
339
243
783
1355
1511
1268
709
376
288
468
1102
1500
1834
2658
3159
2863
1224
-1749
-3577
-3409
-2134
15
739
-1639
-4722
-6081
-5567
-3533
-1502
-1131
-1688
-2295
-2161
-1053
-374
-148
443
1633
3415
4505
3930
2537
1304
1132
2445
3636
3328
1759
-326
-1480
-1297
-770
-312
-319
-825
-1083
-1303
-1785
-2431
-3148
-2945
-1636
-389
75
-527
-1927
-2604
-1761
-323
906
1108
-34
-1201
-1451
-1156
-729
-556
-810
-993
-802
-575
-579
-1022
-1602
-1368
-393
594
1132
931
214
-211
283
1078
1540
1727
1522
1254
1315
1401
1209
884
786
960
1077
1046
741
110
-82
373
960
1406
1453
1132
817
727
638
587
763
953
1043
1184
1265
934
691
1094
1507
2007
2918
3414
3333
2200
-533
-2815
-3391
-2952
-1211
288
-1033
-3960
-5929
-6074
-4518
-2408
-1211
-1339
-2083
-2189
-1274
-146
629
1269
2356
3922
4883
4600
3596
2455
1935
2649
3663
3402
1803
-273
-1818
-2192
-1961
-1623
-1473
-1821
-2166
-2548
-3147
-3555
-3835
-3524
-2150
-827
-474
-759
-1466
-1918
-1104
360
1425
1790
1065
-185
-623
-526
-465
-134
-53
-406
-527
-696
-1045
-1250
-1398
-1021
-50
651
829
699
315
137
710
1538
1982
2085
1864
1377
1134
1080
840
765
808
638
396
80
-341
-643
-594
-201
389
759
776
763
561
463
727
989
1274
1331
1009
816
822
628
593
854
965
1120
1383
1553
1544
1711
2364
3045
3022
1196
-1914
-3822
-3965
-2836
-668
43
-2261
-4983
-5777
-4852
-2875
-1229
-969
-1283
-1267
-378
1039
1781
1829
2186
3320
4600
4849
3813
2460
1644
1767
2508
2518
933
-1390
-3033
-3423
-2949
-2466
-2468
-2798
-2971
-2947
-2982
-3020
-3055
-2828
-1825
-388
371
160
-448
-715
-62
1203
2273
2543
1827
524
-455
-619
-578
-674
-665
-704
-969
-1322
-1628
-1863
-1919
-1532
-599
329
631
531
448
489
906
1714
2314
2374
2071
1557
1094
771
451
202
155
188
-18
-482
-1069
-1556
-1578
-889
193
880
1069
1009
783
884
1277
1625
2048
2204
2084
2005
1728
1391
1076
869
1257
1725
1753
1799
1592
1181
1636
2570
3097
2756
467
-2443
-3627
-3535
-2241
-381
-799
-3284
-5095
-5307
-4019
-2109
-1077
-998
-1277
-1146
23
1154
1523
1767
2222
3257
4313
4065
2958
1769
813
821
1086
394
-1112
-2868
-3876
-3640
-3150
-2920
-2891
-3171
-3072
-2550
-2250
-1841
-1514
-1253
-195
849
1107
1080
689
639
1578
2396
2732
2588
1408
56
-514
-816
-1068
-1180
-1336
-1358
-1490
-1865
-2069
-2217
-2072
-1270
-316
245
434
374
380
807
1354
1908
2290
2164
1751
1242
720
268
-103
-306
-244
-201
-475
-886
-1327
-1571
-1208
-315
531
1007
1201
1239
1401
1705
1976
2205
2316
2441
2481
2309
1959
1231
651
732
948
1010
1074
828
336
215
447
982
1815
2512
2784
1799
-805
-3163
-3906
-3195
-1300
116
-762
-3059
-4924
-5080
-3465
-1726
-678
-366
-674
-410
590
1230
1388
1520
1977
2864
3407
2944
1661
189
-492
-128
172
-357
-1597
-3102
-3872
-3650
-3096
-2548
-2224
-2019
-1558
-1025
-838
-905
-843
-364
658
1755
2201
1691
708
257
630
1363
1860
1513
379
-856
-1672
-1891
-1822
-1798
-1712
-1644
-1707
-1763
-1908
-1945
-1445
-656
182
980
1305
1183
1120
1339
1759
2164
2263
2043
1558
742
85
-159
-384
-402
-152
-155
-417
-816
-1141
-968
-374
513
1533
2126
2235
2220
2131
2169
2439
2606
2811
2888
2381
1726
928
-16
-276
78
328
355
166
-225
-461
-285
284
1120
2038
2906
3374
2454
-163
-2661
-3366
-2624
-943
668
6
-2802
-4938
-5089
-3826
-1954
-635
-446
-823
-971
-435
300
540
786
1573
2505
2988
2516
1202
-90
-657
-374
190
-29
-1144
-2441
-3361
-3398
-2810
-2169
-1581
-1108
-663
-390
-622
-983
-1014
-619
396
1658
2117
1446
376
-213
30
769
1428
1527
629
-848
-1815
-2196
-2305
-2108
-1838
-1590
-1448
-1538
-1651
-1655
-1439
-776
257
1156
1572
1579
1384
1333
1548
1813
1997
1939
1577
1035
438
-7
-260
-372
-252
-41
-111
-435
-677
-760
-444
437
1375
1979
2275
2196
1907
1806
1818
1843
2037
2113
1824
1272
505
-347
-797
-460
30
211
331
211
-74
36
664
1448
2222
3029
3704
3581
1709
-1034
-2709
-2988
-1948
12
669
-1328
-4091
-5461
-5029
-3439
-1838
-1088
-1269
-1532
-993
-43
393
405
632
1353
2406
2970
2477
1202
-85
-408
137
522
187
-946
-2285
-2938
-2851
-2325
-1757
-1555
-1336
-959
-1006
-1276
-1361
-1375
-883
289
1331
1531
848
9
-168
356
1129
1612
1181
-30
-1049
-1435
-1436
-1304
-1268
-1333
-1298
-1187
-1137
-1186
-1193
-952
-405
459
1308
1633
1531
1341
1245
1413
1708
1866
1807
1422
889
534
276
31
-61
22
52
-65
-206
-335
-290
111
793
1481
1909
1958
1696
1443
1369
1412
1614
1738
1424
934
431
-125
-400
-281
-29
137
279
548
752
799
1046
1603
2284
3088
3786
3311
966
-1759
-3044
-2875
-1585
23
-115
-2324
-4533
-5302
-4646
-3258
-1953
-1295
-1243
-1048
-333
299
462
560
998
1880
2824
3067
2375
1069
4
-107
174
214
-189
-1166
-2130
-2474
-2435
-2232
-1901
-1677
-1317
-846
-868
-1102
-1262
-1274
-656
365
1116
1181
589
72
119
515
958
1026
426
-430
-1006
-1216
-1265
-1362
-1430
-1404
-1322
-1066
-912
-1044
-1032
-747
-247
501
1157
1381
1286
1137
1181
1428
1584
1550
1434
1112
602
270
51
-201
-232
-117
-118
-268
-457
-515
-313
167
715
1163
1546
1678
1554
1494
1445
1390
1508
1631
1481
1079
642
317
278
530
645
536
564
813
1195
1518
1635
1796
2119
2675
3334
2807
453
-2102
-3313
-3101
-1788
-448
-799
-2901
-4828
-5151
-4200
-2922
-1915
-1516
-1448
-898
169
924
1022
871
1039
1862
2883
3243
2645
1415
354
27
99
47
-379
-1208
-2041
-2409
-2373
-2246
-2154
-1975
-1591
-1137
-865
-944
-1177
-1246
-952
-92
871
1142
787
413
256
384
749
909
610
63
-368
-547
-603
-779
-1065
-1185
-1147
-905
-572
-566
-728
-772
-703
-298
336
769
1036
1070
895
899
910
844
967
908
539
331
242
56
-51
-152
-359
-455
-354
-152
126
510
776
919
1268
1536
1519
1621
1679
1503
1524
1595
1316
952
663
403
421
645
789
742
556
628
946
1124
1281
1467
1562
1956
2676
2913
1864
-354
-2382
-3166
-2674
-1249
-258
-1066
-2966
-4394
-4637
-3751
-2462
-1577
-1184
-858
-205
628
1052
954
732
806
1542
2602
3027
2496
1372
234
-323
-300
-124
-229
-874
-1614
-1983
-2061
-1918
-1749
-1659
-1523
-1369
-1137
-957
-1044
-1179
-1086
-684
-15
525
631
545
434
390
508
551
389
117
-107
-155
-165
-376
-773
-1132
-1326
-1286
-1019
-770
-761
-943
-1125
-1089
-684
-43
466
675
731
671
627
808
976
854
669
658
745
807
796
574
71
-291
-159
236
686
1023
1013
866
891
999
1104
1167
1056
948
1012
1067
1049
897
604
385
392
635
910
968
935
1038
1166
1288
1570
1826
1998
2413
2907
2785
1518
-492
-2161
-2936
-2603
-1410
-701
-1295
-2590
-3725
-4072
-3573
-2707
-1924
-1448
-1041
-320
474
856
781
358
128
737
1781
2577
2770
2120
965
-22
-476
-447
-330
-471
-762
-1095
-1361
-1368
-1357
-1513
-1652
-1660
-1436
-1018
-711
-692
-885
-1002
-787
-387
61
498
633
524
476
419
276
93
-106
-222
-317
-427
-508
-732
-1053
-1232
-1298
-1227
-1000
-827
-783
-729
-569
-284
142
572
809
836
866
1023
1164
1202
1116
917
737
706
711
571
300
10
-125
-22
247
518
595
517
468
489
589
777
943
989
957
919
875
827
774
708
699
811
955
1064
1147
1128
1063
1115
1344
1632
1889
2214
2514
2516
2035
894
-732
-2092
-2599
-2233
-1390
-921
-1357
-2316
-3130
-3426
-3149
-2559
-2075
-1744
-1232
-432
371
762
576
89
-172
242
1184
2057
2390
2021
1244
528
73
-141
-288
-573
-845
-899
-803
-632
-544
-699
-1078
-1532
-1741
-1569
-1274
-982
-679
-576
-664
-632
-503
-373
-179
27
250
399
384
324
96
-311
-588
-735
-778
-630
-465
-399
-458
-683
-887
-963
-898
-642
-292
13
268
478
579
570
482
387
426
608
881
1118
1131
954
667
389
211
107
155
359
577
785
937
867
649
443
353
492
694
829
936
876
716
656
603
483
434
566
799
1042
1279
1360
1248
1185
1256
1333
1446
1649
1871
2082
2160
1747
716
-534
-1439
-1744
-1553
-1193
-1141
-1553
-2068
-2362
-2433
-2424
-2447
-2404
-2074
-1384
-468
290
518
287
-131
-377
-116
498
1101
1490
1528
1289
920
472
45
-383
-826
-1007
-832
-465
-66
56
-277
-868
-1485
-1839
-1725
-1333
-932
-652
-482
-443
-562
-636
-620
-639
-564
-326
-32
221
296
140
-178
-569
-825
-771
-581
-475
-430
-443
-522
-556
-545
-570
-558
-454
-238
104
423
619
705
692
593
502
547
657
805
1060
1283
1308
1143
839
472
222
153
287
574
770
822
780
570
305
173
172
267
458
703
917
998
979
913
789
705
758
838
958
1209
1382
1388
1313
1100
854
768
828
992
1203
1399
1609
1573
1008
61
-940
-1636
-1744
-1327
-844
-730
-1033
-1478
-1782
-1883
-1862
-1882
-1982
-1930
-1568
-974
-365
-34
-76
-333
-544
-477
-180
223
641
846
792
620
320
-82
-446
-767
-932
-774
-399
42
331
252
-164
-746
-1241
-1407
-1224
-831
-376
-96
-104
-250
-398
-551
-706
-802
-830
-775
-580
-332
-253
-423
-764
-1141
-1293
-1168
-924
-617
-364
-259
-160
-9
54
50
60
66
223
608
1012
1289
1393
1293
1078
916
865
883
876
816
695
495
270
29
-227
-393
-381
-187
127
455
665
701
617
548
547
608
779
983
1084
1107
1101
1057
988
908
850
836
891
1045
1218
1310
1293
1211
1119
1052
1044
1026
1038
1201
1405
1517
1404
850
-55
-942
-1522
-1633
-1384
-1081
-914
-973
-1194
-1391
-1575
-1797
-1971
-2017
-1843
-1373
-779
-342
-246
-505
-846
-985
-844
-452
-42
167
190
76
-66
-156
-243
-300
-305
-295
-191
58
341
542
517
266
-74
-468
-735
-723
-598
-497
-467
-542
-650
-762
-898
-1020
-1217
-1436
-1451
-1322
-1155
-1001
-998
-1083
-1085
-954
-704
-404
-156
12
103
217
415
614
776
914
982
997
1040
1091
1105
1105
1076
995
906
804
644
449
300
194
138
187
287
301
220
182
227
330
516
758
860
739
608
523
443
528
720
833
868
851
869
935
988
1057
1072
1016
1011
1047
1050
1020
972
924
935
989
1023
1009
922
865
920
978
877
524
-68
-725
-1151
-1230
-1094
-951
-940
-1078
-1267
-1403
-1541
-1766
-2056
-2304
-2347
-2079
-1592
-1128
-850
-816
-897
-917
-771
-457
-158
66
246
374
492
598
595
439
179
-105
-222
-85
178
405
436
164
-300
-746
-1086
-1248
-1244
-1204
-1131
-997
-860
-819
-908
-1115
-1388
-1562
-1501
-1193
-784
-468
-325
-328
-396
-425
-322
-151
18
187
358
539
728
880
896
795
685
653
747
920
1078
1090
953
817
735
662
572
471
374
309
282
292
264
127
-20
-55
41
231
480
698
783
762
698
658
666
695
786
916
1013
1082
1149
1166
1075
933
825
769
808
975
1147
1212
1203
1171
1146
1147
1191
1242
1272
1354
1502
1599
1491
1074
350
-505
-1177
-1508
-1507
-1337
-1289
-1489
-1853
-2250
-2611
-2879
-3024
-3049
-2873
-2415
-1762
-1126
-696
-543
-568
-570
-395
-9
454
797
942
937
831
656
460
216
-71
-318
-432
-386
-238
-101
-175
-489
-880
-1198
-1354
-1342
-1204
-1029
-843
-652
-484
-481
-710
-1008
-1259
-1322
-1090
-728
-466
-324
-306
-393
-420
-383
-341
-286
-203
-14
226
464
685
761
673
615
677
782
931
1047
1046
985
938
953
952
856
673
475
377
458
635
726
683
476
201
80
146
342
564
702
729
670
580
570
585
550
589
693
815
1001
1149
1152
1043
922
880
993
1238
1503
1674
1718
1673
1565
1465
1388
1282
1169
1095
1081
1095
1095
937
449
-322
-1198
-1898
-2249
-2246
-2003
-1796
-1788
-1934
-2153
-2348
-2441
-2420
-2283
-2018
-1597
-997
-406
-55
19
-188
-513
-597
-337
90
477
620
461
147
-140
-343
-515
-685
-813
-865
-751
-442
-145
-83
-300
-703
-1074
-1218
-1096
-768
-458
-338
-352
-456
-615
-731
-818
-915
-972
-940
-822
-685
-619
-687
-886
-1066
-1081
-917
-581
-192
55
149
166
182
284
479
679
821
918
1027
1124
1158
1132
1032
888
796
784
806
790
702
576
441
298
213
165
64
-10
10
128
334
581
757
798
768
735
798
957
1160
1356
1464
1520
1509
1468
1449
1423
1404
1418
1452
1465
1483
1484
1417
1291
1089
907
818
817
869
889
838
734
683
702
666
433
-109
-871
-1549
-1855
-1766
-1497
-1336
-1483
-1916
-2382
-2624
-2620
-2467
-2287
-2143
-1971
-1670
-1240
-854
-674
-692
-783
-722
-367
144
540
643
452
110
-167
-266
-293
-386
-542
-663
-647
-480
-276
-251
-508
-897
-1192
-1232
-983
-627
-429
-461
-630
-803
-842
-768
-682
-652
-687
-703
-668
-616
-621
-738
-912
-982
-839
-545
-211
17
65
18
5
140
411
721
1009
1224
1341
1393
1415
1347
1198
1042
906
879
944
993
977
839
582
313
113
2
-14
33
135
304
489
672
840
930
948
1004
1127
1298
1518
1665
1659
1552
1399
1283
1265
1307
1352
1342
1249
1103
962
860
807
783
734
670
646
689
773
879
983
1034
1085
1204
1312
1260
865
64
-926
-1751
-2141
-2068
-1830
-1827
-2194
-2747
-3162
-3247
-3075
-2823
-2628
-2480
-2177
-1597
-909
-413
-254
-325
-393
-200
293
816
1027
828
377
-116
-464
-636
-776
-1000
-1214
-1275
-1138
-865
-677
-736
-1027
-1357
-1449
-1201
-766
-372
-171
-220
-406
-536
-559
-546
-550
-571
-575
-544
-532
-605
-811
-1058
-1177
-1079
-759
-351
-63
67
107
136
268
481
708
926
1126
1361
1601
1736
1703
1490
1188
966
895
926
994
1010
912
757
594
435
297
213
225
335
522
746
908
950
936
921
957
1112
1308
1448
1517
1474
1350
1198
1087
1114
1234
1371
1508
1575
1538
1431
1305
1224
1223
1277
1338
1345
1261
1127
995
910
891
881
837
787
707
526
173
-423
-1230
-1997
-2460
-2551
-2387
-2226
-2267
-2545
-2875
-2997
-2886
-2659
-2376
-2090
-1788
-1362
-873
-515
-373
-412
-485
-392
-84
268
448
307
-100
-556
-909
-1126
-1253
-1365
-1449
-1435
-1291
-1071
-901
-876
-974
-1053
-971
-719
-396
-134
-13
-45
-142
-206
-208
-186
-197
-236
-317
-430
-580
-776
-987
-1150
-1167
-999
-690
-366
-140
-5
100
263
502
788
1068
1311
1531
1756
1986
2130
2125
2001
1805
1595
1457
1348
1170
907
593
293
86
-14
-92
-156
-179
-144
10
242
448
550
575
636
818
1123
1422
1610
1637
1566
1517
1524
1565
1580
1540
1468
1400
1348
1281
1171
1009
829
696
628
598
581
562
502
424
354
300
314
380
484
615
718
746
672
468
81
-462
-1076
-1610
-1892
-1933
-1901
-1990
-2311
-2793
-3174
-3251
-3035
-2645
-2275
-2007
-1785
-1529
-1216
-956
-811
-735
-617
-345
18
281
265
-31
-445
-785
-954
-990
-1009
-1073
-1137
-1132
-1054
-968
-922
-930
-922
-807
-598
-369
-187
-118
-161
-204
-203
-174
-151
-179
-215
-222
-227
-250
-323
-452
-554
-537
-388
-126
171
393
520
604
689
810
979
1173
1343
1489
1616
1698
1715
1655
1535
1371
1211
1066
908
707
480
279
109
14
-2
-9
-41
-26
79
256
519
790
993
1134
1230
1307
1349
1352
1329
1305
1306
1365
1402
1308
1111
866
644
563
631
732
799
833
839
843
861
843
766
681
672
759
859
893
800
597
438
419
509
604
587
404
91
-275
-665
-1137
-1729
-2285
-2646
-2765
-2693
-2634
-2778
-3088
-3316
-3249
-2884
-2359
-1881
-1592
-1433
-1237
-938
-614
-380
-275
-244
-161
21
180
157
-119
-578
-1038
-1331
-1432
-1450
-1481
-1527
-1547
-1487
-1318
-1110
-923
-770
-596
-335
-18
291
547
714
792
814
784
733
689
642
592
517
387
203
5
-155
-250
-282
-263
-211
-108
70
303
539
717
842
956
1084
1242
1418
1576
1660
1685
1656
1554
1399
1222
1032
857
720
598
466
300
147
42
-29
-49
-25
37
149
305
473
613
686
698
692
745
853
955
1059
1126
1108
1062
1010
935
870
858
891
957
1024
1031
963
846
722
627
533
420
314
231
185
182
158
54
-97
-216
-240
-190
-123
-104
-153
-219
-289
-390
-586
-962
-1447
-1838
-2009
-1988
-1924
-1978
-2207
-2510
-2684
-2636
-2434
-2178
-1916
-1676
-1460
-1222
-997
-847
-751
-661
-536
-359
-200
-155
-268
-481
-692
-854
-952
-949
-872
-778
-681
-591
-499
-380
-202
8
206
360
457
519
575
644
692
670
599
524
459
416
358
245
95
-53
-167
-223
-233
-199
-126
-12
169
362
531
694
878
1089
1289
1445
1517
1510
1488
1480
1452
1335
1129
861
602
428
324
214
46
-131
-258
-295
-247
-158
-106
-96
-21
153
399
695
933
1060
1120
1137
1124
1095
1048
988
943
920
888
805
660
508
404
366
392
471
552
611
641
604
517
436
391
386
400
377
267
105
-8
-23
-5
-20
-96
-204
-267
-240
-184
-210
-332
-488
-629
-745
-911
-1236
-1679
-2059
-2236
-2213
-2135
-2178
-2395
-2618
-2613
-2342
-1923
-1526
-1269
-1108
-940
-697
-441
-274
-189
-108
7
129
175
43
-241
-536
-720
-772
-752
-733
-769
-819
-801
-706
-559
-392
-209
-2
219
432
598
696
768
853
939
990
991
930
837
764
701
613
490
360
237
157
138
150
172
202
270
371
490
613
711
770
807
838
857
855
828
779
700
628
558
466
379
300
225
154
82
18
-24
-27
10
71
129
188
263
349
457
578
676
754
814
831
803
739
640
530
469
467
473
454
438
418
403
424
460
498
545
620
698
736
718
645
539
463
424
366
245
61
-129
-276
-357
-404
-478
-590
-693
-730
-659
-507
-345
-251
-251
-309
-430
-627
-907
-1219
-1467
-1575
-1551
-1531
-1669
-1938
-2195
-2294
-2137
-1788
-1432
-1183
-1057
-992
-911
-808
-705
-619
-534
-413
-284
-234
-312
-476
-642
-730
-698
-596
-512
-463
-436
-383
-252
-48
181
400
602
759
865
933
990
1055
1126
1192
1199
1108
935
725
509
344
273
230
175
100
-10
-123
-178
-151
-57
88
251
397
507
589
639
656
671
704
747
771
749
673
540
375
225
119
46
15
0
-36
-72
-90
-86
-38
71
227
397
550
666
740
794
850
903
927
915
860
745
603
475
369
291
249
215
144
57
-4
-15
35
149
287
395
462
485
462
428
403
399
408
407
360
235
45
-137
-221
-213
-150
-105
-121
-164
-180
-144
-81
-48
-72
-150
-275
-455
-719
-1068
-1392
-1588
-1647
-1622
-1635
-1786
-2011
-2136
-2064
-1821
-1512
-1263
-1124
-1049
-951
-802
-643
-486
-344
-231
-132
-80
-114
-225
-340
-395
-387
-338
-287
-265
-273
-261
-181
-22
203
454
681
833
914
959
1007
1094
1204
1283
1286
1186
980
722
483
304
177
95
31
-78
-237
-398
-498
-515
-425
-237
-44
111
214
254
268
318
415
549
695
800
830
764
632
479
341
240
189
163
104
5
-97
-177
-197
-123
2
120
215
279
337
425
534
633
708
763
800
785
699
559
403
282
234
226
198
111
-30
-138
-130
-19
140
292
399
471
530
584
617
627
631
649
676
668
589
417
190
17
-52
-22
19
-12
-119
-258
-361
-372
-309
-228
-158
-135
-185
-292
-449
-625
-809
-972
-1102
-1217
-1340
-1498
-1677
-1850
-1946
-1936
-1827
-1666
-1510
-1382
-1279
-1175
-1023
-775
-498
-255
-80
-2
5
-12
-11
15
32
23
-23
-104
-183
-231
-238
-184
-70
71
213
338
439
530
610
711
839
942
993
1002
955
856
735
624
552
514
464
369
189
-49
-261
-405
-465
-430
-355
-274
-187
-125
-72
-2
106
269
460
624
716
744
733
709
674
638
599
520
424
342
262
165
61
-23
-61
-33
55
137
156
155
191
271
385
506
551
505
427
374
354
343
343
323
265
207
179
176
182
217
270
330
389
433
461
484
528
582
619
637
626
571
472
342
221
138
86
34
-61
-205
-342
-413
-400
-333
-278
-279
-311
-338
-339
-318
-323
-396
-516
-648
-788
-980
-1227
-1470
-1641
-1690
-1651
-1621
-1670
-1756
-1775
-1651
-1407
-1128
-888
-713
-568
-405
-241
-118
-27
41
107
177
220
204
123
24
-27
-28
0
35
51
68
123
212
304
378
425
470
522
580
662
731
762
758
726
677
623
568
477
363
246
131
30
-59
-138
-216
-299
-343
-333
-282
-203
-127
-52
34
127
240
357
437
483
527
559
607
642
618
541
417
270
157
105
76
44
-3
-63
-89
-78
-51
-14
34
90
161
257
362
444
489
527
558
589
601
562
492
398
309
249
190
121
61
23
13
48
103
165
238
300
353
384
390
388
390
378
355
312
233
148
69
2
-70
-147
-203
-235
-250
-251
-268
-318
-370
-407
-422
-434
-476
-535
-600
-669
-747
-850
-987
-1110
-1144
-1096
-1025
-985
-1008
-1063
-1057
-944
-778
-625
-510
-439
-393
-333
-271
-216
-162
-97
-16
52
69
25
-43
-92
-81
-20
41
66
59
46
36
58
106
170
263
352
401
399
381
367
406
486
545
550
499
419
336
275
239
203
144
48
-63
-180
-289
-354
-368
-335
-277
-228
-216
-204
-134
-29
73
179
266
321
352
374
386
392
398
395
382
346
288
209
117
47
24
38
62
89
104
96
110
170
251
346
440
505
534
541
533
515
487
441
383
335
299
262
210
159
123
113
122
111
77
32
3
28
72
108
116
93
57
37
24
0
-4
-4
10
37
40
13
-44
-76
-56
-10
29
50
52
44
40
6
-67
-160
-256
-322
-390
-497
-640
-798
-914
-950
-939
-941
-958
-986
-982
-908
-801
-682
-578
-495
-411
-313
-222
-169
-131
-79
-21
27
51
29
-20
-63
-87
-86
-77
-69
-65
-62
-58
-53
-31
9
85
188
268
305
319
333
355
380
394
383
348
298
239
184
138
64
-22
-100
-181
-247
-302
-337
-352
-344
-323
-307
-269
-220
-139
-38
65
170
257
333
412
495
551
578
609
641
661
646
605
544
498
465
427
394
335
272
210
142
110
108
116
130
130
114
86
67
64
68
79
86
69
36
-1
-31
-52
-55
-57
-58
-51
-47
-43
-18
22
70
120
145
171
195
212
224
223
217
212
213
220
227
237
240
213
198
193
182
184
193
199
191
158
103
38
-32
-95
-158
-233
-298
-344
-402
-470
-551
-641
-704
-710
-661
-608
-595
-630
-680
-716
-691
-627
-575
-534
-502
-451
-393
-351
-334
-329
-310
-263
-198
-165
-165
-181
-193
-183
-148
-116
-102
-93
-83
-70
-53
-38
-29
-15
1
15
17
25
49
78
139
197
224
224
210
202
204
215
225
239
246
249
241
200
160
143
150
173
200
210
188
160
145
144
154
182
217
261
315
359
366
349
325
308
321
333
332
317
275
229
191
150
118
107
114
125
134
123
103
102
115
147
183
181
165
170
202
246
278
270
230
174
139
130
107
64
9
-32
-39
-32
-41
-70
-103
-112
-66
13
87
135
141
136
162
197
230
252
249
247
253
254
242
212
168
128
101
92
78
52
25
-6
-30
-59
-100
-146
-212
-281
-341
-405
-462
-519
-574
-624
-677
-727
-777
-815
-855
-892
-925
-943
-927
-923
-913
-900
-911
-894
-831
-729
-609
-515
-458
-395
-318
-229
-116
-33
37
109
172
238
271
286
303
340
408
468
506
501
489
491
515
552
562
556
524
470
438
412
376
330
276
229
191
146
87
28
-18
-42
-41
-49
-77
-114
-140
-144
-124
-88
-54
-8
30
53
74
87
106
131
171
229
272
298
297
286
296
328
356
366
356
328
312
300
270
234
190
136
93
60
27
-8
-58
-106
-137
-167
-184
-178
-167
-147
-129
-116
-107
-99
-75
-33
6
41
86
114
137
151
155
176
205
241
281
314
328
322
308
297
298
291
271
249
232
214
176
123
61
23
12
-2
-34
-82
-144
-211
-270
-325
-376
-437
-521
-595
-659
-718
-765
-814
-856
-888
-916
-916
-894
-874
-838
-796
-746
-664
-580
-485
-381
-301
-223
-147
-90
-28
47
92
127
160
187
231
262
285
318
335
336
347
360
372
379
382
385
373
357
354
350
343
328
292
260
228
196
163
118
82
44
20
2
-12
-13
-17
-19
-17
-12
-18
-36
-64
-93
-88
-83
-72
-51
-40
-32
-24
-12
16
60
109
174
220
241
248
236
245
266
277
295
299
284
267
231
191
158
119
97
82
61
51
43
26
16
14
10
13
19
32
51
68
82
91
92
108
133
144
145
142
162
187
188
184
173
169
173
176
177
164
140
114
102
110
115
104
92
82
62
65
63
51
40
20
5
-17
-54
-103
-156
-207
-256
-293
-336
-396
-472
-552
-609
-638
-662
-678
-695
-713
-712
-702
-671
-636
-599
-550
-499
-439
-383
-337
-310
-279
-221
-162
-97
-35
7
39
70
112
157
192
217
246
270
278
282
265
240
220
195
177
155
133
115
94
68
33
2
-13
-16
-26
-51
-88
-132
-163
-172
-170
-167
-168
-170
-173
-166
-146
-122
-86
-46
6
67
124
181
223
259
313
375
425
460
483
481
479
482
484
484
475
465
447
421
407
391
369
352
340
328
308
265
219
169
116
89
60
21
-22
-74
-125
-164
-190
-200
-196
-198
-201
-194
-168
-116
-56
15
79
131
177
221
264
302
339
359
360
354
356
363
351
336
324
311
298
272
235
187
132
92
55
21
-17
-75
-147
-220
-301
-376
-430
-478
-516
-550
-583
-617
-663
-699
-700
-679
-663
-656
-659
-665
-655
-638
-614
-586
-560
-520
-472
-413
-356
-310
-276
-230
-171
-120
-75
-50
-34
-9
22
52
77
89
84
83
79
75
75
67
68
69
48
20
-11
-46
-61
-77
-86
-96
-116
-123
-134
-134
-137
-129
-114
-84
-38
-2
48
91
148
221
295
364
414
465
506
543
561
572
590
599
616
625
611
583
549
531
521
508
494
465
431
398
375
355
308
260
216
185
166
135
99
48
-11
-53
-77
-94
-115
-130
-136
-133
-129
-127
-116
-104
-81
-46
-14
20
46
69
90
103
114
123
139
158
181
203
213
220
216
212
221
222
215
193
161
130
103
71
35
-13
-76
-135
-185
-244
-305
-371
-440
-497
-544
-588
-636
-683
-723
-740
-746
-740
-724
-715
-702
-693
-675
-646
-611
-568
-518
-471
-436
-396
-370
-346
-321
-290
-254
-228
-207
-199
-201
-197
-182
-153
-131
-110
-82
-71
-66
-56
-36
1
34
53
59
59
61
77
98
108
123
139
164
189
189
179
170
172
191
214
233
247
253
273
311
349
382
411
437
467
502
528
556
574
582
590
589
598
602
596
590
582
585
576
546
502
450
421
389
361
317
268
218
155
117
84
64
43
20
5
-18
-30
-33
-38
-30
-26
-19
-5
2
4
-10
-34
-48
-48
-46
-44
-53
-67
-82
-88
-98
-105
-104
-111
-107
-114
-115
-119
-132
-132
-130
-126
-126
-136
-150
-159
-167
-169
-172
-188
-210
-237
-259
-285
-318
-359
-392
-409
-430
-461
-499
-534
-563
-574
-575
-564
-545
-537
-524
-502
-480
-468
-453
-435
-402
-368
-344
-315
-298
-283
-260
-240
-217
-195
-168
-138
-117
-98
-75
-56
-43
-24
0
31
67
94
131
168
193
200
204
220
248
276
297
324
343
357
368
376
390
397
414
433
442
444
440
432
430
424
411
408
402
408
404
397
392
382
394
416
439
455
467
474
478
482
484
485
470
442
413
380
353
328
291
249
209
162
125
98
71
42
7
-14
-19
-31
-48
-76
-109
-135
-147
-147
-148
-159
-188
-217
-247
-263
-265
-271
-276
-291
-307
-316
-331
-346
-362
-367
-364
-356
-338
-329
-334
-335
-324
-306
-286
-278
-271
-255
-246
-241
-247
-253
-252
-249
-254
-263
-270
-283
-297
-310
-325
-338
-355
-370
-374
-381
-381
-380
-384
-377
-374
-366
-352
-340
-321
-301
-281
-257
-237
-221
-200
-170
-133
-97
-66
-40
-8
33
76
120
160
198
231
249
263
264
268
278
276
278
270
265
260
250
258
258
255
250
248
258
266
279
289
293
306
319
331
327
327
324
311
303
293
272
255
237
228
233
235
257
275
291
311
321
339
350
360
372
378
389
390
380
374
363
349
329
304
282
254
234
209
178
153
119
78
37
-5
-36
-72
-101
-130
-154
-177
-211
-237
-261
-274
-280
-288
-287
-288
-290
-288
-280
-273
-267
-264
-259
-249
-246
-241
-234
-239
-240
-243
-234
-224
-229
-221
-217
-213
-227
-245
-249
-262
-255
-254
-258
-259
-277
-283
-287
-281
-273
-274
-259
-244
-227
-223
-219
-209
-203
-181
-156
-138
-130
-126
-116
-116
-107
-99
-91
-81
-70
-51
-53
-37
-20
-6
19
46
73
85
100
126
145
156
154
147
140
134
136
130
117
111
100
96
93
93
89
85
89
94
103
109
112
114
120
134
148
159
179
188
203
220
234
254
263
275
279
281
283
278
283
280
276
265
245
243
234
228
219
206
198
184
181
168
151
145
145
159
162
164
155
136
125
119
116
101
88
80
78
74
63
58
44
35
28
21
23
15
-4
-25
-51
-65
-78
-89
-112
-142
-157
-172
-181
-198
-213
-214
-227
-229
-230
-230
-225
-229
-235
-243
-250
-248
-261
-279
-294
-303
-306
-313
-311
-315
-315
-308
-306
-293
-273
-244
-211
-186
-155
-134
-116
-101
-84
-61
-51
-42
-35
-33
-32
-42
-51
-60
-67
-73
-80
-84
-95
-109
-118
-121
-121
-125
-122
-117
-115
-106
-102
-89
-69
-52
-38
-24
-3
16
35
51
82
108
121
136
140
148
146
145
142
133
139
144
148
142
137
149
159
166
173
181
195
197
203
213
217
228
231
239
241
234
234
230
231
227
218
219
216
198
180
169
175
180
169
160
153
143
128
115
118
126
137
151
165
175
176
183
200
211
210
210
209
200
176
148
126
99
72
40
5
-35
-79
-115
-155
-186
-211
-231
-240
-252
-260
-267
-263
-242
-224
-211
-196
-188
-185
-177
-162
-150
-151
-156
-164
-171
-182
-185
-191
-206
-219
-229
-224
-234
-241
-235
-230
-224
-227
-221
-207
-198
-196
-195
-182
-165
-156
-156
-147
-135
-128
-122
-107
-96
-95
-99
-101
-99
-108
-111
-111
-117
-123
-125
-117
-108
-103
-94
-74
-54
-39
-29
-10
22
47
74
95
117
129
136
145
151
158
163
164
163
161
156
147
135
129
123
114
108
99
87
78
73
62
47
56
70
82
95
113
133
150
180
199
208
222
246
265
273
279
282
268
255
254
246
238
225
212
198
178
176
162
150
143
134
128
128
138
137
132
137
139
137
123
110
100
78
63
50
28
2
-30
-54
-73
-95
-116
-140
-150
-167
-188
-203
-210
-204
-209
-200
-188
-183
-175
-179
-162
-150
-148
-142
-147
-138
-134
-137
-136
-146
-143
-147
-158
-166
-186
-197
-207
-220
-231
-244
-248
-252
-253
-247
-241
-224
-200
-179
-164
-158
-135
-106
-91
-70
-53
-36
-23
-13
2
13
22
33
38
38
45
44
36
33
25
23
17
16
17
17
22
19
18
22
39
52
61
79
96
115
119
125
127
127
133
130
131
132
125
111
101
100
101
98
96
103
104
108
106
106
111
121
134
147
155
154
166
185
199
208
208
206
207
192
183
171
144
126
102
78
58
30
13
-5
-21
-23
-34
-44
-50
-62
-52
-38
-26
-18
-11
2
10
17
26
37
46
50
49
47
38
27
8
-1
-17
-29
-40
-68
-96
-126
-147
-169
-200
-214
-219
-226
-227
-233
-232
-235
-234
-220
-222
-222
-217
-208
-194
-193
-184
-184
-186
-177
-172
-156
-149
-148
-137
-138
-135
-127
-115
-97
-92
-70
-55
-49
-26
-9
7
9
23
53
57
71
89
90
93
99
112
112
99
101
97
82
76
62
43
33
26
15
3
1
7
0
4
23
33
45
66
91
111
132
157
178
194
218
242
253
261
260
252
246
237
220
192
169
150
130
108
88
76
58
46
36
27
27
20
21
28
31
35
32
32
37
45
56
65
72
75
74
71
66
65
61
62
59
58
48
36
23
5
1
4
9
6
-2
-1
2
11
12
8
10
16
23
20
13
0
-16
-21
-35
-54
-71
-95
-112
-145
-165
-179
-201
-220
-249
-255
-253
-253
-250
-257
-245
-227
-213
-187
-165
-143
-126
-103
-71
-57
-49
-48
-35
-26
-24
-19
-32
-31
-41
-54
-64
-86
-93
-113
-125
-127
-129
-129
-141
-141
-138
-134
-126
-111
-83
-63
-43
-19
5
27
46
69
94
119
147
158
152
145
150
151
136
123
117
120
113
99
89
78
81
77
68
65
58
60
63
57
57
48
46
49
39
44
49
51
47
30
25
8
0
-10
-21
-26
-30
-28
-43
-52
-56
-58
-52
-42
-23
-13
-6
9
26
47
65
89
109
125
139
131
129
127
118
108
93
88
75
46
36
22
7
-7
-19
-29
-46
-50
-50
-54
-58
-51
-42
-30
-18
-6
8
14
26
34
43
58
64
65
71
85
94
95
93
90
80
66
53
37
21
3
-10
-19
-31
-40
-57
-60
-61
-72
-75
-75
-68
-73
-72
-59
-52
-53
-52
-39
-31
-27
-29
-34
-39
-43
-39
-47
-54
-48
-42
-36
-32
-23
-14
-11
-6
0
2
12
21
24
25
31
45
53
47
49
57
59
54
43
35
18
3
-7
-18
-35
-56
-64
-73
-87
-98
-109
-106
-107
-111
-103
-103
-90
-75
-70
-51
-29
-20
-9
-6
5
11
8
13
12
9
10
6
-2
-11
-23
-29
-29
-43
-58
-73
-83
-81
-93
-95
-83
-78
-75
-73
-62
-50
-42
-33
-26
-16
0
14
25
36
52
69
87
101
98
104
113
115
120
116
126
126
118
126
131
133
135
128
127
134
130
124
107
103
107
102
95
89
84
70
66
56
38
32
11
-7
-21
-32
-37
-53
-62
-56
-59
-58
-57
-52
-45
-40
-34
-25
-13
-6
0
12
28
45
55
57
63
64
58
56
46
34
22
4
2
-6
-22
-35
-40
-43
-61
-77
-86
-97
-109
-112
-116
-116
-116
-108
-98
-89
-72
-65
-57
-39
-24
-20
-18
-13
-6
-3
4
12
8
7
7
6
-3
-12
-11
-24
-41
-44
-47
-48
-56
-59
-46
-47
-48
-40
-45
-43
-41
-46
-46
-47
-44
-45
-50
-46
-38
-39
-41
-30
-26
-27
-22
-19
-15
-15
-10
2
13
18
31
43
55
74
81
85
101
106
117
125
122
128
126
129
131
122
120
109
97
84
70
63
46
36
32
16
14
9
6
0
0
11
12
11
11
12
6
11
18
17
12
14
14
15
14
4
15
16
13
12
2
7
-6
-20
-23
-30
-36
-49
-56
-69
-84
-82
-82
-90
-96
-95
-90
-89
-95
-90
-86
-79
-64
-65
-61
-51
-51
-53
-48
-44
-39
-43
-50
-37
-32
-34
-24
-24
-16
-7
-9
-1
4
6
15
16
13
11
15
15
16
14
13
17
4
4
-3
-18
-14
-22
-21
-19
-18
-16
-23
-10
-8
-9
-2
1
11
11
9
16
24
35
38
41
53
63
70
72
82
90
90
93
83
88
88
85
84
73
75
72
66
58
43
46
46
43
35
27
32
25
16
18
16
15
18
21
22
23
20
22
28
24
29
32
36
40
32
35
38
32
30
28
22
25
26
18
15
4
-5
-8
-13
-17
-23
-27
-35
-41
-54
-63
-74
-82
-82
-86
-86
-87
-93
-97
-102
-100
-100
-104
-106
-102
-101
-99
-103
-100
-92
-86
-81
-75
-63
-52
-60
-55
-43
-50
-56
-50
-45
-55
-55
-46
-43
-46
-54
-48
-43
-38
-35
-37
-29
-19
-19
-16
-7
-10
-6
5
4
8
6
8
14
14
24
27
31
47
58
55
62
78
73
71
70
71
78
73
78
79
80
92
96
99
102
100
99
103
96
85
74
65
63
60
51
46
47
48
39
32
31
27
26
25
27
24
22
24
20
26
28
28
35
32
33
32
37
38
29
44
45
38
40
41
39
21
24
20
3
-7
-12
-17
-29
-29
-28
-30
-26
-31
-31
-34
-32
-28
-35
-34
-37
-37
-34
-44
-47
-42
-36
-34
-34
-34
-35
-39
-43
-36
-43
-51
-48
-50
-48
-55
-57
-50
-50
-50
-47
-40
-46
-47
-38
-39
-36
-38
-34
-37
-48
-35
-39
-49
-45
-48
-42
-49
-57
-48
-48
-37
-42
-46
-27
-24
-26
-23
-11
3
-1
10
24
23
29
39
51
53
54
70
67
67
67
67
77
69
70
72
67
70
64
57
63
60
51
51
45
46
39
28
29
23
16
15
10
7
9
12
14
6
13
24
19
17
22
23
17
9
13
4
-5
-6
-12
-13
-15
-20
-19
-25
-24
-23
-19
-22
-27
-24
-28
-28
-31
-30
-30
-41
-38
-29
-33
-44
-41
-33
-33
-40
-42
-42
-41
-38
-39
-40
-39
-35
-36
-39
-36
-40
-36
-28
-35
-35
-35
-38
-33
-32
-27
-34
-27
-18
-27
-27
-31
-23
-21
-27
-16
-21
-24
-17
-18
-14
-14
-23
-20
-16
-19
-19
-17
-15
-10
-5
0
1
-4
11
22
16
19
21
25
25
25
25
30
42
47
46
49
53
57
58
58
64
60
57
61
54
46
49
48
50
46
43
43
37
41
47
51
48
47
58
62
62
59
62
72
61
52
50
42
40
35
31
36
33
28
27
24
17
15
12
2
-8
-11
-21
-24
-31
-33
-22
-21
-18
-19
-24
-13
-16
-27
-21
-23
-29
-25
-26
-25
-24
-21
-18
-22
-28
-29
-31
-34
-28
-36
-46
-29
-28
-32
-27
-18
-14
-16
-12
-14
-27
-26
-23
-25
-26
-26
-23
-21
-21
-20
-24
-23
-27
-37
-39
-43
-54
-56
-56
-49
-48
-53
-46
-39
-37
-39
-28
-24
-29
-20
-18
-15
-14
-9
12
6
6
16
11
15
14
11
4
4
7
2
-4
0
4
1
1
4
3
-8
-6
4
1
7
5
12
21
12
24
29
28
30
29
32
27
18
24
28
31
32
29
34
35
31
29
24
26
21
17
17
8
10
19
13
17
14
12
10
6
6
-1
1
3
3
-4
-4
-3
-5
-4
-4
-9
-16
-20
-29
-30
-27
-30
-25
-20
-16
-6
-7
-3
16
15
14
17
20
22
15
20
32
26
27
29
27
26
21
23
21
18
13
11
13
5
8
6
6
15
3
-1
1
-3
-5
-5
-6
2
0
5
7
4
20
17
14
17
11
14
10
2
5
9
4
1
6
4
-1
-6
2
-2
-9
-7
-14
-12
-4
-9
-10
-1
-4
-13
-7
-10
-16
-22
-23
-13
-23
-29
-23
-17
-16
-18
-15
-13
-10
-16
-14
-19
-17
-12
-21
-17
-11
-16
-14
-1
-7
-9
-5
-9
-4
-5
-3
-4
-1
11
6
-5
-1
1
-2
-8
-18
-17
-18
-27
-29
-28
-28
-24
-19
-21
-18
-17
-18
-16
-15
-16
-19
-11
-6
-9
-5
1
10
11
8
9
7
13
6
4
14
7
10
18
17
21
24
26
31
28
24
21
18
17
16
22
17
17
31
31
25
30
39
41
27
31
40
29
25
28
34
31
24
32
34
25
22
27
20
16
21
11
12
11
11
19
18
18
12
16
17
5
0
1
1
3
-3
-6
-3
-2
-2
-6
5
3
-8
2
-7
-11
-14
-25
-19
-22
-27
-27
-27
-26
-24
-21
-23
-22
-18
-18
-17
-22
-14
-17
-21
-12
-22
-21
-19
-20
-19
-21
-20
-16
-12
-24
-19
-10
-13
-13
-10
-3
-8
-10
-2
-11
-5
2
0
3
8
13
11
15
22
18
18
19
13
10
8
6
3
5
6
9
11
8
19
15
17
17
6
11
0
0
-3
-11
-1
0
-1
4
11
15
17
24
29
26
26
24
22
21
17
14
10
11
15
5
4
3
6
9
2
10
9
9
8
5
12
7
4
-5
-5
-2
-16
-18
-14
-14
-13
-10
-8
-9
-2
