24
20
18
21
31
13
6
21
15
7
12
18
14
16
10
15
23
21
23
20
13
15
11
4
10
8
4
9
6
9
7
11
14
4
2
11
8
-2
0
-2
1
-1
-10
-4
-4
1
2
-10
-11
-6
-17
-19
-10
-16
-14
-15
-18
-11
-9
-5
-15
-24
-17
-16
-26
-26
-18
-17
-24
-23
-16
-23
-18
-23
-26
-21
-22
-20
-12
-4
-18
-25
-21
-35
-26
-12
-23
-14
-7
-23
-9
-10
-16
-6
-20
-17
-1
-2
-7
-13
-17
-12
-6
2
-3
-7
5
0
6
5
-12
-5
4
4
4
9
18
21
20
18
14
18
22
21
19
14
21
27
28
27
19
26
27
25
27
20
20
27
30
34
27
26
25
21
28
29
22
28
28
13
18
16
8
15
15
20
21
23
28
22
14
10
10
11
9
3
2
6
5
-3
2
8
1
-5
-12
-13
-11
-11
-16
-23
-21
-18
-25
-27
-29
-29
-22
-21
-26
-38
-42
-43
-43
-38
-31
-36
-47
-42
-38
-39
-36
-33
-34
-44
-46
-40
-40
-34
-25
-22
-22
-24
-30
-29
-34
-39
-23
-18
-31
-33
-31
-29
-22
-15
-18
-16
-7
-4
-2
1
-4
-1
1
3
5
7
1
-5
4
11
9
16
11
2
11
13
14
16
11
9
17
20
20
24
11
18
27
12
19
27
10
14
33
21
12
21
12
16
27
26
31
28
18
16
22
23
19
28
22
0
25
29
11
33
27
9
26
30
26
29
28
25
19
24
15
6
12
1
-5
-2
2
1
0
-5
1
3
-15
-4
2
-4
5
-6
-11
-6
-14
-16
-26
-25
-9
-27
-26
-11
-34
-17
-7
-27
-25
-16
-24
-31
-27
-34
-31
-21
-34
-36
-27
-42
-36
-28
-38
-28
-30
-39
-23
-24
-35
-34
-22
-10
-25
-20
-8
-24
-36
-26
-11
-14
-13
-13
-10
-6
-11
-7
-2
0
6
3
0
15
2
-15
6
10
4
-5
-13
3
3
8
11
16
17
3
14
27
24
22
19
21
26
14
9
26
30
25
33
32
27
32
17
13
32
21
17
32
16
21
28
14
20
20
4
9
15
3
12
13
0
3
14
1
0
17
-1
-5
-2
-11
0
-1
1
6
-4
5
1
-9
-2
-1
-7
0
-1
-8
5
-14
-14
1
-25
-18
-13
-31
-14
-17
-35
-19
-19
-25
-14
-17
-19
-12
-31
-30
-3
-23
-15
4
-30
-20
-9
-28
4
-6
-20
7
-12
-22
-7
6
-6
7
7
-14
19
-7
-17
18
-3
-5
11
0
6
16
7
12
13
-1
19
18
1
34
17
10
35
3
5
39
18
11
36
14
16
29
9
31
37
4
6
15
3
24
17
9
35
-6
0
33
5
12
21
0
14
10
-9
1
4
-9
-2
-4
-7
15
-19
-13
13
-15
-11
-6
-15
8
6
-28
12
-3
-48
8
-9
-35
4
-27
-18
9
-39
-16
4
-32
-16
-3
-33
-11
-5
-41
-2
-8
-49
-5
-14
-36
3
-31
-44
-5
-32
-19
-15
-40
-4
-10
-40
6
-1
-41
0
-24
-32
10
-30
-4
18
-29
-13
0
-30
-10
8
-16
15
-5
-25
18
3
-1
9
6
7
11
9
-7
10
3
11
29
-10
24
18
-19
46
18
-3
51
8
4
35
-14
19
36
-4
19
16
-13
19
33
-9
30
30
-16
50
16
-13
52
-1
3
62
-9
11
62
-5
29
44
-2
37
35
-2
20
25
-23
24
24
-30
42
17
-14
32
-10
-4
30
-16
-8
31
-15
6
44
-25
19
10
-33
19
-34
-5
21
-52
-20
3
-55
-14
11
-61
7
-7
-63
25
-38
-44
25
-59
-29
6
-50
-28
-12
-48
-15
-18
-60
22
-24
-67
42
-23
-36
29
-52
-7
19
-49
7
16
-30
2
6
-22
11
-9
-8
10
-22
25
20
-10
30
4
-10
22
10
8
34
9
3
49
-4
15
53
-5
19
26
12
11
22
37
6
12
28
20
13
41
34
-13
43
6
-12
57
-13
-4
29
12
0
19
21
-11
29
13
-18
11
8
1
6
25
-5
-15
38
-17
2
39
-11
22
31
6
-1
19
14
-22
19
23
-32
6
21
-30
11
36
-52
22
36
-47
44
24
-39
19
18
-48
7
29
-33
28
9
-22
13
-22
22
-8
-44
30
-26
-8
22
-32
-6
12
-27
-9
16
-38
-19
-4
-26
1
-37
-10
-6
-51
35
2
-41
24
-13
-49
21
3
-53
31
-4
-61
35
-2
-44
34
-7
-22
7
7
8
-4
26
9
-2
31
3
-27
38
9
-34
50
1
-29
57
2
-14
35
15
8
22
19
2
21
27
8
2
40
13
-22
47
4
-30
57
26
-30
46
22
-55
29
19
-54
24
17
-43
-4
22
-30
-14
42
-27
-29
46
-30
-54
48
-14
-63
40
4
-96
44
11
-116
63
9
-93
43
15
-83
29
34
-116
29
38
-128
47
45
-127
58
63
-134
68
69
-140
84
58
-140
77
56
-123
85
51
-134
95
40
-129
92
25
-123
74
28
-100
68
43
-77
66
48
-102
62
64
-124
68
51
-123
104
48
-130
73
33
-117
60
67
-122
47
93
-133
55
77
-132
73
71
-117
64
97
-120
39
119
-161
67
119
-161
104
62
-146
66
49
-113
49
58
-135
83
43
-131
139
-3
-124
127
-39
-104
138
-56
-107
164
-103
-58
198
-191
-12
178
-211
55
130
-215
99
102
-197
106
48
-159
131
-23
-113
119
-94
-33
84
-117
31
17
-103
67
-39
-57
84
-81
-36
106
-113
-9
85
-167
55
42
-166
95
-1
-115
98
-39
-67
59
-54
-40
45
-24
-20
55
-47
-24
32
-66
-7
46
-36
-6
54
-59
-4
73
-116
68
74
-146
135
-9
-90
127
-25
-52
54
20
-66
71
0
-64
80
-59
7
21
-61
73
-11
-12
42
1
-29
40
27
-74
108
-7
-70
124
-27
-56
104
-12
-58
107
-37
-60
126
-72
-3
113
-115
56
59
-72
52
37
-42
7
78
-85
36
68
-137
114
-7
-84
118
-81
16
39
-70
55
-10
-30
55
-43
-20
55
-78
10
22
-68
27
4
-53
32
-6
-78
65
-57
-102
138
-81
-72
173
-141
-70
215
-169
-80
268
-236
-39
270
-257
-2
184
-203
-38
183
-145
-29
145
-123
25
39
-35
13
-21
60
-74
28
106
-149
95
104
-187
104
112
-211
129
128
-226
136
86
-247
178
61
-223
233
-75
-108
238
-148
-4
156
-166
51
177
-205
95
120
-244
210
21
-192
219
-84
-52
161
-83
24
54
-68
64
-27
-8
113
-90
73
69
-113
72
66
-144
55
147
-187
73
188
-246
62
232
-308
75
212
-251
63
140
-126
-40
125
-68
-124
166
-61
-98
146
-81
-25
48
-72
-27
23
-51
41
31
-87
68
-49
-63
37
-35
-55
65
-20
-40
5
-20
34
-145
132
-16
-157
244
-139
-104
176
-118
-127
197
-81
-156
304
-175
-34
213
-208
51
57
-42
-67
74
87
-198
162
35
-208
159
-79
-6
80
-88
139
-92
-44
89
-151
71
74
-97
118
37
-125
134
-7
-137
188
-92
-4
126
-90
95
-62
18
76
-99
122
2
-48
141
-85
36
35
-98
123
-75
23
89
-156
180
-15
-198
227
-51
-224
284
-27
-228
333
-113
-111
210
-135
-5
81
-23
-41
143
-50
-113
207
-201
-16
211
-186
54
140
-113
-3
128
-119
16
67
-117
112
-40
-21
50
-109
95
-103
-86
179
-173
20
125
-88
20
-21
89
-137
32
138
-292
223
47
-337
289
-104
-181
204
-194
28
58
-144
108
53
-196
141
24
-269
303
-79
-202
355
-174
-126
258
-165
-138
223
-67
-181
323
-155
-160
311
-298
2
244
-276
125
159
-237
243
-34
-244
273
-173
-84
249
-182
93
5
-129
231
-247
-57
246
-196
3
195
-31
-88
130
-10
-117
229
-189
18
266
-304
220
85
-334
252
-66
-220
281
-23
-85
90
63
-118
-24
126
-179
78
120
-172
106
229
-285
28
237
-389
232
18
-229
429
-384
98
276
-555
309
14
-352
400
-44
-222
256
-108
-146
118
-148
104
23
-155
292
-169
-56
150
-263
92
43
-216
117
183
-305
56
273
-431
32
246
-444
289
247
-505
339
128
-618
316
287
-663
394
272
-644
467
80
-505
396
-45
-354
295
12
-97
90
37
74
-204
21
255
-342
137
359
-396
200
133
-320
71
86
-100
9
169
-121
11
55
-77
136
-89
-122
282
-118
-223
497
-215
-183
399
-385
123
150
-311
321
67
-234
49
232
-301
-95
383
-274
38
281
-289
84
213
-410
306
72
-384
435
-139
-138
345
-181
-96
166
-140
-77
178
-13
-58
111
-47
-205
175
-9
-340
480
-20
-359
450
-79
-264
227
52
-223
210
-23
-180
371
-270
-43
300
-402
6
194
-167
25
75
79
-126
-192
367
-324
-114
478
-386
173
134
-346
264
-81
-287
316
-113
-293
398
-168
-158
216
-172
-37
-91
187
-66
-83
416
-269
7
190
-334
56
252
-235
73
352
-445
52
206
-350
102
26
-62
37
22
25
-57
65
28
-198
207
7
-156
454
-267
65
266
-501
151
173
-291
79
294
-304
76
207
-517
274
49
-417
452
13
-237
223
24
-125
77
11
-91
132
33
63
3
117
-111
-259
170
-124
19
67
-23
89
-40
-83
6
1
-134
61
129
7
77
-41
-10
79
-199
88
-23
-98
212
-116
128
78
-257
52
-104
-48
122
-46
193
-64
-20
165
-288
124
76
-170
259
5
-63
121
-83
-95
21
-111
-56
60
7
12
46
9
-174
101
-39
-248
282
75
-170
282
55
-352
192
0
-298
350
-67
-232
324
-177
-89
174
-280
65
96
-179
255
158
-229
164
121
-266
214
-4
-198
423
-174
-131
432
-421
-159
272
-212
-8
173
-132
-40
102
-113
70
-21
0
46
-37
231
16
-58
35
22
9
-79
139
9
-64
75
4
38
-119
-65
35
34
85
-10
-6
92
-89
-149
238
-25
-202
211
58
-78
24
-7
-99
-42
26
-130
61
88
-200
69
91
-189
3
5
-37
71
14
20
10
37
-141
-34
150
-179
105
128
-107
155
-120
-135
111
-159
-62
125
-65
13
33
-48
33
-129
-65
59
-11
97
-18
26
33
-133
24
2
-89
1
61
-19
77
6
-170
75
-33
-116
105
63
-24
56
146
29
-27
42
25
-35
85
79
-39
49
21
-25
-28
4
-24
-122
53
80
-110
-15
36
-88
-46
46
-45
14
73
-81
130
57
-144
77
-42
-38
117
-43
10
92
-66
15
98
-24
-18
63
18
46
65
-54
76
19
-89
103
-23
-93
63
-28
-18
30
-65
-28
-49
-30
5
-49
74
-43
-54
114
-76
14
76
-65
58
46
-6
20
12
25
-58
-3
70
-99
13
85
-64
9
-1
6
-33
-91
52
-3
-80
58
5
-85
34
-54
-28
70
-84
10
52
-55
10
8
-46
-13
-5
5
36
8
38
8
8
50
6
-33
-3
38
-9
28
-1
56
-61
-113
118
-68
-70
38
-74
22
-14
-68
22
-83
-63
-26
-21
43
-70
0
59
-86
17
41
-96
64
45
-54
117
73
-46
43
49
-2
83
51
23
114
13
-28
110
-7
-83
58
9
-23
30
5
-28
-2
-66
-62
23
-95
-5
39
-23
69
-20
-19
30
-41
24
59
32
29
-4
44
-23
-7
9
-65
-3
-24
51
21
-30
41
-65
-55
17
-81
-29
55
-53
-10
91
-76
-107
-23
-83
-42
-46
-11
-26
-151
-77
-72
-106
-88
-89
-35
-27
-7
22
-71
-31
-59
-166
55
37
-31
131
38
31
76
-57
5
57
-4
79
144
131
9
-10
95
25
19
154
116
99
124
113
140
64
45
5
56
147
56
132
154
19
15
37
38
61
55
75
97
67
29
26
-1
-9
48
49
92
80
9
6
12
7
-39
6
5
-86
-52
-52
-39
-85
-132
-102
-146
-130
-148
-152
-163
-238
-245
-203
-195
-288
-207
-153
-245
-180
-224
-242
-197
-233
-153
-118
-162
-209
-186
-133
-139
-125
-75
-71
-122
-24
51
17
19
-17
4
35
97
154
148
185
166
142
140
146
99
100
192
222
200
223
240
198
252
263
299
353
361
443
529
509
457
482
451
522
598
693
786
683
733
679
567
591
517
623
677
676
617
329
178
-133
-279
-271
-517
-704
-959
-1225
-1411
-1552
-1718
-1812
-1875
-1958
-1809
-1574
-1492
-1370
-1216
-1125
-846
-572
-285
60
253
410
598
713
755
803
804
860
908
801
702
642
365
155
207
100
37
28
-156
-223
-285
-478
-519
-439
-503
-451
-235
-183
-210
-237
-239
-183
-87
98
321
489
599
645
627
532
463
528
650
839
1052
1009
968
899
586
554
556
496
762
924
955
1020
951
860
861
940
1051
1166
1494
1876
1936
1806
975
-539
-1527
-1843
-1627
-1008
-810
-1399
-2488
-3420
-3684
-3631
-3580
-3459
-3234
-2661
-1789
-1048
-770
-1053
-1346
-987
109
1484
2416
2667
2525
2273
2090
2007
1859
1518
1287
1416
1773
1983
1556
692
-194
-868
-1002
-840
-675
-688
-995
-1228
-1259
-1381
-1646
-1734
-1560
-1085
-361
191
289
-85
-520
-559
-174
386
796
922
928
884
750
613
356
-22
-170
15
321
471
225
-275
-692
-834
-671
-433
-246
-234
-319
-267
-184
-183
-250
-237
-154
61
411
617
678
705
734
875
1181
1495
1664
1779
1763
1643
1763
1861
1894
2013
1982
2182
2541
2571
2177
768
-1228
-2493
-2768
-2097
-1079
-1004
-2083
-3567
-4550
-4480
-3784
-3224
-2960
-2654
-1969
-900
62
399
25
-319
246
1664
3229
3991
3733
3021
2376
2182
2131
1725
912
49
-198
120
365
-75
-1105
-2148
-2752
-2598
-2019
-1586
-1650
-1867
-1807
-1427
-984
-779
-614
-335
238
968
1419
1313
712
91
-108
195
498
448
201
-150
-463
-601
-718
-1031
-1422
-1589
-1360
-827
-450
-457
-602
-673
-531
-116
362
595
539
507
758
1097
1394
1491
1302
1173
1118
1175
1418
1479
1372
1399
1681
2058
2180
2071
1851
1577
1583
1845
2021
2084
2172
2357
2528
2114
406
-2004
-3623
-3948
-2968
-1424
-1057
-2354
-4255
-5426
-5273
-4230
-3283
-2891
-2511
-1745
-578
516
861
454
80
786
2527
4192
4805
4203
2998
1980
1633
1680
1544
944
44
-452
-414
-435
-858
-1640
-2281
-2476
-2213
-1582
-1227
-1373
-1548
-1353
-782
-231
27
68
226
694
1205
1398
1102
332
-499
-697
-391
-168
-260
-670
-1064
-1190
-1101
-998
-1036
-1268
-1422
-1124
-498
36
210
182
247
480
784
1041
1129
1017
873
1007
1250
1307
1171
853
607
518
536
669
827
943
951
948
1074
1182
1164
1074
1062
1176
1367
1748
2003
1882
1802
2049
2506
2810
1989
-347
-2749
-3881
-3477
-1834
-574
-1299
-3386
-5180
-5542
-4325
-2898
-2318
-2268
-2104
-1150
287
1171
1039
199
5
1361
3268
4435
4220
2908
1599
1095
1261
1226
530
-687
-1562
-1366
-706
-410
-880
-1703
-2086
-1830
-1024
-157
11
-214
-127
360
1052
1339
1039
667
772
1276
1647
1504
500
-922
-1776
-1780
-1490
-1544
-2005
-2524
-2701
-2449
-2089
-2055
-2337
-2488
-2040
-941
140
620
485
310
506
942
1511
1823
1701
1495
1483
1697
1816
1453
823
384
202
272
423
447
379
320
611
1200
1611
1619
1425
1403
1560
1761
1929
1879
1660
1608
1774
2029
2177
2199
2417
2609
2176
637
-1788
-3734
-4283
-3441
-1989
-1485
-2616
-4451
-5489
-5033
-3710
-2595
-2100
-1784
-988
350
1520
1915
1424
798
1326
2922
4375
4799
3999
2603
1468
849
479
-86
-957
-1686
-1832
-1565
-1473
-1864
-2435
-2543
-2016
-1145
-318
6
-162
-298
-38
564
1033
1034
855
839
943
897
529
-351
-1488
-2250
-2440
-2192
-2015
-2279
-2700
-2857
-2667
-2246
-1740
-1407
-1182
-737
-20
832
1426
1587
1643
1878
2326
2657
2658
2383
1904
1555
1530
1576
1384
888
271
-164
-375
-509
-481
-310
31
575
1125
1507
1474
1099
852
994
1446
1884
2088
2029
1827
1621
1436
1329
1267
1451
2064
2666
2287
283
-2702
-5022
-5417
-3966
-1922
-1117
-2330
-4481
-5829
-5432
-3858
-2368
-1521
-929
-75
1080
2000
2072
1419
1007
1786
3646
5300
5561
4348
2528
1050
275
12
-294
-930
-1588
-1824
-1684
-1669
-1993
-2363
-2261
-1502
-468
282
374
-99
-472
-193
594
1299
1388
980
591
326
99
-309
-1150
-2089
-2665
-2643
-2231
-2148
-2628
-3221
-3434
-3008
-2117
-1272
-756
-510
-233
372
1132
1668
1887
2014
2336
2750
2928
2677
1989
1269
941
1016
1153
947
309
-422
-846
-923
-760
-526
-273
179
797
1477
1943
1895
1532
1262
1373
1871
2374
2441
2094
1550
1058
924
994
1084
1312
1734
2212
2225
1016
-1499
-4035
-5165
-4448
-2424
-845
-1202
-3128
-5055
-5477
-4174
-2225
-785
-172
169
738
1477
1923
1784
1432
1768
3207
4840
5454
4514
2489
546
-484
-591
-452
-698
-1449
-2265
-2622
-2572
-2532
-2545
-2297
-1663
-731
117
379
-51
-694
-801
-132
851
1379
1083
355
-247
-511
-584
-826
-1457
-2272
-2744
-2662
-2410
-2425
-2724
-2864
-2527
-1719
-650
95
361
471
733
1415
2211
2697
2827
2796
2783
2712
2502
2055
1424
941
761
739
556
16
-644
-1147
-1323
-1200
-952
-592
-116
417
952
1365
1510
1421
1260
1277
1458
1629
1845
1899
1623
1203
770
494
466
673
997
1359
1803
1983
1572
339
-1670
-3435
-3961
-3140
-1721
-931
-1545
-3123
-4369
-4330
-3057
-1500
-414
70
274
798
1492
1861
1947
1979
2392
3419
4354
4310
3152
1423
29
-484
-394
-392
-989
-2008
-2826
-3082
-2811
-2362
-2006
-1641
-1164
-736
-546
-620
-898
-921
-264
704
1308
1211
514
-221
-467
-317
-182
-476
-1239
-2014
-2400
-2402
-2333
-2465
-2588
-2298
-1572
-643
97
333
221
254
793
1701
2460
2735
2601
2312
2059
1900
1721
1347
913
594
463
359
-35
-637
-1142
-1347
-1221
-888
-536
-270
-35
304
785
1196
1416
1481
1513
1595
1676
1724
1719
1650
1451
1208
1038
862
749
844
1077
1230
1375
1633
1877
1938
1232
-431
-2237
-3325
-3201
-2048
-991
-1170
-2446
-3667
-3859
-2915
-1539
-590
-353
-297
237
1192
2029
2315
2020
1857
2395
3122
3330
2706
1387
108
-525
-644
-840
-1509
-2486
-3183
-3256
-2827
-2284
-1986
-1849
-1719
-1499
-1096
-665
-423
-210
249
742
1067
1037
551
45
-176
-108
29
-174
-837
-1664
-2196
-2284
-2110
-1867
-1682
-1487
-1131
-661
-236
53
213
397
886
1593
2206
2488
2339
2037
1786
1659
1635
1519
1205
785
411
69
-314
-738
-1073
-1159
-1028
-754
-474
-300
-194
-45
306
770
1201
1508
1646
1775
1822
1732
1649
1518
1384
1380
1409
1367
1307
1203
1074
1091
1311
1692
2154
2420
1796
43
-1998
-3445
-3693
-2741
-1627
-1442
-2358
-3583
-4147
-3635
-2481
-1506
-967
-516
122
954
1732
2011
1789
1704
2172
2917
3391
3064
1927
694
-42
-340
-497
-893
-1798
-2797
-3291
-3179
-2704
-2196
-1813
-1576
-1412
-1246
-1099
-808
-344
167
818
1333
1262
770
311
84
74
183
109
-333
-912
-1420
-1768
-1906
-1974
-2005
-1791
-1310
-784
-403
-178
-28
205
649
1228
1741
2009
2021
1972
1950
1855
1592
1205
799
413
135
-29
-151
-354
-658
-848
-876
-816
-704
-468
-100
278
680
1074
1344
1480
1598
1765
1867
1879
1840
1758
1717
1716
1650
1382
1030
804
776
1025
1331
1386
1270
1233
1383
1519
1030
-374
-1993
-2993
-2949
-2001
-1162
-1358
-2460
-3524
-3693
-2914
-1837
-1144
-976
-887
-358
524
1286
1563
1280
976
1187
1695
2058
1981
1380
602
3
-523
-1099
-1737
-2397
-2764
-2577
-1992
-1481
-1359
-1486
-1660
-1737
-1436
-760
-79
392
693
778
617
349
99
47
268
516
583
323
-348
-1155
-1747
-1960
-1800
-1457
-1069
-721
-465
-306
-247
-166
33
376
888
1439
1831
1945
1842
1691
1602
1528
1396
1268
1093
816
534
183
-268
-660
-903
-936
-814
-740
-682
-529
-294
40
485
905
1202
1441
1706
1928
1962
1874
1749
1612
1637
1755
1716
1509
1165
803
631
685
803
859
887
896
940
1005
827
145
-877
-1851
-2441
-2388
-1925
-1662
-1841
-2260
-2695
-2828
-2482
-2009
-1668
-1345
-945
-391
303
921
1247
1224
1078
1057
1182
1407
1517
1318
868
238
-437
-971
-1345
-1629
-1766
-1683
-1465
-1221
-1062
-1112
-1365
-1615
-1531
-1060
-424
159
443
373
165
12
-38
-3
4
-100
-232
-355
-497
-708
-995
-1230
-1302
-1133
-714
-233
131
322
328
244
236
359
683
1176
1588
1771
1707
1486
1199
926
768
625
444
309
179
-30
-316
-586
-714
-664
-431
-124
137
371
573
818
1148
1441
1642
1824
1974
2037
2023
1916
1770
1597
1457
1325
1055
685
266
-83
-200
-92
125
285
344
307
249
345
610
860
839
430
-290
-1045
-1559
-1745
-1653
-1548
-1668
-1953
-2246
-2399
-2344
-2163
-1927
-1676
-1357
-848
-223
277
477
344
65
-28
169
562
915
961
678
194
-292
-639
-866
-984
-979
-840
-613
-405
-305
-396
-686
-1018
-1136
-975
-713
-487
-391
-520
-726
-812
-708
-484
-302
-219
-158
-58
87
208
218
165
106
132
334
525
517
388
234
108
151
291
347
367
369
376
510
682
685
540
408
354
405
523
606
603
533
522
596
684
700
605
546
625
786
983
1187
1266
1211
1190
1180
1104
978
849
751
682
637
512
273
41
-127
-178
-53
110
180
256
383
526
734
906
939
916
928
1002
992
772
301
-336
-806
-958
-955
-952
-1061
-1335
-1613
-1755
-1821
-1897
-2006
-2077
-1999
-1750
-1372
-1015
-840
-812
-822
-792
-661
-435
-219
-49
89
200
332
407
336
122
-149
-314
-295
-131
8
-76
-392
-738
-942
-974
-866
-710
-615
-589
-571
-530
-469
-365
-215
-75
46
135
150
120
85
31
-49
-86
-59
-15
19
-29
-181
-296
-293
-160
85
313
427
514
638
745
829
888
889
846
870
1008
1145
1228
1235
1140
1002
865
713
589
523
470
459
489
512
530
493
397
258
163
188
242
297
273
123
5
0
85
174
196
200
222
354
610
831
941
940
934
1018
1132
1202
1172
1016
822
721
681
605
392
-23
-544
-1045
-1436
-1667
-1768
-1821
-1827
-1756
-1674
-1634
-1676
-1840
-2013
-2040
-1855
-1508
-1110
-777
-580
-465
-398
-372
-336
-274
-164
-11
138
199
165
75
-33
-100
-121
-98
-58
-8
43
37
-14
-81
-155
-194
-186
-187
-208
-230
-223
-158
-78
-32
-23
-72
-141
-183
-214
-218
-197
-164
-89
-3
45
42
16
-2
-4
54
174
302
404
505
617
690
734
798
837
870
918
920
898
896
862
771
651
504
373
328
339
351
321
235
112
10
-1
64
138
205
240
202
174
184
236
371
531
649
726
790
817
814
792
729
665
674
735
766
706
553
366
255
252
247
219
191
151
188
321
372
231
-54
-418
-732
-879
-881
-825
-820
-894
-1021
-1136
-1216
-1343
-1493
-1600
-1634
-1562
-1379
-1167
-1050
-1001
-953
-878
-778
-686
-623
-586
-510
-380
-224
-63
25
28
43
90
115
128
153
190
245
294
301
275
212
120
81
79
53
2
-50
-63
-52
-54
-74
-160
-376
-638
-805
-857
-822
-714
-584
-482
-396
-301
-218
-162
-73
58
242
469
645
732
787
867
974
1093
1177
1168
1072
958
862
769
681
577
467
394
345
267
181
130
81
73
151
248
315
365
391
368
308
248
247
302
391
481
509
460
374
293
301
399
492
577
610
547
487
475
494
564
648
704
726
706
647
555
454
427
494
580
650
618
363
-48
-438
-707
-846
-918
-992
-1117
-1293
-1466
-1596
-1707
-1825
-1929
-2006
-1991
-1862
-1652
-1403
-1196
-1064
-965
-845
-683
-464
-218
-3
173
322
426
472
481
467
419
399
414
382
310
232
124
-27
-199
-381
-556
-671
-738
-782
-822
-905
-968
-912
-759
-605
-497
-455
-495
-528
-484
-379
-256
-135
-20
110
266
392
445
425
383
414
576
809
1007
1105
1077
992
952
958
963
961
968
968
974
975
909
762
590
479
439
405
355
259
138
55
51
124
206
226
174
104
66
90
167
262
353
422
475
539
626
689
710
721
740
788
846
876
869
864
867
877
901
880
785
697
640
581
519
451
374
285
184
52
-148
-403
-666
-907
-1108
-1261
-1397
-1517
-1581
-1617
-1648
-1646
-1646
-1685
-1713
-1692
-1620
-1499
-1335
-1144
-961
-798
-675
-590
-492
-403
-359
-299
-217
-148
-78
-24
-53
-141
-243
-325
-333
-286
-215
-132
-89
-102
-172
-287
-414
-554
-666
-675
-628
-551
-435
-354
-345
-381
-436
-444
-371
-228
-54
78
151
180
230
338
459
548
606
657
700
748
819
871
905
958
1029
1096
1105
1035
923
828
791
813
836
801
717
606
510
448
393
344
303
276
297
371
434
451
431
392
385
418
462
491
475
455
487
560
657
735
765
795
839
870
862
819
771
746
744
760
758
684
579
478
383
281
188
121
55
-13
-81
-160
-240
-366
-575
-821
-1078
-1319
-1479
-1538
-1564
-1573
-1582
-1635
-1702
-1775
-1836
-1842
-1788
-1679
-1515
-1306
-1078
-882
-742
-646
-581
-523
-425
-301
-184
-100
-83
-120
-182
-245
-295
-339
-364
-372
-362
-335
-337
-365
-399
-422
-442
-452
-428
-386
-323
-259
-214
-193
-179
-142
-92
-55
-42
-39
-27
17
112
220
305
358
409
495
608
703
761
779
791
843
944
1062
1141
1167
1176
1179
1163
1143
1100
1047
1000
956
913
845
738
602
476
394
363
362
358
347
321
309
342
408
494
554
564
556
545
549
562
590
623
661
722
747
705
624
535
463
441
490
529
506
451
391
355
346
312
232
126
19
-66
-102
-127
-190
-271
-373
-495
-627
-783
-950
-1120
-1279
-1408
-1499
-1553
-1596
-1647
-1682
-1701
-1724
-1740
-1751
-1749
-1713
-1614
-1461
-1271
-1078
-925
-808
-726
-672
-606
-505
-364
-206
-73
26
78
70
35
-12
-57
-71
-61
-21
54
100
68
-44
-197
-340
-422
-429
-383
-323
-281
-242
-197
-155
-105
-52
-14
45
147
273
411
518
569
593
628
691
763
831
890
927
962
1019
1066
1099
1117
1107
1087
1083
1073
1042
1011
981
948
917
860
774
676
590
529
478
410
333
262
213
221
261
295
312
310
315
366
438
474
487
484
467
452
462
486
512
510
473
429
397
372
336
300
277
263
255
249
217
148
84
55
43
31
6
-59
-147
-234
-346
-509
-746
-1046
-1332
-1539
-1667
-1741
-1808
-1893
-1974
-2011
-1983
-1907
-1802
-1677
-1524
-1320
-1068
-832
-644
-491
-360
-234
-98
22
91
106
71
12
-43
-100
-185
-273
-341
-408
-434
-396
-339
-276
-213
-167
-166
-184
-180
-183
-174
-145
-143
-157
-161
-154
-155
-145
-118
-109
-89
-49
22
130
231
310
378
474
595
724
864
973
1027
1057
1089
1121
1127
1093
1050
1016
988
964
937
889
821
766
725
708
678
636
611
579
535
489
439
378
309
254
209
183
174
162
147
125
116
140
177
235
309
393
493
586
639
660
677
688
690
700
691
644
564
459
350
240
135
54
-11
-53
-95
-153
-216
-292
-346
-350
-337
-351
-403
-500
-665
-849
-1015
-1167
-1300
-1407
-1488
-1565
-1626
-1659
-1682
-1703
-1719
-1694
-1589
-1415
-1184
-942
-729
-559
-437
-342
-270
-199
-114
-33
37
77
67
-18
-169
-342
-492
-579
-601
-585
-553
-524
-500
-480
-461
-429
-369
-277
-168
-60
46
117
144
152
133
93
67
66
57
50
62
80
118
178
254
347
443
538
645
759
887
1009
1111
1184
1213
1224
1233
1243
1254
1264
1252
1186
1080
959
840
723
615
534
451
364
294
230
188
163
149
159
199
275
366
435
467
469
462
458
474
503
530
550
561
596
642
663
670
651
619
601
589
573
550
499
432
368
303
228
136
33
-63
-125
-160
-170
-187
-252
-347
-484
-648
-807
-976
-1149
-1309
-1432
-1503
-1536
-1561
-1611
-1676
-1731
-1742
-1700
-1629
-1550
-1466
-1355
-1209
-1052
-897
-758
-646
-550
-438
-326
-231
-151
-111
-100
-101
-115
-156
-229
-306
-392
-446
-452
-435
-419
-414
-423
-440
-441
-423
-396
-352
-285
-214
-143
-72
-19
20
54
103
166
235
320
382
427
466
513
584
661
749
829
893
948
979
1007
1008
1000
1012
1041
1081
1092
1072
1027
970
926
901
879
836
778
713
657
621
568
486
407
361
349
361
370
356
322
298
294
310
350
375
392
420
450
486
552
637
708
766
829
865
863
843
805
739
663
600
529
457
389
309
230
155
64
-51
-157
-240
-292
-323
-361
-432
-544
-697
-899
-1106
-1298
-1458
-1570
-1619
-1647
-1711
-1783
-1842
-1870
-1836
-1738
-1585
-1422
-1265
-1107
-964
-833
-735
-651
-569
-491
-399
-321
-280
-293
-348
-423
-512
-584
-613
-614
-599
-562
-524
-488
-453
-427
-396
-343
-247
-136
-29
47
72
73
48
14
-22
-45
-50
-63
-67
-78
-92
-97
-102
-71
7
143
309
492
673
830
963
1082
1195
1294
1379
1462
1524
1553
1546
1505
1435
1339
1237
1126
1009
896
780
656
542
440
345
274
239
247
277
328
377
417
476
541
602
653
696
721
731
756
761
746
728
714
707
721
742
744
746
732
683
618
560
501
438
388
329
266
205
121
11
-99
-181
-268
-347
-400
-466
-545
-616
-692
-820
-1004
-1211
-1421
-1592
-1693
-1754
-1820
-1912
-2022
-2097
-2116
-2082
-1990
-1856
-1693
-1518
-1327
-1131
-955
-801
-666
-542
-419
-302
-195
-130
-121
-162
-234
-300
-350
-386
-412
-429
-441
-448
-471
-494
-503
-490
-446
-370
-263
-165
-90
-33
-4
27
59
91
120
141
154
155
154
159
179
219
265
320
401
505
619
738
852
953
1043
1132
1213
1283
1349
1401
1437
1448
1434
1403
1338
1236
1117
1004
897
781
675
581
487
402
336
295
286
299
314
350
398
448
504
571
632
667
704
732
726
710
692
665
630
606
582
539
511
491
458
428
400
370
351
336
301
239
173
95
-2
-80
-157
-235
-305
-375
-440
-511
-580
-659
-751
-845
-955
-1079
-1233
-1405
-1566
-1687
-1772
-1821
-1840
-1857
-1871
-1855
-1785
-1682
-1562
-1426
-1282
-1114
-928
-749
-593
-461
-348
-255
-173
-107
-69
-61
-71
-85
-112
-175
-264
-348
-417
-464
-476
-478
-473
-455
-405
-338
-265
-187
-129
-71
-6
60
122
174
226
260
301
345
376
400
399
391
391
423
478
525
567
604
649
698
747
795
845
898
967
1063
1148
1197
1218
1218
1206
1191
1164
1106
1036
954
864
781
688
573
455
345
261
206
177
162
152
160
199
249
318
390
440
487
542
599
644
678
683
670
669
641
608
585
554
521
484
457
414
344
271
182
100
31
-43
-125
-200
-276
-357
-414
-464
-527
-597
-655
-715
-763
-791
-832
-894
-1002
-1126
-1246
-1336
-1389
-1435
-1458
-1481
-1512
-1523
-1502
-1449
-1376
-1279
-1168
-1053
-927
-817
-720
-622
-540
-486
-438
-384
-346
-319
-295
-284
-280
-272
-267
-269
-267
-261
-238
-194
-152
-127
-110
-102
-107
-105
-86
-68
-52
-36
-25
-20
-3
29
60
99
157
221
268
313
371
434
503
587
685
776
862
921
944
958
972
986
1003
1035
1068
1082
1091
1096
1073
1033
996
958
928
910
874
810
739
644
516
404
319
263
239
243
258
279
319
348
375
409
452
499
537
578
607
624
626
601
574
536
483
446
429
415
392
384
354
300
260
214
166
128
97
41
-20
-72
-146
-225
-299
-370
-454
-523
-575
-644
-704
-768
-844
-936
-1033
-1141
-1253
-1340
-1409
-1461
-1489
-1528
-1567
-1570
-1531
-1469
-1390
-1279
-1167
-1057
-932
-813
-720
-633
-541
-466
-410
-362
-328
-323
-338
-355
-380
-397
-414
-426
-426
-417
-379
-349
-302
-241
-194
-146
-110
-67
-28
7
33
47
78
100
111
137
167
196
224
265
306
346
430
514
575
639
711
774
826
890
935
966
986
998
1011
1026
1025
1011
1009
1006
988
965
939
897
841
796
738
671
609
545
479
419
380
356
344
339
338
364
400
429
474
527
566
591
612
618
602
584
568
548
525
496
459
426
410
398
375
350
321
284
249
218
182
140
87
33
-33
-114
-197
-286
-378
-463
-528
-592
-659
-707
-760
-835
-909
-963
-1035
-1129
-1204
-1262
-1312
-1341
-1356
-1384
-1418
-1425
-1414
-1379
-1311
-1231
-1148
-1067
-977
-891
-800
-702
-626
-555
-485
-428
-389
-365
-347
-357
-375
-394
-423
-440
-435
-413
-373
-304
-206
-124
-67
-12
31
80
149
222
274
294
311
300
284
297
307
312
331
367
407
452
507
543
576
633
693
751
816
875
912
947
981
985
982
981
974
954
933
898
844
805
762
713
668
623
570
506
461
421
389
375
357
342
340
359
379
395
422
447
475
506
530
543
547
538
518
496
464
430
400
378
351
315
288
271
253
236
226
207
182
157
122
80
36
-25
-111
-202
-276
-355
-442
-522
-597
-675
-751
-805
-847
-881
-901
-929
-951
-969
-1015
-1082
-1137
-1164
-1187
-1209
-1204
-1218
-1250
-1270
-1276
-1254
-1207
-1128
-1047
-962
-858
-773
-688
-605
-535
-476
-418
-356
-333
-331
-336
-362
-390
-411
-427
-432
-417
-386
-353
-301
-237
-174
-95
5
113
214
318
410
486
561
624
655
674
701
714
718
720
710
674
638
618
592
574
574
591
610
644
690
715
735
753
766
793
834
876
893
892
886
852
811
762
691
625
575
541
509
491
482
446
408
381
355
350
362
392
422
445
469
466
464
462
457
463
466
456
428
395
341
267
212
167
131
110
101
74
32
-11
-50
-84
-109
-130
-158
-193
-238
-300
-366
-431
-500
-560
-596
-615
-631
-643
-658
-683
-700
-706
-697
-689
-684
-703
-745
-789
-857
-945
-1034
-1091
-1136
-1188
-1227
-1269
-1301
-1305
-1272
-1211
-1135
-1045
-954
-866
-776
-696
-613
-512
-424
-357
-311
-278
-273
-289
-300
-309
-298
-270
-233
-204
-167
-103
-25
77
201
333
467
595
710
792
852
893
914
925
921
894
840
765
684
599
517
450
392
361
348
337
342
358
382
416
467
526
573
621
655
665
680
693
689
667
641
620
572
525
480
435
401
372
358
337
313
294
274
266
275
295
301
298
307
333
344
341
329
311
296
270
244
199
147
99
54
27
-1
-34
-58
-75
-85
-86
-80
-74
-87
-102
-110
-122
-130
-153
-182
-220
-257
-277
-303
-317
-334
-358
-365
-354
-345
-350
-352
-335
-327
-336
-364
-426
-504
-604
-693
-779
-871
-958
-1044
-1117
-1182
-1215
-1224
-1222
-1197
-1136
-1048
-953
-826
-693
-571
-450
-338
-235
-165
-103
-56
-28
-14
-16
-19
-29
-30
-18
12
57
103
163
251
345
442
539
617
665
702
752
784
791
795
785
743
681
624
541
444
380
334
291
251
219
190
175
187
200
212
244
280
314
348
384
417
444
466
478
482
500
500
494
476
448
436
410
380
339
301
272
231
203
172
143
126
114
105
89
79
70
52
46
38
24
8
-7
-11
-26
-50
-79
-111
-125
-131
-119
-95
-78
-68
-48
-6
28
58
98
130
145
148
150
131
91
47
-2
-52
-96
-143
-199
-246
-276
-307
-329
-336
-344
-353
-372
-394
-412
-452
-512
-596
-676
-752
-828
-898
-954
-995
-1035
-1066
-1074
-1061
-1025
-962
-878
-776
-673
-562
-455
-366
-268
-182
-112
-50
-5
34
58
73
72
64
75
90
100
114
133
166
207
261
324
384
456
514
545
570
585
586
570
541
524
500
472
434
371
309
261
231
215
211
215
205
208
221
224
229
248
291
336
372
407
420
418
417
415
414
413
393
365
333
293
251
207
168
126
93
64
33
13
-12
-28
-32
-20
8
31
46
65
92
114
118
110
111
106
90
80
66
56
47
49
70
103
134
159
186
223
254
286
304
312
319
305
274
219
163
106
38
-15
-65
-119
-180
-248
-310
-346
-369
-391
-403
-410
-414
-431
-452
-474
-514
-553
-592
-614
-645
-699
-760
-814
-847
-876
-892
-880
-862
-824
-763
-702
-648
-600
-539
-466
-400
-327
-259
-214
-187
-166
-141
-132
-125
-120
-105
-72
-50
-30
-14
7
43
86
150
216
274
315
349
376
400
422
424
418
410
394
378
351
320
292
272
265
255
246
233
227
219
222
241
243
253
263
276
292
292
284
269
269
265
257
245
218
179
128
99
85
75
83
93
103
115
131
147
169
198
233
279
316
339
354
359
364
373
396
418
409
392
370
338
300
268
243
223
221
218
200
177
144
121
111
125
147
154
159
155
141
115
96
66
39
23
3
-27
-87
-154
-212
-265
-303
-328
-350
-375
-391
-412
-443
-473
-496
-514
-528
-543
-558
-587
-629
-675
-714
-725
-730
-741
-746
-751
-761
-759
-741
-728
-702
-657
-609
-563
-527
-498
-482
-468
-431
-375
-322
-277
-229
-175
-117
-65
-8
51
113
187
262
322
371
410
427
437
442
444
441
434
410
371
331
287
257
229
211
210
214
218
211
211
217
220
239
256
264
256
236
218
202
197
173
153
158
157
144
129
129
142
157
185
227
269
300
325
355
385
413
432
460
489
498
508
510
492
472
451
444
444
432
416
386
350
307
271
236
193
164
139
114
86
56
23
-6
-12
-2
-5
-13
-8
-15
-24
-24
-37
-51
-63
-84
-105
-141
-170
-209
-260
-282
-305
-326
-353
-382
-411
-453
-476
-488
-497
-516
-539
-551
-568
-596
-625
-648
-673
-686
-692
-700
-720
-746
-740
-738
-741
-722
-711
-685
-662
-646
-623
-597
-548
-507
-455
-386
-340
-286
-225
-164
-114
-51
37
109
165
227
276
313
349
372
393
414
426
442
430
407
387
369
352
328
320
309
293
284
266
250
244
240
242
240
251
266
264
260
243
231
230
225
223
228
231
239
242
248
265
277
299
326
362
397
424
455
480
508
532
551
559
543
530
528
519
500
477
462
448
429
408
373
330
305
276
230
203
171
135
110
74
46
15
-11
-49
-79
-81
-97
-109
-125
-135
-137
-144
-137
-136
-140
-145
-161
-176
-201
-239
-269
-293
-314
-326
-351
-383
-405
-425
-442
-459
-474
-494
-502
-507
-530
-551
-572
-592
-614
-632
-650
-671
-687
-713
-733
-731
-735
-728
-716
-706
-692
-667
-629
-605
-568
-518
-469
-405
-343
-287
-232
-181
-126
-77
-27
22
67
114
151
184
218
248
266
287
305
309
315
317
317
316
320
321
317
324
323
320
315
310
324
328
316
307
312
313
299
282
266
264
266
266
264
264
285
307
327
354
384
410
434
466
492
511
537
544
541
547
551
551
532
515
500
479
464
433
397
373
351
332
316
296
270
235
198
166
128
98
59
19
-7
-33
-56
-96
-135
-158
-170
-179
-189
-195
-199
-200
-197
-202
-215
-217
-224
-226
-220
-230
-249
-278
-303
-328
-352
-370
-384
-399
-423
-437
-447
-459
-471
-473
-457
-446
-435
-433
-437
-440
-455
-458
-460
-467
-480
-493
-491
-512
-534
-542
-549
-551
-548
-523
-498
-466
-424
-406
-361
-296
-248
-193
-143
-82
-32
7
45
67
89
115
140
157
169
171
182
196
198
209
233
256
259
269
289
307
326
344
369
394
417
437
440
433
431
420
419
426
414
412
400
395
384
355
354
348
342
355
372
384
377
380
385
396
411
418
421
414
413
407
377
349
322
299
282
262
235
216
188
157
143
130
128
125
115
105
92
73
46
17
-11
-32
-42
-63
-96
-125
-148
-172
-199
-203
-211
-219
-212
-215
-212
-209
-215
-225
-223
-221
-232
-243
-260
-284
-308
-324
-349
-368
-379
-392
-393
-389
-394
-398
-380
-366
-370
-356
-336
-339
-350
-355
-358
-363
-368
-380
-395
-404
-414
-433
-443
-440
-442
-437
-421
-394
-371
-353
-325
-295
-256
-222
-195
-168
-139
-120
-107
-81
-58
-44
-22
3
31
53
72
92
104
130
154
179
214
242
264
295
336
361
384
413
436
467
493
501
507
507
505
500
491
479
460
438
417
397
394
384
371
374
379
376
371
370
352
338
335
327
318
296
279
253
232
216
181
161
142
121
107
101
87
71
77
77
83
97
94
84
69
51
35
13
-7
-24
-42
-62
-88
-111
-139
-165
-179
-179
-182
-189
-198
-205
-221
-226
-227
-241
-254
-260
-272
-286
-300
-311
-324
-332
-336
-342
-334
-336
-338
-330
-323
-301
-276
-255
-234
-214
-208
-203
-198
-203
-211
-209
-212
-221
-226
-242
-256
-272
-270
-264
-280
-280
-279
-292
-295
-281
-271
-271
-246
-230
-223
-210
-215
-210
-194
-186
-171
-144
-113
-103
-84
-44
-19
2
38
80
120
165
210
247
279
304
335
370
406
422
429
444
435
425
429
423
411
411
405
385
370
351
324
314
306
297
302
291
288
292
283
279
267
257
255
248
233
229
225
207
196
188
182
175
168
171
160
151
154
164
165
164
185
190
181
174
163
151
131
122
105
77
50
20
-14
-51
-78
-103
-124
-146
-159
-173
-191
-207
-220
-228
-244
-253
-243
-242
-260
-269
-266
-275
-271
-262
-256
-235
-225
-214
-204
-203
-210
-201
-194
-196
-189
-197
-213
-215
-223
-241
-249
-260
-268
-278
-288
-292
-302
-301
-307
-323
-310
-301
-315
-326
-327
-327
-327
-327
-323
-315
-299
-282
-269
-252
-243
-220
-187
-162
-131
-100
-67
-39
-3
39
77
111
146
185
216
246
276
309
337
349
368
381
386
388
376
380
392
384
374
368
358
352
344
329
314
301
295
275
256
254
241
218
204
204
196
186
179
173
178
184
175
181
189
190
197
193
191
186
171
167
160
153
147
131
124
117
101
91
86
79
64
52
36
14
2
-15
-45
-69
-88
-111
-138
-159
-179
-199
-216
-228
-244
-252
-253
-253
-250
-241
-226
-218
-213
-194
-174
-160
-147
-127
-117
-116
-112
-108
-115
-128
-129
-135
-153
-161
-167
-185
-209
-220
-226
-243
-252
-269
-274
-275
-285
-289
-304
-312
-315
-320
-320
-326
-328
-327
-320
-319
-310
-285
-275
-256
-226
-198
-163
-129
-94
-52
-6
39
80
109
145
177
203
230
242
260
274
283
295
296
298
299
302
307
313
316
318
315
312
310
299
293
285
281
264
244
236
209
197
177
160
172
171
173
168
169
186
193
199
206
222
239
248
254
249
240
236
223
213
192
174
164
135
105
85
61
47
38
30
29
16
6
-3
-16
-21
-37
-39
-39
-56
-69
-88
-109
-121
-130
-142
-148
-143
-146
-140
-129
-125
-121
-115
-102
-93
-86
-77
-70
-64
-58
-56
-61
-53
-56
-79
-90
-116
-146
-171
-204
-225
-247
-259
-281
-311
-321
-342
-355
-351
-346
-341
-347
-336
-326
-325
-317
-319
-312
-296
-285
-279
-282
-259
-246
-245
-217
-191
-162
-127
-99
-58
-26
-3
24
47
73
99
128
143
144
154
157
155
161
165
172
178
192
203
201
210
218
225
232
234
239
234
234
229
212
208
206
202
193
188
191
186
173
175
187
190
204
220
234
240
242
239
234
241
238
229
224
209
200
181
154
139
126
112
91
76
62
50
35
14
8
6
-7
-11
-9
-20
-25
-22
-29
-31
-30
-25
-23
-23
-20
-38
-55
-47
-53
-64
-56
-52
-55
-56
-58
-53
-54
-57
-51
-49
-40
-41
-46
-45
-55
-60
-67
-90
-105
-123
-149
-169
-189
-218
-243
-256
-271
-275
-281
-288
-286
-291
-284
-277
-278
-277
-264
-255
-258
-252
-247
-237
-229
-222
-202
-187
-167
-149
-122
-86
-62
-35
-1
25
37
47
68
75
70
74
78
76
71
61
55
50
47
38
40
51
60
71
67
76
93
95
94
107
112
115
127
118
115
115
118
128
117
123
133
138
145
148
157
170
182
187
195
203
213
218
213
212
205
191
185
176
155
137
122
108
92
59
41
29
7
-4
-23
-31
-30
-39
-34
-21
-23
-16
1
1
15
37
42
50
54
68
73
64
77
83
70
74
82
76
74
65
74
79
69
66
61
53
39
28
10
-16
-41
-56
-77
-105
-119
-130
-144
-166
-181
-180
-182
-195
-194
-181
-181
-179
-171
-167
-167
-170
-164
-164
-161
-157
-157
-144
-136
-134
-130
-127
-121
-110
-96
-85
-86
-73
-62
-61
-62
-63
-64
-65
-68
-78
-83
-91
-98
-102
-113
-118
-114
-108
-100
-91
-74
-55
-43
-31
-5
10
25
54
78
88
103
124
125
136
151
154
162
169
173
169
180
171
152
152
146
130
120
120
109
99
96
83
66
56
52
40
38
32
22
30
25
12
14
19
19
18
23
26
38
45
45
55
60
62
75
88
89
92
102
105
104
104
106
106
103
106
104
100
87
74
79
70
52
47
43
33
21
10
5
-9
-22
-28
-45
-45
-45
-64
-64
-62
-64
-62
-64
-60
-47
-38
-25
-15
-9
3
4
7
6
-8
-18
-28
-37
-52
-73
-79
-89
-107
-115
-129
-132
-132
-138
-135
-136
-134
-126
-126
-129
-137
-138
-137
-150
-165
-170
-173
-178
-178
-175
-170
-157
-139
-117
-103
-80
-58
-39
-16
-2
13
36
50
59
70
72
68
79
73
64
66
68
78
84
90
88
87
99
90
72
72
74
72
68
62
54
47
41
27
18
20
18
21
26
25
29
37
41
41
48
65
72
80
94
96
102
110
107
116
124
121
121
120
115
110
93
84
83
82
82
72
65
56
43
40
34
15
12
25
19
7
8
5
-8
-7
-11
-26
-27
-21
-29
-43
-41
-34
-41
-39
-33
-25
-10
-8
2
21
34
47
60
67
63
61
53
32
17
2
-11
-22
-32
-43
-59
-65
-66
-73
-78
-76
-80
-70
-71
-84
-85
-89
-90
-98
-105
-111
-118
-120
-128
-127
-127
-123
-112
-97
-85
-79
-64
-52
-47
-33
-25
-18
-4
7
2
4
2
-6
-14
-27
-30
-32
-42
-46
-42
-43
-47
-46
-45
-43
-45
-45
-45
-45
-41
-38
-42
-44
-40
-39
-39
-36
-24
-12
-7
13
32
39
54
61
72
86
90
95
94
106
116
99
100
102
95
96
96
90
88
84
76
78
77
61
60
76
65
51
52
43
31
20
20
9
3
8
-5
-4
-4
-10
-14
-11
3
5
9
25
27
27
44
49
39
44
52
55
52
51
47
44
49
43
34
34
29
21
22
19
15
9
11
20
5
9
8
-7
4
-9
-13
-8
-23
-21
-22
-29
-29
-38
-37
-37
-41
-37
-44
-42
-38
-43
-46
-46
-45
-47
-46
-50
-48
-50
-61
-56
-59
-72
-71
-74
-88
-91
-98
-102
-102
-103
-104
-103
-102
-98
-96
-96
-95
-95
-89
-89
-89
-83
-75
-73
-71
-68
-67
-59
-56
-55
-38
-19
-12
-2
17
29
33
38
49
58
59
62
69
76
70
59
58
58
50
39
48
50
44
47
42
49
54
48
59
70
77
71
68
74
72
63
60
60
55
59
54
39
33
33
27
25
25
28
35
45
54
53
47
47
55
61
66
52
55
70
56
40
36
32
21
19
24
17
9
10
20
19
13
20
19
24
33
24
27
31
32
30
29
35
36
34
30
28
27
22
18
16
17
26
22
14
13
13
8
-5
-8
-10
-28
-36
-40
-58
-66
-73
-80
-86
-97
-98
-99
-100
-96
-98
-99
-95
-93
-90
-87
-95
-93
-77
-81
-87
-75
-71
-61
-58
-62
-63
-61
-59
-63
-61
-59
-57
-46
-48
-49
-37
-39
-32
-25
-22
-17
-17
-7
-2
-15
-11
-13
-20
-18
-24
-19
-22
-23
-18
-19
-16
-12
-1
6
14
22
24
30
35
34
46
53
52
54
62
61
55
53
50
48
48
53
49
53
61
46
46
45
37
30
30
33
23
22
17
9
4
4
8
8
20
22
19
30
35
35
38
45
51
57
59
61
62
60
58
57
56
57
62
56
58
61
49
50
44
39
46
44
41
37
30
28
25
19
16
14
8
7
3
-4
-10
-12
-17
-18
-23
-35
-34
-28
-42
-53
-42
-42
-48
-46
-38
-34
-36
-31
-35
-28
-20
-21
-18
-15
-12
-18
-23
-31
-32
-32
-38
-40
-50
-52
-55
-64
-55
-61
-62
-48
-52
-49
-46
-49
-48
-49
-48
-51
-48
-47
-50
-47
-50
-55
-54
-52
-49
-38
-34
-30
-17
-16
-18
-7
3
1
12
9
12
19
8
15
13
8
15
8
11
21
8
13
16
16
18
11
21
24
27
26
21
27
18
13
14
16
17
10
10
10
18
17
8
18
24
25
30
32
35
45
41
40
49
41
40
52
50
52
56
51
56
53
52
53
49
53
49
47
40
37
37
32
27
20
20
19
16
12
8
5
5
2
-4
-4
-4
-6
-6
-11
-15
-16
-13
-15
-17
-10
-14
-12
-8
-15
-6
-2
-10
-5
2
-5
-15
-9
-11
-20
-22
-28
-33
-37
-33
-42
-51
-45
-44
-40
-41
-39
-31
-26
-27
-30
-31
-30
-27
-31
-35
-33
-36
-44
-50
-47
-47
-50
-39
-31
-41
-30
-15
-17
-9
-3
4
17
12
21
24
15
14
9
14
5
-2
5
0
-1
-4
-16
-11
-3
-6
1
3
5
13
5
5
6
2
8
5
3
13
9
6
12
9
11
18
19
24
29
33
40
40
35
45
46
48
53
47
51
52
44
42
44
47
48
41
48
48
40
43
31
36
38
22
28
32
30
27
19
21
19
10
4
4
0
-3
-6
-15
-17
-19
-23
-29
-29
-27
-29
-26
-29
-19
-16
-21
-12
-13
-17
-20
-21
-24
-29
-26
-28
-39
-35
-31
-37
-35
-41
-43
-35
-37
-41
-37
-29
-25
-25
-20
-19
-17
-12
-7
-8
-7
-2
-9
-3
2
-9
-4
-1
-1
-6
-7
-1
5
5
9
19
17
27
26
20
21
15
19
14
7
6
7
11
3
-4
-5
-13
-7
-4
-9
-9
-7
8
1
-10
-2
4
-6
-11
0
-11
-13
-9
-8
-2
-10
-2
11
1
2
13
16
12
14
21
27
26
24
25
26
25
23
12
16
24
22
18
20
16
19
21
10
7
13
16
9
6
13
12
12
14
11
7
6
6
4
-2
-6
0
-4
-9
-5
-10
-17
-8
-16
-24
-19
-17
-8
-11
-14
-4
-1
-12
-16
-10
-11
-16
-14
-10
-15
-11
-13
-23
-11
-7
-13
-15
-6
4
-4
-3
8
10
13
8
14
25
10
15
18
9
10
15
17
13
17
21
18
12
13
18
14
15
24
27
15
15
24
9
-4
5
-4
-15
-13
-13
-20
-31
-22
-28
-36
-25
-28
-23
-19
-19
-12
-17
-17
-13
-18
-18
-17
-21
-25
-32
-21
-26
-31
-19
-16
-15
-12
-8
-3
-9
-6
6
-2
7
15
8
16
19
16
6
11
18
5
7
16
10
4
7
7
5
3
0
4
5
6
6
0
9
8
7
8
2
6
9
5
10
5
5
12
12
9
9
6
5
9
-1
-1
1
-4
6
4
-5
1
2
-5
-1
-2
-5
-4
-4
-4
-8
-7
-6
-11
-11
-8
-7
-9
-8
0
2
6
10
6
17
22
22
20
19
30
22
19
22
19
17
17
19
13
13
14
17
24
18
20
22
16
19
12
4
3
-6
-4
-16
-19
-15
-33
-31
-25
-36
-42
-38
-39
-35
-34
-36
-30
-27
-28
-20
-19
-24
-13
-18
-19
-8
-20
-23
-13
-14
-20
-20
-17
-13
-9
-13
-7
-2
-8
-3
3
2
4
1
2
5
6
5
-1
4
10
8
5
0
6
5
5
8
3
9
18
16
20
23
13
20
25
20
18
17
23
31
21
18
22
21
27
19
18
24
18
17
19
14
6
7
10
5
3
0
1
-1
4
2
-11
-1
1
-5
-7
-9
-9
-11
-15
-8
-1
-7
-2
6
11
7
-1
2
5
6
2
-1
6
6
3
6
-5
-1
4
-14
-4
6
-7
-10
1
-3
