-1
0
-2
-3
2
4
10
11
5
5
5
8
13
8
6
6
4
0
3
9
12
13
2
7
12
11
24
16
3
13
12
12
13
8
7
15
17
15
12
11
19
12
19
30
14
-2
6
12
0
5
6
2
7
12
13
12
17
11
13
23
12
6
5
1
-2
2
1
1
2
-1
5
0
0
-1
-11
-2
-1
-4
0
-9
-3
0
-10
-19
-17
-19
-19
-2
-4
-8
-3
-11
-11
-9
-11
-4
-2
-13
-9
-11
-20
-18
-21
-15
-6
-10
-7
3
-6
-13
-7
-11
-12
-9
-10
-16
-12
-4
-6
-6
-14
-5
-3
-12
5
-4
-18
-10
-5
-4
-7
-5
-4
0
6
7
-4
-6
-1
-1
3
9
4
4
5
-2
-4
-1
2
1
-2
-2
-1
8
10
3
0
4
14
4
-7
6
7
9
9
6
11
7
13
4
0
24
23
14
13
15
11
6
13
12
20
25
30
23
9
15
13
17
21
18
19
6
-2
1
-3
-1
4
10
3
-4
8
6
6
3
-10
-2
-1
-6
-5
5
7
-10
-9
-4
-13
-16
-10
-11
-8
1
1
-4
-9
-8
-9
-18
-22
-21
-15
-15
-7
-7
-6
6
6
2
-8
-9
-7
-11
-12
-11
-8
-7
1
-3
-11
2
-5
-7
3
-4
-5
-4
4
1
-9
-6
-3
-5
-5
-1
0
-2
3
1
0
0
0
2
3
2
1
-5
-7
-2
-3
-1
10
8
0
11
8
-2
3
6
13
17
5
5
9
2
5
0
3
9
6
3
2
8
14
4
-1
0
-2
-5
-1
3
1
8
0
-9
0
-2
-4
5
6
-3
11
9
0
1
1
0
-8
2
0
-9
-6
-5
4
-1
0
1
-6
1
-5
-4
3
-2
-6
-13
-9
2
2
-9
-11
-4
-7
-12
-12
-3
-6
-8
-1
-2
2
7
-4
-4
2
1
7
9
5
2
7
5
-1
4
-4
-6
-4
-6
4
3
-3
-3
-3
1
-5
-8
-6
-9
-3
-1
-4
-8
-7
-3
-7
0
5
2
-3
-8
4
14
5
1
4
2
0
2
-3
1
19
12
1
8
7
4
11
6
-6
10
14
1
8
5
-1
2
-8
-3
12
-2
1
5
-8
2
3
-5
-2
-1
-2
3
1
-6
-8
-5
5
6
6
9
-4
-7
-7
-10
-3
1
4
-6
-9
0
-8
-9
-8
-13
0
2
-11
-10
-12
-12
-4
1
-6
-2
4
-6
1
7
6
13
4
-2
3
-5
-4
7
4
-3
-4
-2
-3
2
8
9
0
6
10
-8
-3
9
-1
-7
-9
-12
-12
-13
-7
-7
-15
-6
-2
-3
4
-4
-11
-8
-8
-5
0
-10
-12
-3
-1
-5
-3
2
-4
-5
-1
-1
-1
-6
-12
-12
-15
-12
-6
-6
-6
-2
-2
-3
2
9
7
3
-2
-6
-3
-4
-1
-6
-15
-2
8
3
4
-2
1
12
14
12
11
8
12
14
7
13
12
10
11
-1
-7
0
4
12
20
3
6
4
-6
6
5
4
7
4
6
7
5
3
5
11
5
0
1
7
0
-11
-6
2
3
3
7
2
2
2
-2
1
-2
-3
7
6
-5
7
3
1
11
4
9
4
0
10
4
9
5
4
1
-6
3
-5
-1
11
5
8
13
-2
-5
4
0
7
7
1
1
3
12
7
-1
1
-5
-16
-9
-3
1
-2
2
3
2
5
4
-4
-6
-3
-12
-10
-4
-7
-10
0
-5
-13
-8
-10
-5
-11
-3
5
-3
-5
-4
-3
-9
-9
-13
-12
-5
-6
-6
-7
-1
-10
-16
-6
-5
-8
-5
2
-10
-13
3
-1
-11
-10
-4
-6
-5
4
5
-1
0
0
-12
-7
2
-2
-1
2
-5
-11
2
11
4
4
2
0
2
4
1
0
7
7
5
2
3
5
3
5
8
4
6
10
5
6
12
2
-5
-4
-5
-7
-3
6
-1
2
11
11
5
0
-1
-3
1
12
6
-4
6
5
-6
8
5
4
7
-5
4
4
0
8
5
3
2
-4
-10
1
7
-1
5
0
-13
-10
-8
-3
3
-6
-6
-4
-6
1
3
4
1
-3
-3
1
13
7
1
0
-9
-4
-1
-5
-12
-8
7
6
-1
-1
1
-1
-9
-5
0
-5
-8
-10
-6
-8
-9
0
-5
-7
-2
-6
0
7
0
-7
-8
-2
-1
-7
-3
0
-16
-18
-3
0
-3
10
13
0
7
9
-1
-1
0
4
-2
-2
1
0
10
10
-2
-3
-3
10
16
7
7
12
15
7
2
0
0
8
5
4
6
6
10
7
-2
-1
-1
-1
1
-4
-3
-1
-3
-3
-3
-11
-9
-9
-10
-2
-15
-12
3
-10
-12
0
-5
-6
-2
-13
-17
-3
-2
-9
-9
-14
-9
0
4
-1
-3
3
-6
-11
-15
-6
3
-8
-9
-8
-11
-3
-1
-6
-10
-19
-6
-9
-10
0
-9
7
12
0
-1
1
-4
-9
-3
-4
4
3
-2
-3
-1
18
7
1
11
2
6
12
5
2
7
4
11
17
13
19
13
15
16
6
14
12
6
9
5
6
9
4
-4
-10
-10
-5
-5
-1
8
3
6
9
1
-4
2
0
6
9
-6
-1
3
-5
-1
1
-6
7
10
0
2
2
7
4
3
4
2
9
4
-1
3
-2
-4
-9
-15
-5
-8
-10
4
7
7
6
1
3
3
-3
-2
3
7
6
10
3
-4
6
-1
8
6
-8
-2
-2
-6
-10
-4
1
-5
-3
4
5
2
1
2
-4
-3
4
4
2
6
8
2
7
7
-7
-1
-4
0
3
4
5
-10
-4
-6
-2
2
-4
6
-2
1
8
-1
2
8
6
-3
-4
-3
0
13
11
3
4
2
-4
-1
7
9
6
-1
-3
2
0
1
6
3
0
3
4
9
18
13
9
4
1
6
7
7
11
10
13
11
10
10
7
18
12
5
20
16
13
10
11
19
18
20
13
16
6
-5
3
7
12
13
8
-3
-7
-4
0
4
-7
-13
-16
-14
-8
-19
-27
-26
-28
-29
-37
-45
-39
-33
-38
-41
-46
-62
-59
-43
-33
-34
-40
-46
-44
-29
-24
-24
-23
-26
-12
-14
-18
-19
-38
-34
-24
-2
2
-16
-12
-19
-5
20
19
22
8
-6
15
25
17
23
21
21
21
18
24
22
20
30
38
38
32
23
34
59
71
61
47
35
43
65
73
78
62
54
62
53
62
68
54
31
14
28
42
40
19
-1
-5
8
24
29
27
4
-8
-10
-1
29
21
7
5
-7
4
9
4
14
18
20
15
0
-22
-23
-17
-9
1
-29
-68
-86
-91
-77
-61
-99
-151
-171
-178
-163
-149
-147
-159
-182
-182
-180
-176
-155
-145
-142
-126
-119
-116
-98
-78
-54
-23
-4
-11
-14
5
14
41
65
54
49
51
42
49
74
71
51
31
6
16
30
31
31
20
11
13
45
80
102
120
127
152
181
208
223
236
274
297
319
321
298
291
285
312
348
333
294
252
240
254
261
248
229
206
178
149
81
23
15
44
51
-48
-277
-501
-545
-430
-288
-312
-589
-927
-1051
-901
-609
-421
-555
-847
-1003
-881
-514
-177
-74
-185
-321
-254
-5
270
440
454
410
421
487
548
575
588
613
637
595
448
266
174
199
258
221
23
-229
-399
-425
-326
-276
-370
-548
-692
-692
-584
-470
-436
-471
-485
-420
-297
-194
-130
-78
-4
119
234
278
274
284
354
453
518
509
429
361
362
416
458
427
330
239
198
197
209
223
217
196
172
144
130
179
262
338
393
378
356
377
442
543
606
646
666
677
658
562
469
456
538
614
517
137
-379
-633
-490
-179
-113
-576
-1342
-1859
-1777
-1226
-755
-883
-1510
-2081
-2099
-1481
-737
-400
-584
-951
-988
-552
89
581
735
666
649
792
988
1155
1260
1312
1368
1346
1149
873
668
671
811
813
485
-73
-520
-619
-444
-312
-527
-1035
-1500
-1624
-1384
-1071
-1013
-1258
-1540
-1577
-1310
-884
-602
-586
-658
-595
-304
73
333
421
432
513
689
866
937
905
871
889
917
894
788
659
590
570
550
469
319
181
113
114
156
183
156
91
74
170
356
540
634
614
594
693
886
1115
1223
1149
1067
1107
1283
1471
1427
1088
753
680
871
1025
683
-172
-1005
-1205
-744
-291
-604
-1720
-2833
-3075
-2338
-1404
-1217
-2006
-3044
-3341
-2567
-1329
-562
-691
-1301
-1530
-955
85
930
1205
1063
955
1171
1550
1824
1905
1921
2002
2053
1869
1433
1032
947
1131
1228
866
52
-753
-1086
-925
-658
-763
-1386
-2199
-2634
-2432
-1898
-1561
-1734
-2208
-2478
-2223
-1564
-956
-743
-841
-866
-568
-23
513
815
888
911
1052
1288
1492
1604
1579
1465
1395
1359
1302
1197
1042
897
799
710
539
292
94
68
178
245
148
-67
-189
-60
277
609
744
681
576
648
941
1300
1550
1598
1529
1475
1479
1481
1476
1464
1481
1494
1237
590
-295
-891
-729
-163
-88
-1013
-2528
-3566
-3356
-2267
-1428
-1743
-3101
-4311
-4279
-3010
-1488
-854
-1391
-2253
-2370
-1413
63
1136
1362
1086
915
1223
1865
2423
2702
2793
2799
2669
2357
2002
1890
2054
2171
1902
1129
157
-525
-699
-587
-610
-1067
-1928
-2810
-3261
-3126
-2687
-2438
-2631
-3135
-3548
-3486
-2887
-2078
-1515
-1384
-1483
-1405
-923
-93
751
1244
1312
1167
1207
1614
2152
2468
2392
2097
1859
1776
1760
1717
1612
1411
1124
791
512
353
269
195
103
-12
-164
-301
-302
-148
97
309
383
411
477
654
974
1293
1495
1513
1456
1542
1802
2107
2239
2045
1686
1476
1592
1874
1840
1038
-353
-1340
-1140
-203
141
-990
-2996
-4346
-4055
-2633
-1573
-2032
-3742
-5183
-5057
-3424
-1653
-1073
-1803
-2741
-2653
-1363
296
1344
1454
1086
1021
1592
2422
2948
3006
2926
2974
3018
2812
2407
2138
2140
2200
1935
1149
103
-738
-1027
-837
-752
-1328
-2549
-3691
-3984
-3426
-2733
-2674
-3394
-4268
-4463
-3730
-2580
-1806
-1801
-2170
-2150
-1373
-216
692
1061
1072
1153
1524
2102
2641
2887
2783
2587
2530
2559
2499
2273
2041
1886
1712
1374
896
489
312
320
290
105
-243
-627
-764
-564
-215
-4
-47
-150
-71
255
685
1021
1211
1249
1272
1480
1850
2149
2222
2107
1959
1940
2129
2388
2344
1724
500
-666
-769
99
702
-138
-2269
-4174
-4350
-2926
-1529
-1626
-3383
-5357
-5805
-4378
-2302
-1258
-1841
-3128
-3607
-2558
-594
986
1405
954
517
839
1884
2893
3317
3245
3029
2920
2828
2660
2646
2850
2913
2470
1526
475
-168
-255
-119
-297
-1105
-2325
-3410
-3802
-3392
-2771
-2747
-3500
-4487
-4922
-4333
-3170
-2324
-2278
-2809
-3061
-2399
-1089
112
688
671
550
808
1564
2491
3096
3154
2826
2504
2497
2777
2999
2900
2515
2012
1590
1331
1161
1010
780
423
46
-286
-580
-689
-577
-437
-388
-502
-672
-570
-164
369
824
937
833
847
1085
1625
2269
2557
2443
2192
2096
2337
2690
2855
2902
2738
2143
1153
-91
-780
-260
643
563
-1091
-3538
-4905
-4248
-2594
-1539
-2276
-4470
-6161
-5986
-4206
-2084
-1221
-2084
-3449
-3842
-2582
-322
1345
1650
1049
453
734
1827
2946
3610
3606
3109
2606
2284
2349
2850
3186
2887
2001
694
-405
-624
-195
114
-410
-1920
-3526
-4200
-3695
-2648
-2290
-3150
-4464
-5107
-4512
-3163
-2178
-2116
-2646
-2975
-2401
-1129
-10
592
753
733
1014
1656
2349
2905
3181
3132
2935
2760
2697
2770
2836
2742
2409
1849
1262
879
792
853
694
204
-404
-951
-1127
-786
-375
-292
-499
-820
-872
-354
384
906
1064
937
854
1104
1648
2188
2496
2474
2332
2395
2653
2781
2645
2568
2710
2776
2301
900
-818
-1286
-131
1123
726
-1714
-4634
-5562
-3873
-1477
-785
-2749
-5789
-7169
-5703
-2743
-785
-1236
-3334
-4781
-3870
-1190
1121
1645
745
-238
-78
1278
2642
3169
3019
2647
2460
2533
2519
2442
2571
2706
2546
1827
531
-573
-653
21
340
-517
-2332
-3911
-4057
-2836
-1689
-1970
-3561
-5063
-5168
-3762
-2079
-1578
-2387
-3370
-3370
-2037
-295
563
424
-33
-76
751
1954
2663
2733
2464
2232
2358
2671
2843
2791
2547
2252
1984
1641
1271
1033
961
987
784
200
-444
-796
-641
-107
166
-83
-460
-689
-482
284
1053
1326
1148
756
707
1286
2042
2545
2504
2094
1930
2229
2652
2885
2816
2686
2837
2796
1997
442
-974
-743
832
1598
143
-2882
-5267
-4940
-2441
-522
-1163
-4160
-7019
-7111
-4523
-1650
-824
-2565
-4984
-5459
-3402
-375
1416
1011
-456
-1242
-412
1479
2857
2977
2395
1880
1852
2156
2393
2604
2857
2817
2276
1314
348
112
623
1031
585
-804
-2365
-3021
-2450
-1459
-1255
-2252
-3632
-4346
-3953
-2848
-2078
-2202
-2902
-3431
-3057
-1849
-753
-428
-641
-778
-361
512
1260
1675
1831
1807
1840
2067
2401
2615
2545
2293
2067
1912
1767
1577
1404
1354
1255
944
540
178
-9
52
177
225
217
63
-84
81
426
773
1033
1081
1058
1133
1330
1653
1893
1910
1906
1980
2153
2366
2401
2326
2239
2106
2186
2510
2597
1979
416
-1233
-1267
302
1510
628
-2288
-4974
-5047
-2740
-491
-608
-3330
-6348
-7007
-4836
-1765
-445
-1833
-4374
-5599
-4201
-1155
1118
1198
-342
-1784
-1549
281
2055
2647
2188
1322
831
956
1447
2196
2848
2847
2110
1054
289
193
483
833
999
500
-766
-2254
-2914
-2082
-605
-70
-1154
-3270
-4679
-3908
-1735
-222
-618
-2533
-4107
-3705
-1645
370
860
-271
-1578
-1613
-232
1591
2552
2101
997
500
1130
2253
2813
2568
1980
1448
1308
1524
1708
1763
1701
1418
1033
686
461
556
883
1110
1062
637
127
137
689
1332
1616
1280
720
498
780
1453
1906
1718
1291
1078
1192
1632
2031
2016
1773
1627
1877
2431
2535
1591
-88
-1217
-523
1329
2007
281
-2803
-4755
-3722
-893
691
-672
-4108
-6616
-5896
-2917
-498
-568
-2954
-5442
-5661
-3420
-560
790
-67
-1842
-2696
-1736
331
1757
1732
963
316
283
877
1669
2424
2845
2483
1619
925
703
1182
1948
2021
1244
94
-889
-1169
-704
-55
10
-872
-2221
-3158
-3099
-2146
-1245
-1355
-2456
-3685
-3967
-2956
-1600
-1028
-1392
-2176
-2530
-1780
-351
725
946
460
-26
257
1296
2358
2719
2322
1687
1407
1800
2530
2942
2807
2240
1595
1414
1653
1830
1795
1530
1114
871
843
849
880
862
787
724
649
594
563
632
800
805
694
740
857
1042
1291
1372
1432
1518
1438
1531
2127
2757
2712
1429
-591
-1248
376
2584
2908
367
-3210
-4634
-2730
459
1641
-752
-4761
-6871
-5520
-2101
190
-757
-3903
-6391
-6015
-2978
-8
480
-1301
-3381
-3721
-1866
454
1439
990
5
-510
-88
844
1813
2527
2625
2163
1490
978
1076
1772
2401
2388
1554
284
-630
-702
21
775
487
-897
-2412
-3139
-2599
-1368
-923
-1786
-3239
-4219
-3771
-2268
-1215
-1301
-2180
-2966
-2620
-1250
82
665
383
-198
-111
852
2044
2720
2498
1900
1633
1881
2576
3126
2969
2462
2013
1772
1918
2107
1964
1636
1213
894
941
980
777
609
454
373
506
549
422
343
355
502
588
477
553
789
1015
1243
1128
846
980
1429
2050
2626
2526
1709
531
-383
67
1684
2612
1677
-728
-2927
-2941
-839
1154
861
-1895
-4861
-5532
-3672
-1104
-124
-1737
-4456
-5852
-4785
-2085
-112
-388
-2164
-3678
-3440
-1429
612
1137
306
-787
-1128
-377
933
2024
2391
1977
1231
746
850
1482
2149
2298
1751
775
-35
-220
172
695
722
-96
-1317
-2127
-2166
-1587
-997
-1179
-2193
-3180
-3405
-2837
-1968
-1528
-1771
-2305
-2586
-2206
-1249
-308
97
-49
-293
-165
456
1291
1869
1901
1562
1285
1352
1812
2393
2597
2304
1843
1522
1511
1745
1892
1768
1499
1204
984
957
1021
1036
1018
994
888
751
666
659
785
918
904
750
615
716
1021
1292
1441
1414
1320
1442
1679
1865
2128
2394
2400
1879
612
-451
36
1523
2287
1173
-1414
-3394
-2971
-819
693
-254
-3303
-5799
-5593
-3141
-761
-751
-3132
-5626
-5976
-3739
-855
79
-1278
-3243
-3952
-2456
28
1279
724
-534
-1070
-234
1237
2202
2289
1818
1421
1464
1699
1840
1873
1848
1795
1557
1042
483
102
132
520
470
-429
-1558
-2198
-2024
-1351
-1078
-1701
-2810
-3539
-3256
-2246
-1506
-1647
-2332
-2800
-2518
-1555
-558
-159
-366
-624
-454
234
1136
1703
1654
1302
1203
1529
2044
2375
2253
1888
1721
1805
1956
1986
1756
1440
1294
1260
1276
1284
1117
882
816
869
877
811
702
612
603
646
665
604
616
882
1160
1214
1118
1070
1355
1827
2010
1896
1878
2137
2407
1900
414
-516
248
1753
2279
790
-1937
-3519
-2598
-318
873
-679
-3856
-5810
-5029
-2379
-359
-961
-3618
-5906
-5686
-2997
-363
-17
-1684
-3582
-3840
-1876
527
1332
514
-677
-915
99
1425
2226
2267
1757
1344
1380
1584
1742
1822
1843
1774
1395
806
342
116
317
723
432
-646
-1704
-2167
-1764
-1020
-972
-1849
-2995
-3557
-3012
-1939
-1487
-1905
-2628
-2960
-2536
-1582
-692
-419
-731
-984
-723
20
958
1496
1374
1062
974
1281
1884
2296
2247
1954
1685
1669
1930
2172
2129
1857
1622
1525
1553
1683
1624
1275
1034
1038
1124
1230
1120
752
612
811
1018
1075
932
769
824
1073
1356
1497
1452
1326
1267
1480
2007
2436
2333
1411
-174
-851
345
2027
2385
685
-2181
-3792
-2654
-120
1184
-362
-3683
-5818
-5088
-2348
-178
-653
-3330
-5782
-5776
-3157
-351
199
-1416
-3536
-4126
-2278
305
1410
694
-743
-1373
-511
1030
2138
2246
1581
983
928
1237
1652
1960
1982
1639
970
439
336
491
793
838
124
-946
-1585
-1596
-1140
-765
-1145
-2139
-2977
-3072
-2372
-1593
-1594
-2290
-2917
-2898
-2162
-1195
-698
-858
-1219
-1186
-596
236
947
1185
953
780
964
1396
1896
2220
2128
1835
1734
1897
2192
2402
2323
2056
1808
1617
1650
1839
1804
1539
1265
1091
1099
1151
1068
914
802
835
889
762
661
798
961
1033
1038
953
1021
1230
1373
1525
1739
1845
1662
856
-286
-412
697
1789
1593
-259
-2467
-3061
-1565
439
797
-1267
-4038
-5113
-3733
-1203
37
-1256
-3843
-5392
-4459
-1687
343
-26
-1971
-3622
-3337
-1163
924
1294
113
-1272
-1408
-155
1379
2160
1762
828
389
657
1234
1678
1651
1267
844
496
377
394
340
348
310
-117
-798
-1364
-1531
-1221
-886
-1024
-1701
-2529
-2836
-2318
-1504
-1190
-1620
-2322
-2597
-2174
-1266
-527
-491
-930
-1212
-908
-31
856
1119
814
415
417
973
1692
2083
1925
1510
1335
1557
1953
2252
2212
1873
1541
1439
1666
1949
1887
1561
1300
1204
1331
1499
1397
1182
1062
1027
1093
1125
1038
1012
1063
1119
1181
1198
1181
1144
1195
1561
2023
2105
1453
42
-908
-157
1481
2175
996
-1512
-3358
-2742
-366
1243
275
-2697
-5072
-4801
-2315
-21
-72
-2386
-4880
-5318
-3161
-354
524
-903
-2992
-3828
-2507
-85
1288
650
-936
-1791
-1145
422
1667
1788
1023
292
258
826
1373
1497
1288
984
674
412
307
297
324
379
236
-325
-1028
-1372
-1202
-798
-657
-1144
-2046
-2654
-2476
-1683
-1109
-1359
-2072
-2551
-2413
-1662
-819
-586
-954
-1346
-1277
-598
327
895
861
472
242
553
1245
1878
2020
1676
1408
1512
1862
2216
2312
2085
1823
1713
1741
1946
2082
1919
1618
1415
1389
1500
1587
1471
1209
1011
1029
1079
1049
1084
1096
988
936
997
1078
1226
1296
1220
1264
1491
1684
1394
361
-589
-350
802
1607
955
-1017
-2665
-2512
-807
670
192
-2112
-4215
-4327
-2479
-444
-218
-2025
-4227
-4841
-3185
-743
203
-928
-2769
-3585
-2498
-371
880
352
-1040
-1716
-998
455
1523
1557
822
277
407
936
1403
1462
1133
779
624
539
510
505
378
184
-9
-321
-762
-1003
-928
-813
-905
-1290
-1874
-2234
-2047
-1643
-1506
-1742
-2150
-2354
-2157
-1703
-1280
-1174
-1336
-1423
-1180
-605
28
392
375
239
298
684
1265
1648
1671
1515
1440
1629
1966
2182
2154
1921
1694
1704
1874
2048
2072
1799
1458
1366
1456
1592
1658
1521
1276
1046
947
1043
1169
1253
1229
934
640
742
1121
1494
1542
1103
727
960
1659
2144
1518
-79
-1007
-229
1405
2208
1009
-1515
-3107
-2312
55
1517
254
-2734
-4781
-4174
-1509
565
-55
-2768
-5133
-4990
-2385
156
374
-1568
-3741
-4010
-2004
323
980
-208
-1807
-2088
-828
777
1568
1136
221
-133
243
872
1267
1232
967
709
451
333
386
478
652
598
17
-675
-981
-767
-261
-92
-696
-1736
-2379
-2133
-1353
-864
-1233
-2183
-2808
-2495
-1627
-975
-933
-1461
-1931
-1653
-767
81
463
275
-105
-61
535
1288
1741
1745
1471
1293
1550
2078
2421
2382
2098
1824
1755
1961
2244
2326
2151
1797
1499
1471
1649
1800
1721
1414
1079
930
994
1110
1121
993
810
725
804
898
949
884
768
899
1264
1563
1381
513
-496
-580
502
1642
1531
-105
-2067
-2605
-1179
758
1110
-805
-3401
-4368
-2946
-495
590
-867
-3522
-4970
-3911
-1247
551
-70
-2265
-3842
-3263
-1037
852
866
-677
-2061
-1900
-416
1066
1490
781
-113
-310
188
833
1145
1075
856
639
400
187
160
402
782
896
318
-667
-1234
-938
-60
492
-12
-1369
-2511
-2461
-1336
-270
-365
-1617
-2914
-3085
-2021
-697
-267
-1065
-2240
-2553
-1614
-217
551
291
-514
-920
-360
752
1547
1576
1029
632
899
1598
2155
2198
1818
1489
1551
1933
2264
2246
1970
1701
1630
1798
1979
1868
1586
1412
1316
1361
1471
1343
1088
944
919
993
1033
913
808
854
974
1021
903
872
1110
1367
1281
596
-296
-388
524
1417
1222
-283
-1983
-2259
-893
654
682
-1152
-3292
-3800
-2328
-326
197
-1403
-3585
-4332
-3033
-855
185
-792
-2623
-3470
-2509
-633
471
11
-1326
-2099
-1523
-186
734
681
33
-484
-376
199
672
741
534
343
306
340
333
286
306
444
471
213
-185
-514
-522
-137
139
-158
-876
-1496
-1576
-1135
-637
-687
-1390
-2124
-2245
-1738
-1055
-770
-1167
-1791
-1916
-1349
-487
37
-92
-517
-615
-99
697
1171
1123
833
743
1137
1809
2205
2061
1665
1522
1842
2346
2558
2262
1769
1585
1871
2288
2361
1976
1405
1133
1372
1693
1684
1324
835
596
738
961
1012
901
747
663
621
635
769
1036
1331
1250
473
-474
-559
428
1540
1521
0
-1843
-2290
-903
945
1281
-509
-2901
-3770
-2390
-95
827
-585
-3023
-4283
-3266
-944
497
-209
-2226
-3593
-3057
-1148
405
324
-1073
-2262
-2102
-862
349
684
115
-645
-819
-366
211
532
483
245
87
74
150
273
405
513
514
312
12
-166
-119
104
251
91
-357
-848
-1016
-832
-619
-684
-1060
-1531
-1777
-1659
-1393
-1236
-1344
-1623
-1748
-1539
-1143
-803
-666
-730
-715
-454
-59
315
488
466
500
765
1215
1595
1687
1570
1484
1598
1954
2316
2331
2032
1750
1759
2072
2327
2241
1880
1505
1390
1532
1657
1556
1311
1094
943
900
905
829
768
799
891
940
759
468
372
649
1149
1351
848
-111
-645
-93
1123
1717
841
-868
-1902
-1319
320
1310
484
-1534
-2983
-2632
-938
406
73
-1724
-3403
-3502
-2058
-487
-222
-1435
-2904
-3217
-2170
-787
-248
-844
-1779
-2077
-1520
-651
-157
-275
-631
-772
-595
-265
-47
7
101
283
401
364
238
205
415
788
989
760
290
15
136
487
711
479
-112
-583
-697
-545
-376
-496
-914
-1351
-1529
-1429
-1258
-1172
-1237
-1427
-1550
-1473
-1250
-971
-727
-595
-537
-465
-295
5
364
695
906
972
1022
1152
1355
1646
1880
1914
1829
1787
1854
1959
2060
2080
1939
1761
1698
1701
1653
1567
1450
1262
1099
1043
1007
984
927
754
576
504
573
726
770
623
356
191
390
836
1110
958
364
-255
-171
654
1401
1319
297
-901
-1174
-245
977
1180
-4
-1593
-2269
-1580
-293
269
-543
-2031
-2958
-2690
-1597
-769
-964
-1913
-2744
-2780
-2057
-1309
-1128
-1459
-1864
-1895
-1542
-1151
-886
-766
-699
-576
-486
-478
-422
-160
266
582
564
304
83
170
628
1072
1092
701
254
104
350
738
784
370
-151
-437
-382
-190
-155
-369
-715
-982
-1092
-1093
-1015
-959
-977
-1033
-1120
-1145
-1000
-692
-414
-318
-349
-348
-156
194
514
648
623
602
725
997
1265
1392
1338
1210
1199
1355
1530
1555
1414
1217
1099
1160
1281
1264
1130
953
794
747
800
859
847
769
663
557
519
590
683
735
726
655
589
616
711
801
856
882
927
1011
1031
890
687
668
909
1184
1180
731
120
-130
170
611
588
-46
-903
-1398
-1239
-759
-602
-1078
-1901
-2471
-2415
-1951
-1622
-1780
-2304
-2684
-2562
-2123
-1788
-1798
-2008
-2056
-1828
-1489
-1267
-1227
-1201
-1028
-734
-469
-350
-324
-248
-106
83
312
462
468
457
494
579
722
787
715
602
538
542
530
417
245
125
91
86
1
-207
-397
-464
-415
-344
-399
-556
-644
-607
-482
-333
-286
-342
-347
-259
-89
93
167
200
268
368
508
600
622
646
680
763
870
905
895
861
812
816
865
900
904
876
817
802
845
895
917
903
851
808
821
829
811
771
739
761
813
829
755
660
639
723
852
924
865
733
690
761
905
1031
994
802
585
475
508
606
631
459
124
-187
-361
-418
-418
-497
-725
-1027
-1312
-1469
-1451
-1392
-1444
-1651
-1912
-2074
-2052
-1892
-1766
-1787
-1885
-1921
-1836
-1656
-1481
-1385
-1325
-1257
-1141
-975
-801
-662
-557
-453
-366
-279
-200
-123
-12
112
208
238
190
128
184
345
457
411
229
68
60
225
388
325
68
-183
-245
-90
100
103
-103
-349
-447
-305
-73
39
-57
-266
-345
-209
46
235
239
122
73
214
429
544
541
503
535
685
826
846
751
668
722
868
988
978
847
705
681
792
920
950
835
663
564
602
718
794
774
661
535
508
570
666
763
798
722
602
541
568
683
831
858
725
530
407
471
655
767
680
404
122
39
163
317
294
39
-274
-452
-460
-381
-381
-560
-821
-1026
-1114
-1099
-1074
-1102
-1207
-1353
-1466
-1488
-1410
-1310
-1271
-1292
-1340
-1348
-1263
-1139
-1020
-951
-933
-916
-863
-752
-614
-520
-480
-489
-497
-445
-375
-313
-285
-306
-298
-255
-196
-159
-161
-170
-183
-171
-147
-123
-91
-72
-62
-68
-85
-65
-30
-15
8
19
6
16
36
87
178
255
266
219
196
275
448
603
616
530
494
573
724
836
832
764
711
702
754
825
854
847
789
693
659
681
711
733
678
553
475
519
623
685
631
494
401
415
526
605
567
457
368
364
423
483
467
375
267
218
259
304
307
241
119
63
100
155
162
98
30
7
8
0
-13
-37
-77
-101
-143
-206
-263
-299
-319
-369
-453
-519
-553
-574
-604
-669
-749
-794
-794
-775
-772
-806
-836
-829
-823
-791
-782
-833
-851
-815
-755
-722
-764
-832
-828
-728
-633
-627
-698
-756
-719
-600
-478
-424
-437
-445
-421
-350
-254
-197
-180
-183
-170
-112
0
82
95
78
61
120
203
236
227
195
208
281
354
373
335
289
311
407
499
532
499
451
470
580
690
701
641
588
627
744
823
792
687
639
699
766
776
712
601
527
519
543
545
496
411
350
343
344
316
260
188
145
146
148
97
12
-44
-46
-22
-16
-42
-87
-99
-68
-29
0
5
-12
-15
4
51
100
134
136
118
130
161
183
177
141
108
87
83
49
-16
-48
-74
-110
-155
-241
-316
-349
-373
-416
-498
-576
-623
-650
-671
-720
-778
-812
-817
-808
-827
-859
-866
-842
-792
-763
-764
-761
-750
-709
-650
-611
-591
-587
-574
-535
-460
-396
-374
-361
-370
-348
-280
-216
-158
-128
-108
-87
-72
-26
22
77
140
156
148
156
205
293
376
417
403
379
411
472
548
648
704
707
696
704
755
838
900
886
824
776
788
840
870
820
712
615
577
600
616
563
451
331
266
265
274
252
166
27
-72
-102
-71
-46
-79
-154
-243
-278
-257
-208
-175
-185
-199
-213
-202
-139
-76
-28
-11
-29
-51
-30
42
103
121
103
66
71
113
149
158
120
78
55
57
62
23
-44
-101
-128
-154
-200
-258
-313
-364
-418
-463
-497
-519
-529
-547
-589
-633
-641
-624
-582
-550
-567
-599
-611
-603
-562
-500
-448
-438
-483
-532
-528
-465
-356
-294
-328
-401
-458
-428
-310
-192
-139
-189
-282
-321
-241
-88
36
68
-4
-79
-65
46
194
269
263
214
204
274
379
474
495
477
480
495
530
578
608
629
654
670
660
623
605
610
641
661
637
601
539
487
469
469
478
445
364
271
197
172
201
211
165
66
-35
-51
-22
16
29
-19
-80
-104
-72
-14
27
21
-25
-67
-49
14
62
80
59
30
16
50
104
128
128
88
62
66
85
100
82
35
-16
-33
-36
-49
-79
-125
-161
-185
-221
-271
-317
-332
-331
-348
-398
-453
-476
-454
-413
-415
-453
-503
-521
-468
-402
-390
-426
-472
-478
-432
-373
-371
-407
-434
-428
-367
-302
-295
-335
-377
-365
-312
-254
-226
-256
-276
-242
-175
-119
-109
-119
-120
-73
0
47
67
59
79
141
207
254
262
256
265
309
369
404
410
397
408
439
461
473
460
440
434
440
453
459
444
403
376
368
362
363
350
321
274
229
237
243
235
213
150
112
117
137
162
137
84
67
79
113
126
115
110
96
95
96
107
132
140
136
122
117
117
115
95
64
50
44
28
3
-15
-24
-40
-68
-97
-116
-109
-105
-124
-147
-173
-185
-168
-171
-186
-187
-189
-195
-209
-223
-220
-202
-190
-204
-243
-279
-272
-254
-250
-255
-288
-301
-294
-297
-289
-276
-275
-289
-316
-325
-310
-273
-240
-245
-256
-262
-265
-228
-185
-165
-164
-175
-156
-118
-85
-58
-39
-10
15
34
48
63
98
141
167
162
170
181
195
216
210
197
186
176
177
184
181
158
137
126
129
143
149
129
99
104
122
152
174
154
126
117
140
185
230
237
208
192
180
196
244
285
290
246
205
190
214
271
301
267
207
174
173
203
225
203
150
93
71
85
88
63
19
-25
-58
-81
-76
-92
-132
-155
-164
-162
-155
-151
-159
-177
-187
-168
-151
-157
-167
-183
-178
-170
-149
-147
-171
-189
-203
-185
-176
-195
-207
-229
-228
-201
-184
-205
-246
-269
-263
-234
-211
-226
-256
-269
-256
-223
-204
-203
-214
-217
-183
-140
-104
-100
-99
-64
-30
0
12
19
49
81
97
100
103
116
138
152
157
140
118
115
110
116
129
115
88
61
35
26
35
39
42
33
8
1
-1
22
60
63
51
30
26
58
109
152
156
133
123
142
184
229
257
243
212
208
239
289
323
324
298
268
277
293
294
285
267
243
214
191
162
130
116
103
74
23
-35
-61
-61
-59
-61
-86
-121
-141
-139
-122
-111
-126
-141
-145
-149
-141
-138
-133
-132
-142
-155
-154
-139
-153
-161
-160
-160
-156
-164
-180
-199
-201
-184
-165
-162
-192
-223
-223
-202
-184
-181
-187
-214
-219
-190
-162
-133
-131
-146
-140
-119
-77
-37
-41
-51
-28
5
23
40
49
49
74
87
84
81
73
73
91
111
108
87
53
17
11
32
44
28
-33
-75
-53
-18
14
-5
-60
-83
-66
-29
1
4
-4
-14
-4
36
71
90
92
81
93
124
143
154
169
179
196
210
214
221
227
239
247
233
220
212
209
205
193
180
149
124
105
85
90
83
52
31
6
-10
-4
-4
-20
-51
-76
-79
-67
-62
-65
-85
-118
-122
-112
-96
-95
-114
-126
-136
-126
-117
-113
-113
-139
-159
-155
-127
-122
-142
-163
-182
-183
-167
-164
-186
-197
-200
-201
-185
-179
-180
-174
-161
-146
-138
-122
-110
-95
-70
-52
-38
-27
-13
8
22
43
62
70
80
76
70
75
81
100
111
99
71
41
40
62
86
86
62
31
18
39
60
61
49
20
10
21
34
45
39
23
30
36
41
59
58
67
68
67
98
105
108
115
124
152
166
170
168
155
154
177
204
205
180
158
145
142
154
147
129
110
91
95
90
81
75
59
38
19
15
14
11
1
-5
-16
-36
-39
-36
-44
-55
-80
-108
-111
-104
-93
-87
-117
-159
-162
-144
-112
-102
-144
-183
-188
-169
-139
-123
-140
-178
-199
-192
-172
-145
-136
-149
-175
-191
-183
-160
-127
-107
-112
-131
-134
-118
-88
-66
-55
-52
-69
-73
-52
-28
-4
13
13
6
2
10
27
38
48
29
13
33
48
67
74
61
57
61
64
79
89
93
92
84
84
81
92
103
96
90
85
84
81
85
68
54
58
49
43
39
44
44
35
30
33
44
53
56
56
52
56
61
67
74
74
67
58
67
83
93
90
78
86
95
103
110
108
112
102
102
107
103
110
106
96
89
77
70
62
46
32
19
12
-6
-34
-43
-49
-46
-58
-71
-77
-103
-122
-116
-104
-108
-120
-143
-154
-141
-135
-129
-140
-155
-162
-163
-147
-137
-140
-130
-123
-127
-127
-113
-104
-109
-101
-106
-117
-119
-107
-82
-69
-74
-81
-83
-63
-41
-36
-42
-48
-41
-16
7
23
40
40
33
50
77
105
116
103
104
101
110
139
139
138
141
130
134
144
150
144
124
102
96
94
85
74
64
43
19
14
7
4
2
-2
-9
-29
-38
-35
-29
-36
-41
-48
-63
-59
-44
-40
-57
-66
-49
-38
-14
4
-8
-9
-1
18
39
44
44
39
54
68
78
81
57
54
52
58
72
52
33
20
22
22
38
37
16
17
8
4
8
-1
-3
-11
-28
-19
-23
-37
-40
-60
-64
-65
-72
-75
-76
-77
-78
-76
-79
-73
-75
-84
-84
-83
-75
-75
-83
-87
-81
-70
-58
-56
-61
-65
-79
-69
-44
-54
-62
-66
-68
-45
-15
3
-4
-19
-16
20
53
48
39
28
34
60
73
85
87
84
86
93
117
132
117
106
102
92
90
97
91
82
86
87
83
80
81
98
114
107
79
49
33
26
38
39
29
18
-14
-32
-38
-37
-18
-24
-36
-62
-80
-63
-67
-70
-69
-71
-69
-67
-54
-37
-39
-51
-42
-36
-36
-31
-45
-67
-47
-14
8
15
-6
-24
-21
3
27
24
12
-7
-22
-12
12
29
9
-19
-37
-41
-18
4
-2
-21
-36
-47
-56
-62
-64
-56
-49
-53
-46
-48
-71
-85
-91
-85
-56
-38
-34
-39
-42
-42
-45
-32
-17
3
18
12
6
-20
-33
-17
-2
16
27
19
3
2
7
6
19
29
15
12
12
16
25
23
29
21
29
31
23
45
60
68
68
59
42
44
91
116
126
132
111
96
83
89
124
147
153
142
110
71
39
35
48
54
59
54
23
-4
-14
-16
-12
-18
-27
-13
-4
-28
-57
-94
-111
-81
-32
-10
-17
-34
-57
-59
-34
1
2
-13
-19
-10
11
2
-36
-72
-81
-48
-3
17
-1
-31
-51
-75
-80
-73
-67
-23
24
28
-5
-65
-103
-90
-45
-5
-8
-21
-31
-45
-99
-214
-315
-305
-151
66
171
72
-130
-256
-190
26
202
221
133
38
9
40
64
38
-4
13
96
171
154
52
-65
-115
-73
-14
4
-5
0
31
45
5
-74
-133
-87
46
160
160
32
-106
-139
-79
-14
10
-2
-14
32
96
101
29
-59
-67
17
141
204
154
41
-33
-19
32
72
72
73
98
125
106
24
-67
-94
-26
66
106
86
-3
-74
-83
-61
-25
-18
-18
-12
3
18
-8
-42
-69
-60
-24
4
29
43
45
18
-32
-75
-73
-18
52
98
77
8
-57
-90
-66
-1
41
50
43
21
-1
-32
-61
-57
-33
-5
11
12
-18
-82
-118
-124
-109
-60
-14
-1
-29
-59
-76
-88
-77
-46
-15
10
32
38
23
-8
-40
-33
-17
16
64
56
17
-16
-35
-31
-9
19
23
7
6
0
-27
-40
-38
-45
-43
-33
-35
-33
-29
-32
-36
-36
-28
-29
-14
19
26
12
-17
-31
0
48
79
66
29
6
17
49
85
119
105
71
81
77
76
93
94
114
122
122
118
99
82
67
68
78
78
77
63
29
-9
-31
-39
-23
8
17
3
-20
-27
-36
-44
-38
-44
-41
-18
-6
-25
-48
-58
-62
-42
-2
16
1
-23
-25
-22
-37
-37
-37
-35
-1
30
26
2
-39
-69
-52
-34
-29
-16
1
11
0
-35
-74
-98
-78
-19
12
15
-14
-83
-105
-62
-26
2
-1
-22
-9
21
45
39
2
-21
-9
34
83
90
52
28
20
14
21
15
-1
4
16
2
-22
-43
-55
-50
-32
-11
-14
-27
-28
-21
-15
-22
-35
-54
-52
-22
6
11
-15
-38
-40
-39
2
55
62
44
13
7
23
46
81
82
76
78
86
101
86
72
67
57
61
56
47
42
30
19
11
15
-1
-28
-27
-11
11
2
-32
-63
-83
-64
-48
-35
-27
-44
-42
-35
-39
-27
-22
-21
-9
-10
-3
6
6
13
9
-5
-25
-35
-18
-9
-2
3
-41
-73
-62
-35
-15
-36
-67
-87
-85
-49
-24
-20
-33
-54
-46
-31
-29
-18
-24
-35
-16
-12
-11
-5
-16
-3
27
49
53
54
58
71
75
53
41
44
66
81
68
55
29
17
33
37
28
15
9
15
18
12
-5
-37
-57
-35
4
14
0
-24
-32
-21
-11
-7
-13
-12
-3
15
32
21
-9
-24
-9
25
61
80
75
53
30
15
21
42
64
84
84
66
36
7
9
34
64
70
41
15
1
-6
-24
-38
-41
-42
-30
-27
-47
-59
-63
-63
-30
-12
-25
-38
-38
-27
-11
-15
-30
-32
-18
-10
-2
-9
-49
-81
-84
-59
-35
-44
-54
-66
-69
-53
-46
-40
-34
-32
-28
-22
-24
-29
-35
-38
-32
-33
-23
-10
-1
5
0
-16
-44
-46
-27
12
56
40
9
-12
-10
29
64
82
61
29
19
21
40
45
29
16
18
34
44
40
23
10
14
24
28
26
14
9
5
-1
6
4
3
19
18
16
9
2
7
5
1
-15
-15
7
28
45
22
-5
-11
2
46
74
70
55
23
13
23
28
20
10
20
32
40
39
18
-7
-5
16
39
58
52
36
6
-17
-2
7
14
38
28
1
-13
-28
-28
-17
-22
-31
-46
-55
-53
-44
-36
-45
-75
-100
-86
-54
-32
-36
-58
-79
-76
-66
-56
-36
-36
-41
-35
-43
-33
-32
-44
-28
-3
18
23
13
6
-3
3
4
-3
9
16
30
42
24
9
-1
5
31
33
32
22
8
24
23
27
27
12
20
25
37
38
23
20
11
17
19
2
4
13
25
39
34
21
9
16
39
51
60
43
17
7
6
26
33
22
17
-2
0
14
13
4
-2
-7
-13
-11
-13
-22
-32
-22
-9
-14
-15
-19
-24
-11
-9
-10
-6
-3
10
21
25
21
9
11
23
36
33
5
-4
1
17
33
15
-9
-22
-19
3
7
10
7
-12
-18
-23
-18
-17
-33
-46
-44
-39
-54
-57
-55
-61
-53
-55
-59
-63
-55
-41
-39
-27
-31
-44
-37
-37
-24
-6
2
16
16
1
-2
-2
-10
-1
25
30
16
3
-8
-9
1
10
19
27
36
28
29
30
18
12
9
13
21
42
39
12
6
7
13
31
35
25
18
6
9
20
25
23
29
43
37
42
42
28
25
41
61
67
50
19
10
18
41
48
22
-9
-28
-7
20
24
17
-8
-33
-30
-14
-14
-31
-49
-41
-15
8
4
-19
-40
-35
-8
-9
-15
-25
-39
-19
5
-4
-21
-28
-10
15
28
33
20
-1
0
11
21
17
-2
-9
12
35
37
11
-21
-25
-10
3
1
-16
-31
-40
-35
-21
-28
-40
-36
-23
-7
5
-2
-20
-44
-41
-31
-23
-9
-17
-24
-22
-20
-11
-3
-2
4
-1
-17
-14
5
12
4
3
-9
-17
-3
29
37
29
26
4
-7
-1
15
29
21
9
5
-4
-9
3
17
35
33
18
9
0
1
18
27
27
16
6
25
35
41
33
17
28
37
41
44
32
15
13
15
19
17
3
6
13
15
9
-16
-25
-28
-31
-25
-23
-44
-56
-47
-46
-42
-40
-43
-36
-25
-24
-31
-39
-42
-45
-53
-35
-23
-28
-16
-9
-18
-13
-12
-14
18
39
21
0
-14
-20
-2
16
20
13
9
22
39
52
49
24
8
23
42
33
29
12
-15
-12
-5
6
9
3
-1
1
11
9
-9
-18
-11
1
9
10
1
-12
-9
2
12
21
14
5
10
11
-5
-19
-33
-24
-3
1
3
1
-8
-3
16
29
18
-2
-6
-3
-3
-14
-24
-16
-6
-1
13
22
8
-4
3
12
13
12
15
4
12
21
23
35
28
26
38
43
37
33
28
18
13
10
10
8
1
-2
2
4
2
-8
-9
-4
-10
-10
-17
-27
-35
-43
-36
-35
-45
-46
-37
-42
-41
-28
-32
-31
-37
-37
-27
-30
-31
-34
-38
-33
-23
-15
-12
-10
-13
3
14
8
4
-2
9
19
20
21
19
20
13
15
24
20
5
-4
3
19
18
-2
-23
-22
-2
10
26
30
15
-1
-1
17
34
29
6
1
4
10
21
17
8
7
13
16
18
15
6
10
12
2
-5
0
3
5
10
-1
-15
-15
-3
6
3
-11
-31
-43
-33
-18
-11
-11
-16
-19
-4
-1
2
3
-17
-3
1
-9
-2
-17
-11
0
10
16
8
6
-2
8
20
24
16
6
9
11
9
6
6
-5
-5
13
16
5
-7
-9
-9
-17
-20
-10
-14
-22
-18
-22
-18
-23
-30
-10
1
3
10
-2
-12
-7
-11
-1
-3
-17
-4
8
26
29
14
3
0
14
30
43
34
18
2
-13
-2
7
3
4
7
13
16
7
8
-2
-10
5
11
20
19
-3
-11
-6
7
23
30
28
21
15
21
35
28
14
14
6
12
25
28
26
17
15
9
15
35
32
22
10
-3
-7
-7
-3
-4
-12
-12
-6
-8
-9
-16
-19
-24
-26
-20
-26
-20
-32
-44
-29
-30
-28
-12
-9
-8
-11
-14
-14
-16
-10
-10
-7
-12
-22
-17
-21
-16
-4
-12
-11
-13
-20
-16
-18
-29
-29
-21
-19
-4
-6
-16
-26
-30
-13
-5
-1
-4
-11
-11
-8
-1
-2
-12
-18
-12
-6
7
26
25
7
2
10
17
21
19
20
16
13
16
17
16
11
23
30
27
14
-6
-9
-13
-10
-1
-5
-11
-12
-3
6
-9
-14
-4
-5
0
10
10
1
1
6
8
10
-7
-13
3
18
24
19
9
5
11
12
21
20
6
0
1
19
36
24
2
9
12
12
14
2
-1
-12
-10
7
-6
-5
4
-5
2
9
4
0
-9
-4
10
6
4
-2
-4
5
2
-4
-5
-8
-4
0
3
6
-4
-13
-13
-13
-12
-6
-7
-3
3
-1
-7
-18
-13
-16
-21
-9
-17
-23
-18
-17
-5
-8
-19
-15
-10
-5
-4
0
-5
-5
-4
-8
5
7
4
10
6
8
5
12
30
28
23
22
14
9
11
22
25
7
4
4
-3
7
5
18
20
-3
-4
-4
-3
-7
-6
-1
-14
-12
-10
-10
1
-7
-8
-7
-7
-1
-9
-6
-7
-11
-11
-10
-1
-7
-6
-1
-1
8
2
1
6
-1
-3
-5
-10
-2
2
3
3
1
3
-3
-4
10
15
4
-2
-4
-1
-2
0
1
3
3
3
5
-1
-5
-10
-9
-8
-6
2
-4
-5
-1
-12
-4
9
6
4
3
10
2
-13
-2
-7
-16
-13
-15
1
4
-11
-17
-19
-20
-25
-13
-8
-6
-13
-18
-10
-19
-18
-8
-14
-7
1
-3
-7
-6
-10
-8
4
1
3
1
5
12
6
3
-3
2
6
15
25
17
13
5
11
16
12
13
8
14
23
29
25
13
6
-1
6
-1
-10
3
-1
-6
5
2
-7
4
13
7
3
0
0
-11
-2
16
2
3
7
2
8
0
1
5
2
6
8
6
8
14
5
9
27
11
1
15
11
19
20
9
14
7
0
3
2
0
-5
-6
1
9
10
8
0
2
7
3
-9
-7
0
-7
-2
-1
-3
-3
0
1
3
1
-3
1
-10
-2
-1
-13
-5
-12
-6
-3
-13
-12
-19
-16
-7
1
6
-2
-11
-20
-24
-16
-13
-10
-18
-30
-16
-10
-12
-9
-15
-21
-23
-16
-15
-8
-2
-7
-7
-1
2
12
6
-2
11
6
9
15
7
5
6
3
6
9
10
7
5
11
13
6
2
7
11
6
0
-3
-5
2
