-6
-13
-14
-2
-17
-16
-13
-10
1
-15
-5
8
4
7
-2
-2
-7
-3
1
0
5
-3
3
5
-2
-3
-6
-4
-9
-10
-8
-9
2
-10
-18
-9
-11
-6
-1
-1
-10
-15
-11
-16
-8
-1
-3
3
3
4
2
-6
-5
-7
-13
-10
-8
-8
-9
-1
1
-4
4
4
0
-1
9
10
4
6
5
4
5
13
10
7
8
5
10
14
13
11
9
9
17
11
8
6
5
11
1
-7
-3
6
1
0
5
1
3
9
6
6
6
1
-4
-1
4
0
3
2
-2
6
8
13
5
1
6
-5
-1
-4
-9
2
1
-2
-2
1
7
1
-2
-5
-8
-9
-7
-4
-8
-9
-6
-11
-15
-3
-3
-4
-6
-13
-8
-8
-1
0
-5
5
3
-9
-7
-9
-9
4
-2
-5
0
-10
-7
-2
-5
4
-4
-11
2
9
3
-2
2
5
2
-6
-6
0
0
-6
-4
4
4
-3
1
8
4
-4
10
12
3
8
11
7
-5
1
4
-2
7
4
0
-7
-10
-2
4
5
12
13
8
10
5
4
13
3
3
4
4
14
6
7
10
9
22
15
11
15
9
15
11
-5
-4
1
1
-7
-6
1
3
7
2
-3
-3
-8
-8
-6
-9
-4
-8
-12
-11
1
18
7
-2
7
2
-8
-4
-6
-4
1
-3
-1
0
-7
-10
-8
-2
-8
-15
-10
-4
-6
-7
-4
-16
-17
-11
-16
-11
-10
-15
-14
-6
-1
-4
2
4
-4
1
-3
-13
-10
-4
-10
-14
-10
-8
-3
-7
-2
-2
-9
-5
-5
-2
0
1
1
8
3
-3
3
-3
-2
0
-1
6
3
-3
2
3
4
13
11
10
12
19
19
18
20
14
15
15
16
16
13
13
8
6
9
7
5
6
12
7
1
5
1
1
4
-10
-7
-1
-7
-5
-3
-2
4
-8
3
15
-1
-1
3
-4
-11
-13
-9
-4
-6
-13
-15
-14
-13
-10
-13
-19
-13
-7
-3
-6
-9
-2
-6
-4
5
4
3
3
5
4
-8
-4
6
7
7
5
1
-9
-1
-7
-15
-4
-8
-12
-12
-6
-1
-9
-4
-5
-5
8
5
-1
-3
-10
-2
3
7
2
-7
-6
-2
5
3
8
9
-4
0
-1
1
8
-2
-5
-3
-1
-1
3
12
9
14
13
10
3
-4
1
3
7
4
2
10
2
-2
-1
3
10
8
13
8
-4
1
6
11
11
1
7
6
-1
0
2
6
7
6
7
10
3
-3
-6
-9
0
-2
-8
0
1
-4
-5
-1
0
7
4
-7
-2
2
1
-5
-5
-1
4
4
0
0
-7
-6
0
0
-6
-8
-11
-17
-7
-6
-3
5
4
-6
-1
6
-3
0
8
3
-3
-2
4
-7
-16
-10
-4
-3
-6
-7
-2
-2
0
4
5
1
0
6
9
9
13
20
11
-3
7
8
-2
-3
-3
2
-5
-2
8
-2
3
6
2
5
-3
1
8
9
11
10
6
5
15
15
12
11
4
-1
-15
-12
-8
-13
3
6
-1
4
-2
3
0
-9
0
-4
-1
1
-4
9
8
2
0
-5
-1
3
5
4
3
-1
-4
-2
-5
1
5
3
10
8
1
-3
-12
-6
-6
-8
-2
-9
-5
3
-10
-9
7
-5
-9
-2
-11
-10
4
7
2
2
-7
-10
-15
-18
1
4
3
3
0
-2
-7
-3
-10
-13
0
-6
3
3
-2
10
4
-3
4
4
2
7
11
9
-1
7
9
2
12
-2
-8
9
10
10
7
13
11
3
12
7
-1
-4
-5
5
7
3
8
1
-5
2
-1
0
1
0
9
2
-2
-3
-4
3
5
0
-4
0
3
-2
-3
1
-3
-3
-4
0
8
-1
-4
3
5
4
7
3
-1
-4
1
-2
-6
4
-3
-7
-5
-5
7
-7
-21
-8
-12
-19
-12
-18
-22
-19
-16
-10
-11
-8
-14
-17
-11
-13
-6
-3
-8
3
3
-1
7
1
0
-1
-10
-4
-8
-14
-8
-3
6
-1
1
8
1
1
1
-6
-5
-7
1
13
0
-5
1
-4
1
6
5
5
5
-1
2
9
9
3
4
5
0
2
-3
2
1
-6
3
7
3
-1
8
7
-1
5
5
6
2
-6
1
4
4
9
5
-4
-4
6
5
-12
-5
8
-7
-7
2
-5
-8
-5
1
1
-1
-11
-9
-1
4
7
-1
-6
-4
-3
4
8
2
6
9
6
0
1
2
-8
-1
6
3
4
-4
-2
3
-4
-7
-14
-14
-10
0
-2
-7
-1
-10
-5
10
-7
-8
0
-6
1
1
2
5
-1
0
-5
-8
2
9
8
2
0
-1
2
0
-4
-3
-5
-1
6
5
5
2
-9
-9
-2
1
10
3
1
6
3
1
0
8
11
11
9
2
0
-3
-3
5
7
9
5
0
3
12
3
-5
-3
-7
-4
-8
0
7
-3
-4
-9
-7
1
8
2
-4
4
3
-4
-1
-5
-10
0
1
-4
3
3
0
5
-3
-10
-2
5
11
8
7
4
0
5
-10
-20
-9
-2
-6
-11
-11
-10
-13
-9
-5
-7
-7
-3
-5
-3
0
-10
-6
2
-3
-12
-4
-2
-7
3
7
3
5
7
8
10
6
-7
-8
7
10
4
4
6
-2
5
13
20
20
11
16
1
-5
7
1
4
8
-2
-6
-4
2
4
5
13
10
0
6
-4
-14
-3
5
6
4
7
2
-3
11
9
0
6
-1
-6
2
-5
-1
6
1
17
16
6
6
-8
-10
2
2
3
9
11
3
-6
-7
-11
-10
-4
-5
-7
-10
-12
-9
-14
-15
-5
-8
-2
-1
-11
-6
3
6
-2
-1
7
2
-2
-7
-2
6
6
3
-1
-2
-8
1
0
-10
-2
6
10
-4
2
9
-7
-4
-3
-4
-4
-5
12
3
-15
-5
-3
-2
6
5
-2
4
4
-10
-6
2
-1
-2
-1
-4
-3
0
-4
5
10
4
-3
-7
3
1
6
15
10
4
-5
-4
8
5
1
8
1
4
2
-5
10
2
2
17
6
0
4
1
-9
-7
-5
-7
-2
-6
-6
2
2
-2
-5
-5
-2
-2
-5
-5
-7
-6
-6
-10
-11
-8
-7
-3
8
2
-9
-3
-12
-8
-1
-11
-8
-3
-3
-11
-10
-5
-13
-1
-3
-8
4
3
2
-11
-11
1
-12
-7
-7
-6
1
-3
-10
-16
4
5
-1
2
-4
3
9
8
3
0
4
4
13
12
3
12
10
9
15
23
22
2
4
13
12
13
4
8
10
9
10
8
11
7
12
7
1
13
8
12
13
8
5
4
6
2
7
6
8
8
4
6
-5
-8
-2
3
5
4
7
5
6
-4
-9
1
-5
-2
1
-6
-7
-12
-4
0
-9
-8
1
-3
-12
-15
-11
-19
-17
-10
-14
-11
-11
-20
-16
-16
-9
-3
-14
-14
-19
-18
-8
1
-4
-14
-4
-4
-13
-6
-8
-7
-6
-13
-4
-3
-2
3
-15
-11
5
-10
-12
-7
-5
7
7
3
-1
-8
-5
7
6
11
7
-1
8
-2
-2
9
6
16
23
18
23
26
18
24
33
28
22
23
23
30
33
27
28
24
19
24
32
24
20
27
17
16
18
15
16
12
19
16
9
20
16
16
16
5
8
4
2
12
9
2
0
-2
1
0
-1
4
-2
-1
-8
-12
-5
-4
-5
-14
-9
-7
-17
-18
-16
-22
-21
-15
-28
-27
-26
-34
-41
-53
-54
-51
-61
-61
-58
-59
-56
-69
-69
-65
-71
-69
-71
-82
-80
-70
-73
-73
-73
-78
-77
-71
-63
-67
-62
-48
-46
-49
-41
-40
-42
-33
-25
-28
-31
-20
-11
3
22
18
22
42
42
43
55
64
69
77
80
87
103
106
113
119
123
126
130
145
147
148
154
156
165
157
158
161
157
172
176
172
168
168
167
163
169
156
139
141
141
140
136
129
120
99
96
88
74
72
60
48
32
17
12
-11
-20
-30
-54
-63
-68
-80
-93
-100
-122
-140
-134
-147
-169
-181
-201
-221
-229
-243
-265
-292
-312
-320
-322
-336
-355
-366
-382
-391
-383
-375
-378
-377
-365
-353
-338
-311
-295
-274
-246
-220
-183
-148
-113
-87
-56
-16
13
42
70
96
124
142
159
177
190
209
226
230
231
229
225
221
217
208
199
194
197
195
187
192
197
191
186
191
193
204
212
219
223
227
247
257
260
266
278
299
306
311
323
337
351
362
372
380
392
393
394
418
435
436
443
441
438
441
440
443
426
404
378
352
338
303
252
174
64
-38
-130
-212
-308
-415
-539
-676
-773
-866
-958
-1046
-1139
-1194
-1220
-1218
-1207
-1202
-1194
-1172
-1119
-1041
-929
-832
-737
-607
-482
-357
-246
-133
-38
46
165
260
351
431
477
515
511
504
499
466
423
375
340
294
236
169
79
-18
-104
-171
-224
-266
-317
-366
-397
-436
-457
-478
-505
-508
-501
-456
-404
-350
-294
-265
-206
-141
-69
30
112
196
276
357
444
524
584
621
658
698
754
802
835
848
839
830
824
823
827
813
777
743
732
731
707
675
632
589
571
564
546
521
482
432
420
432
447
476
477
462
472
489
515
538
526
515
506
507
507
482
398
253
114
-6
-91
-175
-290
-444
-636
-807
-930
-1050
-1187
-1321
-1435
-1515
-1530
-1504
-1524
-1564
-1600
-1608
-1549
-1444
-1309
-1199
-1104
-978
-840
-707
-581
-472
-387
-297
-168
-22
102
183
214
215
200
196
202
176
135
90
57
27
-13
-68
-174
-307
-394
-429
-427
-418
-435
-479
-526
-531
-522
-522
-520
-508
-474
-388
-269
-159
-76
-19
47
137
254
386
512
616
726
856
966
1058
1114
1137
1159
1180
1229
1282
1309
1312
1284
1239
1193
1140
1081
1009
941
889
857
835
784
710
611
510
437
396
374
345
340
342
349
382
396
392
393
406
450
530
591
632
649
649
648
623
552
407
244
118
34
-27
-141
-337
-590
-830
-1021
-1167
-1298
-1461
-1622
-1726
-1752
-1730
-1752
-1824
-1924
-1975
-1910
-1781
-1626
-1498
-1411
-1300
-1157
-999
-864
-767
-688
-585
-415
-225
-41
106
163
161
156
170
182
199
222
226
206
188
166
102
3
-133
-268
-363
-407
-375
-344
-390
-477
-584
-673
-696
-700
-703
-704
-670
-580
-458
-332
-259
-225
-195
-126
17
204
376
525
657
780
907
1010
1083
1110
1123
1176
1259
1356
1420
1426
1390
1345
1314
1287
1244
1202
1154
1118
1101
1073
1027
955
856
756
674
619
586
545
515
486
442
427
448
485
503
500
515
550
633
740
826
877
883
887
924
961
938
829
654
468
354
316
249
67
-227
-563
-830
-1013
-1181
-1387
-1639
-1886
-2043
-2079
-2076
-2139
-2281
-2424
-2491
-2449
-2302
-2130
-1988
-1867
-1718
-1528
-1346
-1190
-1077
-969
-827
-639
-389
-150
34
164
221
226
232
261
316
390
444
470
464
424
378
308
199
72
-76
-203
-248
-248
-243
-295
-422
-569
-685
-738
-765
-779
-772
-733
-641
-511
-366
-273
-245
-204
-117
24
219
440
634
798
940
1062
1170
1238
1279
1330
1383
1442
1527
1593
1621
1614
1569
1502
1418
1347
1291
1234
1184
1142
1093
1039
975
890
781
655
559
516
496
498
488
460
450
477
522
546
535
499
497
572
709
827
861
838
808
827
881
870
716
463
244
151
144
111
-65
-413
-797
-1092
-1276
-1435
-1653
-1941
-2199
-2296
-2253
-2196
-2251
-2432
-2605
-2672
-2565
-2344
-2145
-1992
-1845
-1647
-1417
-1211
-1064
-986
-903
-758
-534
-285
-54
155
297
356
355
307
272
299
384
485
528
506
445
376
312
200
15
-213
-427
-503
-457
-425
-463
-611
-840
-1010
-1077
-1087
-1079
-1065
-1014
-898
-689
-460
-307
-218
-162
-68
118
374
638
901
1140
1346
1526
1626
1666
1696
1726
1777
1838
1878
1903
1928
1938
1898
1796
1619
1425
1288
1221
1192
1161
1097
1007
917
836
751
625
499
396
328
355
396
421
452
484
524
544
540
523
525
611
754
891
997
1035
1062
1120
1156
1102
900
606
381
292
278
229
29
-344
-747
-1072
-1329
-1594
-1925
-2271
-2521
-2604
-2536
-2462
-2526
-2698
-2890
-2997
-2928
-2756
-2556
-2349
-2120
-1846
-1554
-1315
-1160
-1071
-1002
-863
-634
-340
-17
259
450
556
572
523
499
516
552
600
625
639
642
613
523
328
83
-149
-334
-436
-482
-551
-659
-769
-873
-954
-1059
-1178
-1263
-1282
-1177
-994
-800
-633
-500
-355
-172
17
193
354
533
773
1053
1327
1547
1674
1734
1780
1843
1911
1939
1920
1877
1859
1874
1885
1845
1731
1574
1399
1260
1181
1096
1012
945
865
810
773
704
607
507
424
355
323
328
360
425
519
622
661
645
627
636
710
819
912
992
1092
1211
1305
1323
1173
855
495
237
143
138
89
-139
-510
-902
-1262
-1551
-1872
-2266
-2626
-2854
-2869
-2739
-2645
-2706
-2914
-3118
-3195
-3118
-2912
-2691
-2461
-2171
-1851
-1502
-1215
-1063
-989
-924
-785
-539
-203
162
454
643
716
677
637
631
639
675
682
673
664
652
616
471
225
-62
-318
-494
-588
-656
-767
-908
-1015
-1063
-1094
-1163
-1268
-1338
-1304
-1151
-938
-739
-608
-490
-302
-59
201
424
592
756
975
1246
1500
1709
1847
1929
2008
2068
2108
2107
2040
1954
1872
1813
1766
1709
1629
1507
1361
1209
1064
954
882
829
792
760
721
683
640
577
471
348
266
284
413
602
795
912
938
912
916
983
1097
1241
1400
1602
1831
2028
2061
1749
1098
309
-315
-563
-468
-280
-300
-604
-1073
-1551
-1962
-2348
-2764
-3147
-3282
-3061
-2578
-2088
-1881
-2019
-2355
-2673
-2829
-2824
-2717
-2500
-2107
-1597
-1104
-779
-734
-908
-1115
-1155
-937
-476
128
711
1143
1347
1300
1067
768
488
295
186
115
81
57
-37
-309
-799
-1436
-2065
-2499
-2603
-2453
-2190
-1905
-1672
-1445
-1241
-1105
-1013
-975
-855
-537
-40
539
1046
1380
1511
1497
1403
1309
1252
1264
1416
1644
1897
2099
2147
2064
1894
1716
1585
1494
1451
1465
1511
1594
1672
1668
1551
1326
1052
822
699
693
764
855
925
958
940
859
730
572
445
449
618
963
1394
1787
2053
2093
1977
1816
1702
1714
1810
1954
2108
2217
2229
1977
1188
-207
-1934
-3500
-4365
-4269
-3475
-2577
-2053
-2030
-2312
-2605
-2731
-2687
-2565
-2304
-1710
-745
320
1055
1081
355
-777
-1795
-2298
-2235
-1788
-1239
-829
-663
-768
-1074
-1488
-1853
-1973
-1688
-940
150
1312
2152
2355
1861
880
-188
-962
-1263
-1128
-816
-596
-585
-862
-1420
-2176
-2999
-3642
-3830
-3414
-2479
-1354
-402
157
288
181
65
53
203
501
892
1312
1655
1791
1620
1101
375
-290
-663
-634
-259
260
694
921
950
841
713
674
789
1079
1533
2041
2444
2601
2461
2120
1713
1405
1292
1339
1480
1638
1751
1759
1649
1462
1255
1129
1138
1246
1415
1618
1781
1838
1785
1668
1533
1460
1499
1524
1495
1404
1296
1314
1442
1623
1782
1878
1908
1806
1347
206
-1613
-3642
-5231
-5771
-5120
-3773
-2502
-1764
-1572
-1723
-1863
-1777
-1528
-1183
-707
-59
648
1158
1166
476
-799
-2225
-3285
-3657
-3290
-2493
-1767
-1451
-1639
-2133
-2598
-2734
-2419
-1697
-632
627
1887
2832
3113
2590
1403
-7
-1102
-1582
-1491
-1115
-811
-831
-1239
-1918
-2683
-3337
-3631
-3377
-2552
-1365
-144
758
1097
931
502
96
-67
107
517
970
1293
1333
1045
505
-121
-620
-841
-678
-164
513
1127
1481
1477
1195
852
652
723
1073
1616
2174
2548
2595
2280
1736
1186
849
840
1152
1662
2147
2439
2441
2157
1679
1183
885
896
1190
1589
1860
1876
1617
1237
885
658
703
954
1343
1769
2002
1995
1834
1622
1441
1389
1476
1697
2091
2503
2560
1754
-194
-2867
-5394
-6899
-6823
-5394
-3572
-2206
-1572
-1593
-1839
-1895
-1757
-1497
-1092
-489
271
1021
1415
1043
-150
-1799
-3353
-4259
-4189
-3324
-2245
-1446
-1208
-1559
-2111
-2422
-2300
-1736
-818
322
1525
2628
3325
3271
2369
929
-515
-1489
-1758
-1542
-1231
-1162
-1446
-1942
-2488
-2933
-3170
-3130
-2817
-2231
-1359
-513
117
515
495
223
49
49
261
748
1237
1395
1320
1094
745
533
492
470
523
678
841
1007
1148
1127
974
825
731
797
1086
1429
1751
1983
1928
1666
1392
1185
1195
1469
1776
1981
2100
2023
1790
1585
1353
1089
1013
1109
1210
1390
1522
1419
1322
1310
1318
1478
1725
1954
2181
2321
2272
2058
1808
1593
1469
1422
1399
1455
1637
1798
1652
779
-1140
-3660
-5870
-7066
-6780
-5268
-3535
-2314
-1733
-1700
-1870
-1812
-1534
-1178
-711
-176
311
669
697
199
-788
-1997
-3016
-3515
-3266
-2403
-1471
-870
-828
-1317
-1898
-2121
-1883
-1245
-356
592
1523
2301
2639
2363
1460
175
-981
-1622
-1768
-1606
-1417
-1510
-1875
-2352
-2856
-3219
-3266
-2963
-2355
-1466
-583
-14
258
254
61
0
203
526
966
1376
1514
1422
1158
801
556
514
578
730
955
1125
1252
1308
1172
925
718
626
757
1113
1512
1838
2025
1971
1725
1427
1131
972
1080
1385
1760
2085
2219
2102
1844
1561
1317
1200
1270
1449
1648
1803
1821
1681
1545
1506
1499
1610
1815
1928
1973
1991
1792
1450
1224
1027
964
1134
1304
1506
1858
2116
1949
1156
-645
-3198
-5403
-6645
-6578
-5216
-3585
-2549
-2111
-2179
-2464
-2430
-2077
-1564
-865
-111
486
821
762
141
-871
-1901
-2710
-3054
-2743
-1988
-1290
-956
-1156
-1884
-2630
-2870
-2534
-1712
-607
429
1279
1960
2280
2071
1384
421
-474
-946
-976
-864
-891
-1220
-1830
-2472
-2966
-3239
-3182
-2820
-2240
-1470
-707
-246
-78
-63
-176
-159
253
752
1163
1599
1702
1391
1140
934
704
785
989
998
1046
1147
1080
1003
960
738
550
595
767
1103
1502
1733
1782
1668
1434
1224
1042
957
1085
1298
1548
1790
1866
1774
1625
1430
1244
1152
1095
1175
1348
1446
1596
1631
1504
1565
1677
1681
1912
2168
2141
2222
2211
1759
1438
1331
1146
1298
1604
1581
1659
1824
1596
1070
-109
-2294
-4493
-5878
-6284
-5412
-3859
-2846
-2549
-2629
-2938
-2961
-2416
-1665
-936
-259
236
392
285
-48
-704
-1441
-1941
-2179
-2066
-1506
-936
-802
-1075
-1740
-2508
-2734
-2256
-1403
-426
397
885
1256
1565
1622
1363
795
142
-290
-486
-608
-875
-1438
-2111
-2661
-3011
-3068
-2950
-2880
-2660
-2240
-1833
-1300
-715
-361
-6
442
739
1034
1378
1506
1547
1589
1471
1344
1367
1372
1337
1271
1065
869
819
864
967
1044
990
943
1033
1168
1379
1610
1668
1618
1567
1444
1210
1035
954
877
969
1221
1325
1353
1446
1380
1227
1188
1115
1085
1320
1577
1643
1653
1518
1311
1367
1552
1728
1970
2083
2030
2022
1829
1499
1349
1134
987
1118
1183
1248
1524
1514
924
-222
-2229
-4399
-5560
-5622
-4747
-3419
-2727
-2928
-3351
-3562
-3307
-2489
-1488
-648
-71
253
383
210
-240
-732
-1236
-1598
-1573
-1376
-1175
-963
-1052
-1561
-2132
-2538
-2584
-2022
-1138
-442
-30
210
418
767
1153
1258
997
540
109
-215
-520
-933
-1543
-2160
-2475
-2517
-2400
-2308
-2447
-2651
-2606
-2282
-1733
-930
-234
190
629
904
958
1154
1368
1430
1608
1772
1670
1581
1534
1290
1034
893
682
608
817
932
936
925
764
701
902
1159
1427
1659
1710
1661
1567
1392
1219
1144
1178
1310
1553
1726
1697
1618
1468
1205
1048
1028
1084
1348
1676
1802
1756
1506
1242
1282
1485
1744
2118
2243
2098
2088
1857
1421
1312
1186
1048
1254
1398
1542
1894
1844
1261
140
-1963
-4098
-5091
-5162
-4329
-3062
-2729
-3333
-3946
-4217
-3796
-2600
-1413
-666
-300
-279
-393
-528
-688
-855
-990
-1018
-968
-962
-1006
-1107
-1424
-1891
-2293
-2543
-2473
-1966
-1263
-750
-489
-317
-37
486
1127
1548
1458
954
354
-135
-506
-829
-1205
-1729
-2124
-2238
-2321
-2346
-2341
-2573
-2737
-2505
-2206
-1730
-954
-354
104
596
868
1009
1289
1541
1718
1936
1965
1814
1707
1563
1415
1347
1209
1023
917
795
698
715
771
890
1100
1336
1491
1595
1665
1585
1467
1388
1286
1289
1508
1743
1835
1826
1610
1268
1080
983
926
1005
1105
1201
1352
1386
1279
1204
1156
1294
1645
1891
2150
2351
2163
1957
1798
1359
1126
1330
1413
1439
1597
1546
1417
1337
895
-263
-2101
-3802
-4583
-4440
-3604
-2813
-3046
-3981
-4567
-4417
-3480
-2122
-1146
-808
-862
-973
-926
-817
-702
-594
-617
-616
-618
-871
-1078
-1152
-1380
-1590
-1694
-1926
-1961
-1583
-1253
-1045
-870
-692
-181
583
1201
1415
1016
290
-204
-380
-411
-487
-861
-1442
-1888
-2119
-2195
-2264
-2563
-2911
-2938
-2624
-2023
-1260
-728
-488
-221
175
704
1375
1918
2122
2126
2041
1905
1866
1887
1770
1577
1343
1018
790
692
624
662
693
659
758
945
1171
1507
1727
1682
1565
1427
1259
1252
1385
1471
1537
1602
1540
1381
1282
1188
1058
1052
1147
1206
1357
1574
1550
1381
1305
1237
1319
1691
2015
2110
2137
2028
1747
1598
1478
1263
1259
1343
1260
1243
1356
1327
1120
612
-651
-2457
-3821
-4164
-3700
-2876
-2500
-3251
-4452
-4958
-4412
-3090
-1705
-987
-1079
-1485
-1614
-1286
-786
-418
-212
-277
-532
-697
-870
-1015
-939
-913
-1123
-1379
-1684
-1853
-1623
-1305
-1078
-880
-652
-180
462
896
940
568
23
-194
-80
44
-61
-597
-1299
-1738
-1891
-1843
-1845
-2261
-2778
-2893
-2727
-2196
-1441
-1106
-954
-559
-64
624
1437
1869
1918
1919
1924
1989
2165
2256
2098
1821
1527
1233
1023
869
769
733
641
560
652
833
1107
1510
1732
1655
1520
1350
1205
1318
1550
1726
1824
1719
1451
1196
996
928
982
1025
1100
1118
1051
1103
1096
1014
1098
1183
1271
1543
1792
1889
1965
1927
1729
1523
1323
1197
1251
1330
1302
1272
1323
1318
1138
626
-574
-2272
-3428
-3545
-3112
-2551
-2527
-3599
-4892
-5168
-4293
-2900
-1673
-1240
-1690
-2253
-2176
-1499
-716
-78
139
-152
-507
-756
-904
-811
-604
-557
-741
-1142
-1630
-1861
-1718
-1399
-1110
-929
-732
-381
101
540
688
509
284
262
346
304
43
-473
-1082
-1390
-1412
-1613
-1969
-2354
-2793
-2851
-2410
-2011
-1792
-1513
-1216
-726
124
865
1244
1398
1440
1600
1960
2358
2558
2374
1991
1659
1367
1196
1155
990
725
536
352
226
384
744
1068
1296
1384
1249
1044
1055
1237
1412
1594
1684
1630
1561
1506
1423
1334
1260
1229
1257
1287
1256
1143
1008
942
991
1175
1428
1582
1579
1562
1617
1819
2065
2121
1943
1526
1149
1159
1351
1432
1465
1452
1264
973
474
-609
-2069
-3039
-3086
-2635
-2332
-2716
-3949
-5204
-5266
-4059
-2564
-1651
-1710
-2470
-2996
-2571
-1427
-331
189
53
-464
-923
-1012
-810
-510
-253
-268
-649
-1240
-1712
-1828
-1562
-1077
-774
-871
-995
-804
-334
328
830
765
415
215
159
195
88
-337
-771
-1041
-1120
-1092
-1533
-2382
-2846
-2960
-2670
-1840
-1462
-1707
-1687
-1367
-762
341
1188
1311
1261
1286
1491
2013
2512
2663
2456
2031
1651
1463
1351
1274
1208
1004
707
542
564
687
949
1245
1267
1061
894
815
918
1329
1759
1876
1771
1549
1294
1227
1340
1453
1384
1180
972
796
805
984
1094
1106
1091
1021
1063
1362
1678
1912
2081
1973
1722
1580
1546
1625
1738
1766
1575
1245
1144
1302
1335
1029
226
-1221
-2559
-2862
-2472
-2111
-2208
-3186
-4633
-5250
-4496
-3123
-2113
-2006
-2740
-3532
-3393
-2193
-849
-128
-118
-674
-1259
-1250
-776
-316
-50
-97
-557
-1172
-1559
-1612
-1337
-876
-636
-808
-1080
-1051
-596
115
727
860
469
15
-110
12
133
101
-216
-790
-1182
-1298
-1488
-1743
-1942
-2147
-2258
-2101
-1880
-1764
-1526
-1143
-677
-131
297
578
806
1042
1387
1798
2069
2162
2117
1984
1913
1888
1796
1595
1314
1064
913
872
935
996
991
995
982
877
830
872
883
1009
1262
1373
1329
1312
1298
1264
1317
1443
1454
1329
1277
1232
1094
1088
1214
1227
1223
1303
1292
1308
1569
1820
1907
1969
1851
1577
1468
1562
1642
1656
1682
1516
1189
1068
1142
1140
928
462
-516
-1771
-2386
-2279
-2132
-2251
-2866
-4072
-4989
-4670
-3587
-2729
-2513
-2963
-3659
-3737
-2825
-1542
-722
-618
-941
-1344
-1442
-978
-391
-139
-126
-360
-882
-1246
-1201
-1023
-776
-550
-662
-929
-896
-531
-18
465
663
422
-33
-237
-102
66
150
39
-478
-1076
-1286
-1347
-1449
-1480
-1713
-2119
-2234
-2077
-1806
-1464
-1225
-1063
-824
-499
-88
360
703
1047
1431
1675
1901
2107
2095
2087
2156
2039
1831
1707
1550
1451
1519
1539
1380
1178
1034
913
868
926
964
896
855
955
1079
1150
1230
1283
1216
1212
1346
1370
1309
1311
1224
1073
1047
1048
1030
1097
1218
1362
1508
1610
1694
1712
1652
1656
1676
1625
1613
1646
1627
1599
1593
1518
1317
1151
1205
1198
868
315
-682
-1850
-2295
-2108
-2065
-2444
-3315
-4499
-5021
-4341
-3236
-2641
-2912
-3713
-4247
-3890
-2626
-1318
-907
-1284
-1778
-1973
-1578
-686
1
104
-164
-594
-1007
-1129
-856
-483
-276
-303
-586
-917
-878
-349
289
673
616
121
-398
-463
-90
268
275
-142
-830
-1303
-1285
-1047
-932
-1152
-1656
-2064
-2092
-1763
-1281
-1030
-1164
-1294
-1105
-623
61
700
991
1013
1112
1401
1750
2054
2205
2136
1961
1880
1929
1978
1956
1822
1607
1358
1119
967
919
896
870
803
619
441
424
586
849
1018
1023
995
1027
1118
1293
1423
1301
1093
976
969
1090
1262
1395
1412
1367
1399
1524
1660
1758
1820
1803
1786
1882
1974
1966
1845
1659
1537
1540
1551
1403
1119
865
708
615
363
-366
-1367
-2088
-2311
-2218
-2255
-2839
-3833
-4532
-4413
-3681
-3016
-2997
-3600
-4152
-4009
-3135
-2069
-1509
-1657
-2062
-2111
-1591
-774
-125
14
-304
-693
-841
-700
-382
-89
-13
-155
-386
-551
-489
-187
220
487
459
150
-219
-332
-178
56
121
-214
-809
-1256
-1393
-1210
-873
-830
-1132
-1495
-1745
-1692
-1317
-913
-743
-723
-680
-528
-173
344
811
1025
1049
1059
1100
1303
1734
2149
2328
2296
2149
1980
1933
2057
2115
1916
1577
1240
997
974
1102
1054
773
452
213
207
457
758
906
869
744
645
686
858
1015
1065
1032
942
858
929
1130
1295
1436
1499
1398
1346
1476
1651
1795
1948
1962
1768
1615
1554
1471
1418
1459
1405
1125
868
681
507
577
752
564
-53
-872
-1669
-2046
-1847
-1537
-1745
-2649
-3754
-4367
-4162
-3334
-2650
-2885
-3827
-4527
-4380
-3403
-2135
-1405
-1590
-2191
-2365
-1835
-972
-223
20
-320
-739
-788
-521
-97
284
353
129
-205
-463
-418
-74
357
598
412
-114
-612
-747
-460
-59
38
-335
-950
-1335
-1211
-734
-310
-271
-662
-1160
-1334
-1153
-790
-347
-160
-298
-431
-472
-445
-193
314
739
890
941
920
978
1461
2157
2544
2499
2133
1702
1638
1935
2204
2188
1755
1128
756
722
841
937
809
431
109
61
220
518
759
771
638
500
516
736
1048
1274
1284
1159
1037
1019
1200
1499
1729
1792
1676
1490
1404
1563
1879
2043
1922
1549
1113
967
1151
1343
1254
901
472
243
366
567
554
331
31
-240
-458
-772
-1257
-1649
-1821
-1898
-2158
-2799
-3562
-3989
-3839
-3332
-3050
-3382
-4024
-4298
-3798
-2769
-1910
-1750
-2210
-2634
-2381
-1448
-473
-32
-197
-650
-827
-476
82
432
412
125
-178
-299
-229
-7
243
343
263
-2
-381
-595
-435
-63
185
96
-329
-779
-868
-494
-20
125
-110
-504
-738
-617
-290
-75
-164
-427
-579
-512
-262
70
342
516
669
863
1079
1299
1516
1740
1938
2055
2078
2019
1937
1866
1815
1746
1589
1369
1160
1012
915
833
725
567
386
261
199
173
209
271
318
398
500
566
614
710
803
875
1009
1137
1222
1312
1389
1426
1444
1495
1519
1483
1441
1435
1423
1377
1314
1168
976
853
776
701
650
579
498
456
399
303
234
207
130
-96
-579
-1204
-1675
-1852
-1807
-1907
-2459
-3227
-3733
-3667
-3156
-2742
-2913
-3587
-4105
-3921
-3143
-2290
-1882
-2101
-2500
-2424
-1772
-940
-374
-307
-530
-671
-551
-202
133
257
176
4
-151
-264
-229
-10
235
387
354
108
-167
-198
34
308
400
159
-213
-383
-246
87
298
120
-339
-751
-876
-624
-252
-110
-244
-526
-680
-459
14
460
668
590
469
591
976
1476
1814
1799
1625
1524
1588
1827
2031
1976
1735
1480
1285
1185
1160
1114
959
722
442
182
87
170
336
430
325
134
47
197
556
900
996
846
682
678
924
1272
1414
1290
1080
968
1077
1377
1616
1581
1342
1087
959
1049
1214
1195
972
686
527
536
582
591
465
267
192
146
14
-118
-236
-311
-370
-592
-1049
-1562
-1860
-1880
-1829
-2074
-2733
-3430
-3739
-3515
-3027
-2807
-3104
-3582
-3697
-3256
-2499
-1868
-1697
-1881
-1979
-1713
-1172
-654
-388
-380
-497
-544
-421
-186
35
164
216
150
2
-45
57
234
444
555
430
218
131
215
391
489
329
-33
-321
-364
-166
72
92
-155
-450
-515
-331
-69
74
-31
-217
-228
-3
315
506
537
504
570
791
1052
1281
1422
1496
1616
1768
1833
1802
1741
1659
1581
1513
1366
1124
924
833
778
682
490
238
54
47
212
399
444
356
280
296
423
596
657
590
535
546
645
827
980
1037
1024
989
938
964
1124
1289
1347
1285
1133
956
937
1064
1079
910
666
437
303
320
364
260
84
-32
-151
-310
-449
-610
-787
-916
-1108
-1454
-1819
-2028
-2069
-2078
-2239
-2640
-3055
-3168
-2964
-2652
-2502
-2677
-2935
-2916
-2559
-2056
-1725
-1731
-1862
-1810
-1501
-1017
-595
-440
-436
-409
-326
-177
18
178
267
342
398
378
367
440
539
589
511
325
147
79
168
305
307
143
-47
-151
-140
-42
0
-97
-194
-202
-155
-90
-45
-66
-65
34
151
229
258
328
495
724
966
1084
1050
1008
1069
1223
1380
1462
1404
1238
1119
1090
1086
1064
1003
888
751
658
628
627
618
590
516
418
369
388
434
481
515
487
439
451
505
593
713
816
868
882
894
959
1089
1219
1291
1275
1205
1159
1161
1178
1176
1097
953
818
694
565
447
331
225
124
-16
-225
-414
-514
-535
-499
-534
-702
-923
-1102
-1194
-1253
-1329
-1485
-1729
-1959
-2166
-2345
-2438
-2476
-2493
-2520
-2599
-2687
-2702
-2583
-2327
-2035
-1865
-1805
-1746
-1629
-1357
-963
-642
-461
-367
-342
-299
-152
6
99
123
100
41
36
124
214
295
340
302
235
195
193
220
223
198
161
117
90
75
62
28
3
57
117
160
195
201
226
283
373
440
449
429
439
537
686
827
896
890
862
857
924
1016
1080
1121
1124
1101
1093
1099
1084
1038
995
922
812
729
670
629
611
601
535
445
401
393
428
489
531
539
580
659
756
891
987
1005
1015
1032
1049
1070
1092
1103
1118
1119
1054
959
876
778
689
599
430
249
137
79
53
-2
-142
-336
-496
-538
-477
-431
-493
-648
-805
-880
-877
-884
-1021
-1273
-1523
-1681
-1739
-1775
-1867
-2026
-2204
-2291
-2282
-2264
-2246
-2245
-2239
-2159
-2009
-1819
-1636
-1498
-1414
-1362
-1307
-1199
-1048
-920
-836
-787
-742
-661
-495
-298
-197
-146
-117
-77
68
261
390
427
428
428
461
537
597
608
586
568
580
619
660
663
609
517
454
431
417
395
340
271
208
183
175
150
126
130
190
301
402
462
483
505
605
731
825
870
868
860
872
908
925
903
864
830
797
769
764
754
731
704
702
723
751
809
860
863
858
873
909
958
994
992
985
991
1007
991
931
838
731
687
679
639
566
466
374
320
324
318
242
158
67
-2
-10
-22
-47
-84
-176
-279
-341
-360
-337
-321
-392
-530
-630
-688
-703
-714
-838
-1064
-1280
-1401
-1412
-1380
-1417
-1575
-1790
-1941
-1984
-1951
-1912
-1964
-2080
-2178
-2196
-2105
-1965
-1858
-1807
-1778
-1741
-1665
-1529
-1364
-1196
-1055
-941
-826
-688
-506
-308
-125
34
178
328
521
737
899
1005
1072
1106
1139
1178
1197
1172
1136
1098
1027
942
848
728
619
538
445
354
291
256
255
238
192
156
149
189
249
272
236
206
240
345
476
556
532
469
472
538
650
765
805
780
774
833
930
1026
1104
1117
1049
988
997
1049
1137
1219
1195
1095
1011
957
937
927
868
754
636
563
529
498
439
354
273
221
212
221
215
207
202
194
186
182
142
75
45
28
0
-27
-77
-134
-169
-208
-256
-321
-391
-446
-485
-489
-498
-540
-585
-617
-667
-724
-799
-919
-1045
-1158
-1261
-1366
-1488
-1629
-1762
-1845
-1912
-1983
-2074
-2188
-2268
-2285
-2244
-2174
-2120
-2092
-2069
-2012
-1868
-1670
-1463
-1271
-1125
-957
-713
-438
-156
102
279
407
547
723
907
1074
1185
1213
1202
1188
1179
1179
1192
1172
1110
1045
975
924
930
918
871
810
708
610
555
525
498
457
385
307
268
247
228
193
133
116
152
213
297
344
352
399
498
619
739
819
857
886
954
1048
1101
1109
1100
1073
1042
1023
989
937
899
867
819
755
702
655
599
564
520
443
384
370
363
346
309
249
207
204
233
255
224
174
125
104
125
140
118
44
-48
-98
-123
-134
-140
-196
-309
-423
-481
-481
-459
-453
-498
-607
-684
-673
-638
-606
-598
-669
-779
-852
-901
-965
-1052
-1173
-1332
-1473
-1575
-1664
-1759
-1864
-1958
-2031
-2078
-2082
-2057
-2018
-1940
-1823
-1706
-1603
-1490
-1355
-1183
-981
-775
-588
-427
-291
-145
40
215
352
476
560
631
740
869
993
1076
1102
1102
1101
1127
1154
1160
1135
1081
1044
1011
978
939
847
739
654
586
534
480
393
309
255
217
198
171
148
130
124
168
224
289
349
418
502
566
623
665
687
705
733
777
811
843
857
823
783
750
730
731
727
705
647
599
598
599
587
555
516
482
472
487
489
482
480
462
436
407
372
330
277
245
201
132
78
31
-25
-94
-154
-211
-276
-334
-373
-424
-490
-515
-509
-487
-460
-481
-523
-553
-567
-547
-540
-564
-609
-685
-726
-747
-774
-825
-924
-1022
-1109
-1182
-1206
-1215
-1244
-1303
-1367
-1419
-1451
-1459
-1459
-1452
-1433
-1417
-1396
-1361
-1317
-1245
-1171
-1107
-1029
-939
-817
-663
-512
-353
-195
-48
98
266
432
573
699
797
875
959
1042
1102
1126
1133
1119
1102
1074
1033
998
947
896
828
744
680
606
542
481
401
320
262
236
227
218
205
174
152
155
174
211
246
279
294
306
333
346
372
405
433
463
458
452
464
492
539
565
575
570
581
626
666
712
741
736
735
737
734
727
709
692
663
608
543
475
437
412
366
284
179
105
69
65
42
-31
-108
-167
-165
-121
-106
-130
-210
-306
-363
-375
-363
-392
-455
-537
-624
-675
-687
-702
-734
-787
-860
-888
-874
-827
-781
-806
-853
-881
-878
-823
-755
-732
-766
-829
-895
-926
-939
-964
-1014
-1093
-1167
-1214
-1228
-1209
-1166
-1131
-1108
-1063
-989
-893
-768
-634
-492
-350
-228
-110
-3
119
251
363
481
558
608
678
738
816
899
928
926
900
870
859
862
854
813
754
704
666
622
576
533
470
415
392
384
375
363
344
302
271
255
233
207
181
182
185
166
140
110
97
121
148
163
198
243
296
377
447
479
523
576
620
659
674
681
681
679
684
663
623
568
531
510
495
480
414
365
339
320
331
325
312
301
284
269
235
186
137
83
44
12
-34
-103
-201
-302
-385
-440
-478
-505
-529
-567
-605
-622
-612
-593
-587
-593
-604
-593
-550
-487
-454
-474
-503
-541
-559
-529
-508
-522
-552
-594
-640
-655
-654
-667
-692
-725
-761
-785
-786
-780
-782
-791
-803
-821
-815
-762
-696
-659
-635
-599
-555
-474
-363
-260
-169
-96
-31
46
133
222
299
357
420
494
544
577
607
618
626
642
656
652
631
622
617
613
592
535
471
407
352
310
273
224
171
115
47
1
-17
-10
7
7
13
33
58
111
174
214
240
270
298
336
378
416
433
433
436
437
471
506
528
538
520
503
507
539
567
582
603
612
617
631
647
640
607
588
574
569
555
506
442
365
296
240
201
155
93
40
-1
-36
-78
-139
-203
-247
-276
-286
-299
-330
-384
-433
-470
-504
-516
-552
-599
-636
-674
-674
-650
-647
-653
-663
-672
-648
-594
-528
-479
-479
-510
-539
-532
-485
-448
-454
-504
-563
-590
-580
-542
-530
-575
-625
-646
-633
-593
-563
-575
-612
-619
-597
-557
-499
-449
-420
-397
-359
-308
-237
-146
-57
18
91
164
244
330
384
404
415
421
438
445
439
406
340
293
264
237
227
218
203
204
214
230
252
275
315
364
383
403
415
401
407
415
420
424
418
398
385
386
400
423
432
438
430
453
512
563
597
611
606
592
607
645
669
678
660
630
607
577
537
496
464
433
407
395
373
337
306
266
211
175
163
142
109
80
33
-16
-57
-92
-135
-185
-224
-272
-315
-353
-387
-414
-455
-500
-523
-544
-561
-566
-574
-575
-589
-626
-635
-627
-619
-590
-575
-584
-582
-572
-548
-494
-446
-422
-401
-390
-372
-348
-351
-348
-356
-387
-412
-448
-485
-502
-518
-542
-566
-604
-620
-605
-567
-508
-465
-432
-402
-377
-323
-253
-213
-186
-155
-136
-118
-91
-70
-69
-72
-66
-60
-32
7
51
100
137
171
208
258
309
355
407
426
423
421
416
442
468
467
464
454
440
439
458
466
470
476
480
496
509
525
521
515
521
501
504
522
533
557
555
541
536
525
518
519
521
533
529
506
485
465
443
421
394
362
350
346
334
331
314
281
262
245
226
202
185
165
123
89
41
-21
-76
-119
-152
-194
-245
-299
-355
-416
-460
-486
-518
-538
-561
-584
-599
-600
-596
-595
-597
-608
-591
-544
-504
-468
-454
-463
-468
-450
-419
-380
-363
-352
-354
-380
-383
-376
-366
-365
-375
-382
-373
-348
-310
-281
-296
-327
-348
-350
-325
-304
-309
-347
-409
-467
-489
-484
-482
-485
-495
-508
-504
-474
-427
-371
-321
-276
-224
-166
-81
-6
44
83
107
153
199
257
321
351
367
387
421
463
500
549
587
616
649
677
703
695
674
680
682
685
680
653
619
586
573
562
548
526
507
508
509
512
504
461
406
363
349
356
351
334
299
258
229
227
239
258
274
285
296
294
304
320
325
312
284
260
244
228
192
143
85
16
-39
-88
-132
-173
-216
-265
-317
-353
-383
-408
-416
-408
-399
-421
-445
-444
-454
-450
-450
-466
-471
-482
-461
-428
-423
-426
-450
-445
-406
-372
-339
-318
-323
-321
-294
-274
-256
-251
-273
-279
-271
-268
-265
-269
-304
-337
-363
-386
-390
-388
-392
-416
-442
-446
-428
-421
-418
-400
-396
-391
-381
-372
-351
-337
-321
-297
-276
-250
-228
-188
-138
-103
-59
-11
35
75
143
223
267
312
334
360
411
450
496
520
538
561
567
582
594
607
625
637
645
649
649
645
627
602
569
552
531
503
492
467
432
393
355
335
315
296
296
282
280
277
259
253
243
245
261
262
255
251
225
202
194
182
167
149
135
127
129
115
90
64
41
28
26
26
15
-18
-62
-91
-132
-173
-207
-247
-271
-314
-353
-374
-409
-436
-457
-472
-476
-472
-448
-420
-407
-387
-367
-358
-345
-328
-314
-287
-265
-266
-273
-299
-331
-342
-342
-346
-336
-333
-366
-378
-373
-375
-358
-354
-357
-352
-357
-352
-349
-353
-362
-394
-404
-395
-392
-376
-362
-380
-389
-367
-343
-303
-255
-218
-189
-163
-130
-92
-47
-2
35
75
125
183
237
264
275
303
331
369
418
455
490
524
548
557
553
550
544
539
543
538
525
499
464
444
434
420
405
400
394
377
378
378
360
320
292
291
279
283
281
251
229
196
174
166
160
172
172
176
181
156
146
148
142
145
148
154
155
154
140
116
93
62
34
15
6
-14
-38
-66
-106
-139
-166
-166
-169
-178
-175
-182
-185
-194
-193
-189
-207
-219
-215
-194
-188
-182
-191
-233
-255
-269
-278
-265
-263
-274
-288
-304
-314
-314
-303
-308
-319
-301
-288
-289
-290
-306
-313
-308
-302
-298
-307
-308
-312
-327
-336
-345
-354
-363
-355
-344
-317
-292
-291
-284
-290
-280
-253
-228
-174
-137
-123
-102
-78
-47
-1
46
91
117
142
187
223
252
259
255
269
267
290
321
328
333
330
316
311
317
331
350
354
364
365
361
366
355
344
331
325
323
315
306
286
248
202
171
151
155
156
155
164
153
146
135
137
152
158
179
176
175
177
149
142
125
96
95
84
82
66
19
-20
-59
-81
-84
-92
-92
-92
-101
-103
-110
-121
-115
-118
-131
-120
-104
-97
-85
-86
-103
-122
-125
-114
-94
-75
-76
-84
-107
-116
-105
-109
-103
-100
-112
-114
-119
-118
-122
-146
-168
-184
-178
-170
-154
-156
-184
-202
-228
-234
-221
-214
-202
-200
-220
-245
-248
-247
-250
-237
-230
-215
-188
-173
-153
-128
-113
-95
-80
-51
-4
37
64
75
74
79
92
102
121
145
155
155
147
134
134
152
163
166
179
203
212
208
208
192
185
187
181
179
169
164
150
131
126
106
92
71
55
70
75
63
51
32
16
26
34
39
56
56
49
38
25
26
9
-9
-15
-34
-46
-42
-48
-66
-91
-116
-124
-119
-108
-103
-104
-111
-124
-120
-110
-97
-79
-82
-70
-47
-65
-68
-66
-71
-71
-79
-72
-66
-64
-65
-59
-49
-50
-50
-38
-9
15
30
34
31
22
12
24
38
40
50
43
32
29
21
10
-3
-11
-21
-20
-8
-4
-10
-31
-49
-53
-55
-46
-33
-23
-32
-36
-36
-25
-3
1
28
51
61
84
96
95
86
91
98
106
117
121
124
121
112
97
95
103
112
137
162
172
164
162
160
158
163
162
170
163
138
120
101
80
52
32
28
24
25
26
28
22
11
8
-2
7
27
38
47
31
20
9
-4
-17
-28
-33
-57
-66
-73
-94
-122
-158
-179
-195
-188
-169
-178
-186
-202
-215
-203
-198
-195
-195
-192
-177
-169
-161
-159
-167
-170
-159
-146
-118
-109
-115
-114
-123
-121
-111
-96
-76
-63
-55
-39
-23
-19
-29
-37
-31
-17
-2
8
10
-1
-13
-21
-17
-15
-11
3
-10
-15
-8
-21
-20
-14
-25
-9
1
4
24
27
29
26
36
53
68
98
106
117
125
121
130
136
138
146
158
164
160
151
144
138
133
130
134
147
161
161
159
163
162
149
141
145
155
158
147
130
98
74
73
72
56
45
40
37
36
32
31
32
26
31
48
51
57
56
37
31
15
-1
-11
-28
-27
-35
-57
-76
-99
-115
-122
-129
-131
-129
-136
-155
-169
-169
-164
-168
-158
-151
-156
-144
-136
-136
-145
-155
-153
-144
-125
-103
-93
-86
-97
-105
-96
-85
-67
-48
-36
-25
-17
-12
-5
3
7
23
40
48
61
64
48
39
27
14
18
18
19
17
2
-7
-14
-33
-37
-39
-36
-16
-19
-22
-21
-31
-33
-27
-11
6
29
40
47
62
64
70
79
96
114
125
134
133
148
148
133
135
131
135
147
159
169
162
145
130
120
123
138
152
152
129
109
99
73
53
33
21
13
13
21
8
-5
-23
-39
-28
-19
15
44
45
57
54
38
42
48
56
57
57
56
26
0
-29
-60
-73
-89
-91
-90
-89
-96
-122
-153
-179
-188
-181
-168
-146
-139
-152
-183
-203
-208
-207
-194
-197
-194
-182
-182
-183
-188
-195
-196
-172
-145
-113
-74
-56
-46
-41
-52
-50
-28
-5
9
17
22
24
14
-10
-26
-39
-21
-7
-1
35
25
-2
-15
-20
-1
1
9
19
17
17
-4
-27
-49
-89
-111
-86
-41
-13
-25
-48
-60
-60
-29
26
65
88
104
127
145
134
114
103
99
125
165
182
187
158
116
106
113
121
147
165
171
175
171
150
111
81
81
88
95
103
85
50
17
-6
-9
1
21
38
53
67
77
77
57
39
52
65
73
89
84
67
44
13
-7
-22
-23
-6
-1
0
-2
-19
-32
-50
-61
-58
-49
-36
-47
-65
-88
-118
-140
-162
-172
-160
-141
-136
-136
-140
-155
-168
-168
-138
-102
-79
-55
-48
-53
-49
-49
-54
-41
-31
-19
1
0
-5
-20
-48
-58
-50
-24
6
20
26
23
3
-5
4
14
22
36
48
44
28
6
-19
-40
-47
-33
-18
-15
-21
-32
-42
-48
-46
-36
-25
11
44
62
68
49
37
31
39
69
78
69
64
57
55
41
32
46
49
62
94
115
121
105
88
76
71
85
103
104
86
66
49
31
13
9
11
20
44
55
68
76
65
61
57
69
93
100
95
82
67
38
8
2
-1
-9
3
11
2
1
-3
-18
-32
-25
-3
17
18
-2
-25
-55
-88
-106
-121
-132
-133
-149
-149
-147
-172
-177
-163
-148
-115
-78
-47
-26
-24
-33
-39
-37
-36
-32
-23
-17
-27
-48
-61
-84
-95
-85
-69
-51
-33
-19
-8
-5
-12
-5
6
19
36
42
52
47
18
-6
-15
-29
-34
-31
-31
-27
-30
-38
-43
-51
-53
-27
6
24
39
45
43
49
53
52
59
76
96
105
99
88
70
53
50
55
57
69
79
64
54
41
17
14
20
26
40
48
46
32
13
15
20
29
50
53
63
73
71
64
47
43
54
68
80
85
74
55
41
24
23
32
31
33
30
38
48
36
31
22
22
41
50
56
47
16
-8
-25
-44
-61
-73
-91
-102
-115
-131
-137
-148
-164
-165
-145
-129
-106
-83
-76
-63
-68
-65
-45
-42
-30
-24
-24
-25
-38
-57
-80
-96
-87
-74
-70
-61
-61
-60
-61
-68
-47
-24
-26
-9
7
12
15
-8
-18
-30
-37
-16
-5
-7
-12
-28
-44
-54
-46
-35
-27
-20
-13
0
-3
-11
-12
-19
-12
1
21
37
33
37
33
39
53
58
78
85
88
92
90
87
66
46
42
42
38
26
17
-2
-22
-33
-34
-32
-22
-9
-5
21
38
39
51
58
60
69
88
94
91
87
81
65
49
45
48
49
54
57
50
57
57
57
67
69
74
84
91
92
79
69
56
37
15
3
-6
-13
-27
-59
-79
-96
-113
-102
-92
-87
-86
-87
-91
-92
-71
-66
-64
-57
-51
-33
-28
-33
-42
-62
-57
-47
-38
-25
-30
-38
-47
-62
-62
-46
-48
-47
-38
-33
-33
-40
-46
-51
-57
-47
-31
-31
-34
-40
-44
-34
-37
-39
-23
-13
-18
-6
-2
-11
-11
-28
-25
-13
-13
-1
1
-3
-7
4
10
12
18
27
50
55
69
81
69
66
64
56
57
59
52
40
14
3
3
-19
-25
-30
-30
-17
-9
7
3
-16
-4
12
19
35
46
44
44
39
29
18
9
11
17
11
8
24
23
9
10
14
33
60
70
71
74
79
80
68
62
66
67
66
56
42
24
12
-6
-20
-28
-27
-17
-19
-31
-39
-40
-42
-42
-37
-25
-25
-23
-15
-16
-20
-25
-29
-28
-29
-21
-13
-20
-31
-42
-44
-45
-49
-39
-35
-39
-42
-43
-38
-41
-51
-44
-29
-13
3
1
3
6
0
0
2
9
8
12
16
15
10
-2
-3
-3
-5
3
2
-3
0
1
2
3
4
20
33
37
43
42
42
43
38
45
44
41
37
29
30
17
-2
-11
-10
-12
-12
-11
-20
-20
-24
-17
-5
-4
6
5
11
15
7
7
4
2
-4
-8
-7
-14
-12
-19
-32
-28
-24
-27
-18
-15
-9
4
1
2
15
20
27
38
37
27
29
34
26
25
17
11
8
5
8
-2
-10
-19
-27
-27
-23
-30
-35
-22
-19
-18
-22
-20
-11
-6
11
14
16
23
20
20
15
5
-4
-5
-8
-19
-20
-28
-35
-45
-46
-35
-29
-16
-18
-17
0
-4
2
13
21
27
36
36
29
33
19
10
6
1
11
5
6
19
11
5
17
34
35
35
57
61
47
61
76
66
67
66
60
57
58
57
42
28
20
16
13
8
-2
-13
-13
-13
-21
-23
-29
-34
-34
-27
-24
-21
-23
-30
-23
-23
-25
-22
-29
-28
-29
-41
-39
-40
-58
-63
-62
-59
-45
-51
-51
-39
-36
-34
-27
-15
-12
-2
13
9
14
19
14
19
22
22
10
-4
-3
-9
-23
-28
-35
-40
-33
-33
-35
-41
-34
-29
-38
-19
-11
-7
7
7
6
10
8
6
9
10
4
9
1
-7
-6
-15
-22
-17
-7
-10
-12
-3
0
3
9
12
22
20
14
27
25
16
12
2
4
1
-1
3
2
-1
1
-4
-13
6
12
20
24
9
35
44
46
52
39
48
53
62
76
72
62
55
63
71
66
63
57
53
48
42
42
26
20
13
0
6
10
6
2
-5
-3
-4
0
3
-9
1
-2
-18
-23
-25
-27
-50
-66
-58
-65
-78
-82
-88
-95
-87
-72
-70
-65
-47
-26
-14
-6
-3
3
16
14
16
17
18
11
-4
-6
-12
-29
-35
-39
-44
-42
-40
-39
-35
-30
-24
-24
-9
5
11
16
18
27
21
14
15
9
12
-1
1
3
-16
-16
-21
-32
-27
-19
-15
-11
0
10
4
5
17
16
19
31
30
30
36
21
11
12
13
9
-3
-3
-6
-13
-21
-26
-23
-25
-18
-15
-7
6
3
9
11
12
29
34
36
54
56
53
58
58
57
46
52
58
39
34
34
27
21
12
10
10
7
4
10
14
20
17
13
18
18
22
27
22
21
11
5
1
-16
-25
-27
-33
-53
-52
-50
-68
-75
-73
-74
-69
-58
-52
-47
-39
-25
-16
-16
-6
-4
5
25
25
19
13
2
4
0
-5
-6
-13
-22
-33
-23
-29
-39
-33
-25
-21
-16
-10
-2
15
15
12
18
23
28
27
25
14
5
2
-1
-6
-9
-5
-19
-18
-8
-17
-10
-5
-3
14
18
16
33
40
36
42
38
29
34
37
29
23
21
12
15
12
-7
-4
-4
-6
-16
-31
-20
-21
-19
-19
-21
-11
-7
4
8
6
16
15
18
27
35
42
36
28
29
30
26
21
9
1
9
11
2
1
-2
-4
4
19
17
14
28
26
28
33
29
24
19
16
11
0
-6
-22
-34
-43
-50
-46
-41
-48
-58
-51
-44
-44
-36
-21
-17
-16
-5
10
14
10
18
17
12
19
16
16
5
-4
-5
-13
-14
-11
-13
-13
-5
-6
-6
0
3
9
2
14
22
14
28
25
14
16
15
8
-1
-1
-4
-18
-17
-18
-18
-23
-28
-22
-16
-10
-14
-19
-16
-9
-5
4
8
9
18
11
19
22
21
20
4
3
8
9
5
-5
-8
-10
-16
-23
-19
-18
-25
-24
-24
-12
-4
-2
0
12
15
9
23
27
25
15
9
14
11
6
-9
-8
-9
-20
-23
-25
-18
-18
-9
-1
5
16
17
24
26
24
31
26
28
21
14
13
4
2
-5
-20
-28
-19
-27
-35
-24
-28
-33
-25
-19
-8
-2
-4
-1
-2
12
19
5
12
22
17
23
25
25
20
18
17
7
9
14
0
-3
8
2
8
8
0
13
20
22
26
31
36
38
42
38
41
46
36
25
28
31
14
6
-2
-10
-8
-13
-13
-11
-17
-19
-15
-19
-15
-8
-12
-4
5
-5
-1
6
1
-6
-10
-10
-11
-16
-26
-32
-32
-40
-45
-41
-54
-52
-41
-44
-41
-37
-28
-17
-10
-7
7
21
17
14
16
16
18
17
-4
-13
-10
-9
-17
-27
-31
-37
-30
-34
-32
-13
-13
-5
10
12
24
37
32
35
35
27
33
31
22
7
-4
-2
-1
-10
-18
-16
-22
-26
-13
-20
-23
-12
-7
-1
0
2
3
11
12
4
13
11
13
22
12
8
6
5
0
-4
0
-6
-16
-17
-10
-16
-22
-17
-15
-9
6
3
1
15
22
25
28
34
35
38
34
27
27
13
13
14
-2
-1
-4
-6
-2
-3
-9
-11
9
12
5
9
12
13
14
16
10
14
10
4
2
-11
-17
-14
-20
-29
-30
-34
-28
-24
-32
-31
-28
-28
-21
-14
-17
-15
-2
5
9
4
9
26
20
9
13
15
12
2
-2
3
-12
-11
-12
-15
-11
-24
-14
-4
-10
-8
-2
11
19
21
17
22
25
24
26
20
18
14
17
17
4
3
0
-3
0
3
2
0
10
9
11
14
12
17
19
18
19
21
20
14
12
8
13
13
4
1
-2
-3
-10
-16
-11
-20
-18
-17
-23
-17
-21
-19
-19
-22
-14
-13
0
5
-2
-3
-2
11
9
3
-1
2
3
-7
-11
-14
-17
-15
-18
-24
-18
-15
-5
-5
-15
-4
4
4
9
6
2
6
8
3
-3
-9
-12
-10
-11
-22
-21
-26
-34
-18
-26
-33
-21
-19
-11
-4
-8
1
1
3
10
3
18
25
14
14
15
14
11
9
11
7
-1
1
4
4
-3
-3
2
-4
11
13
4
15
14
13
12
13
14
7
9
9
2
-3
-2
-4
-7
-8
-3
7
-6
-4
8
6
4
7
16
14
18
17
15
21
13
17
8
2
14
5
11
13
-1
4
9
10
9
1
-3
7
5
-7
-5
3
3
-9
-11
-4
-3
-4
-3
-10
-2
2
0
-4
-6
4
-4
2
0
-12
-5
-12
-7
-11
-13
-3
-7
-3
2
1
1
0
1
5
3
4
3
-2
-1
-10
-19
-17
-19
-21
-23
-28
-20
-16
-18
-10
-7
-11
0
7
4
11
8
14
12
1
11
6
6
2
-2
3
-6
-4
1
1
1
5
9
11
20
22
19
17
20
28
25
21
23
19
22
21
16
12
7
7
8
6
-6
-8
-2
-9
-17
-12
-12
-15
-5
0
-4
-2
5
7
3
13
15
8
18
21
14
6
1
5
2
-10
-13
-14
-15
-14
-25
-25
-10
-16
-14
-2
-7
-2
2
-2
5
0
-1
8
0
0
0
-7
-8
-14
-17
-16
-15
-18
-17
-15
-13
-9
-13
-10
-5
-6
-4
-4
-1
5
14
11
4
16
15
15
17
13
14
6
4
10
-1
-3
-4
-16
-11
-17
-21
-15
-25
-24
-7
-11
-8
7
9
5
7
16
15
9
10
10
3
8
1
-14
-13
-17
-19
-21
-27
-22
-16
-15
-17
-8
7
9
8
17
20
23
29
20
15
16
9
15
13
-1
7
0
-9
-8
-10
-5
-11
-12
-11
-10
-2
1
2
-7
2
11
5
7
11
9
11
18
15
13
19
15
8
7
8
5
-5
-8
-4
-13
-11
-9
-13
-14
-9
-5
-3
3
5
6
4
13
14
9
20
9
-3
6
2
-9
-10
-19
-22
-21
-21
-16
-18
-21
-21
-12
-7
-8
-4
4
8
3
19
24
13
19
15
13
10
4
5
4
-7
-10
-2
-4
-10
-15
-13
-12
-12
-13
-8
5
0
2
16
18
18
28
16
12
15
18
21
-1
-3
2
-4
-10
-15
-22
-26
-21
-22
-21
-20
-16
-14
-12
-6
-3
10
1
-2
14
3
-1
5
-5
-4
1
-1
-5
-7
-3
-7
-11
-8
-14
-6
-4
-8
-2
-6
-5
6
-3
-11
0
4
3
12
9
7
14
16
18
17
17
12
7
12
9
5
-4
-8
-3
-15
-11
-10
-12
-8
-5
-4
1
14
15
21
24
19
30
34
23
20
16
10
0
-5
1
-7
-23
-21
-9
-8
-13
-13
-10
-6
2
9
9
7
13
22
14
17
15
9
6
-3
3
-8
-4
0
-8
-6
-13
-7
-7
-8
-11
-19
-6
-5
-6
-1
-7
-7
-5
-4
5
0
-1
8
7
7
7
6
11
3
-1
7
0
-3
-5
-18
-8
-17
-20
-5
-21
-16
-4
-18
-12
0
-8
-15
-3
3
-2
4
3
-3
3
1
-9
-1
5
-6
-10
-9
0
7
-6
-6
-2
-4
-5
-1
-2
-7
-3
5
10
8
6
13
13
5
9
14
13
8
6
7
5
7
-4
-9
-3
-9
-12
-8
-6
-6
-10
-10
-1
6
2
6
14
7
10
15
8
14
4
-2
11
7
5
6
-2
3
1
0
8
-2
4
10
-1
5
7
3
-4
-9
-3
-8
-9
-9
-9
-4
-6
-6
6
6
1
4
4
12
12
5
10
6
-1
3
-5
-10
-14
-21
-16
-17
-15
-17
-16
-6
-6
-10
1
11
9
9
6
4
18
16
0
0
-3
1
-1
-12
-15
-20
-14
-17
-20
-14
-12
-13
-10
-2
-7
-5
2
0
3
7
3
3
10
12
4
4
11
7
7
6
-2
-2
7
2
0
4
-1
1
3
3
1
-3
2
6
13
10
5
14
11
7
9
7
11
11
6
-1
-1
3
-3
-8
-14
-8
-2
-15
-9
-6
-12
-7
-8
-8
3
3
-1
6
7
7
7
5
8
7
0
3
10
2
-4
-3
-7
-10
-6
-11
-17
-8
-12
-18
-4
-5
-7
-2
-3
4
8
5
2
8
12
4
9
5
2
2
-3
-9
-11
-8
-13
-14
-11
-13
-8
1
-1
-4
7
7
2
8
11
4
5
7
6
2
-4
-8
-3
-7
-19
-10
-7
-9
-14
-13
0
-8
-6
-2
-5
5
-7
-7
4
-4
-7
-6
3
5
-5
4
5
-5
0
2
0
1
3
7
4
8
4
-5
3
0
1
2
-3
14
8
0
6
6
13
4
5
10
-1
4
6
-3
0
-5
-5
1
-1
-3
-8
-8
-4
-7
0
-2
-5
8
9
2
6
4
6
7
-2
5
3
-5
-3
-3
-4
-13
-8
-1
-6
-5
-5
-8
-1
6
2
3
6
11
19
6
5
15
4
1
6
1
1
3
-3
-8
-5
0
-4
-8
-4
3
4
3
8
8
12
17
7
11
25
13
5
10
9
10
1
1
2
-5
-3
-3
-4
-9
-3
-4
-7
1
-1
3
5
5
9
3
8
6
3
6
-4
-8
5
1
-11
-9
-1
-4
-14
0
-4
-19
-4
3
-7
-3
-3
-3
5
-2
-1
2
2
2
2
9
3
3
12
10
2
0
-4
-1
0
-10
-17
-13
-6
-13
-12
-14
-20
-4
-5
-11
-1
2
3
3
3
8
6
5
3
2
3
-5
-4
-7
-13
-14
-12
-6
-13
-10
-12
-12
-3
-11
-11
-1
-1
-3
8
7
3
7
7
7
0
5
7
6
-2
-2
3
-6
-4
-6
-7
-2
-9
-11
1
