6
0
-8
-3
-2
-10
-7
-4
-6
-2
-1
3
9
12
7
1
1
2
8
-4
-2
11
2
-2
1
4
10
13
6
1
6
3
0
1
2
8
1
-2
6
2
1
1
1
-8
-3
0
-5
-1
-5
-5
0
-3
-5
-5
-6
-4
0
0
-2
0
-1
-4
1
0
-2
-2
-16
-12
-4
-7
-3
1
9
8
-1
2
3
1
2
-4
2
0
-2
8
3
3
-5
-7
10
7
6
9
4
6
11
17
16
13
13
6
1
0
5
11
10
8
3
5
11
2
-1
5
-3
5
13
4
9
7
5
6
-5
6
8
4
15
16
14
10
5
2
3
3
-5
-8
-8
-7
-7
-2
6
8
11
10
3
4
7
4
-3
-2
4
-2
-1
2
-3
-12
-17
2
2
-4
-4
-9
-8
-8
1
-2
-6
-4
-15
-20
-11
-10
-15
-12
-10
-2
4
-6
-12
-4
-6
-9
-9
-14
-11
-10
-12
-13
-19
-15
-5
-8
-4
-3
-15
-15
-5
-5
-13
-1
4
0
4
1
-4
0
6
2
2
7
5
8
12
4
5
10
0
0
9
4
6
3
-3
4
6
5
2
9
17
15
13
3
2
-1
-2
3
9
9
1
-3
-1
6
14
8
7
18
13
14
12
-4
2
3
3
6
-2
-8
-10
9
10
-1
5
0
0
8
0
6
7
-6
5
6
-9
-6
2
6
3
-3
-6
0
8
-5
-6
-3
-11
-6
-3
-8
-6
-1
-3
-5
-3
-7
-5
0
-6
-8
-10
-6
-8
-10
-7
-16
-16
-4
-5
-12
-2
-4
-11
-4
-5
1
-7
-13
-1
-4
6
4
-2
6
-1
-4
4
9
5
9
12
2
-1
4
0
5
13
1
-2
0
-2
6
8
8
9
3
4
8
10
4
-2
2
-1
-3
0
-2
-1
0
2
11
12
6
-1
-1
3
0
6
3
-14
-14
-8
-6
-9
-1
3
-2
0
-2
0
-5
-7
2
-8
-4
-1
-7
-7
-11
-3
3
-9
-6
5
-8
-16
-13
-5
4
-1
1
0
-6
3
-5
-2
6
6
5
0
-5
-9
-6
-7
-2
-2
-7
-6
-5
0
0
0
-2
0
9
7
0
3
3
-3
1
4
-1
3
4
7
15
9
5
11
9
8
9
6
12
14
8
6
3
3
5
15
11
4
7
3
5
10
12
10
3
10
21
19
11
-1
0
10
5
2
13
9
-3
0
-4
-5
4
-2
-2
3
-2
-5
-3
-6
-3
5
3
2
1
2
7
3
-5
-4
-6
-4
-4
-16
-10
-5
-5
-2
-15
-10
-10
-14
-5
-6
-2
0
-3
1
-2
-2
3
0
0
0
-2
-7
-14
-4
-5
-13
-10
-9
-7
-11
-9
-6
-9
-8
-11
-7
2
-2
-2
6
9
2
2
7
1
-1
5
-2
-10
-7
-3
-2
-4
1
3
-3
1
-2
-3
4
-2
2
8
8
5
7
7
6
8
7
13
8
6
13
10
14
18
10
3
8
15
14
1
-8
-5
-9
3
2
-8
6
6
9
9
4
5
-4
-3
1
-2
1
5
5
2
6
5
-6
-7
-2
-6
-4
0
2
-5
-14
-4
-3
-8
-11
-11
0
-7
-14
0
-6
-11
0
-4
-4
-7
-11
-12
-7
0
-3
-3
-1
-2
-9
-4
4
-4
-3
0
-9
-12
-7
-8
-7
-7
-3
1
-1
-10
-7
3
-6
-7
4
-1
-3
1
6
10
7
5
1
-5
-8
-8
1
7
1
-6
5
8
5
18
8
2
7
6
14
18
7
0
13
21
9
3
11
18
12
20
13
8
15
6
16
22
16
10
3
4
8
5
7
3
-8
5
6
-7
4
10
6
8
2
-3
-2
-7
-2
3
-7
-4
-7
-10
-3
-2
-9
-9
-6
-17
-22
-16
-14
-15
-19
-18
-9
-14
-14
-8
-7
-8
-19
-23
-18
-18
-10
-11
-11
-8
-9
-15
-23
-15
-13
-12
-9
-12
-8
-9
-7
-5
-13
-13
-7
-6
-8
-3
-4
-9
-12
-1
3
-5
-5
-3
-1
0
1
4
1
-5
2
7
2
-5
-7
-8
-2
5
4
6
4
2
4
9
4
3
14
16
14
7
6
8
0
7
14
8
4
3
12
9
-3
4
0
-12
-3
7
6
5
7
2
2
12
4
7
15
8
6
9
4
5
-9
-8
4
1
-4
-4
3
-2
-6
0
1
-2
-7
-6
-3
-1
-1
-8
-12
-7
-6
-4
-3
-3
-9
-10
-5
-6
-4
1
-4
-15
-4
2
-2
5
-2
-7
-2
-2
-1
-3
-8
-10
-3
-12
-7
3
-6
-3
2
6
-2
-7
5
2
0
2
0
-4
0
8
-2
6
12
0
-1
6
12
9
4
5
9
7
8
7
11
17
10
1
0
-1
-3
3
8
14
9
2
13
2
-5
6
-1
-3
-1
-4
-5
1
2
-6
-1
10
7
-4
-3
-5
-12
2
7
5
4
1
2
1
0
1
-7
-6
-3
-3
0
-12
-13
-1
3
10
-4
-12
-3
-9
-11
-9
-13
-8
-7
-15
-8
-6
-15
2
1
-4
6
-2
4
4
-8
-4
-7
-4
1
-3
-6
-4
-8
-9
-7
-9
-5
-1
-4
-12
-7
-4
-9
-9
-12
-4
1
-1
3
-3
0
2
5
9
6
17
9
3
9
12
10
2
8
6
7
19
9
2
3
-7
7
20
8
11
18
13
13
20
17
5
8
19
12
4
12
14
5
9
9
10
10
10
12
6
3
0
-1
7
8
2
-1
2
6
5
7
4
11
21
10
10
12
13
17
11
12
9
2
8
8
2
7
10
5
7
2
-4
-7
-12
-10
-8
-3
0
-1
0
-10
1
0
-10
0
-2
-9
-7
-4
-11
-19
-5
-5
-12
-14
-18
-11
-17
-23
-9
-3
1
6
-1
-9
-24
-17
-3
-10
-12
-10
-7
-12
-12
-9
-10
2
3
-2
2
-6
-11
-11
-11
-6
-8
-6
-2
1
-1
-4
4
2
0
9
3
10
2
-9
4
3
5
4
0
9
9
-3
-2
-1
-4
10
7
9
8
4
17
11
10
3
3
15
10
9
15
9
5
10
7
10
17
10
10
4
6
13
7
10
14
11
4
1
7
3
-5
-9
-1
1
-13
-16
-12
-9
-7
2
9
-7
-14
-4
4
-1
-5
0
-13
-12
-5
-8
-4
-12
-2
1
-19
-14
-10
-15
-23
-17
-1
1
1
0
-1
-14
-12
2
-7
2
0
-12
1
-12
-14
0
-1
0
-3
2
0
6
5
-2
6
2
9
19
8
-1
7
11
6
7
7
-6
0
7
-5
1
2
-2
10
23
19
5
10
4
8
21
23
23
14
25
24
15
21
28
37
24
17
23
7
7
9
-2
8
17
-2
-13
-14
-25
-29
-40
-37
-22
-16
-12
-13
-11
-3
6
14
33
39
33
36
38
46
49
52
63
68
62
56
48
24
16
7
-10
-8
-1
-5
-15
-39
-58
-60
-61
-51
-45
-43
-48
-68
-68
-64
-51
-29
-23
-18
-16
-18
-13
-8
-1
9
14
17
13
8
3
-8
-2
0
1
5
3
-4
-21
-33
-38
-43
-45
-44
-53
-81
-89
-93
-93
-72
-57
-41
-41
-39
-30
-16
3
18
45
68
77
92
111
126
140
148
147
163
176
171
163
147
135
130
123
122
118
88
52
29
5
-10
-7
-6
-17
-30
-50
-83
-95
-98
-95
-75
-64
-64
-63
-82
-111
-126
-131
-121
-124
-133
-132
-155
-164
-146
-129
-100
-59
-31
-11
3
9
16
20
29
35
36
56
58
36
-6
-51
-77
-83
-57
-55
-111
-264
-488
-659
-684
-503
-176
113
218
91
-182
-418
-448
-218
203
600
799
752
512
276
193
303
534
728
762
604
350
143
92
189
329
393
297
81
-172
-316
-280
-142
22
99
56
-65
-199
-243
-196
-108
-36
-52
-134
-211
-217
-118
32
138
134
28
-124
-223
-211
-118
-7
65
56
-15
-75
-90
-49
17
31
-4
-74
-153
-188
-173
-131
-91
-90
-129
-178
-233
-283
-315
-332
-323
-308
-269
-209
-161
-134
-132
-137
-143
-117
-48
34
113
173
222
255
264
284
318
367
414
439
428
372
296
213
170
204
269
325
311
223
109
14
-7
41
105
159
184
170
153
162
175
179
178
183
186
204
255
304
357
402
398
393
395
396
381
302
183
22
-168
-325
-430
-478
-508
-556
-645
-774
-938
-1117
-1259
-1363
-1424
-1414
-1345
-1238
-1156
-1116
-1070
-1004
-897
-736
-551
-377
-252
-154
-32
106
272
442
547
589
605
616
668
752
846
917
918
870
794
715
646
600
563
510
439
349
256
179
115
76
70
61
49
27
-16
-62
-96
-94
-52
44
155
250
326
416
556
710
859
951
988
1005
1033
1124
1241
1352
1419
1462
1553
1705
1887
1984
1844
1452
893
294
-210
-618
-1019
-1463
-1889
-2210
-2382
-2421
-2495
-2692
-2987
-3309
-3505
-3526
-3423
-3262
-3108
-2903
-2538
-2004
-1371
-768
-315
3
262
564
952
1329
1610
1772
1861
1996
2216
2444
2601
2628
2561
2470
2411
2385
2281
2033
1659
1186
729
368
72
-249
-655
-1081
-1436
-1654
-1748
-1811
-1927
-2102
-2269
-2411
-2495
-2496
-2444
-2295
-2031
-1646
-1147
-615
-124
266
552
783
1003
1201
1353
1490
1618
1779
1984
2188
2345
2380
2284
2121
1923
1722
1496
1213
916
644
455
402
446
509
517
443
326
228
212
324
541
775
928
902
644
246
-168
-519
-787
-1049
-1365
-1708
-1982
-2093
-2055
-1965
-1914
-1952
-2069
-2174
-2195
-2139
-2023
-1901
-1771
-1567
-1260
-866
-466
-93
236
535
837
1103
1273
1327
1292
1230
1211
1241
1266
1239
1162
1102
1149
1321
1519
1611
1487
1159
751
350
-13
-364
-740
-1147
-1503
-1708
-1734
-1639
-1519
-1447
-1452
-1483
-1494
-1525
-1613
-1736
-1872
-1912
-1750
-1394
-882
-327
183
619
996
1324
1572
1713
1746
1694
1624
1586
1587
1632
1704
1797
1924
2072
2176
2198
2081
1803
1454
1136
935
801
704
644
603
690
960
1392
1878
2240
2319
2034
1500
842
129
-593
-1313
-2002
-2537
-2815
-2847
-2724
-2582
-2529
-2580
-2674
-2755
-2827
-2959
-3171
-3394
-3508
-3398
-3033
-2467
-1840
-1219
-597
14
606
1091
1391
1499
1467
1437
1469
1562
1685
1779
1875
2052
2344
2728
3080
3254
3206
2927
2492
1991
1408
756
39
-698
-1312
-1719
-1919
-1976
-1986
-1996
-2031
-2079
-2161
-2343
-2614
-2934
-3192
-3273
-3145
-2817
-2377
-1882
-1345
-744
-77
568
1116
1499
1724
1881
2005
2107
2185
2231
2262
2338
2492
2702
2927
3077
3097
3004
2854
2672
2434
2135
1797
1448
1142
952
926
1047
1288
1589
1799
1785
1513
992
278
-542
-1410
-2278
-3104
-3779
-4202
-4367
-4282
-4038
-3760
-3517
-3311
-3109
-2919
-2791
-2717
-2682
-2653
-2526
-2251
-1840
-1315
-743
-121
570
1273
1921
2418
2703
2769
2693
2561
2412
2267
2102
1949
1862
1891
2022
2196
2361
2429
2344
2106
1713
1179
508
-253
-1011
-1692
-2213
-2563
-2766
-2825
-2758
-2596
-2353
-2102
-1931
-1882
-1930
-2004
-2027
-1944
-1799
-1598
-1344
-1041
-636
-128
449
1015
1495
1847
2069
2163
2154
2096
1989
1838
1688
1560
1497
1505
1574
1700
1823
1920
1988
2004
1955
1852
1709
1569
1492
1528
1678
1878
2044
2024
1790
1438
998
478
-131
-844
-1631
-2372
-2972
-3387
-3637
-3808
-3912
-3945
-3864
-3649
-3383
-3158
-3004
-2881
-2751
-2552
-2285
-2017
-1769
-1485
-1074
-504
169
831
1384
1803
2124
2408
2661
2819
2843
2727
2550
2429
2408
2453
2525
2573
2557
2487
2373
2169
1813
1318
674
-23
-684
-1307
-1853
-2357
-2788
-3091
-3247
-3222
-3082
-2918
-2767
-2622
-2437
-2215
-1976
-1759
-1593
-1470
-1337
-1138
-876
-554
-178
229
678
1166
1635
2016
2269
2380
2381
2319
2214
2072
1900
1727
1605
1570
1631
1752
1884
2000
2109
2232
2320
2347
2316
2248
2247
2290
2345
2304
2034
1603
1067
520
-19
-614
-1271
-1993
-2643
-3123
-3414
-3594
-3781
-3989
-4145
-4118
-3923
-3652
-3402
-3241
-3151
-3030
-2791
-2483
-2185
-1893
-1558
-1124
-558
83
689
1188
1585
1957
2315
2605
2754
2724
2584
2452
2425
2498
2596
2657
2634
2552
2476
2361
2144
1754
1180
495
-214
-861
-1446
-1990
-2447
-2784
-2964
-2958
-2824
-2644
-2469
-2267
-2025
-1785
-1560
-1398
-1328
-1296
-1232
-1079
-843
-574
-267
99
523
999
1490
1910
2199
2340
2368
2324
2214
2038
1814
1566
1376
1271
1239
1290
1370
1493
1661
1824
1969
2045
2054
2050
2081
2146
2194
2146
1903
1486
1002
498
-8
-554
-1175
-1829
-2421
-2859
-3158
-3380
-3579
-3775
-3920
-3921
-3774
-3575
-3396
-3241
-3109
-2937
-2647
-2310
-2003
-1733
-1447
-1061
-594
-57
496
979
1431
1863
2262
2604
2797
2835
2804
2766
2763
2785
2798
2782
2730
2642
2523
2373
2120
1710
1202
659
90
-496
-1062
-1583
-2061
-2449
-2708
-2824
-2828
-2809
-2746
-2611
-2435
-2237
-2033
-1848
-1689
-1560
-1427
-1241
-1039
-834
-606
-317
65
488
925
1337
1680
1918
2070
2183
2214
2151
2001
1818
1666
1550
1496
1472
1451
1442
1493
1640
1839
2003
2089
2152
2236
2376
2543
2637
2538
2176
1659
1111
539
-59
-717
-1423
-2081
-2608
-2963
-3170
-3333
-3517
-3663
-3713
-3620
-3453
-3328
-3246
-3195
-3144
-3023
-2785
-2520
-2291
-2035
-1674
-1183
-645
-107
390
825
1240
1643
2038
2353
2522
2571
2582
2627
2641
2616
2600
2581
2556
2515
2450
2330
2073
1699
1281
809
276
-303
-863
-1371
-1839
-2213
-2421
-2497
-2498
-2451
-2329
-2143
-1972
-1807
-1638
-1480
-1364
-1304
-1232
-1134
-1041
-930
-740
-445
-92
288
700
1114
1447
1692
1884
2034
2095
2036
1920
1778
1597
1438
1353
1345
1359
1379
1466
1633
1839
2035
2248
2462
2654
2824
2928
2941
2724
2268
1718
1099
421
-311
-1058
-1795
-2475
-3002
-3329
-3514
-3673
-3824
-3903
-3871
-3769
-3656
-3561
-3494
-3456
-3396
-3247
-3005
-2757
-2520
-2189
-1722
-1176
-586
23
604
1128
1596
2072
2501
2771
2883
2907
2932
2918
2878
2862
2847
2790
2709
2648
2580
2406
2092
1716
1295
774
151
-463
-1041
-1594
-2069
-2395
-2571
-2676
-2713
-2660
-2508
-2306
-2104
-1882
-1662
-1508
-1427
-1346
-1227
-1117
-1009
-832
-565
-261
46
414
837
1229
1533
1786
2013
2155
2185
2155
2115
2017
1837
1675
1567
1457
1356
1333
1431
1576
1723
1925
2181
2466
2730
2960
3104
2988
2586
2026
1418
714
-107
-957
-1784
-2553
-3190
-3589
-3765
-3862
-3952
-3950
-3798
-3600
-3426
-3305
-3223
-3195
-3215
-3149
-2969
-2783
-2644
-2416
-1979
-1425
-815
-166
494
1095
1602
2110
2608
2946
3068
3074
3056
3000
2897
2808
2773
2727
2633
2570
2560
2473
2253
1919
1537
1081
478
-151
-726
-1291
-1860
-2327
-2614
-2775
-2855
-2811
-2613
-2384
-2196
-1997
-1769
-1546
-1426
-1344
-1210
-1100
-1026
-917
-716
-459
-219
58
432
839
1174
1455
1737
1962
2050
2052
2054
2005
1835
1635
1502
1396
1285
1222
1309
1496
1681
1924
2262
2627
2938
3187
3395
3402
3087
2549
1915
1185
321
-600
-1502
-2330
-3034
-3544
-3808
-3922
-4021
-4065
-3956
-3732
-3542
-3425
-3329
-3295
-3340
-3352
-3246
-3089
-2973
-2806
-2447
-1931
-1365
-734
-53
625
1250
1825
2388
2826
3029
3054
3030
2997
2893
2747
2637
2558
2469
2386
2382
2399
2277
2021
1752
1428
947
369
-224
-813
-1408
-1950
-2317
-2529
-2691
-2753
-2645
-2425
-2180
-1936
-1650
-1357
-1168
-1068
-974
-871
-820
-782
-672
-493
-291
-46
309
737
1139
1459
1768
2067
2248
2309
2315
2277
2115
1891
1723
1588
1427
1293
1297
1406
1559
1770
2074
2444
2782
3082
3318
3362
3122
2618
1969
1223
346
-617
-1569
-2442
-3212
-3795
-4123
-4250
-4291
-4256
-4087
-3805
-3542
-3365
-3227
-3133
-3117
-3115
-3057
-2954
-2860
-2728
-2426
-1939
-1373
-779
-113
585
1255
1887
2461
2919
3164
3217
3182
3111
2967
2744
2543
2402
2282
2172
2143
2132
2021
1843
1643
1383
967
418
-162
-745
-1336
-1874
-2266
-2539
-2727
-2797
-2715
-2505
-2244
-1967
-1658
-1334
-1067
-902
-789
-700
-665
-677
-651
-531
-381
-193
100
480
857
1218
1592
1922
2145
2236
2249
2202
2073
1884
1697
1535
1355
1206
1178
1282
1454
1676
1998
2379
2748
3058
3266
3274
3012
2537
1911
1144
241
-760
-1746
-2635
-3371
-3873
-4144
-4269
-4290
-4179
-3930
-3606
-3291
-3048
-2886
-2800
-2776
-2768
-2749
-2750
-2745
-2623
-2334
-1914
-1400
-804
-149
529
1206
1856
2438
2842
3043
3110
3083
2981
2800
2579
2374
2197
2065
1990
1967
1926
1813
1654
1459
1177
758
265
-251
-811
-1377
-1856
-2233
-2521
-2694
-2742
-2635
-2418
-2126
-1761
-1408
-1108
-883
-724
-590
-515
-485
-448
-412
-344
-207
25
350
704
1052
1394
1726
1989
2162
2278
2293
2205
2069
1936
1796
1615
1452
1395
1424
1518
1699
1961
2281
2600
2911
3209
3355
3224
2864
2354
1687
854
-88
-1060
-2032
-2916
-3582
-4012
-4272
-4432
-4456
-4285
-3987
-3666
-3373
-3114
-2941
-2860
-2797
-2703
-2625
-2630
-2605
-2416
-2098
-1669
-1128
-492
172
815
1479
2144
2670
2961
3093
3146
3085
2918
2689
2457
2235
2023
1884
1819
1761
1621
1428
1262
1061
725
285
-162
-649
-1175
-1649
-1997
-2258
-2497
-2611
-2541
-2383
-2182
-1912
-1578
-1266
-1007
-785
-591
-448
-401
-389
-308
-189
-90
75
341
643
950
1268
1612
1886
2034
2109
2136
2077
1920
1731
1568
1385
1169
1047
1075
1184
1345
1582
1903
2250
2572
2893
3173
3225
2978
2565
2042
1341
493
-401
-1303
-2188
-2960
-3488
-3769
-3939
-4049
-4007
-3787
-3487
-3218
-2976
-2768
-2664
-2630
-2553
-2412
-2339
-2349
-2278
-2044
-1703
-1310
-806
-207
379
936
1553
2167
2579
2753
2817
2840
2757
2557
2327
2125
1925
1731
1637
1625
1565
1398
1215
1057
811
419
-27
-455
-931
-1445
-1848
-2099
-2296
-2454
-2467
-2301
-2074
-1844
-1565
-1248
-978
-775
-598
-452
-388
-413
-406
-321
-225
-104
93
379
688
968
1271
1587
1799
1887
1933
1944
1846
1651
1461
1283
1099
957
917
1006
1173
1382
1694
2092
2462
2802
3132
3331
3242
2895
2426
1811
1005
104
-794
-1669
-2492
-3150
-3553
-3759
-3884
-3919
-3777
-3514
-3263
-3056
-2867
-2734
-2723
-2733
-2652
-2530
-2477
-2449
-2243
-1862
-1435
-951
-364
269
829
1381
1958
2442
2710
2763
2761
2752
2641
2446
2271
2138
1997
1884
1877
1907
1810
1593
1377
1142
764
232
-311
-825
-1372
-1872
-2220
-2437
-2594
-2682
-2583
-2303
-1985
-1682
-1357
-1025
-775
-617
-480
-397
-417
-491
-487
-374
-229
-40
229
586
957
1299
1646
1942
2092
2106
2050
1938
1741
1483
1242
1029
809
654
664
815
1040
1330
1699
2118
2510
2852
3135
3252
3066
2624
2063
1373
539
-367
-1251
-2068
-2808
-3332
-3602
-3728
-3778
-3752
-3590
-3311
-3068
-2907
-2774
-2698
-2705
-2705
-2608
-2478
-2412
-2330
-2056
-1612
-1137
-606
16
632
1177
1701
2228
2633
2793
2801
2770
2705
2561
2348
2187
2082
1972
1899
1907
1898
1758
1528
1278
997
587
61
-490
-1013
-1512
-1983
-2288
-2449
-2584
-2617
-2446
-2136
-1823
-1520
-1186
-873
-649
-504
-392
-340
-369
-436
-434
-329
-190
-13
276
633
970
1296
1607
1854
1971
1951
1888
1762
1531
1269
1031
819
631
532
580
743
978
1280
1681
2111
2485
2821
3083
3125
2888
2455
1891
1200
367
-525
-1366
-2160
-2839
-3301
-3548
-3671
-3738
-3697
-3500
-3241
-3056
-2911
-2777
-2720
-2712
-2667
-2549
-2451
-2399
-2261
-1929
-1476
-993
-464
145
757
1302
1825
2314
2647
2777
2782
2772
2722
2561
2380
2246
2147
2047
1997
2016
1959
1778
1542
1312
1015
571
39
-501
-1024
-1554
-2004
-2315
-2532
-2668
-2681
-2501
-2217
-1923
-1616
-1270
-941
-703
-511
-370
-326
-373
-388
-326
-233
-88
115
396
733
1077
1432
1755
1975
2075
2094
2047
1900
1672
1435
1203
972
780
697
753
887
1095
1414
1815
2210
2562
2892
3136
3143
2869
2432
1884
1146
257
-625
-1465
-2283
-2991
-3454
-3694
-3856
-3958
-3911
-3725
-3514
-3321
-3147
-3003
-2917
-2905
-2839
-2682
-2569
-2500
-2316
-1951
-1502
-1027
-467
160
759
1286
1813
2330
2654
2756
2769
2762
2706
2543
2358
2246
2141
2021
1964
1965
1920
1748
1502
1263
959
512
-30
-578
-1094
-1609
-2083
-2414
-2636
-2802
-2826
-2653
-2361
-2036
-1693
-1310
-940
-660
-442
-289
-216
-197
-199
-138
-25
119
337
629
986
1354
1693
1985
2200
2323
2342
2264
2091
1840
1565
1310
1071
872
761
750
845
1054
1365
1731
2087
2420
2726
2933
2927
2666
2237
1669
937
100
-720
-1534
-2348
-3017
-3448
-3673
-3804
-3858
-3774
-3581
-3346
-3111
-2913
-2745
-2637
-2617
-2549
-2398
-2308
-2271
-2124
-1810
-1406
-976
-465
136
703
1216
1748
2255
2592
2710
2734
2736
2656
2479
2275
2105
1973
1849
1768
1745
1718
1599
1395
1183
938
543
24
-483
-995
-1558
-2078
-2469
-2742
-2936
-3010
-2898
-2639
-2326
-1987
-1581
-1149
-805
-565
-394
-277
-220
-217
-204
-143
-33
133
364
685
1060
1401
1696
1999
2238
2328
2309
2233
2077
1831
1588
1384
1176
1015
975
1062
1265
1554
1895
2260
2625
2957
3191
3220
2997
2596
2019
1273
444
-438
-1353
-2233
-2962
-3469
-3796
-3978
-4058
-4013
-3831
-3574
-3295
-3064
-2883
-2747
-2673
-2582
-2443
-2322
-2269
-2171
-1906
-1497
-1049
-554
41
635
1198
1771
2308
2709
2907
2958
2938
2858
2690
2450
2229
2029
1867
1758
1706
1701
1628
1467
1294
1079
746
265
-291
-838
-1443
-2066
-2569
-2946
-3232
-3406
-3374
-3145
-2829
-2447
-1993
-1503
-1070
-738
-474
-274
-162
-129
-143
-119
-53
39
218
502
845
1181
1509
1857
2165
2351
2417
2423
2336
2126
1875
1643
1405
1171
1017
1007
1115
1316
1601
1943
2307
2643
2928
3114
3038
2706
2232
1592
799
-73
-979
-1881
-2684
-3298
-3706
-3929
-4042
-4041
-3890
-3613
-3268
-2989
-2766
-2549
-2410
-2326
-2221
-2105
-2040
-2005
-1843
-1496
-1090
-656
-121
488
1076
1637
2204
2683
2952
3031
3021
2971
2828
2555
2261
2034
1844
1680
1588
1574
1542
1412
1263
1139
911
502
-19
-542
-1103
-1738
-2327
-2783
-3127
-3405
-3517
-3360
-3065
-2739
-2327
-1796
-1271
-865
-546
-268
-83
-32
-47
-53
-35
-23
39
242
537
836
1144
1495
1859
2130
2282
2374
2380
2220
1969
1756
1524
1223
962
859
908
1041
1284
1637
2025
2378
2721
3041
3145
2926
2514
1975
1250
365
-562
-1481
-2384
-3166
-3709
-3981
-4117
-4181
-4087
-3810
-3438
-3109
-2837
-2553
-2364
-2320
-2252
-2105
-2026
-2083
-2061
-1773
-1380
-1011
-529
110
758
1324
1926
2570
2993
3135
3166
3206
3145
2874
2541
2282
2068
1835
1682
1693
1705
1579
1435
1391
1317
994
476
-33
-548
-1206
-1915
-2460
-2888
-3341
-3672
-3655
-3406
-3163
-2862
-2348
-1734
-1247
-861
-470
-176
-73
-77
-48
0
-47
-117
-16
254
543
808
1154
1584
1946
2193
2413
2590
2564
2350
2161
2017
1754
1405
1182
1132
1155
1254
1527
1906
2226
2522
2874
3165
3158
2828
2367
1771
979
52
-894
-1830
-2772
-3555
-4030
-4249
-4391
-4462
-4311
-3945
-3520
-3170
-2830
-2499
-2349
-2304
-2152
-1975
-1988
-2087
-1992
-1673
-1314
-915
-352
311
927
1523
2204
2835
3177
3250
3271
3293
3157
2824
2465
2211
1962
1700
1612
1679
1672
1521
1442
1496
1392
1011
526
56
-533
-1285
-1974
-2531
-3086
-3626
-3932
-3893
-3697
-3496
-3157
-2585
-1970
-1471
-1009
-552
-241
-148
-120
-3
61
-26
-71
74
330
560
831
1251
1699
2023
2301
2626
2819
2749
2568
2456
2301
1965
1623
1422
1315
1242
1298
1564
1878
2118
2392
2757
3041
3003
2685
2297
1745
935
22
-873
-1809
-2806
-3612
-4067
-4314
-4533
-4624
-4409
-4016
-3624
-3242
-2819
-2461
-2298
-2210
-2031
-1876
-1938
-2068
-1973
-1680
-1381
-1034
-485
192
793
1397
2154
2844
3188
3294
3401
3473
3305
2937
2600
2311
1963
1664
1598
1651
1606
1485
1497
1623
1565
1269
893
473
-117
-893
-1605
-2205
-2908
-3631
-4069
-4147
-4110
-4045
-3745
-3195
-2614
-2083
-1510
-921
-521
-356
-208
-19
45
-49
-110
-8
152
300
575
1018
1455
1795
2168
2616
2932
2996
2945
2912
2785
2479
2161
1955
1745
1507
1446
1617
1855
2053
2313
2696
3010
3095
2976
2726
2257
1493
604
-299
-1266
-2346
-3310
-3948
-4389
-4724
-4886
-4749
-4423
-4087
-3670
-3153
-2703
-2445
-2282
-2085
-1938
-1951
-2036
-2008
-1859
-1678
-1385
-871
-234
378
1018
1789
2560
3080
3363
3585
3697
3573
3276
2960
2635
2216
1838
1669
1638
1576
1501
1563
1676
1687
1575
1356
1012
462
-246
-984
-1718
-2545
-3414
-4078
-4450
-4645
-4705
-4523
-4105
-3604
-3038
-2347
-1645
-1130
-787
-485
-236
-136
-158
-189
-213
-222
-132
117
481
873
1288
1785
2339
2831
3164
3359
3447
3386
3177
2914
2635
2258
1858
1623
1578
1609
1706
1937
2255
2544
2774
2991
3032
2713
2189
1584
811
-149
-1177
-2168
-3077
-3854
-4401
-4687
-4785
-4735
-4527
-4131
-3611
-3127
-2771
-2481
-2214
-2084
-2098
-2099
-2078
-2140
-2174
-1950
-1513
-1050
-508
232
1060
1814
2518
3191
3674
3878
3905
3848
3674
3308
2854
2466
2158
1926
1770
1731
1824
1928
1983
2056
2115
1960
1519
962
342
-442
-1400
-2349
-3174
-3943
-4594
-4943
-4996
-4923
-4711
-4239
-3591
-2947
-2364
-1806
-1322
-979
-759
-628
-572
-579
-623
-611
-448
-172
157
578
1147
1784
2361
2900
3401
3740
3872
3861
3744
3484
3096
2685
2319
1994
1756
1656
1690
1824
2044
2287
2503
2685
2756
2658
2348
1831
1166
340
-592
-1525
-2418
-3251
-3955
-4427
-4654
-4702
-4620
-4401
-4068
-3678
-3294
-2982
-2738
-2579
-2517
-2515
-2485
-2406
-2369
-2271
-1966
-1488
-937
-310
453
1256
1980
2640
3255
3712
3898
3884
3805
3642
3327
2942
2625
2392
2228
2133
2171
2322
2402
2404
2424
2407
2168
1663
1063
404
-402
-1332
-2221
-3008
-3775
-4448
-4833
-4964
-4989
-4903
-4616
-4141
-3634
-3193
-2753
-2307
-1948
-1729
-1514
-1252
-1077
-962
-742
-355
91
505
1003
1652
2291
2837
3346
3834
4152
4231
4236
4204
4019
3666
3274
2959
2690
2402
2185
2101
2070
2040
2058
2166
2237
2125
1915
1714
1424
910
260
-372
-1016
-1747
-2429
-2921
-3335
-3762
-4067
-4141
-4075
-4051
-4018
-3849
-3647
-3508
-3379
-3193
-3006
-2897
-2785
-2538
-2161
-1800
-1467
-973
-325
308
899
1537
2193
2673
2999
3326
3595
3652
3523
3401
3323
3170
2965
2839
2777
2679
2561
2512
2499
2385
2122
1811
1500
1082
499
-160
-802
-1469
-2201
-2873
-3368
-3807
-4247
-4525
-4578
-4548
-4520
-4388
-4126
-3825
-3546
-3251
-2864
-2477
-2155
-1790
-1348
-876
-424
28
548
1126
1652
2114
2595
3056
3404
3650
3863
4023
4022
3912
3822
3713
3494
3194
2942
2743
2499
2232
2042
1891
1679
1462
1331
1223
1047
823
600
403
174
-129
-471
-827
-1219
-1680
-2118
-2468
-2832
-3248
-3580
-3765
-3869
-3964
-3991
-3879
-3737
-3587
-3329
-2982
-2649
-2360
-2018
-1595
-1170
-781
-389
48
484
894
1309
1754
2180
2497
2766
3069
3331
3451
3468
3486
3458
3311
3117
2962
2768
2458
2155
1926
1676
1353
996
665
336
-67
-499
-902
-1329
-1819
-2324
-2776
-3176
-3594
-3999
-4301
-4498
-4628
-4707
-4640
-4430
-4200
-3912
-3471
-2944
-2433
-1915
-1316
-683
-107
440
1019
1579
2049
2476
2917
3308
3588
3788
3973
4117
4129
4063
3983
3847
3652
3416
3164
2913
2606
2277
2014
1753
1445
1134
902
720
489
274
139
19
-160
-357
-486
-623
-874
-1181
-1439
-1692
-2022
-2348
-2603
-2847
-3113
-3306
-3379
-3382
-3387
-3376
-3225
-2971
-2729
-2465
-2117
-1723
-1391
-1071
-645
-191
147
440
825
1262
1621
1909
2253
2602
2808
2937
3113
3244
3197
3045
2931
2826
2616
2319
2064
1846
1566
1252
1002
778
459
72
-276
-593
-987
-1472
-1908
-2273
-2689
-3122
-3429
-3620
-3832
-4030
-4077
-4010
-3934
-3838
-3627
-3332
-3041
-2739
-2354
-1864
-1380
-948
-429
189
775
1303
1857
2422
2870
3192
3483
3738
3839
3780
3690
3594
3410
3158
2921
2711
2507
2268
2079
1975
1826
1623
1437
1289
1100
810
511
241
-48
-381
-674
-865
-1029
-1205
-1285
-1235
-1172
-1170
-1163
-1115
-1118
-1227
-1376
-1514
-1723
-2011
-2233
-2362
-2454
-2542
-2539
-2363
-2105
-1814
-1454
-1017
-554
-153
237
650
997
1217
1349
1508
1653
1704
1725
1789
1863
1889
1929
2029
2092
2080
2044
2009
1945
1794
1549
1286
987
632
266
-110
-465
-834
-1206
-1480
-1699
-1903
-2113
-2282
-2367
-2447
-2516
-2571
-2616
-2672
-2743
-2763
-2762
-2776
-2777
-2700
-2548
-2348
-2070
-1720
-1312
-855
-360
174
726
1240
1703
2132
2520
2845
3062
3191
3265
3270
3186
3065
2954
2804
2617
2446
2310
2156
1993
1833
1659
1461
1223
962
675
354
28
-324
-669
-955
-1202
-1400
-1509
-1526
-1470
-1363
-1204
-970
-721
-539
-409
-312
-288
-361
-496
-663
-879
-1132
-1346
-1481
-1544
-1560
-1515
-1360
-1113
-828
-513
-183
123
382
602
784
916
953
908
880
872
841
815
827
885
959
1048
1185
1315
1374
1369
1347
1296
1150
930
664
365
58
-259
-545
-775
-986
-1163
-1285
-1325
-1335
-1377
-1389
-1389
-1407
-1460
-1538
-1599
-1731
-1898
-2023
-2119
-2217
-2312
-2308
-2198
-2034
-1806
-1478
-1068
-632
-163
339
841
1294
1674
2020
2331
2562
2684
2731
2743
2704
2589
2447
2314
2130
1911
1722
1579
1404
1174
956
763
538
264
9
-251
-547
-839
-1081
-1255
-1399
-1511
-1541
-1467
-1314
-1102
-841
-531
-191
109
394
677
881
953
951
925
804
614
399
186
-36
-255
-394
-469
-511
-529
-506
-427
-348
-276
-229
-216
-215
-260
-325
-361
-421
-489
-514
-480
-398
-306
-183
-13
138
256
384
506
554
534
496
454
375
253
133
44
-47
-134
-179
-194
-209
-253
-287
-300
-382
-516
-643
-792
-953
-1145
-1315
-1406
-1484
-1548
-1538
-1444
-1320
-1203
-1046
-837
-647
-494
-327
-140
14
141
304
510
692
848
1044
1269
1468
1613
1728
1822
1837
1748
1617
1467
1229
900
571
290
38
-225
-433
-537
-593
-598
-550
-452
-342
-275
-221
-132
-63
-71
-94
-68
-29
23
127
301
533
769
1030
1346
1653
1876
1986
2042
2011
1834
1540
1178
760
258
-249
-677
-1015
-1305
-1531
-1605
-1576
-1493
-1358
-1185
-1007
-897
-830
-764
-748
-806
-908
-996
-1033
-1048
-1031
-934
-761
-543
-292
8
324
562
730
845
916
907
770
592
410
194
-16
-166
-251
-313
-331
-260
-130
15
131
207
277
275
177
29
-166
-407
-693
-949
-1146
-1310
-1412
-1456
-1390
-1238
-1078
-874
-628
-397
-219
-65
84
175
186
180
200
221
213
237
309
391
479
571
693
795
834
829
821
795
693
566
457
363
280
210
205
262
325
412
557
728
871
982
1088
1189
1234
1224
1217
1192
1140
1086
1060
1055
1039
1033
1038
1022
962
851
718
549
298
4
-293
-614
-931
-1216
-1468
-1686
-1842
-1932
-1945
-1874
-1774
-1661
-1496
-1319
-1167
-1023
-914
-832
-778
-749
-700
-648
-601
-523
-403
-259
-85
122
333
531
715
878
1015
1101
1116
1083
1028
936
806
674
540
388
253
148
71
-16
-123
-205
-289
-387
-497
-635
-778
-920
-1072
-1210
-1319
-1411
-1479
-1500
-1464
-1389
-1302
-1175
-994
-822
-633
-426
-238
-46
123
285
450
591
704
793
876
942
979
995
1004
988
938
902
876
831
772
716
694
684
671
674
706
735
751
799
851
865
851
834
819
789
733
674
654
623
591
604
650
713
745
789
854
881
877
830
735
590
367
120
-125
-419
-746
-1047
-1280
-1466
-1617
-1705
-1703
-1651
-1577
-1440
-1264
-1102
-980
-869
-748
-649
-623
-610
-574
-559
-544
-496
-411
-309
-211
-84
76
231
356
440
506
560
546
482
426
332
198
69
-27
-106
-212
-289
-304
-303
-315
-316
-307
-303
-312
-345
-387
-440
-524
-609
-671
-723
-773
-813
-808
-761
-706
-631
-524
-397
-278
-169
-55
66
153
214
292
358
414
470
504
552
597
627
683
713
714
716
726
746
732
709
710
713
717
743
791
830
859
890
934
961
961
942
899
846
761
662
575
478
379
297
253
242
242
276
339
414
492
553
605
632
600
531
441
300
120
-73
-269
-448
-623
-772
-876
-947
-994
-1013
-1009
-1002
-994
-1007
-1018
-1033
-1096
-1150
-1199
-1252
-1294
-1326
-1325
-1285
-1214
-1116
-972
-805
-641
-463
-285
-114
28
132
229
306
359
407
453
494
543
589
647
714
748
776
789
771
721
629
510
370
200
10
-171
-339
-513
-670
-790
-872
-933
-984
-998
-981
-965
-937
-886
-828
-771
-701
-612
-498
-369
-239
-69
120
296
481
671
847
981
1073
1157
1209
1205
1169
1109
1040
971
892
829
791
748
722
725
749
771
750
737
729
674
598
513
405
272
137
44
-16
-70
-92
-67
15
127
245
378
511
622
712
774
790
761
681
564
441
295
119
-51
-209
-352
-481
-597
-676
-765
-859
-915
-972
-1046
-1124
-1193
-1260
-1339
-1407
-1445
-1452
-1447
-1417
-1339
-1223
-1076
-914
-752
-571
-389
-235
-93
33
124
187
245
291
328
336
354
401
427
459
503
535
547
542
531
499
431
328
214
101
-23
-164
-285
-386
-489
-577
-637
-665
-694
-718
-721
-712
-694
-689
-673
-623
-585
-548
-464
-363
-256
-126
23
214
395
573
755
919
1069
1166
1239
1290
1281
1236
1171
1099
1007
907
818
736
662
600
562
534
504
464
419
381
325
250
152
62
-23
-133
-210
-252
-280
-275
-249
-179
-75
28
149
286
398
495
567
625
664
644
598
566
512
440
362
300
258
183
123
86
18
-62
-171
-280
-392
-546
-709
-866
-1023
-1180
-1320
-1408
-1470
-1521
-1527
-1508
-1424
-1313
-1233
-1109
-976
-858
-734
-614
-502
-409
-317
-221
-118
-25
51
149
256
354
447
533
616
692
731
747
750
713
646
548
445
332
189
48
-72
-187
-298
-391
-469
-517
-564
-603
-602
-597
-599
-593
-554
-497
-455
-400
-328
-237
-140
-39
81
205
318
425
545
652
733
792
846
885
885
878
868
845
802
760
732
691
660
624
587
566
523
480
439
385
325
244
172
111
36
-31
-84
-116
-116
-113
-87
-32
19
86
158
225
296
329
365
384
371
366
336
306
278
238
216
207
199
196
198
203
191
171
130
81
13
-98
-212
-329
-463
-597
-726
-841
-930
-1016
-1076
-1109
-1133
-1133
-1117
-1103
-1079
-1041
-1003
-951
-889
-844
-766
-660
-573
-466
-340
-222
-90
40
150
252
330
384
426
440
429
391
333
264
206
134
55
-10
-86
-125
-160
-204
-227
-264
-297
-325
-359
-396
-430
-453
-478
-484
-471
-445
-393
-320
-235
-126
3
132
249
388
517
612
706
783
838
867
896
929
934
936
942
949
950
936
922
900
858
795
719
642
540
419
302
191
68
-41
-117
-188
-235
-254
-248
-217
-183
-136
-78
-16
36
68
106
132
145
150
151
165
171
173
185
214
245
271
297
311
322
323
310
279
219
147
81
3
-80
-169
-260
-326
-392
-457
-497
-532
-569
-610
-633
-636
-655
-687
-718
-733
-740
-753
-767
-764
-745
-726
-697
-654
-604
-551
-496
-437
-370
-335
-307
-241
-218
-213
-191
-182
-170
-160
-152
-141
-124
-115
-106
-90
-98
-98
-98
-108
-106
-118
-126
-116
-107
-86
-59
-28
14
58
102
153
198
235
279
302
323
349
365
395
408
430
458
491
542
576
625
683
718
746
770
774
746
708
660
582
500
409
319
242
168
113
74
43
19
10
18
20
26
19
8
11
-3
-17
-18
-23
-23
1
46
93
139
214
296
365
429
479
530
558
554
536
511
477
412
329
263
213
159
94
37
-14
-60
-103
-151
-208
-283
-366
-446
-515
-601
-709
-773
-824
-877
-900
-901
-871
-830
-774
-700
-618
-541
-478
-417
-357
-319
-308
-280
-269
-274
-267
-265
-245
-225
-209
-180
-148
-119
-87
-51
-38
-37
-57
-72
-77
-112
-158
-195
-219
-233
-241
-238
-220
-188
-152
-100
-46
-1
33
53
82
104
86
70
67
66
62
54
72
97
121
165
209
258
309
345
390
436
449
456
467
468
446
436
430
407
392
383
376
377
377
373
366
374
373
357
362
366
346
325
321
322
303
287
283
270
255
238
218
205
188
163
143
117
104
85
60
59
44
24
22
8
5
-6
-23
-30
-50
-69
-103
-126
-136
-166
-176
-189
-200
-205
-211
-197
-188
-188
-195
-204
-206
-217
-233
-261
-291
-320
-352
-367
-377
-378
-368
-356
-322
-289
-266
-224
-185
-168
-163
-159
-153
-167
-205
-234
-256
-288
-307
-335
-349
-321
-311
-290
-253
-236
-207
-179
-158
-145
-160
-158
-151
-165
-179
-180
-165
-138
-108
-80
-23
49
113
174
226
274
304
316
330
319
284
255
225
198
171
146
145
154
176
201
234
277
308
329
338
348
342
302
268
239
200
162
149
141
129
145
173
207
239
259
280
294
292
268
234
212
171
119
86
59
44
38
46
67
86
115
140
159
182
166
139
123
77
22
-29
-73
-101
-137
-154
-143
-129
-107
-72
-33
3
23
27
27
24
-15
-74
-128
-184
-249
-303
-346
-366
-380
-393
-362
-334
-311
-281
-248
-215
-208
-210
-213
-223
-245
-270
-285
-303
-310
-304
-286
-242
-202
-165
-112
-63
-17
8
25
41
21
-2
-26
-57
-85
-114
-135
-143
-139
-127
-101
-69
-32
16
35
55
89
97
93
78
64
46
33
34
23
20
40
63
92
120
143
184
215
231
245
244
252
248
222
213
204
190
182
185
200
209
225
244
265
277
280
297
304
283
269
262
241
222
204
189
183
164
164
171
158
160
146
139
122
83
69
35
-9
-50
-91
-117
-163
-199
-214
-241
-260
-273
-284
-280
-283
-286
-259
-243
-225
-194
-170
-134
-101
-83
-60
-39
-24
-17
-17
-13
-13
-17
-21
-35
-41
-35
-40
-45
-44
-46
-50
-60
-77
-109
-136
-167
-210
-246
-294
-324
-327
-349
-357
-349
-332
-302
-263
-229
-200
-163
-131
-108
-93
-82
-80
-76
-66
-55
-44
-32
5
38
70
108
141
163
185
207
202
184
165
139
114
77
45
26
20
21
25
59
97
133
183
223
265
294
305
313
313
299
272
255
237
225
214
196
208
226
229
249
269
279
291
291
278
253
221
181
126
92
60
5
-17
-20
-30
-22
-21
-9
14
26
38
36
22
6
-15
-51
-83
-110
-141
-162
-171
-169
-163
-145
-111
-89
-66
-28
-7
-1
2
0
-8
-28
-53
-73
-84
-92
-100
-102
-99
-92
-89
-74
-70
-88
-92
-103
-141
-176
-214
-253
-291
-326
-341
-358
-354
-340
-329
-288
-258
-239
-208
-183
-170
-157
-145
-150
-154
-155
-159
-147
-125
-112
-87
-35
9
51
106
143
183
212
219
228
220
213
191
167
153
130
113
105
102
103
107
96
99
106
101
103
94
81
74
70
62
62
60
62
82
99
124
148
163
192
207
212
221
216
215
211
203
195
177
175
169
166
173
168
161
161
160
149
128
102
79
48
10
-10
-28
-44
-48
-54
-55
-37
-27
-18
-9
-7
-2
-18
-31
-33
-57
-79
-102
-117
-123
-136
-134
-129
-121
-108
-109
-105
-101
-109
-116
-132
-159
-195
-218
-237
-262
-279
-282
-284
-284
-257
-228
-204
-184
-157
-119
-113
-98
-79
-83
-86
-88
-92
-97
-93
-88
-92
-71
-41
-27
-12
8
24
42
42
42
37
20
9
-6
-10
-11
-27
-28
-5
17
31
55
92
121
146
171
180
185
182
168
150
135
114
99
97
100
104
104
122
146
161
172
182
193
192
191
178
152
126
111
95
73
64
60
64
79
86
90
104
109
111
113
103
90
77
66
46
28
10
-4
-17
-22
-27
-32
-28
-36
-52
-63
-78
-95
-122
-139
-147
-171
-180
-172
-168
-164
-153
-129
-114
-95
-64
-52
-46
-43
-42
-42
-57
-72
-76
-84
-93
-93
-91
-95
-94
-87
-94
-94
-99
-112
-126
-148
-159
-183
-200
-209
-216
-209
-197
-172
-148
-128
-94
-60
-41
-28
-14
-1
3
12
16
19
31
46
61
85
116
134
159
194
210
216
217
205
190
174
140
118
103
91
78
70
80
87
88
100
118
124
123
118
109
91
66
35
11
-7
-29
-29
-25
-16
12
39
66
99
124
136
147
154
146
126
97
68
37
3
-29
-41
-54
-68
-43
-23
-15
19
37
43
53
51
48
28
1
-16
-44
-78
-89
-102
-112
-102
-77
-51
-42
-23
5
11
13
3
-33
-70
-88
-118
-162
-191
-211
-215
-211
-197
-174
-152
-117
-88
-61
-39
-36
-28
-30
-52
-73
-94
-115
-133
-143
-142
-131
-121
-100
-68
-48
-22
8
23
29
31
24
10
5
-11
-19
-22
-18
12
30
48
99
142
168
198
207
225
227
208
201
170
130
111
85
65
54
41
36
48
56
59
74
86
75
61
41
16
-6
-32
-54
-74
-92
-99
-87
-70
-56
-30
-2
25
49
64
80
84
76
63
53
41
30
26
21
27
43
47
58
76
85
86
82
66
43
30
-6
-39
-71
-102
-120
-146
-144
-132
-121
-100
-82
-64
-42
-23
-26
-34
-34
-43
-65
-80
-87
-99
-110
-101
-85
-58
-28
-11
15
46
55
54
51
43
28
-6
-28
-42
-57
-72
-86
-66
-47
-31
3
29
48
67
72
75
71
44
30
18
-7
-19
-17
-15
-4
14
43
75
99
122
146
152
150
135
110
90
54
17
-13
-42
-56
-53
-45
-34
-6
17
45
72
89
96
96
91
65
39
11
-17
-45
-70
-85
-80
-64
-56
-29
1
23
43
50
53
37
17
-4
-46
-68
-92
-118
-120
-127
-119
-98
-81
-42
-11
9
28
42
42
16
-8
-34
-75
-105
-123
-135
-144
-141
-120
-97
-70
-28
10
35
54
63
54
42
17
-15
-38
-65
-82
-94
-88
-65
-52
-16
29
53
90
118
123
126
104
83
59
22
-2
-24
-47
-54
-43
-28
-5
33
76
100
108
134
143
122
100
65
32
-3
-47
-74
-88
-94
-81
-52
-10
31
64
104
132
147
147
135
127
102
67
33
6
-12
-34
-41
-23
-9
2
24
48
61
74
69
48
33
6
-30
-45
-65
-98
-107
-100
-92
-79
-62
-40
-13
9
25
36
33
23
-4
-28
-54
-94
-111
-127
-141
-134
-136
-118
-96
-71
-41
-31
-4
1
-1
11
-5
-20
-28
-43
-58
-64
-59
-57
-53
-38
-26
-8
16
26
30
35
21
21
14
-2
-8
-22
-17
-20
-27
-10
-1
14
40
50
52
69
79
68
61
53
36
22
8
-4
-3
-11
-24
-16
-1
20
34
42
57
68
74
79
91
93
79
76
72
66
59
46
45
45
40
33
31
43
39
29
25
11
9
-6
-15
-16
-37
-46
-37
-35
-37
-30
-20
-14
-3
-2
-7
14
20
10
2
-5
-9
-20
-22
-32
-39
-35
-42
-42
-32
-39
-42
-29
-35
-40
-28
-29
-33
-25
-21
-17
-14
-2
7
12
20
19
23
27
21
16
10
-7
-13
-21
-32
-39
-37
-43
-52
-38
-27
-33
-34
-22
-19
-30
-32
-29
-35
-41
-28
-25
-27
-23
-11
8
16
27
43
50
58
59
53
56
57
47
34
33
34
38
41
39
43
52
63
66
62
67
60
36
25
15
-6
-19
-24
-38
-42
-40
-28
-13
-11
12
30
43
50
36
36
31
21
5
-23
-29
-36
-39
-35
-35
-25
-11
-2
9
19
23
26
19
6
-8
-25
-35
-61
-87
-87
-94
-89
-77
-69
-48
-37
-22
-6
8
15
5
-3
-13
-12
-13
-37
-43
-38
-35
-14
3
22
44
54
77
94
93
88
77
57
32
19
-7
-32
-45
-55
-62
-61
-58
-49
-27
-19
-14
-4
10
16
4
5
2
-13
-14
-16
-19
-16
-10
-3
11
26
31
40
43
42
46
34
23
13
5
1
-14
-19
-20
-12
2
7
14
33
44
48
56
50
57
68
51
36
33
33
21
21
20
6
4
6
7
6
5
-2
4
9
1
-1
2
4
5
17
12
11
23
22
19
19
13
1
-7
-11
-22
-33
-27
-27
-50
-46
-43
-50
-37
-33
-30
-33
-35
-40
-51
-49
-51
-55
-58
-49
-33
-31
-24
-9
-7
2
21
21
18
19
13
1
-15
-30
-40
-40
-42
-44
-29
-17
-18
0
12
18
33
38
44
41
19
3
-13
-28
-38
-49
-57
-58
-60
-56
-41
-22
-11
-2
19
25
22
27
23
23
15
-3
3
9
5
17
25
37
53
63
82
89
95
89
65
65
47
18
2
-22
-28
-35
-40
-28
-25
-17
2
25
40
48
49
49
43
27
14
-6
-20
-30
-48
-54
-48
-31
-22
-5
13
27
46
46
42
51
40
22
6
-22
-34
-48
-56
-45
-44
-34
-15
-2
20
33
44
55
41
23
4
-15
-42
-73
-92
-103
-106
-103
-88
-63
-45
-19
4
26
50
56
49
35
12
-10
-36
-57
-73
-88
-78
-70
-58
-30
-1
26
50
72
87
98
80
55
35
7
-15
-43
-53
-62
-61
-46
-19
14
36
69
96
118
123
115
103
64
39
12
-33
-56
-70
-90
-91
-62
-35
-4
30
58
83
102
108
107
96
59
27
-5
-35
-58
-85
-89
-79
-65
-34
0
31
56
73
81
72
59
35
3
-28
-60
-94
-117
-127
-129
-107
-82
-38
1
30
71
101
112
103
76
61
43
0
-40
-58
-74
-89
-95
-84
-54
-30
-4
25
43
61
62
51
30
-2
-37
-83
-103
-117
-120
-115
-115
-90
-58
-22
14
40
70
90
90
79
62
40
11
-22
-45
-66
-73
-63
-50
-29
0
34
60
80
103
110
110
98
77
57
28
-6
-22
-33
-38
-42
-38
-13
8
26
47
68
65
58
53
36
25
6
-20
-38
-46
-45
-33
-24
-7
18
37
57
72
78
81
83
60
31
14
-4
-25
-48
-53
-46
-44
-40
-28
-7
10
26
30
31
35
14
-7
-7
-22
-43
-54
-50
-42
-29
-18
-14
14
33
35
34
26
18
8
-26
-44
-55
-82
-95
-94
-74
-64
-49
-8
9
21
53
67
62
52
37
27
-3
-31
-43
-56
-62
-67
-55
-32
-9
17
32
44
58
62
49
34
20
-12
-38
-59
-82
-80
-76
-52
-28
-11
22
49
83
99
98
101
87
56
29
2
-25
-57
-76
-84
-80
-55
-37
-10
21
43
73
93
91
96
79
49
28
-3
-32
-60
-69
-64
-59
-48
-28
8
35
54
81
89
79
75
61
37
8
-18
-44
-70
-75
-66
-62
-44
-15
11
33
53
66
71
63
40
21
0
-31
-60
-87
-103
-109
-109
-94
-82
-55
-17
9
31
40
52
51
45
33
17
3
-20
-34
-45
-50
-46
-37
-9
13
16
28
59
64
53
58
46
26
8
-12
-18
-24
-29
-29
-27
-15
-6
12
38
45
49
57
55
43
31
11
-6
-22
-31
-31
-37
-43
-38
-24
-19
-13
3
14
21
26
29
21
10
10
2
2
4
1
11
18
18
30
37
36
39
40
33
19
11
6
-7
-22
-33
-25
-20
-24
-16
-1
5
11
21
23
17
17
4
-4
-10
-31
-34
-38
-43
-46
-39
-25
-21
-10
4
9
9
9
11
2
-18
-34
-40
-53
-58
-54
-56
-51
-39
-25
-10
2
8
16
24
19
10
0
-18
-35
-44
-54
-58
-52
-48
-37
-23
7
26
34
52
53
56
58
50
33
21
12
-17
-32
-26
-26
-27
-20
1
13
24
37
38
48
44
36
27
7
-10
-21
-29
-40
-40
-44
-36
-15
-1
21
28
37
55
58
53
53
43
26
12
-10
-11
-12
-23
-19
-20
-18
5
9
16
35
32
34
31
12
2
-4
-14
-23
-32
-43
-40
-32
-28
-22
-16
-5
14
28
33
33
29
22
19
4
2
6
-14
-22
-21
-11
-7
-12
-2
3
10
12
17
21
12
12
5
-5
-2
-10
-18
-20
-19
-17
-24
-30
-20
1
-5
-6
3
3
1
-7
5
4
-5
6
-3
-7
-6
-15
-14
-15
-12
-3
0
-1
4
7
8
12
18
23
16
7
7
7
3
3
2
-13
-16
-6
-8
0
3
-1
14
31
39
34
32
39
24
15
15
5
-3
-9
-17
-21
-21
-17
-13
-8
2
15
26
27
22
26
19
1
4
-5
-28
-31
-38
-45
-31
-16
-9
2
7
14
28
41
45
25
24
21
-8
-29
-42
-47
-53
-61
-57
-45
-24
-1
16
42
60
68
70
56
53
48
19
1
-19
-33
-39
-52
-48
-42
-32
-12
9
27
41
51
50
42
25
9
-8
-35
-60
-62
-66
-76
-70
-59
-32
-5
13
32
47
56
61
52
42
27
-7
-31
-52
-69
-75
-79
-71
-51
-29
-3
30
50
56
64
69
73
54
32
12
-24
-43
-57
-77
-73
-60
-52
-33
-6
19
41
60
72
76
63
47
27
6
-14
-44
-59
-59
-62
-50
-28
-18
13
45
54
77
85
81
82
56
33
21
-20
-49
-46
-59
-74
-56
-37
-27
4
32
47
66
76
73
72
54
28
15
-13
-34
-45
-58
-58
-56
-41
-17
4
21
39
51
63
58
50
42
22
4
-24
-49
-55
-63
-52
-42
-41
-31
-10
15
27
44
48
46
44
21
0
-12
-25
-49
-64
-67
-63
-58
-47
-27
-19
3
20
25
33
31
26
20
7
-11
-28
-46
-54
-50
-45
-42
-41
-25
-3
2
12
24
35
38
23
17
11
-4
-21
-36
-35
-37
-44
-34
-31
-26
-4
5
8
11
13
16
10
10
3
-10
-9
-18
-29
-23
-14
-9
-2
3
8
17
26
25
19
26
24
15
15
2
-10
-8
-14
-15
-9
-2
-4
1
8
4
4
8
10
1
1
-4
-6
-10
-18
0
-3
-13
-6
-3
4
3
10
-1
-7
-4
-13
-14
-19
-17
-21
-21
-14
-9
5
0
-2
6
0
1
6
11
2
-1
3
-8
-19
-11
-5
-10
5
9
8
18
20
22
21
17
16
7
-3
-5
-7
-8
-11
-12
-12
-2
13
19
30
31
29
34
21
17
14
4
-3
-21
-29
-30
-25
-17
-19
-8
4
13
28
44
50
47
40
31
26
19
-1
-8
-12
-30
-33
-25
-17
-5
6
11
21
36
42
45
40
31
19
10
-11
-32
-28
-30
-33
-27
-13
2
11
20
35
58
62
54
50
41
30
7
-14
-29
-57
-66
-53
-54
-49
-37
-23
-3
21
35
37
36
38
28
8
-1
-19
-39
-51
-65
-69
-63
-47
-36
-19
2
10
28
36
45
52
32
23
2
-28
-32
-50
-65
-55
-47
-40
-22
-11
-2
24
42
53
59
55
37
24
-2
-27
-33
-52
-61
-56
-61
-54
-46
-25
5
25
46
47
57
63
42
38
25
2
-10
-32
-41
-39
-40
-37
-23
-5
19
29
39
55
59
56
35
23
19
-3
-15
-30
-40
-40
-42
-31
-18
7
23
26
50
61
52
40
41
33
16
4
-12
-23
-30
-33
-28
-16
-3
-8
3
27
37
46
50
45
33
16
5
-6
-12
-14
-24
-19
-13
-12
3
7
12
24
24
22
16
17
13
-2
-5
-10
-19
-29
-22
-12
-11
-6
6
15
10
15
18
8
10
9
-1
-7
-6
-11
-10
-3
-7
-4
4
9
16
19
14
20
13
-2
6
-7
-25
-22
-20
-10
-1
-2
4
17
27
19
14
14
9
11
-4
-18
-11
-13
-27
-18
-16
-14
6
10
18
26
31
40
30
18
8
4
-9
-24
-31
-43
-43
-40
-29
-10
0
8
18
29
41
36
28
20
1
-12
-32
-51
-50
-48
-40
-42
-37
-8
7
14
31
45
49
50
35
25
3
-21
-23
-48
-63
-63
-52
-38
-39
-21
2
18
40
49
54
56
31
16
8
-19
-47
-60
-68
-78
-75
-60
-40
-17
11
32
40
46
58
59
43
21
0
-20
-42
-56
-64
-73
-67
-47
-26
-9
7
36
60
64
69
63
37
31
13
-21
-44
-60
-65
-68
-66
-56
-31
4
31
51
73
78
79
73
54
26
-6
-24
-45
-70
-72
-76
-69
-51
-26
9
30
49
73
75
74
67
42
22
-10
-35
-51
-71
-71
-71
-61
-33
-8
18
41
68
89
91
88
82
55
27
-6
-41
-57
-74
-80
-71
-57
-36
-13
21
51
69
83
89
79
62
47
23
-13
-42
-61
-73
-70
-64
-50
-24
2
32
52
71
81
71
70
54
28
2
-27
-46
-61
-72
-72
-61
-46
-15
10
32
56
63
76
78
62
40
9
-18
-36
-49
-67
-77
-67
-54
-40
-10
17
38
55
66
74
65
52
39
13
-23
-40
-56
-72
-58
-55
-42
-21
-7
19
32
49
58
56
56
32
6
-10
-28
-50
-56
-58
-65
-56
-39
-19
6
27
35
45
60
61
46
30
16
-9
-28
-42
-42
-46
-57
-45
-28
-4
26
37
38
54
53
35
34
21
5
-6
-23
-36
-44
-36
-30
-25
-15
4
33
45
41
37
37
25
18
4
-12
-20
-40
-47
-46
-42
-29
-23
-3
11
25
44
37
38
34
23
11
-4
-23
-33
-37
-54
-52
-39
-34
-11
4
7
22
28
25
28
21
7
0
-10
-32
-42
-40
-44
-38
-26
-19
-5
3
10
27
29
24
18
6
2
-13
-29
-30
-37
-32
-25
-29
-21
8
14
14
29
30
28
20
19
6
-5
-8
-21
-22
-35
-28
-15
-11
3
6
24
39
35
43
28
14
0
-18
-11
-19
-29
-17
-14
-9
8
10
23
40
45
50
41
31
31
19
13
-9
-26
-23
-35
-24
-12
-9
14
28
30
39
46
48
46
34
22
8
-6
-20
-37
-38
-27
-24
-8
10
13
27
34
34
46
44
29
14
-1
-27
-35
-35
-53
-44
-37
-33
-18
-3
19
26
35
43
31
23
13
1
-15
-36
-52
-56
-45
-46
-44
-29
-19
4
23
27
39
48
31
21
3
-18
-25
-41
-53
-60
-65
-55
-32
-20
-4
22
29
31
38
36
29
22
-1
-12
-27
-48
-50
-56
-48
-41
-23
-1
11
25
37
50
51
41
28
15
5
-11
-21
-35
-44
-40
-41
-24
-3
5
26
37
39
50
47
35
31
18
1
-9
-29
-36
-32
-32
-25
-8
12
28
46
45
46
52
38
31
20
7
0
-16
-23
-33
-32
-27
-22
2
12
16
30
37
35
26
23
16
-3
-10
-22
-36
-34
-48
-41
-28
-21
-1
6
22
23
22
28
16
17
7
-16
-27
-36
-33
-34
-36
-40
-27
-2
-5
1
16
23
21
16
4
-8
-7
-17
-24
-36
-32
-15
-30
-22
-9
-7
9
14
16
22
10
6
4
-7
-15
-15
-17
-23
-26
-23
-8
5
11
23
22
19
18
19
26
23
7
-8
-18
-22
-18
-10
-3
8
10
13
28
32
33
37
28
17
5
-1
-5
-6
-8
-10
-4
-1
3
10
16
16
20
35
35
28
27
8
2
-8
-25
-22
-23
-14
-3
-1
-3
5
24
31
31
25
23
12
-4
-8
-23
-34
-30
-28
-27
-22
-17
-8
0
9
23
24
18
17
-1
-13
-8
-20
-35
-35
-44
-50
-43
-26
-5
5
14
21
29
31
16
20
6
-26
-29
-43
-47
-39
-52
-40
-26
-25
-2
4
11
24
28
36
22
20
5
-21
-26
-33
-44
-48
-47
-41
-20
-5
6
26
42
44
48
40
27
22
0
-22
-30
-29
-34
-33
-23
-18
-5
15
32
43
47
50
50
44
31
18
4
-10
-29
-39
-31
-29
-19
-10
-1
24
40
47
56
55
58
49
22
1
-8
-18
-35
-43
-34
-23
-26
-16
11
26
39
50
51
44
36
25
5
-10
-18
-35
-51
-49
-41
-34
-28
-8
17
22
32
37
37
39
28
9
-11
-15
-29
-53
-53
-46
-40
-31
-23
-3
