-6
0
0
-9
-11
-1
-3
1
1
-4
-12
-10
4
0
-8
-4
-4
-10
-1
2
-4
-2
-1
-13
-14
-1
6
-12
-18
-7
-5
-1
0
-1
-2
-2
4
12
22
17
3
5
8
-2
-5
-5
1
9
8
10
3
3
9
1
3
-1
-2
4
-4
0
6
10
22
16
8
21
17
7
11
6
1
7
5
3
9
7
13
8
0
11
7
2
-5
-7
2
-2
-12
-4
2
-12
-10
-6
-1
0
4
12
9
14
12
6
-1
-5
2
-7
-13
-8
-3
0
-6
-11
-12
-8
-9
-13
-9
-11
-8
-7
-13
-5
-5
-7
0
0
-2
-2
-7
-13
-9
1
-3
-8
-2
-11
-11
-7
-10
-4
0
-5
-8
-1
5
1
7
16
3
-1
4
-3
-5
-5
2
4
3
9
10
10
7
6
0
5
9
1
5
2
-7
3
-1
2
20
7
4
10
5
2
-1
7
13
2
-3
-4
2
11
3
3
16
10
-3
-4
-2
-2
2
-1
-5
-4
-7
-5
12
12
4
6
2
-1
-3
-1
3
-4
-2
-2
-6
-12
-16
-13
-14
-7
-2
-2
-2
1
-1
-4
4
-6
-12
-12
-11
-6
-4
-4
-2
-5
5
8
1
-3
-8
-6
-1
-1
-4
-9
-13
-6
5
2
-3
-6
-3
-8
-7
3
-5
-3
5
7
6
3
-7
-3
8
-4
-6
1
-8
-15
-13
-8
3
5
-5
-3
4
3
5
4
6
4
2
6
14
19
15
13
14
10
5
4
6
7
5
1
6
0
-5
5
-5
-5
5
5
4
2
6
9
13
7
3
9
3
0
7
-1
-4
0
6
11
0
0
-1
-10
-8
-2
2
-3
-14
-11
-5
-5
-14
-8
1
-7
0
1
-12
-9
-15
-16
-12
-10
2
-4
-6
-1
-17
-11
-7
-4
6
0
7
1
-5
-2
-17
-7
-8
-11
5
-1
-7
-8
-6
-10
-13
-6
-7
-8
-2
1
2
3
0
-5
-2
-7
-4
4
-9
-2
10
3
1
-8
-6
-3
-8
3
2
6
7
-2
-4
2
13
11
8
1
1
3
-5
-1
0
0
3
0
-1
3
1
-2
8
8
6
5
-2
6
6
9
9
2
4
5
5
8
10
9
12
15
12
11
11
0
-4
7
1
-11
-6
2
-4
-10
-14
1
3
-11
1
2
1
6
-1
1
-1
-2
-7
-12
-1
-4
-4
3
-1
0
1
-3
-7
-5
5
8
6
5
2
-3
-12
-11
-3
-8
-9
-4
3
-1
-5
-7
-9
-8
-1
2
9
3
-6
5
6
3
6
2
3
-2
-4
9
7
4
5
-6
-16
-5
6
5
1
2
10
0
-5
-1
0
1
-1
3
-9
-9
5
0
14
18
6
10
3
3
15
8
7
12
1
6
17
7
3
6
1
-6
-3
0
3
8
13
6
4
10
6
2
0
-4
-2
-11
-10
-4
-10
0
-1
-2
-1
-6
-1
0
2
-6
-12
-6
-10
-12
-10
-8
-11
-6
0
-14
-8
2
-3
-2
-3
0
-2
-4
2
-7
-9
-9
-10
3
-6
-22
-9
5
-2
5
7
6
8
-2
-5
3
11
4
-2
-2
-3
-1
3
5
3
9
5
-1
8
3
1
-2
-5
-2
3
8
1
13
13
4
10
8
5
4
11
6
-2
1
4
3
-6
-9
-5
2
1
-1
-1
-6
-4
6
3
-3
-4
-1
-2
2
5
4
5
6
12
13
8
5
5
5
3
10
7
1
15
18
10
9
7
8
15
13
6
2
8
12
5
6
4
-3
1
-2
1
1
-9
-5
-1
2
3
-8
-12
-6
-7
-7
-9
-16
-23
-29
-17
-6
-8
-3
-4
-8
-9
-11
-4
-2
-6
-13
-8
-11
-16
-16
-23
-17
-13
-23
-14
-3
-6
-2
-2
-7
-3
-7
-7
0
-16
-20
-2
-9
-12
-3
-7
-5
3
-2
-1
-5
-8
3
2
1
1
0
6
10
8
5
8
8
11
6
-6
5
14
2
-5
6
5
3
13
6
2
11
10
8
11
12
11
4
-2
11
8
11
14
2
9
4
-1
4
0
2
0
-2
6
7
-3
2
7
-4
-4
-2
3
11
3
7
9
2
2
2
4
5
-1
-3
3
-1
-2
1
-6
-3
3
-2
4
10
2
7
-3
-3
4
-2
6
1
-3
-4
-4
-5
-6
-5
-2
3
-9
-5
3
-5
-9
-2
4
12
18
8
4
-3
-7
1
-8
-7
1
-3
-2
1
0
10
9
5
16
17
16
13
2
3
0
-10
-4
-2
-2
11
7
4
11
-3
-5
2
-3
-3
-5
-3
-1
-4
-4
0
11
5
-5
0
6
7
4
6
9
14
3
-1
5
-1
5
6
-1
-2
0
6
8
9
4
6
5
-2
4
5
-4
0
2
0
6
6
-2
-3
-3
-1
6
0
-5
7
9
6
3
0
3
-4
-9
-7
-7
-6
-11
-14
-8
-10
-2
9
-3
3
10
6
-1
1
1
-9
1
-5
-8
-1
-8
-3
1
3
-8
-7
-2
-5
-2
3
2
0
5
5
0
0
-1
-6
0
1
-5
-5
0
7
14
15
3
-2
8
7
7
17
8
6
20
22
21
25
18
22
14
4
6
-1
8
5
0
9
-3
-5
2
-5
0
9
3
1
7
4
-3
-1
8
7
5
8
8
0
2
3
5
15
9
2
4
-5
3
5
3
14
10
7
11
7
6
-5
-1
11
4
8
4
8
7
2
6
-1
-4
-9
-6
2
-6
2
5
-6
-3
-4
-6
2
6
4
-3
-9
-5
-6
-15
-6
-5
-12
-15
-13
-5
-8
-8
-4
-10
-7
-4
-1
9
2
-1
12
4
-7
1
-3
-11
-10
-5
-3
6
3
-3
5
3
-8
-4
-8
-9
5
4
10
11
0
7
12
4
3
0
0
-4
2
8
6
3
8
9
8
14
7
13
13
-3
9
8
-12
-8
4
-3
-10
-8
-3
-3
2
7
0
2
7
1
2
-6
-9
2
-2
-8
-9
-6
-6
-3
1
-1
-6
-6
5
-6
-14
1
-6
-4
10
2
3
6
-12
-5
9
-7
-14
-1
-9
-22
0
6
-11
7
9
-22
-14
6
-10
-6
12
-9
-15
4
1
1
3
-5
-5
-6
-24
-19
5
4
5
9
-9
-21
-14
1
7
-4
9
8
-23
-6
-2
-18
10
21
-8
0
19
-12
-8
15
-10
-6
-3
-14
-4
-5
0
12
8
-12
0
4
-23
-3
1
-8
2
-1
7
6
-7
-1
20
13
-5
5
-10
-16
14
-12
-13
25
-8
-23
10
-5
-14
20
6
-24
-6
-7
-17
8
2
-6
-7
-2
4
-5
7
4
2
17
-3
-4
20
-18
-21
26
-11
-21
25
-15
-16
0
-32
15
19
-36
8
25
-43
-6
31
-36
-4
23
-39
-3
29
-20
-19
-11
-2
12
-24
2
25
-44
-10
38
-42
-22
34
-34
-21
34
-23
-31
12
7
1
5
16
-11
-20
6
-10
-2
3
-12
10
-18
-40
17
-18
-67
40
29
-69
38
58
-70
-2
58
-52
-33
26
-19
1
10
-9
16
-11
-9
42
-15
-21
48
-20
-43
67
4
-50
68
-5
-33
51
-28
3
12
-52
64
14
-83
84
19
-94
69
10
-67
51
10
-24
3
-12
31
-19
-48
60
-19
-59
54
-35
-69
43
3
-32
-3
-20
10
-14
-34
45
-8
-62
26
13
-76
5
49
-71
-11
68
-47
-28
68
-37
-57
60
-14
-30
38
-21
12
-15
-44
41
-48
-42
36
-60
-28
41
-48
0
25
-44
41
0
-40
59
-14
-34
59
-12
-39
37
3
-15
-15
16
42
-63
39
89
-112
61
98
-148
84
71
-150
93
61
-120
56
47
-87
33
48
-47
16
53
-26
-14
49
-9
-26
32
21
-27
18
20
-51
33
7
-41
39
-11
19
-18
-19
96
-86
-33
132
-103
-18
145
-120
-10
126
-99
-15
95
-52
-32
90
-10
-89
67
25
-129
98
41
-116
108
15
-97
40
42
-95
3
99
-94
28
52
-90
57
-25
-52
88
-46
-33
114
-77
-10
138
-105
2
84
-119
19
104
-113
28
60
-142
86
-12
-96
97
-24
-61
44
29
-93
34
53
-101
15
32
-31
1
-2
15
13
-57
57
39
-89
56
62
-91
-13
156
-106
-74
223
-155
-56
238
-159
16
152
-163
126
23
-157
235
-80
-168
333
-187
-181
390
-293
-84
364
-295
2
241
-183
6
137
-73
-44
121
-80
-4
135
-201
137
35
-179
245
-129
-24
195
-187
76
118
-180
112
88
-192
153
85
-211
179
118
-273
175
107
-273
183
67
-171
71
84
-86
-48
154
-66
-40
90
-40
25
-75
90
8
-159
159
-3
-113
77
64
-126
-7
127
-136
16
77
-76
16
-30
50
-27
-52
107
-68
-46
101
-32
-71
116
-6
-103
94
-10
-150
167
-21
-194
276
-204
-63
271
-342
123
114
-276
198
-36
-141
184
-114
8
57
-91
52
-1
-9
-47
141
-125
-71
267
-304
40
285
-309
50
282
-279
-14
321
-277
-34
261
-194
-25
167
-95
-87
143
-86
-8
52
-12
49
-75
128
-122
40
103
-220
266
-116
-162
370
-334
36
314
-403
138
241
-324
101
264
-390
114
253
-417
210
187
-349
165
194
-304
78
274
-363
89
273
-372
170
144
-253
60
153
-213
-12
209
-270
125
43
-141
140
-87
-45
140
-105
-122
316
-191
-169
408
-312
-142
424
-406
12
283
-369
177
27
-156
60
-52
27
-105
90
27
-219
230
-84
-214
342
-230
-119
300
-224
-29
134
8
-148
19
212
-307
94
184
-220
40
110
-52
-163
195
-74
-112
215
-132
-9
107
-102
11
106
-108
77
7
-69
126
-136
154
-94
-44
204
-271
221
-4
-118
137
-67
79
-129
146
-6
-173
299
-243
124
54
-220
345
-366
167
134
-395
418
-146
-208
415
-274
-167
386
-239
-104
287
-133
-142
258
-144
-72
214
-232
109
5
-72
88
-62
3
24
-70
-24
160
-309
232
0
-375
515
-373
-72
376
-383
61
242
-192
-139
340
-127
-263
405
-168
-255
322
-65
-191
224
-8
-220
225
-68
-189
209
-48
-223
289
-74
-244
340
-227
-88
229
-158
-79
199
-99
-84
257
-166
-102
230
-192
-37
287
-216
18
196
-164
-71
198
-130
-187
445
-317
-48
460
-499
121
273
-376
145
187
-221
156
17
-52
145
-147
27
160
-177
81
288
-330
236
88
-288
294
-164
0
181
-94
60
110
-185
126
-41
-136
276
-272
242
-35
-93
214
-327
221
-9
-105
52
158
16
-294
379
-131
-279
401
-268
58
188
-287
301
-87
-253
202
-20
-206
72
244
-345
199
153
-423
382
-245
-71
267
-160
39
47
129
-355
291
-18
-419
715
-460
-94
716
-722
98
419
-505
73
264
-238
39
135
-190
175
-240
50
112
-295
376
-231
92
106
-228
227
-254
241
-127
-15
312
-303
236
-94
-9
57
-163
225
-91
51
82
-130
251
-300
25
289
-422
235
171
-247
142
129
-320
265
-46
-187
359
-241
101
106
-160
51
36
-139
137
99
-159
219
-54
-69
133
-156
-14
131
-111
-72
322
-310
7
312
-431
227
-11
18
58
-178
414
-426
37
342
-435
167
192
-123
-109
335
-221
-177
418
-421
70
306
-384
129
299
-510
214
191
-516
377
-111
-71
190
-221
295
-336
107
206
-503
525
-138
-221
326
-122
-127
-31
261
-283
8
282
-230
-72
108
54
-363
270
37
-373
435
-149
-104
165
-42
-216
115
207
-446
401
49
-425
473
-226
-245
503
-419
74
376
-476
363
-144
-78
288
-434
387
-114
-141
185
-156
235
-300
82
191
-301
46
199
-50
-170
228
-120
-43
149
-260
320
-14
-331
422
-106
-248
331
-188
21
203
-299
179
87
-268
196
0
-94
132
-170
161
19
-184
83
165
-200
-91
451
-363
-35
407
-494
152
324
-521
355
167
-339
86
191
-113
-372
551
-218
-286
531
-371
-10
256
-327
34
301
-347
67
342
-356
77
111
-161
38
13
-41
-10
181
-256
84
121
-454
332
-182
-120
470
-499
71
432
-628
77
353
-436
144
105
-104
136
-145
-17
80
-34
-124
169
115
-291
315
-82
-202
308
-381
189
178
-410
484
-160
-333
391
-319
-78
261
-116
-128
204
132
-454
255
240
-586
308
261
-377
273
20
-128
203
-278
80
244
-295
41
332
-164
-269
314
-152
-305
385
-49
-223
330
-45
-405
364
-41
-348
240
97
-21
-238
427
-91
-468
573
-407
-14
396
-378
202
115
-154
-124
118
81
-253
146
278
-305
-45
306
-357
-64
226
-146
-22
184
-62
-92
177
-213
77
85
-165
233
-128
88
146
-137
18
-31
-13
-109
124
151
-117
30
70
-114
-20
27
-87
194
13
-191
358
-59
-367
271
25
-194
128
214
-167
-67
332
-290
-30
312
-341
-27
340
-68
-182
264
-3
-401
263
177
-336
321
101
-332
314
-54
-280
184
96
-209
123
374
-349
-99
357
-315
-179
390
-19
-258
163
116
-194
-73
136
-54
-136
162
-9
-16
112
-164
31
73
-110
-11
77
49
-48
53
-1
-31
-45
-140
158
101
-98
72
-10
-59
-67
-109
240
-63
-210
340
-129
-185
224
-191
-97
260
-110
-112
265
-77
-314
240
173
-361
146
186
-257
3
86
36
-111
-47
95
-88
83
-30
-90
125
-88
-41
150
43
-183
14
127
-44
38
73
-22
-17
39
-44
107
69
-138
81
114
-59
5
-29
-15
1
-75
167
47
-169
22
-22
-46
13
-33
31
-19
-26
140
35
-79
18
-72
-26
149
9
17
86
-46
-70
72
68
-126
56
96
8
77
-60
38
-21
-151
73
118
-70
-51
95
-70
-85
-4
-85
-16
-88
-8
79
-67
-20
-144
-81
40
-103
8
94
-20
-105
52
86
-105
-65
60
4
2
67
33
22
-120
-18
107
1
8
4
26
-101
32
59
-101
55
-70
-31
37
-52
41
-50
2
39
-61
24
-57
-82
53
-6
27
105
-60
-80
21
-71
17
75
-1
28
50
47
-133
-35
23
-153
116
212
58
5
-38
-62
-60
50
117
191
77
-65
51
-3
-65
71
100
91
124
49
27
38
-79
16
112
51
92
16
5
7
-22
49
1
74
68
-3
121
78
-25
26
81
28
78
162
57
26
28
-21
30
58
54
47
-4
-46
-119
-59
-47
-87
44
-68
-161
-99
-139
-200
-96
-35
-211
-22
-74
-282
-66
-184
-268
-89
-62
-72
-53
-124
-216
-176
-212
-127
94
-61
-64
-1
-225
-129
-95
-84
69
-20
-29
-22
-100
-112
-131
-109
-3
-20
-17
46
-39
-108
-63
-14
0
103
141
108
153
78
86
187
215
274
309
359
377
335
337
357
311
398
432
408
542
401
350
467
356
426
543
494
487
478
452
415
464
513
531
604
582
468
357
250
184
273
305
209
57
-296
-597
-656
-693
-645
-644
-887
-1177
-1418
-1514
-1534
-1497
-1439
-1468
-1510
-1450
-1352
-1402
-1266
-1118
-1018
-629
-379
-233
-134
-151
-38
217
551
819
935
951
889
881
983
1053
979
850
731
625
580
496
344
75
-244
-322
-321
-367
-380
-604
-857
-923
-934
-738
-529
-600
-704
-674
-591
-340
-24
110
111
94
222
507
771
899
916
931
1072
1325
1519
1663
1581
1382
1542
1737
1872
2030
1976
1827
1691
1557
1498
1597
1860
1882
1659
1267
65
-920
-789
-351
192
334
-704
-2342
-3472
-3561
-2614
-1639
-1698
-2516
-3585
-4274
-3869
-2903
-2184
-1967
-2174
-2237
-1809
-1287
-878
-485
-367
5
805
1379
1663
1494
1191
1297
1880
2628
3089
3033
2416
1897
1748
1776
2050
2053
1723
1334
883
583
261
-126
-386
-544
-670
-717
-1172
-2000
-2488
-2795
-2602
-1913
-1626
-1979
-2553
-2970
-2962
-2193
-1358
-932
-883
-1212
-1117
-631
54
667
775
899
961
1211
1733
1832
1685
1515
1398
1597
1899
1882
1513
1061
843
884
1092
1210
950
577
329
346
608
773
763
714
666
715
893
984
1323
1583
1409
1442
916
-89
-283
131
844
1257
711
-549
-1950
-2559
-1904
-655
-329
-1152
-2297
-3451
-3574
-2629
-1706
-1258
-1639
-2268
-2246
-1794
-1216
-707
-516
-481
-186
314
730
936
730
727
1136
1659
2330
2580
2234
1768
1465
1423
1737
2047
1949
1632
1065
549
391
252
56
-268
-619
-1017
-1398
-1507
-1716
-2195
-2588
-2700
-2602
-2416
-2268
-2275
-2579
-2822
-2615
-2020
-1328
-924
-769
-763
-770
-476
214
888
1238
1397
1388
1394
1543
1726
1951
2061
2046
2160
2232
2137
2010
1781
1633
1644
1707
1962
1989
1667
1565
1533
1474
1528
1687
1897
2070
1996
1606
1057
-260
-1178
-641
180
824
523
-962
-2875
-4265
-3846
-2043
-913
-1450
-2925
-4635
-5507
-4572
-2743
-1380
-1405
-2464
-3091
-2849
-1948
-607
379
512
316
400
815
1343
1737
1933
2209
2567
2891
3256
3246
2789
2380
2194
2324
2591
2585
2264
1603
807
435
337
74
-171
-510
-1162
-1728
-2017
-2279
-2695
-3015
-3089
-3031
-2926
-2903
-2984
-3189
-3281
-2837
-2024
-1304
-1000
-1038
-1022
-827
-194
834
1540
1658
1455
1305
1443
1915
2435
2665
2466
2049
1921
2047
2261
2291
2028
1698
1384
1355
1543
1591
1357
1128
1089
1065
1156
1319
1468
1688
1610
1300
780
-505
-1323
-806
176
911
639
-889
-2893
-4079
-3524
-1610
-385
-1030
-2697
-4436
-5167
-4146
-2169
-882
-1134
-2413
-3276
-2979
-1979
-545
502
432
-87
-318
52
732
1264
1652
1852
1897
2120
2554
2773
2594
2276
2088
2108
2375
2675
2591
2095
1393
937
853
822
877
704
37
-713
-1245
-1555
-1778
-1860
-1881
-2096
-2457
-2832
-3074
-3130
-3027
-2703
-2228
-2007
-2101
-2115
-1915
-1596
-1022
-238
189
246
245
193
464
990
1458
1851
1885
1609
1473
1717
2076
2300
2356
2127
1801
1706
1942
2251
2331
2234
2124
2060
2023
2049
2193
2491
2730
2604
2220
1112
-476
-973
-259
790
1325
516
-1557
-3741
-4660
-3521
-1542
-992
-2088
-4086
-5945
-6064
-4441
-2425
-1456
-2270
-3699
-4199
-3536
-1965
-315
375
28
-589
-572
266
1370
2006
2163
2136
2022
2396
3134
3554
3386
2789
2404
2394
2704
3098
3029
2370
1434
800
656
897
1007
582
-130
-1072
-1744
-1829
-1821
-1908
-2212
-2723
-3132
-3271
-3188
-3009
-2859
-2837
-2775
-2558
-2297
-1995
-1679
-1351
-983
-573
-83
336
536
690
961
1284
1696
2081
2209
2194
2130
2189
2461
2636
2598
2442
2198
2054
2164
2338
2377
2259
2066
1953
1922
1887
1936
2129
2234
2117
1810
892
-409
-1018
-620
334
909
406
-1157
-3129
-4174
-3474
-1910
-1130
-1789
-3441
-5077
-5574
-4607
-2910
-1863
-2256
-3307
-3863
-3521
-2453
-1148
-295
-337
-805
-830
-149
689
1296
1667
1715
1660
1914
2559
3140
3137
2730
2399
2296
2455
2883
3138
2807
2015
1292
1066
1152
1323
1358
873
-51
-872
-1296
-1316
-1282
-1426
-1736
-2289
-2779
-2913
-2759
-2583
-2512
-2511
-2579
-2579
-2396
-2032
-1622
-1322
-1064
-809
-576
-258
89
438
747
905
1091
1383
1609
1783
1983
2060
1990
1974
2013
2063
2183
2248
2245
2173
1988
1926
2015
2086
2080
1986
1827
1744
1850
1917
1744
1157
234
-380
-348
131
585
374
-652
-1901
-2767
-2754
-1918
-1365
-1624
-2483
-3581
-4148
-3914
-3117
-2313
-2238
-2709
-3036
-2988
-2516
-1735
-1032
-743
-837
-838
-426
167
652
1031
1246
1233
1363
1801
2299
2612
2532
2319
2123
2035
2338
2703
2784
2391
1660
1143
951
1008
1226
1179
550
-347
-1004
-1235
-1218
-1200
-1345
-1781
-2334
-2660
-2588
-2421
-2455
-2600
-2732
-2727
-2486
-2040
-1628
-1505
-1612
-1534
-1125
-520
149
562
573
399
351
696
1378
1905
2061
1993
1774
1651
1874
2217
2396
2385
2192
2043
2054
2016
1976
1902
1714
1626
1700
1758
1627
1304
966
812
730
740
749
301
-355
-714
-761
-623
-495
-621
-1142
-1840
-2176
-2010
-1743
-1703
-1880
-2220
-2579
-2539
-2147
-1791
-1690
-1833
-1913
-1740
-1404
-969
-569
-464
-528
-455
-136
338
707
898
966
932
997
1375
1844
2074
2020
1826
1676
1577
1642
1803
1725
1407
1065
863
737
589
428
203
-123
-493
-677
-758
-974
-1194
-1402
-1593
-1773
-1923
-1955
-1976
-2026
-2011
-1970
-1918
-1875
-1850
-1702
-1488
-1300
-1055
-827
-679
-576
-425
-97
197
442
719
835
994
1249
1500
1693
1747
1728
1650
1710
1924
2114
2157
1983
1742
1529
1405
1375
1354
1304
1089
807
635
449
234
121
56
-80
-194
-287
-435
-495
-522
-606
-646
-747
-897
-917
-810
-669
-580
-595
-739
-829
-825
-747
-516
-372
-387
-455
-471
-427
-357
-199
-86
-12
36
60
192
303
390
519
629
695
744
775
815
780
656
605
578
574
557
468
321
112
-16
-67
-123
-259
-481
-698
-872
-941
-942
-986
-1165
-1396
-1483
-1449
-1356
-1286
-1342
-1465
-1516
-1411
-1185
-991
-959
-1017
-1026
-922
-606
-241
-7
82
44
88
323
628
870
1012
1013
979
1056
1256
1499
1577
1519
1433
1372
1386
1428
1442
1307
1038
868
826
806
785
655
397
134
-58
-113
-71
-111
-258
-441
-583
-645
-639
-563
-563
-669
-689
-584
-475
-346
-272
-334
-358
-277
-97
164
347
369
330
291
274
399
548
607
617
570
536
525
550
605
583
500
460
412
350
325
277
221
135
37
13
-52
-145
-179
-250
-339
-381
-436
-513
-603
-699
-817
-930
-994
-1008
-981
-985
-1017
-1112
-1191
-1173
-1113
-958
-798
-744
-773
-827
-833
-707
-474
-278
-160
-143
-216
-166
3
159
314
400
401
396
450
557
654
681
676
740
768
758
773
718
638
569
520
550
557
489
389
280
114
-33
-18
2
-25
-87
-201
-287
-419
-512
-443
-401
-427
-461
-496
-489
-478
-379
-206
-77
-15
-27
-6
65
160
352
543
620
611
578
638
780
886
981
1019
969
948
975
995
1009
927
817
793
761
712
672
594
431
274
171
67
-45
-173
-273
-376
-498
-554
-581
-658
-752
-809
-858
-930
-948
-936
-956
-962
-970
-940
-891
-902
-899
-862
-812
-714
-611
-520
-462
-476
-475
-417
-364
-318
-237
-139
-83
-43
37
82
87
132
266
372
374
374
355
360
396
491
561
509
434
318
267
285
299
319
275
163
68
20
-35
-54
-70
-118
-172
-237
-268
-302
-365
-379
-360
-353
-366
-335
-276
-266
-250
-182
-99
-45
41
156
217
228
253
335
430
506
611
688
661
655
716
780
823
844
816
756
691
645
672
666
594
525
419
309
231
169
89
5
-56
-113
-141
-159
-212
-285
-385
-410
-391
-386
-375
-435
-503
-533
-516
-427
-311
-288
-320
-330
-355
-326
-275
-223
-166
-183
-192
-144
-145
-156
-116
-106
-107
-81
-66
-41
-34
-63
-58
-42
-56
-75
-74
-78
-93
-77
-41
-51
-78
-73
-82
-91
-84
-74
-80
-105
-129
-138
-123
-128
-116
-95
-129
-175
-232
-263
-261
-235
-156
-136
-200
-251
-261
-218
-146
-68
-35
-61
-83
-52
38
131
200
236
242
241
238
290
390
466
493
488
495
472
465
530
560
535
493
458
453
437
388
330
240
153
159
204
245
231
131
30
-32
-52
-26
20
7
-45
-101
-126
-125
-104
-64
-60
-70
-93
-61
-32
-68
-54
-65
-111
-90
-46
-14
-49
-129
-139
-119
-105
-59
-47
-102
-147
-138
-83
-26
-42
-102
-125
-121
-94
-22
-13
-80
-124
-122
-67
2
-5
-71
-137
-200
-199
-130
-71
-75
-153
-218
-233
-248
-234
-218
-207
-194
-196
-171
-141
-130
-132
-114
-70
-65
-49
-28
-51
-37
-2
47
95
82
49
8
22
83
126
176
154
90
87
112
169
203
183
141
110
155
207
221
202
99
13
9
57
124
136
68
-16
-53
-40
27
85
42
-35
-51
-36
11
57
66
38
-29
-21
63
93
74
59
16
-19
7
52
47
-10
-62
-97
-73
-16
19
21
-6
-37
-44
-14
22
29
11
-8
6
60
84
87
102
92
79
109
141
158
155
133
128
100
76
63
25
6
-11
-19
-26
-49
-80
-97
-92
-98
-84
-88
-124
-146
-165
-136
-104
-126
-129
-154
-189
-179
-135
-95
-102
-123
-111
-98
-106
-83
-68
-88
-82
-52
13
53
49
33
15
23
68
132
171
158
131
117
125
152
175
197
185
146
146
153
142
124
79
36
22
22
23
5
-36
-78
-96
-105
-96
-81
-98
-155
-233
-264
-257
-236
-178
-146
-208
-296
-322
-288
-231
-172
-131
-139
-172
-181
-133
-53
-19
2
37
41
68
107
133
172
181
196
238
250
237
227
235
261
282
276
255
195
126
84
64
65
68
64
48
19
-37
-81
-90
-110
-96
-71
-78
-81
-101
-91
-69
-85
-77
-64
-61
-33
13
44
54
54
56
67
84
96
101
103
102
116
156
170
147
135
118
100
101
124
157
136
102
100
84
71
102
115
97
52
1
5
-5
-26
-26
-36
-64
-81
-86
-108
-106
-112
-133
-133
-142
-186
-229
-229
-241
-241
-232
-245
-257
-276
-274
-256
-255
-252
-236
-206
-177
-131
-76
-43
-27
-23
-5
34
74
125
176
200
201
193
189
197
198
207
220
207
174
152
139
104
77
79
52
0
-31
-48
-57
-66
-68
-67
-86
-106
-103
-95
-101
-122
-133
-137
-121
-73
-32
-12
-32
-31
-4
15
41
69
91
92
107
140
165
184
175
169
166
146
148
147
128
128
131
136
157
150
109
80
46
37
57
65
67
55
34
28
39
43
47
42
7
-15
-25
-44
-62
-81
-83
-72
-67
-57
-69
-112
-137
-149
-141
-130
-126
-123
-138
-149
-137
-127
-122
-123
-115
-100
-87
-82
-75
-40
-8
24
45
21
-27
-85
-110
-84
-58
-42
-33
-43
-48
-35
0
36
35
29
33
17
1
-24
-36
-29
-54
-63
-72
-101
-126
-140
-133
-124
-95
-56
-28
-21
-42
-48
-47
-39
0
34
84
122
145
185
194
159
110
21
-107
-145
-103
-29
98
226
312
331
304
241
176
96
29
35
72
155
249
280
182
0
-245
-471
-528
-473
-297
-62
154
326
375
348
244
96
-42
-139
-129
-27
155
315
399
390
252
78
-74
-159
-189
-167
-78
-4
49
99
87
-9
-139
-241
-275
-205
-64
49
92
84
8
-102
-189
-250
-293
-290
-194
-84
6
115
149
86
-5
-94
-169
-192
-167
-114
-20
22
47
74
16
-63
-120
-158
-165
-99
-33
33
117
119
136
162
119
68
-5
-89
-105
-61
-21
26
56
49
57
92
112
91
49
-43
-116
-123
-95
-63
-22
44
29
17
47
-19
-97
-177
-247
-244
-190
-93
36
152
165
160
160
75
50
66
39
38
95
168
204
245
241
191
103
23
28
-14
-6
74
97
156
164
116
55
-69
-97
-104
-104
-20
-9
-42
8
27
-94
-139
-154
-266
-246
-155
-89
15
99
113
101
33
-103
-131
-133
-177
-68
40
26
94
177
125
89
68
-78
-211
-179
-93
-21
129
219
136
133
160
0
-84
-35
-170
-154
77
45
91
182
69
33
-17
-113
-155
-132
-136
-48
85
-12
33
38
-130
-40
-11
-178
-108
26
-106
-40
73
-126
-159
-51
-66
-41
38
21
0
16
2
25
20
-21
15
47
4
40
65
-30
13
129
114
118
165
148
106
100
122
90
0
83
162
12
136
194
-28
84
80
-118
-93
-71
-82
-36
-13
11
41
-47
-22
42
-179
-184
-54
-175
-91
103
3
-15
100
-63
-128
-18
-146
-161
-48
-58
17
61
55
101
1
-13
103
-64
-106
118
-15
-44
165
0
0
78
-76
67
29
-121
93
14
-58
112
23
4
101
12
-58
9
-96
-89
117
-1
-2
83
-190
-117
5
-273
-119
-2
-235
67
191
-105
44
-13
-216
19
28
79
166
-9
130
145
-62
78
125
-92
81
237
-28
147
172
-63
168
41
32
138
-84
132
60
-115
147
-13
-131
98
47
-106
-9
37
-94
-40
77
-80
-144
-17
-115
-135
33
-79
-86
73
1
72
77
-29
-63
-86
-76
-65
8
-1
69
95
73
116
16
-65
-59
-87
-26
0
-52
51
-1
-50
41
-6
-26
-77
-48
8
-17
81
17
-12
-16
-146
-64
-12
-92
4
9
-115
63
85
-115
177
31
-279
166
-126
-252
259
-33
-87
281
23
-70
154
-93
-103
-18
-171
103
114
-19
222
98
-111
11
-11
-177
58
180
-14
284
276
-34
228
-12
-158
55
-149
-28
91
4
49
114
6
-91
50
-103
-116
129
-191
13
190
-280
125
12
-426
182
-129
-391
292
-236
-241
292
-277
-12
141
-304
29
15
-162
44
96
-57
30
223
-100
24
137
-245
127
78
-170
230
-16
0
200
-57
48
-49
-103
35
-28
159
67
-20
167
-83
13
46
-149
6
-90
18
48
-64
140
-62
-57
88
-148
-23
-69
-77
37
-91
122
-34
-144
138
-196
-119
116
-236
70
130
-149
294
30
-104
308
-127
109
317
-121
221
175
-108
192
110
-26
123
66
40
89
28
58
80
-55
37
22
-77
17
-19
-3
29
-62
-91
-16
-199
-93
66
-242
92
-36
-164
167
-245
47
-15
-325
169
-150
-178
255
-172
-25
195
-259
40
93
-156
137
36
-27
109
-51
50
61
-48
-21
85
65
-18
181
31
-25
40
-41
-25
-45
95
-53
-45
188
-145
-88
103
-198
-78
80
-221
0
-43
-229
112
-216
-74
98
-240
92
87
-103
105
-21
-95
120
-7
-78
189
-35
-92
236
-97
-22
76
-159
103
48
107
166
70
181
-75
81
140
-79
187
95
45
255
-30
-8
161
-199
-29
135
-121
-14
98
-65
-66
17
-97
-91
25
-36
10
65
-81
-77
-40
-98
-66
61
-84
-19
-29
-118
18
-132
-60
-32
22
47
46
133
-93
33
-18
-96
171
-151
51
213
-180
188
44
-247
143
-144
-100
183
-100
32
17
-93
68
-28
0
43
-114
136
-115
13
199
-320
145
-28
-325
260
-90
-293
343
-132
-164
352
-240
42
129
-194
97
-65
-50
-129
50
-29
-117
339
-284
169
165
-462
407
-157
-96
368
-208
278
63
33
176
-94
123
-73
117
25
51
230
-123
125
206
-225
24
235
-319
115
201
-322
286
-89
-201
321
-293
-68
179
-292
-63
298
-168
-66
368
-314
-92
305
-337
30
155
-241
279
48
-80
315
-315
-58
222
-424
180
69
-171
247
-28
97
-83
-46
-47
-152
169
-275
184
86
-400
472
-293
-229
325
-454
81
178
-171
43
47
-54
-174
135
-109
-131
276
-296
100
234
-435
188
45
-418
296
-9
-281
386
-150
-113
402
-273
116
177
-325
281
-46
-131
232
-56
-60
30
157
-178
86
199
-382
311
-90
-181
406
-303
252
133
-146
305
-105
51
7
39
61
-26
167
-152
67
-55
-174
135
-217
26
136
-172
188
39
-236
87
-162
-150
87
-135
149
29
-137
321
-141
-118
275
-259
80
222
-202
223
91
-150
180
29
-48
-8
79
-57
-30
221
-138
58
110
-169
102
-42
-71
4
-112
-33
-92
40
-4
-33
97
-179
106
-45
-251
346
-296
-113
369
-395
183
90
-373
277
-132
-190
300
-118
-57
272
-179
5
157
-345
73
59
-111
200
-22
50
7
-24
16
-89
145
-126
68
189
-98
163
-88
-25
-34
57
-8
-173
403
-213
26
327
-328
166
-113
-88
208
-164
145
6
-25
90
-91
-17
-73
-49
-103
94
21
-72
242
-254
-17
178
-365
56
83
-181
176
78
-52
236
-137
57
59
-320
363
-202
-109
549
-322
111
307
-405
253
34
-354
382
-147
-74
294
-133
55
-73
45
-24
-68
133
-183
18
12
-74
92
-80
-12
-33
-56
84
-128
88
-36
-241
268
-204
-41
187
-398
190
4
-332
273
-103
-119
300
-177
154
38
-309
362
-151
-65
379
-295
120
214
-229
266
-45
-166
155
-137
74
94
-42
88
1
22
49
-18
20
8
-8
66
13
55
-19
31
-18
-78
126
-211
-24
107
-96
4
175
-74
-237
291
-304
-41
277
-406
314
2
-204
384
-257
-25
178
-276
109
50
-125
268
-25
-39
247
-162
-4
104
-88
10
88
72
-156
225
56
-318
277
-82
-292
247
-66
-116
148
-22
-27
-44
7
-67
-136
166
-94
-119
240
-290
-13
233
-388
161
26
-239
155
-32
37
-70
79
5
-116
162
-157
51
-37
-60
153
-261
190
50
-227
206
-4
-110
0
23
-86
11
88
-65
29
21
-10
28
48
-1
-102
102
-54
-82
234
-185
-4
211
-191
74
91
-123
28
66
-77
-43
76
-105
34
100
-72
82
-46
-45
43
-43
5
18
30
-59
29
111
-100
65
96
-178
86
52
-86
183
-38
74
82
-204
245
-50
-146
323
-171
-32
307
-183
76
156
-200
47
-26
1
29
-51
14
-59
-21
-70
-109
-75
12
-48
8
163
-172
-82
163
-210
-22
204
-260
-80
275
-203
28
243
-373
63
89
-263
240
2
-161
203
-17
-155
246
-96
-239
435
-141
-90
408
-331
17
229
-248
121
62
-224
139
89
-142
153
-21
-204
143
26
-106
226
-68
-150
190
-214
-53
173
-327
35
190
-384
228
75
-423
370
-121
-269
363
-143
-45
200
5
-46
33
74
-212
162
102
-227
302
69
-241
260
-13
-276
302
-90
-241
405
-126
-62
379
-223
9
38
-290
132
15
-96
214
17
-126
143
-121
-165
137
-239
21
158
-137
165
30
-102
0
-14
-203
-72
136
-190
116
251
-214
68
68
-320
136
115
-208
229
24
-110
215
-95
-41
72
-170
-58
76
-30
-2
138
-48
2
71
-151
57
-26
-82
95
-73
63
52
-39
53
59
-68
-62
43
-185
53
112
-116
189
-37
-88
130
-166
-13
65
-144
118
68
-61
174
-38
10
98
-171
41
35
-98
136
12
28
140
-93
61
47
-74
48
-63
25
45
18
155
53
24
10
-84
-7
-25
-29
123
35
19
143
-33
-82
71
-140
-117
97
-183
73
192
-185
106
67
-277
-7
48
-177
111
146
-98
73
46
-152
14
75
-153
91
61
-187
214
16
-170
206
-153
-154
204
-121
20
208
-87
-24
64
-65
-85
-35
13
10
-24
73
-4
-98
54
-48
-28
41
-91
-37
21
27
27
18
-33
-75
-49
-3
-21
19
69
-18
-4
72
-123
-93
93
-232
-14
193
-164
81
162
-127
-13
1
-118
-21
-21
69
101
48
106
-29
-14
-45
-90
-14
-2
113
15
115
145
-103
88
-31
-227
50
-1
-94
235
145
-145
156
-29
-194
87
-105
-41
18
-18
171
5
26
56
-211
-84
-27
-121
40
81
71
151
101
-28
-71
-101
-125
-70
104
118
-25
207
71
-91
136
-186
-192
9
-47
61
173
179
-22
-8
9
-183
-110
-62
-39
51
74
152
47
-72
70
-49
-190
57
-43
-149
163
126
7
129
56
-159
-102
57
-170
-18
213
-124
112
153
-161
39
-100
-175
3
-46
-21
122
109
51
95
-55
-66
-51
-133
30
93
6
132
82
-127
77
-25
-178
114
-14
-62
129
47
26
-14
24
11
-98
85
18
-85
100
-16
-137
14
20
-93
71
85
-85
45
-29
-132
-7
-23
-47
2
91
56
-56
64
55
-154
-34
8
-134
58
91
-45
106
7
-118
43
-103
-90
102
-73
-6
186
-52
28
190
-163
9
86
-229
44
75
-55
130
91
34
32
-87
-30
-71
-102
35
-82
75
71
-65
176
-30
-183
11
-185
-173
152
-44
81
264
-82
55
9
-204
-3
-101
-52
108
15
123
146
9
32
-15
-154
-44
-60
-31
154
47
142
116
-109
21
-103
-168
23
-63
9
128
56
103
115
-17
-51
-107
-91
-8
-19
144
158
19
109
58
-138
-69
-45
-178
-24
62
-19
84
54
12
-25
-81
-70
-134
-48
17
21
65
54
72
9
-26
34
-12
-82
5
23
-46
109
117
10
53
3
-60
-53
-26
-23
-42
48
60
6
44
2
-5
-33
-93
-8
-70
-86
108
29
17
103
-40
-49
31
-43
-38
13
-71
28
65
0
102
17
-41
-39
-74
-79
-93
37
-12
20
179
-22
-65
83
-121
-119
69
-137
-48
132
-8
131
171
-44
2
-54
-127
0
-46
-8
88
33
79
104
-24
-33
-51
-160
-70
-46
-28
89
116
108
68
-10
-121
-106
-137
-101
59
15
75
148
37
26
14
-138
-132
-45
-78
5
134
128
93
66
-17
-97
-151
-96
-19
-26
100
110
95
122
-6
-11
-111
-181
-34
-23
21
178
164
56
93
36
-161
-99
-96
-100
51
93
113
61
47
10
-133
-124
-87
-155
-46
117
94
118
88
-35
-60
-112
-107
-34
-36
27
134
73
57
91
-77
-111
-39
-88
-8
70
72
110
47
22
-27
-93
-84
-85
7
16
77
111
-36
75
53
-136
-1
-32
-147
52
80
2
117
12
-35
16
-104
-26
-24
-44
110
25
2
118
-19
-77
53
-78
-132
48
-34
12
118
22
51
-30
-45
-29
-104
36
10
-8
118
47
38
55
-28
-15
-57
-47
9
-41
85
118
37
86
12
-104
-54
-60
-112
13
60
11
88
122
-19
-46
19
-151
-123
28
-57
49
128
60
3
-1
-69
-214
-30
-51
-91
158
51
23
132
8
-32
-49
-88
-49
-64
18
103
12
92
150
-104
-38
1
-228
-64
22
-60
43
146
77
27
95
-27
-145
-101
-88
-53
42
131
167
99
67
44
-152
-181
-112
-182
-17
127
69
186
191
-28
-26
-118
-274
-134
-103
-35
185
198
152
161
29
-123
-170
-199
-204
-82
97
169
242
218
101
-34
-207
-220
-238
-186
70
203
272
326
228
0
-137
-234
-344
-230
-77
78
275
341
317
83
-96
-219
-407
-284
-153
17
254
326
322
202
38
-239
-301
-269
-320
-26
146
247
380
265
145
-63
-279
-336
-316
-214
53
227
270
351
196
23
-109
-321
-304
-228
-136
118
278
311
310
167
-76
-212
-305
-338
-170
27
193
290
320
276
-24
-148
-173
-384
-244
-22
4
228
349
219
137
-35
-217
-291
-303
-156
-17
136
284
246
196
53
-104
-190
-300
-208
-82
-9
210
288
197
168
29
-161
-196
-204
-165
-18
94
184
256
164
44
-32
-172
-225
-168
-90
-16
102
218
169
117
59
-118
-165
-120
-112
-45
78
154
126
122
108
-32
-126
-92
-144
-117
52
49
69
133
54
-11
-34
-81
-106
-91
-33
31
40
67
66
29
32
-11
-58
-53
-42
-22
5
54
50
-1
36
15
-46
1
-21
-60
-4
-10
-47
26
34
-24
45
32
-35
11
-10
-68
-17
-14
-55
6
28
10
59
26
-22
-12
-81
-60
-19
-56
37
67
31
69
17
-48
-22
-63
-83
-31
-27
4
54
90
38
17
17
-95
-64
-23
-59
-2
56
79
62
60
63
-18
-40
-13
-54
-35
14
34
52
64
70
9
-46
-52
-62
-87
-15
29
-8
54
73
25
45
13
-57
-4
-20
-33
62
12
27
97
-5
6
22
-66
-34
-4
-17
14
33
5
24
31
-12
15
-6
-47
17
-13
-25
59
-10
-8
72
2
15
55
-2
-27
-22
-23
-41
-14
29
26
37
58
13
-30
-39
-73
-59
-51
-16
41
40
61
46
-7
-49
-84
-101
-88
-38
13
71
76
74
50
-32
-30
-63
-115
-56
-10
24
68
112
91
11
-32
-62
-116
-121
-27
-21
19
123
77
65
40
-33
-67
-90
-44
-49
-3
104
98
96
97
10
-88
-74
-91
-98
8
23
55
109
90
57
11
-43
-105
-74
-43
-60
50
104
68
106
73
-28
-67
-84
-103
-66
7
29
78
99
98
77
-38
-28
-73
-131
-10
12
41
125
111
73
45
-22
-76
-85
-70
-11
13
50
96
43
19
-2
-80
-71
-69
-69
39
57
47
79
20
-23
-45
-59
-62
-55
7
26
25
65
28
-45
-33
-29
-94
-35
41
-22
33
76
11
-11
-28
-48
-65
-18
14
-2
24
38
12
-10
-25
-49
-44
-37
-9
22
15
19
-5
-20
-4
-33
-3
38
13
52
40
-14
19
-31
-65
1
-17
-22
39
19
-17
-7
-29
-50
-37
-17
-8
17
52
29
51
44
-28
9
-1
-15
52
7
16
62
7
28
7
-47
-33
-44
-10
8
-1
28
24
12
19
-8
-37
-13
-22
13
66
37
46
53
13
-25
-17
-27
-35
11
5
33
36
-4
6
-53
-60
-21
-39
3
24
19
31
21
13
-24
-39
-5
-20
-10
43
17
-2
22
-25
-27
-4
-40
-18
-6
2
45
23
5
2
-29
-33
-26
-33
-17
0
31
38
14
20
-10
-46
-37
-38
-46
-3
13
9
55
29
-5
-12
-50
-32
-19
-16
33
33
22
39
6
-18
-11
-43
-40
-7
-5
11
27
12
20
10
-19
-22
-9
1
14
28
26
36
-6
-11
17
-15
-6
14
1
15
40
-2
-8
0
-44
-21
-4
-17
15
41
39
27
13
-14
-11
-18
-10
28
10
30
39
6
5
-22
-32
-35
-36
-14
11
23
14
28
-10
-35
-13
-43
-24
2
1
39
30
11
25
-3
-19
5
-22
-19
24
5
-2
30
7
-26
-1
-11
-33
-18
3
-16
-28
11
-11
-18
19
0
-15
7
-7
-18
-2
4
3
-3
22
12
-1
23
-6
-18
-16
-25
-15
-10
12
23
19
17
-3
-13
-17
-40
-28
7
-8
20
62
16
23
27
-17
-21
-27
-12
7
32
66
39
21
12
-21
-44
-36
-8
-26
9
50
33
39
16
-7
-25
-33
-19
-34
0
32
26
45
24
-2
-7
-29
-21
-12
-8
-8
0
37
21
4
24
-11
-29
-8
-24
-21
3
17
15
0
14
-12
-30
-4
-32
-23
10
-11
-5
9
16
7
-4
7
-23
-20
8
-17
-11
10
-12
-8
2
-17
0
3
-18
-12
-5
-16
-12
8
-12
-6
8
-13
-7
-19
-14
-11
-16
13
-3
-16
20
14
-9
3
1
-30
-17
16
-7
14
40
7
20
31
-5
-13
-9
-24
-10
13
11
26
19
-2
10
-14
-41
-21
-7
-2
26
45
26
32
16
-16
-12
-27
-17
8
15
41
59
36
16
2
-41
-37
-23
-25
20
29
35
38
23
11
-24
-34
-28
-22
7
26
21
41
34
5
0
-30
-34
-12
-6
23
20
3
34
10
-18
4
-28
-19
7
-7
10
11
15
13
-4
-1
-20
-24
-13
-9
2
-1
-12
-4
3
-9
1
-8
-12
14
-2
-4
20
-1
-3
12
-1
-8
-9
-5
-6
-10
-10
5
-4
-20
8
-3
-10
9
-11
-23
1
8
1
22
20
13
13
8
6
-17
-9
-5
-16
-7
2
-8
-20
6
-4
-14
2
-9
-1
3
-21
4
12
-11
19
27
1
30
10
-26
2
-27
-25
7
-12
16
16
-6
-9
-20
-35
-31
-17
-18
13
19
27
25
-4
9
-23
-20
9
-20
3
25
-2
5
13
-14
-20
-3
-20
-12
4
-11
-6
-2
-5
-3
4
-11
-19
2
1
-3
6
1
-5
13
12
-4
14
1
-15
10
11
-9
2
12
10
16
5
6
6
-1
10
2
-10
1
6
2
13
17
9
12
0
-7
-5
6
17
12
31
35
21
26
12
10
9
-11
16
21
5
31
14
8
18
-11
-10
-13
-2
20
1
13
25
-5
5
15
-9
-1
5
-4
8
14
15
13
12
21
13
0
1
-8
-7
3
-6
-10
0
-1
3
-4
-14
-12
-17
-24
-25
-8
2
-7
3
0
-13
-6
-18
-28
-20
-4
0
-2
11
16
5
-9
-19
-29
-34
-28
-28
-17
8
0
-4
-8
-21
-16
-24
-39
-27
-16
-2
16
2
-2
4
-12
-13
-23
-29
-3
-2
6
28
7
1
5
-8
-25
-23
-12
-17
7
20
7
21
20
-9
-12
4
-3
0
18
16
13
20
15
-2
-6
-1
-7
5
19
23
22
27
27
7
11
9
-11
8
17
23
32
16
12
18
12
-5
-4
11
6
10
29
22
22
20
-4
-7
4
-2
5
14
13
23
16
9
5
-4
-3
1
11
5
6
5
-3
8
-10
-12
4
-16
-5
11
5
-5
-7
-8
-18
-4
-4
-12
2
-6
-1
-4
-23
-4
-11
-13
6
-15
-6
8
-24
-24
-4
-21
-16
-1
-16
-1
12
-8
-8
-12
-20
-21
-18
-8
1
-4
-7
3
