3
2
4
6
1
4
10
9
8
11
5
-1
3
5
-7
-5
8
-1
1
6
0
-5
-10
0
5
0
0
8
7
-1
-2
-11
-6
-11
-13
0
3
2
-3
-4
-14
-15
-6
-5
5
-3
-14
-4
-7
-12
-4
0
3
2
-3
-9
-7
8
9
9
4
-3
2
10
14
-1
0
7
5
10
7
8
12
16
15
9
6
-2
-6
-8
2
6
0
3
7
4
-5
3
4
-9
0
5
0
7
7
2
8
9
0
-6
5
8
1
8
3
11
4
-5
8
3
-6
-5
-8
-5
-10
-8
5
9
5
-7
-7
-6
-7
-9
-11
-8
-18
-17
-9
-7
-7
-4
9
8
10
10
5
4
3
1
-9
-9
-6
-7
5
8
-2
3
23
19
6
8
2
2
4
7
-1
-1
8
-2
2
12
6
4
5
1
4
15
8
-5
-6
3
6
1
8
6
3
13
0
-1
1
-6
4
-4
-9
-3
-5
-3
1
0
-6
-5
-3
-3
1
-10
-6
4
-6
-6
-13
-15
-1
4
-1
-5
2
5
-6
-3
13
-6
-14
-7
-9
-4
5
15
9
5
5
-4
-1
-2
4
5
-6
-9
-16
-14
-1
1
8
17
2
0
5
3
8
1
1
6
9
4
1
-1
-6
12
9
-10
-7
14
15
11
16
7
8
1
-5
3
2
-10
-11
-4
-2
6
1
-4
2
-9
-11
-5
-8
-5
1
2
4
0
-13
-15
-10
-2
0
-1
5
-1
-3
-7
-9
-7
-13
-6
-3
-6
6
1
1
5
-1
-3
-9
-4
0
-13
-11
-3
-7
-4
2
-2
-1
-3
-1
-3
-6
12
19
10
10
4
-8
-9
-2
1
6
12
6
-5
5
7
1
7
7
15
1
-11
3
4
-2
-7
-1
-2
-8
-5
-11
-3
6
0
5
8
-3
-5
-3
1
-2
0
1
-2
-1
8
10
-1
1
6
-4
-2
9
4
0
5
5
3
-5
-4
-4
-6
8
1
-1
6
-6
1
1
-8
4
10
-7
-7
6
-1
1
9
-3
-7
7
-3
-10
4
1
-3
-6
-1
-3
-10
-3
-6
-2
-7
-11
-6
-15
-11
-6
-7
-14
-11
-7
-9
-5
-10
-11
-5
-11
-3
0
-13
-12
-11
-14
-14
-11
0
3
-4
2
-2
-11
-4
-15
-16
-4
-8
-3
5
0
-1
0
0
-4
0
4
-3
-6
-3
5
4
2
3
2
-3
-3
12
11
9
11
5
5
4
4
-7
-11
-5
2
13
17
23
20
13
12
0
0
0
-8
0
-1
-3
-2
1
9
18
12
7
3
-3
-7
-10
0
-5
-2
4
7
8
0
-2
-4
5
9
3
14
26
11
-4
6
10
9
22
21
8
8
6
7
8
-1
1
4
-7
-1
7
3
0
0
-4
-1
-3
-11
-14
-18
-13
-14
-15
7
5
-13
-21
-17
-14
-24
-8
1
5
5
1
-1
-5
2
-7
-6
-6
-20
-19
-22
-22
-5
9
10
2
-14
-15
0
0
-10
0
2
-13
-7
-4
-1
-7
-11
-4
-13
-3
9
12
11
1
0
-1
-5
-3
3
2
6
19
12
6
5
1
1
2
10
9
-4
1
14
15
23
30
20
16
9
2
14
20
25
17
-1
-4
-3
5
0
11
16
14
23
10
16
15
-6
-6
-12
-7
-2
-10
5
21
20
12
3
3
9
2
-6
-2
-6
-14
-5
3
6
10
18
12
-1
-11
-15
-6
-1
-7
-5
-3
-9
-16
-14
-8
-18
-11
5
12
9
-13
-10
-14
-28
-20
-19
-6
6
5
9
6
-2
-6
-5
-23
-29
-19
-13
4
8
5
13
15
14
10
0
-1
-8
-16
-7
-8
1
3
3
15
9
20
18
4
19
9
2
0
-15
-15
-13
-7
-4
6
25
36
34
10
-1
-11
-11
-9
-17
-4
4
15
19
10
14
7
-2
-2
-7
-1
1
-1
-6
-4
6
10
13
-2
-3
8
6
9
19
21
7
3
5
-6
-7
3
15
36
48
48
40
24
8
-9
-22
-24
-14
-18
-3
22
25
33
34
25
5
-25
-29
-31
-27
-12
-7
-13
-19
-17
-4
7
9
13
10
-7
-16
-21
-20
-14
-18
-23
-28
-22
5
29
39
38
17
-12
-30
-47
-40
-29
-21
-11
-11
1
19
30
36
31
10
-20
-35
-39
-38
-21
-6
5
4
-2
3
1
8
10
17
0
-15
-4
-23
-23
-15
-17
-1
7
3
13
40
42
18
0
-16
-43
-57
-41
-20
14
34
38
40
29
22
11
-2
-16
-32
-43
-44
-31
-8
19
39
40
33
14
-1
3
1
-2
-2
-5
-10
-14
-11
-3
6
14
15
18
26
19
9
11
-12
-35
-41
-34
-24
-11
18
31
31
38
25
3
-14
-26
-38
-38
-23
-5
7
18
48
55
40
25
6
2
-14
-29
-18
-18
-7
-1
-1
9
13
29
34
19
19
12
1
-19
-35
-31
-37
-29
-7
-1
15
35
33
31
28
12
-9
-29
-34
-39
-27
-9
5
23
36
33
23
17
-1
-13
-21
-21
-25
-22
-6
-1
1
13
18
22
22
12
5
-8
-30
-33
-37
-40
-26
-5
11
20
27
30
28
12
-10
-21
-25
-35
-37
-31
-25
-6
12
18
27
26
29
17
-3
-14
-28
-31
-37
-27
-10
-4
13
19
20
14
10
6
-9
-14
-21
-25
-27
-22
-16
-6
12
7
11
20
18
3
-8
-10
-16
-13
-5
1
15
29
35
39
27
17
20
13
10
9
2
6
12
17
26
27
21
28
24
10
9
-12
-23
-20
-20
-7
7
22
30
45
70
75
85
91
87
85
69
52
30
7
-16
-29
-36
-51
-69
-83
-86
-83
-71
-67
-53
-15
9
29
58
79
90
103
109
97
78
54
13
-25
-55
-89
-112
-121
-122
-102
-82
-66
-32
-3
16
20
19
15
-3
-10
-14
-7
9
22
42
56
71
76
67
57
39
15
5
3
-17
-22
-16
-11
-4
0
17
29
31
23
15
9
-20
-39
-58
-67
-64
-73
-43
-19
-5
33
51
55
48
38
25
17
25
17
17
18
0
-14
-33
-53
-66
-91
-111
-132
-147
-128
-96
-78
-50
-14
6
6
-2
4
5
-9
-20
-39
-49
-53
-54
-48
-27
3
13
27
44
46
65
85
86
82
69
52
32
11
-16
-31
-45
-74
-87
-108
-113
-85
-58
-16
26
48
83
113
140
160
173
175
148
115
72
22
-28
-76
-110
-141
-170
-190
-190
-171
-125
-73
-22
40
84
132
181
204
239
256
239
200
137
76
30
-12
-41
-53
-71
-84
-88
-99
-92
-83
-105
-133
-163
-197
-214
-200
-173
-143
-94
-54
-28
-7
3
19
6
-21
-46
-89
-107
-107
-76
-24
37
123
179
222
269
302
326
306
259
201
127
68
22
-2
5
25
52
84
107
130
155
164
164
163
153
148
157
169
202
244
276
283
258
227
167
74
-24
-142
-256
-347
-400
-421
-397
-321
-204
-50
118
275
416
540
618
652
630
556
447
308
174
65
-9
-48
-58
-43
-15
11
14
-18
-103
-264
-485
-754
-1052
-1331
-1566
-1725
-1782
-1747
-1619
-1406
-1132
-834
-525
-227
16
198
295
320
320
291
255
248
235
225
240
239
224
178
89
-27
-166
-298
-405
-454
-414
-294
-99
161
439
721
972
1153
1272
1310
1270
1142
930
670
396
150
-50
-190
-254
-251
-194
-90
46
204
368
505
623
705
735
766
789
810
837
832
823
784
687
572
472
357
249
160
52
-30
-95
-144
-142
-79
47
230
492
827
1229
1670
2042
2199
1993
1365
370
-904
-2294
-3603
-4702
-5497
-5855
-5706
-5075
-3996
-2609
-1150
178
1257
2026
2458
2571
2445
2144
1762
1420
1224
1178
1230
1348
1432
1389
1139
644
-145
-1182
-2296
-3340
-4105
-4448
-4327
-3736
-2705
-1309
274
1821
3104
3897
4111
3809
3116
2206
1236
315
-442
-983
-1261
-1274
-1165
-1059
-1052
-1224
-1556
-1986
-2440
-2840
-3060
-2973
-2520
-1683
-532
757
2040
3172
3994
4426
4404
3914
3035
1871
619
-514
-1382
-1929
-2124
-2022
-1722
-1303
-874
-523
-317
-226
-205
-201
-106
127
501
1026
1673
2351
2934
3300
3368
3111
2586
1891
1089
281
-449
-1009
-1291
-1303
-1063
-615
-93
395
793
1065
1165
1087
913
715
575
618
896
1371
2020
2775
3447
3870
3821
3055
1582
-431
-2684
-4797
-6485
-7544
-7904
-7533
-6411
-4723
-2718
-715
937
2025
2504
2507
2213
1764
1314
977
838
966
1346
1811
2149
2178
1758
891
-380
-1951
-3618
-5194
-6379
-6868
-6568
-5484
-3783
-1744
381
2352
3967
4989
5218
4669
3523
2078
681
-434
-1170
-1572
-1722
-1671
-1535
-1418
-1435
-1674
-2127
-2677
-3096
-3214
-2935
-2221
-1163
181
1680
3104
4275
4984
5115
4729
3908
2811
1640
508
-474
-1163
-1488
-1428
-1063
-565
-83
232
331
245
41
-161
-293
-244
46
534
1213
1935
2531
2912
2993
2751
2205
1424
558
-241
-817
-1079
-1051
-771
-363
63
462
748
874
827
631
354
109
-15
70
354
784
1319
1859
2349
2746
3028
3177
3128
2755
1846
381
-1479
-3485
-5230
-6392
-6848
-6673
-6035
-5033
-3778
-2388
-968
259
1075
1410
1397
1309
1296
1459
1745
1987
2134
2189
2122
1853
1295
356
-912
-2321
-3670
-4756
-5496
-5809
-5593
-4852
-3628
-2032
-305
1297
2621
3613
4218
4374
4076
3332
2264
1139
174
-521
-988
-1369
-1761
-2221
-2710
-3140
-3489
-3738
-3836
-3667
-3071
-2032
-675
817
2184
3253
3996
4379
4375
3996
3299
2398
1512
834
419
203
41
-126
-311
-491
-608
-686
-749
-799
-758
-539
-117
497
1162
1779
2287
2616
2753
2654
2291
1717
1070
473
14
-217
-269
-189
36
357
687
928
995
828
502
159
-119
-253
-234
-52
293
778
1359
1910
2278
2355
2157
1741
1250
850
609
626
900
1284
1557
1330
404
-1148
-3090
-4986
-6425
-7181
-7232
-6650
-5516
-3952
-2128
-300
1187
2046
2251
2013
1625
1305
1148
1113
1068
1026
1027
969
718
146
-798
-2003
-3239
-4241
-4844
-5007
-4718
-3965
-2774
-1254
398
1915
3074
3805
4155
4179
3873
3233
2320
1231
146
-712
-1314
-1798
-2259
-2752
-3257
-3627
-3738
-3599
-3248
-2699
-1930
-932
232
1433
2470
3181
3569
3689
3566
3240
2750
2128
1448
870
461
142
-164
-500
-827
-1062
-1104
-920
-621
-324
-33
302
691
1155
1649
2005
2167
2168
2095
1972
1774
1518
1112
614
188
-72
-137
-64
105
287
418
538
619
581
433
251
72
-24
46
233
471
710
966
1218
1335
1330
1167
830
498
314
341
536
862
1320
1828
2318
2664
2550
1597
-211
-2523
-4884
-6705
-7542
-7391
-6539
-5254
-3732
-2225
-861
248
917
1086
911
740
796
1146
1781
2425
2790
2774
2349
1487
229
-1251
-2745
-4046
-4919
-5200
-4925
-4263
-3339
-2255
-1179
-215
605
1238
1701
2141
2628
3085
3364
3322
2869
1994
897
-215
-1332
-2389
-3296
-3993
-4355
-4199
-3532
-2570
-1504
-544
184
739
1231
1727
2220
2675
3057
3356
3517
3504
3322
2850
2040
1097
147
-711
-1275
-1488
-1419
-1130
-660
-94
422
810
1026
1045
953
890
945
1096
1271
1430
1493
1416
1268
1089
819
446
77
-203
-339
-244
48
346
522
546
400
154
-83
-216
-238
-184
3
304
597
860
1066
1156
1146
1085
1005
878
759
740
785
883
1037
1169
1215
1260
1382
1470
1303
593
-790
-2675
-4626
-6044
-6560
-6211
-5278
-4094
-2934
-1874
-844
110
830
1246
1385
1422
1606
2037
2550
2823
2620
1898
794
-479
-1687
-2727
-3572
-4109
-4249
-3996
-3451
-2816
-2262
-1834
-1413
-856
-129
723
1599
2444
3206
3812
4082
3801
2856
1354
-333
-1848
-2918
-3442
-3585
-3499
-3207
-2720
-2125
-1524
-1034
-788
-683
-386
278
1287
2470
3554
4306
4584
4409
3823
2820
1525
184
-896
-1466
-1419
-883
-197
358
706
830
745
535
240
-98
-330
-281
164
941
1785
2462
2768
2617
2138
1469
726
72
-364
-542
-447
-99
353
705
843
763
490
112
-218
-370
-313
-56
347
757
999
987
767
413
89
-50
-6
173
408
607
697
664
535
352
143
-46
-97
77
487
1074
1658
1903
1439
148
-1745
-3827
-5518
-6344
-6181
-5245
-3916
-2546
-1413
-594
-24
317
450
445
480
733
1253
1948
2557
2760
2359
1395
128
-1185
-2294
-3038
-3413
-3437
-3162
-2686
-2174
-1771
-1517
-1360
-1216
-933
-356
479
1481
2509
3379
3852
3744
3069
1868
345
-1179
-2430
-3200
-3543
-3450
-2963
-2418
-1892
-1380
-1041
-865
-600
-66
720
1792
2997
4007
4588
4618
4140
3208
1984
752
-271
-958
-1175
-883
-360
101
357
300
-24
-395
-585
-496
-115
556
1421
2296
3009
3403
3329
2700
1697
634
-259
-786
-848
-497
18
527
936
1067
882
488
16
-400
-581
-396
117
796
1468
1957
2083
1795
1186
418
-349
-891
-1035
-817
-342
228
664
806
612
196
-294
-708
-884
-779
-396
204
923
1591
1918
1669
670
-1020
-3045
-4901
-6050
-6232
-5546
-4338
-3030
-1982
-1325
-959
-812
-744
-607
-330
192
981
1915
2711
3042
2704
1736
366
-1057
-2207
-2925
-3172
-3010
-2587
-2092
-1724
-1622
-1802
-2104
-2247
-1983
-1220
-22
1418
2852
4011
4641
4536
3635
2082
234
-1390
-2437
-2775
-2469
-1883
-1331
-948
-788
-816
-934
-1065
-1101
-820
-103
1048
2433
3630
4340
4396
3834
2900
1850
908
176
-258
-343
-145
204
490
504
202
-265
-656
-763
-500
56
743
1416
1975
2323
2396
2206
1770
1231
793
528
459
518
596
606
502
347
148
-80
-269
-330
-167
221
768
1340
1689
1718
1493
1094
621
174
-171
-414
-531
-476
-318
-181
-151
-248
-446
-674
-803
-749
-575
-292
145
617
1007
1249
1289
1149
882
613
290
-341
-1378
-2673
-4010
-5054
-5457
-5203
-4583
-3882
-3203
-2620
-2100
-1502
-833
-246
241
771
1359
1918
2359
2521
2219
1446
475
-465
-1296
-1870
-2149
-2261
-2270
-2208
-2173
-2254
-2404
-2463
-2322
-1900
-1103
34
1286
2488
3528
4139
4110
3415
2217
855
-377
-1142
-1268
-1022
-665
-347
-276
-525
-921
-1283
-1530
-1515
-1045
-141
1019
2253
3301
3870
3835
3342
2592
1769
1125
849
875
1046
1280
1391
1181
676
-4
-715
-1295
-1525
-1308
-757
38
908
1582
1900
1865
1569
1127
709
459
415
518
722
993
1183
1188
1001
644
182
-212
-352
-234
74
465
744
811
693
435
96
-247
-536
-690
-699
-527
-194
121
336
390
247
-13
-275
-484
-621
-645
-525
-277
0
264
435
452
371
253
53
-377
-1084
-2018
-3054
-3891
-4251
-4108
-3666
-3150
-2718
-2447
-2238
-1937
-1519
-1054
-567
-5
606
1197
1749
2093
2049
1658
1059
402
-194
-615
-849
-1016
-1163
-1298
-1541
-1920
-2299
-2560
-2593
-2275
-1601
-712
216
1125
1955
2569
2884
2851
2470
1839
1218
845
669
655
702
565
210
-302
-893
-1449
-1816
-1842
-1500
-796
204
1282
2183
2772
3009
2910
2558
2158
1829
1562
1460
1500
1521
1428
1133
593
-125
-814
-1310
-1514
-1364
-915
-301
307
783
1076
1124
980
788
635
582
669
900
1181
1361
1419
1291
915
378
-135
-503
-659
-519
-162
231
515
624
534
234
-154
-482
-721
-828
-713
-414
-78
233
468
500
308
18
-312
-634
-837
-855
-695
-476
-225
22
90
1
-101
-171
-210
-169
-110
-258
-761
-1475
-2230
-2964
-3435
-3500
-3334
-3089
-2736
-2291
-1897
-1529
-1101
-715
-427
-43
507
1049
1514
1882
2004
1774
1324
818
260
-285
-658
-868
-1070
-1272
-1449
-1700
-1999
-2155
-2060
-1771
-1300
-594
270
1132
1928
2570
2818
2583
2072
1492
983
688
703
884
997
1008
863
423
-233
-868
-1345
-1557
-1370
-789
-25
675
1231
1580
1620
1458
1271
1101
1008
1129
1461
1793
1968
1924
1572
933
208
-418
-851
-1020
-878
-488
-19
387
638
643
422
132
-67
-104
57
412
841
1195
1393
1374
1095
631
136
-232
-343
-190
141
515
792
867
741
467
73
-339
-632
-760
-721
-522
-227
31
133
95
-42
-269
-542
-747
-802
-728
-512
-182
99
208
180
87
-21
-48
76
236
209
-81
-594
-1334
-2197
-2887
-3306
-3506
-3436
-3087
-2616
-2154
-1682
-1238
-946
-781
-565
-277
19
410
911
1320
1525
1604
1508
1176
737
332
-64
-469
-795
-1040
-1323
-1624
-1755
-1777
-1765
-1568
-1162
-673
-92
634
1320
1734
1869
1804
1562
1280
1156
1172
1187
1211
1203
1044
737
316
-157
-676
-1133
-1325
-1256
-979
-516
16
468
823
1099
1245
1254
1215
1200
1192
1223
1314
1362
1304
1123
842
498
149
-98
-217
-209
-93
36
89
40
-80
-190
-231
-166
3
228
488
752
976
1118
1160
1105
961
818
746
728
746
774
734
582
380
145
-139
-417
-611
-717
-724
-581
-346
-126
42
160
191
109
-4
-98
-189
-234
-166
-43
32
93
126
80
8
-10
37
84
155
185
2
-427
-1003
-1638
-2271
-2712
-2878
-2863
-2735
-2504
-2222
-2003
-1795
-1564
-1397
-1266
-1040
-682
-278
160
619
956
1080
1084
1008
806
560
379
234
72
-109
-319
-633
-1016
-1313
-1484
-1534
-1401
-1057
-603
-135
322
663
783
736
632
514
474
611
845
1080
1294
1423
1375
1128
744
297
-122
-376
-414
-306
-121
97
254
298
298
247
133
58
97
274
575
986
1392
1622
1634
1449
1098
671
307
116
80
147
319
495
537
468
342
140
-106
-250
-246
-149
68
418
756
976
1074
1053
909
724
646
668
719
806
928
955
812
620
413
119
-166
-319
-385
-395
-285
-69
91
137
128
0
-258
-504
-620
-681
-696
-598
-433
-281
-154
0
109
87
29
24
-21
-174
-370
-668
-1113
-1597
-1994
-2291
-2540
-2652
-2620
-2575
-2491
-2323
-2127
-1997
-1879
-1650
-1339
-970
-483
67
520
837
1094
1248
1216
1091
947
740
511
353
229
14
-264
-493
-745
-996
-1106
-1097
-1056
-939
-689
-368
-59
203
464
649
725
842
1018
1149
1262
1399
1431
1312
1132
928
653
370
196
117
67
77
180
257
270
316
374
376
366
397
419
437
512
637
734
790
845
862
805
750
736
692
611
577
551
457
354
296
237
176
180
243
299
362
463
528
554
583
607
603
619
700
795
860
878
837
731
591
463
355
215
54
-80
-217
-334
-371
-389
-423
-443
-454
-462
-451
-432
-426
-436
-447
-468
-502
-511
-483
-417
-320
-232
-131
-40
4
-27
-158
-419
-803
-1247
-1724
-2145
-2449
-2644
-2719
-2706
-2616
-2481
-2305
-2084
-1862
-1632
-1366
-1043
-679
-289
112
449
699
894
1036
1098
1106
1068
948
782
603
402
160
-93
-321
-543
-703
-768
-735
-608
-408
-144
99
257
354
387
359
377
437
501
606
710
806
913
988
1021
999
905
775
641
510
412
374
370
411
506
562
564
535
467
386
321
301
318
337
393
507
619
695
712
653
529
397
324
279
258
294
341
373
424
473
485
473
452
459
501
570
661
736
772
808
836
781
652
505
362
250
222
264
279
253
210
113
-6
-114
-234
-341
-406
-414
-368
-313
-300
-351
-468
-600
-718
-823
-868
-850
-771
-623
-458
-351
-316
-348
-426
-464
-459
-445
-459
-576
-775
-1045
-1376
-1705
-2017
-2281
-2433
-2440
-2303
-2094
-1867
-1646
-1474
-1319
-1148
-943
-733
-519
-232
95
426
748
1006
1116
1067
960
828
671
562
526
512
504
522
525
456
303
121
-57
-217
-280
-230
-123
0
152
272
297
279
228
168
129
152
255
388
541
722
871
944
989
1003
950
890
840
777
701
628
559
479
375
303
233
144
96
87
102
98
78
69
25
-33
-46
-12
33
118
256
397
518
611
685
727
754
780
799
783
716
670
629
550
503
466
415
371
347
351
323
291
276
214
119
32
-30
-109
-208
-255
-276
-303
-335
-367
-458
-607
-718
-787
-832
-827
-731
-583
-455
-322
-204
-177
-221
-266
-301
-340
-335
-284
-246
-243
-262
-323
-495
-755
-1028
-1316
-1583
-1747
-1805
-1816
-1812
-1744
-1623
-1523
-1415
-1284
-1164
-1058
-880
-609
-336
-74
203
443
601
757
922
1043
1133
1205
1239
1182
1047
890
699
472
306
229
166
137
174
224
222
178
75
-118
-344
-541
-627
-595
-489
-290
-50
134
297
439
499
493
461
467
502
557
662
771
829
820
786
713
565
445
355
249
176
145
104
17
-85
-158
-192
-190
-120
3
125
246
386
494
528
503
474
439
408
465
579
669
753
832
853
796
706
601
455
326
286
306
349
411
506
575
584
555
471
292
35
-207
-412
-582
-660
-651
-601
-550
-466
-347
-295
-312
-367
-471
-618
-747
-775
-755
-697
-559
-376
-211
-78
55
130
107
43
-47
-190
-388
-569
-720
-908
-1082
-1190
-1292
-1419
-1508
-1548
-1584
-1604
-1559
-1443
-1343
-1218
-1025
-854
-706
-511
-270
-57
139
365
556
666
755
835
859
836
840
853
802
748
733
680
569
473
390
259
98
-1
-61
-124
-119
-66
-55
-107
-134
-156
-244
-315
-321
-342
-370
-303
-162
-39
83
245
385
453
526
630
691
718
776
835
857
860
866
820
720
636
563
468
374
330
277
195
152
128
101
71
88
149
205
280
366
442
484
504
514
473
407
376
385
416
476
559
623
644
651
640
584
477
362
245
125
48
14
-18
-57
-102
-158
-236
-315
-375
-444
-525
-571
-578
-579
-580
-580
-595
-614
-626
-633
-607
-571
-529
-446
-367
-323
-294
-287
-329
-365
-394
-417
-425
-435
-423
-426
-449
-480
-556
-665
-804
-919
-1007
-1100
-1148
-1152
-1132
-1072
-988
-870
-767
-697
-613
-545
-469
-358
-229
-92
35
185
328
434
535
639
729
798
852
881
860
806
757
675
568
462
347
234
128
41
-16
-83
-169
-254
-351
-465
-543
-556
-525
-443
-290
-86
121
309
482
613
674
696
692
651
615
596
609
648
686
734
773
773
764
749
704
637
575
520
469
426
407
379
342
327
313
292
274
274
273
238
220
208
150
88
55
31
15
10
32
54
66
110
177
221
231
242
234
202
191
202
212
202
185
151
74
-29
-125
-222
-331
-432
-506
-569
-647
-702
-735
-785
-828
-853
-887
-923
-913
-858
-760
-642
-506
-357
-246
-131
-15
45
54
26
-8
-56
-113
-139
-171
-246
-334
-408
-487
-585
-668
-730
-811
-881
-900
-898
-879
-831
-767
-674
-575
-463
-339
-245
-166
-90
-19
30
97
178
236
298
363
438
507
570
635
669
676
675
664
611
523
448
373
290
235
203
157
98
55
9
-62
-132
-172
-186
-203
-162
-76
0
81
175
275
335
388
456
508
551
632
727
794
855
895
903
870
797
733
651
559
504
462
432
428
423
401
346
260
170
56
-71
-161
-218
-271
-293
-266
-233
-210
-170
-119
-96
-93
-72
-40
-24
18
80
126
159
176
181
149
107
84
61
32
7
-15
-85
-193
-296
-404
-512
-594
-632
-643
-646
-634
-587
-556
-527
-484
-454
-429
-411
-373
-337
-319
-260
-173
-110
-71
-24
15
17
-2
4
-21
-96
-160
-236
-322
-403
-457
-490
-546
-584
-575
-568
-586
-587
-576
-604
-631
-619
-606
-581
-510
-398
-282
-160
-27
88
177
261
358
437
493
551
606
634
660
702
712
689
660
612
526
432
345
241
125
35
-15
-81
-132
-135
-129
-111
-66
-3
58
113
177
232
272
308
332
337
330
338
363
385
438
507
576
640
687
708
671
615
542
454
399
361
334
330
304
260
199
109
7
-104
-194
-256
-282
-283
-271
-240
-222
-218
-227
-242
-253
-259
-239
-205
-144
-55
32
86
112
124
94
50
-3
-46
-65
-87
-74
-62
-58
-63
-89
-126
-192
-242
-268
-290
-293
-296
-293
-293
-315
-338
-368
-399
-401
-390
-346
-281
-205
-116
-59
-21
-10
-34
-75
-117
-141
-153
-141
-108
-78
-59
-64
-113
-193
-286
-392
-495
-581
-639
-651
-632
-606
-538
-452
-377
-296
-209
-129
-65
5
69
116
173
235
307
376
433
491
523
531
541
536
499
438
367
294
228
160
119
105
82
62
67
66
38
8
-20
-38
-70
-74
-53
-45
5
77
122
169
229
268
276
291
317
321
327
349
373
396
427
457
478
463
426
404
362
313
293
273
247
230
207
151
74
2
-78
-153
-189
-194
-173
-131
-87
-16
41
44
39
25
-12
-53
-57
-42
-23
22
70
105
111
105
87
35
2
-5
-33
-57
-49
-47
-75
-103
-130
-186
-259
-329
-371
-386
-372
-310
-239
-203
-184
-183
-202
-240
-262
-263
-259
-214
-141
-49
29
68
78
38
-56
-172
-285
-403
-513
-572
-581
-573
-540
-507
-516
-523
-539
-553
-542
-521
-464
-385
-290
-157
-29
62
143
209
226
245
260
263
288
300
311
318
306
284
265
235
194
174
169
175
168
155
140
100
48
-10
-86
-147
-170
-185
-163
-120
-72
-21
17
67
88
99
126
139
160
214
298
370
438
491
516
541
530
520
506
469
458
443
419
405
384
342
269
198
125
60
12
-16
-22
-22
1
25
25
41
52
28
21
38
63
102
145
181
198
203
198
176
152
128
103
102
109
113
110
83
52
14
-59
-135
-182
-222
-254
-254
-230
-219
-198
-182
-210
-230
-263
-306
-307
-303
-285
-247
-192
-127
-98
-93
-107
-159
-221
-283
-332
-358
-376
-393
-411
-428
-454
-489
-521
-540
-536
-518
-492
-434
-372
-325
-303
-296
-279
-285
-259
-198
-139
-51
57
149
196
220
206
140
62
-8
-37
-33
18
115
203
287
341
342
298
203
99
-6
-82
-106
-88
-44
14
75
108
106
86
53
19
-1
12
41
77
127
199
251
290
336
354
363
386
426
465
494
527
538
511
470
397
325
251
187
172
170
183
212
227
224
202
165
119
72
33
10
26
56
102
166
209
232
233
199
149
119
95
78
79
107
135
138
147
146
108
56
-7
-58
-103
-132
-139
-158
-173
-201
-233
-256
-301
-327
-329
-344
-348
-332
-320
-305
-300
-316
-333
-352
-351
-343
-341
-312
-277
-241
-224
-233
-246
-284
-340
-384
-417
-439
-453
-443
-412
-403
-386
-361
-366
-375
-365
-347
-322
-280
-207
-131
-64
9
56
83
100
90
86
78
97
136
160
201
232
251
253
237
227
209
215
217
224
251
246
238
222
185
145
108
84
76
95
136
182
242
287
306
305
277
265
253
241
268
295
331
383
413
446
440
399
351
293
243
205
207
211
212
251
273
266
258
234
185
143
119
93
65
59
63
38
18
5
-17
-37
-52
-64
-68
-57
-46
-39
-43
-61
-76
-104
-136
-146
-135
-117
-107
-91
-82
-89
-111
-158
-228
-301
-355
-398
-424
-416
-389
-356
-322
-304
-294
-309
-349
-379
-401
-415
-398
-355
-299
-243
-201
-167
-158
-173
-188
-223
-266
-294
-306
-317
-320
-316
-321
-319
-325
-318
-306
-292
-255
-217
-172
-128
-85
-50
-51
-39
-25
-12
26
76
126
185
256
307
343
356
348
325
288
266
255
259
271
295
324
337
344
342
317
264
223
194
166
165
175
215
256
282
311
306
271
235
201
187
189
196
226
270
303
335
355
356
352
326
300
287
278
284
291
279
256
238
185
136
85
26
-7
-25
-17
-4
13
20
9
-12
-51
-103
-136
-160
-179
-170
-168
-147
-125
-129
-129
-137
-139
-137
-136
-118
-111
-101
-92
-111
-150
-185
-231
-298
-351
-378
-390
-388
-383
-380
-394
-411
-431
-459
-464
-460
-442
-388
-331
-276
-223
-189
-183
-194
-199
-219
-232
-223
-192
-148
-123
-100
-77
-76
-100
-127
-137
-144
-127
-102
-74
-27
7
34
43
41
43
32
36
47
71
125
167
206
243
268
292
309
311
310
315
325
338
356
363
356
345
337
325
304
282
276
263
250
248
230
224
218
195
182
169
158
149
148
159
172
189
200
202
205
186
148
124
103
80
82
84
89
124
137
133
130
100
54
24
-11
-33
-35
-25
-7
-5
1
-17
-61
-112
-171
-218
-251
-261
-255
-235
-200
-183
-187
-206
-227
-256
-274
-278
-262
-226
-187
-141
-110
-108
-122
-158
-192
-214
-235
-245
-237
-224
-207
-202
-219
-229
-254
-283
-290
-287
-262
-237
-209
-176
-152
-138
-145
-162
-174
-169
-156
-136
-94
-53
-23
-4
-7
-18
-44
-66
-70
-64
-35
10
61
102
134
146
139
134
108
90
87
96
125
150
182
212
235
250
254
259
259
274
288
291
304
315
320
322
319
302
287
283
273
266
267
261
241
246
237
208
203
196
190
193
205
209
200
185
161
133
93
70
41
4
-5
-7
7
21
32
41
29
16
5
-16
-48
-59
-61
-76
-70
-52
-45
-37
-35
-43
-58
-99
-139
-164
-189
-205
-212
-210
-204
-199
-206
-234
-270
-308
-338
-361
-373
-365
-340
-308
-278
-245
-226
-215
-214
-237
-256
-259
-263
-255
-235
-223
-216
-204
-197
-197
-184
-158
-129
-98
-54
-27
-17
0
-15
-53
-80
-117
-131
-108
-85
-50
-2
38
72
75
51
41
11
-13
-4
16
69
114
167
222
237
242
234
207
186
182
184
200
236
269
290
312
327
324
306
281
280
271
258
262
253
251
254
248
231
224
226
221
237
247
257
272
261
249
228
205
185
165
156
153
152
144
147
150
140
123
94
71
48
27
12
-10
-33
-51
-65
-84
-83
-84
-94
-94
-108
-119
-111
-127
-152
-166
-167
-155
-155
-157
-156
-158
-172
-188
-190
-213
-231
-243
-250
-247
-263
-275
-286
-299
-310
-313
-309
-306
-289
-271
-245
-225
-226
-229
-246
-263
-269
-280
-268
-244
-213
-170
-150
-127
-107
-115
-128
-129
-126
-113
-86
-58
-30
2
21
29
30
21
12
17
25
36
58
77
76
75
65
48
54
58
63
91
137
180
201
216
227
224
213
209
229
250
277
322
368
401
395
377
349
307
272
247
243
245
257
288
297
295
282
244
203
162
136
121
105
123
151
159
172
172
141
119
93
57
35
17
10
9
14
18
21
8
-14
-16
-31
-57
-69
-77
-91
-97
-118
-140
-151
-169
-172
-190
-195
-189
-192
-186
-201
-206
-216
-229
-223
-226
-219
-214
-205
-193
-190
-200
-213
-225
-247
-270
-279
-281
-286
-275
-252
-230
-213
-197
-174
-162
-158
-158
-156
-148
-148
-149
-153
-163
-166
-173
-166
-158
-161
-154
-142
-126
-106
-77
-58
-37
-1
20
43
60
69
78
80
88
96
108
128
154
168
182
196
191
185
168
160
160
155
173
204
244
260
266
271
262
248
224
209
207
210
231
252
272
283
277
271
252
228
211
201
191
189
194
199
195
175
170
160
145
140
126
128
144
135
107
73
37
-4
-53
-83
-86
-78
-64
-40
-19
-15
-25
-64
-108
-142
-179
-200
-203
-198
-179
-160
-141
-129
-145
-173
-191
-210
-227
-243
-241
-224
-212
-192
-182
-188
-189
-204
-221
-224
-236
-255
-265
-267
-263
-259
-260
-250
-230
-212
-187
-159
-139
-131
-113
-110
-119
-115
-117
-100
-85
-71
-50
-35
-18
-14
-18
-30
-42
-50
-61
-54
-34
-18
2
19
37
48
48
48
48
44
49
65
89
108
127
160
187
215
231
234
234
227
229
221
216
225
225
240
249
257
275
267
253
250
249
233
221
216
213
224
218
212
205
189
171
152
134
123
123
109
117
124
108
105
86
66
50
28
24
15
10
20
31
34
17
-6
-18
-41
-72
-90
-99
-105
-106
-93
-96
-107
-123
-148
-168
-194
-205
-207
-206
-191
-183
-169
-171
-190
-187
-193
-219
-214
-205
-213
-198
-189
-190
-195
-206
-209
-226
-217
-190
-182
-150
-118
-107
-90
-97
-115
-127
-154
-170
-172
-155
-130
-111
-83
-53
-46
-36
-26
-35
-34
-10
1
16
36
48
72
80
73
72
67
56
49
58
62
69
85
88
89
99
104
105
120
134
153
164
168
177
167
168
161
149
165
178
186
196
203
216
220
208
199
188
171
158
156
158
164
180
180
179
167
146
132
104
89
72
56
53
49
47
47
41
29
21
8
6
-7
-29
-33
-34
-40
-36
-32
-36
-31
-43
-55
-52
-61
-77
-85
-90
-95
-111
-120
-118
-120
-109
-100
-112
-113
-103
-107
-117
-118
-131
-130
-130
-152
-142
-144
-158
-155
-145
-132
-137
-140
-126
-117
-112
-100
-87
-79
-67
-53
-41
-34
-38
-41
-36
-34
-37
-42
-42
-39
-28
-13
-13
-16
-11
-11
-16
-13
-10
-3
15
32
47
50
44
40
38
36
27
29
35
51
75
85
104
109
103
104
94
84
73
66
74
74
76
77
74
68
53
47
50
51
51
57
62
72
66
56
52
42
45
51
54
59
68
73
70
62
54
33
3
-2
-8
-11
-2
1
-4
3
9
-7
-34
-55
-59
-61
-72
-64
-53
-67
-70
-75
-96
-111
-122
-129
-125
-103
-96
-94
-82
-84
-86
-78
-84
-90
-86
-73
-60
-50
-42
-48
-57
-66
-77
-79
-83
-75
-59
-41
-15
-6
-6
-6
-9
-27
-43
-36
-28
-23
-13
-1
17
25
31
35
25
20
23
29
39
57
69
82
111
119
111
105
96
93
81
61
54
45
44
45
43
56
50
43
44
40
43
38
38
40
56
72
68
78
81
74
74
58
57
60
44
29
25
28
24
12
13
15
8
12
11
7
10
9
10
8
-12
-25
-36
-56
-59
-63
-73
-68
-62
-50
-42
-48
-52
-49
-53
-54
-50
-55
-54
-42
-37
-33
-38
-40
-42
-59
-74
-78
-82
-81
-78
-75
-70
-64
-64
-60
-61
-62
-57
-51
-49
-43
-39
-39
-29
-38
-49
-52
-52
-51
-52
-44
-39
-21
-18
-16
-4
-5
3
18
24
23
32
39
39
33
22
22
22
29
34
35
27
28
40
35
29
27
25
28
46
65
64
83
99
93
99
99
83
66
62
51
38
32
29
24
16
25
33
30
36
38
27
28
13
-1
-9
-16
-10
-16
-10
-1
1
8
-2
-17
-34
-48
-52
-63
-61
-44
-21
-3
2
11
20
2
-14
-20
-36
-49
-57
-62
-53
-53
-71
-69
-71
-79
-75
-73
-69
-54
-44
-29
-12
-21
-17
-19
-39
-34
-41
-31
-13
-12
-7
6
5
-12
-24
-31
-29
-26
-15
13
28
39
51
49
39
20
-3
-13
-19
-13
0
14
31
47
56
56
51
34
27
28
33
46
55
67
73
78
84
84
80
78
81
77
76
77
76
65
57
52
46
40
42
50
56
71
73
71
77
63
41
31
25
14
5
3
23
28
28
32
23
28
17
2
-7
-16
-18
-17
-9
-5
8
10
3
-1
-15
-33
-58
-62
-77
-81
-68
-81
-76
-70
-82
-72
-70
-80
-68
-51
-55
-51
-39
-32
-39
-58
-65
-69
-76
-82
-73
-56
-42
-33
-29
-30
-39
-49
-65
-79
-76
-67
-59
-34
-7
3
14
8
0
-6
-25
-41
-41
-37
-22
6
23
43
56
53
47
38
31
18
14
26
38
43
49
52
53
54
27
12
10
-8
8
21
17
31
42
36
39
41
36
34
28
38
48
51
51
44
38
28
12
4
12
16
25
43
52
60
59
52
48
31
14
11
7
6
16
23
19
13
4
-10
-21
-27
-39
-48
-37
-24
-18
-8
6
0
-13
-18
-26
-30
-33
-35
-26
-22
-22
-18
-28
-35
-40
-48
-55
-54
-47
-38
-20
-19
-18
-11
-28
-40
-41
-57
-59
-51
-45
-47
-29
-7
-21
-27
-26
-35
-36
-35
-27
-18
-8
2
7
11
9
-1
-12
-15
-5
-10
-10
3
11
14
12
14
6
-2
5
9
13
19
26
37
44
40
35
39
36
22
21
28
32
34
31
34
42
33
25
30
18
10
10
6
19
24
28
38
35
41
39
24
17
6
-1
3
-3
1
10
7
14
13
9
1
-6
2
-1
-5
18
23
5
14
13
-2
-12
-29
-32
-30
-26
-27
-20
-5
-10
-9
-13
-18
-17
-26
-16
-14
-25
-20
-19
-25
-36
-42
-45
-45
-42
-43
-32
-28
-22
-20
-19
-23
-31
-26
-36
-31
-26
-25
-10
-7
-8
-5
-15
-25
-37
-44
-44
-44
-31
-25
-18
-8
-2
5
-2
-5
-10
-18
-19
-16
-8
-12
-2
10
6
18
17
19
26
17
32
29
17
31
25
26
28
28
44
49
56
63
54
52
49
33
26
21
19
28
30
33
42
51
58
51
47
46
33
30
34
26
29
28
25
27
28
28
20
16
19
15
19
14
10
15
9
12
15
16
17
11
12
7
-3
-14
-12
-12
-25
-24
-17
-26
-25
-12
-18
-14
-12
-20
-14
-10
-6
-7
-17
-14
-16
-21
-19
-27
-27
-25
-26
-25
-31
-28
-26
-34
-39
-35
-38
-39
-32
-26
-28
-26
-24
-26
-24
-20
-20
-21
-24
-20
-16
-13
-11
-11
-6
-4
-1
5
1
2
1
-2
-3
-7
-8
-4
-5
-6
-2
-5
-4
-5
-14
-11
-7
-12
-22
-12
-5
-9
1
5
9
16
19
23
32
30
28
36
27
31
32
20
21
11
17
15
6
15
13
19
19
19
27
25
24
17
9
8
14
12
10
18
12
3
-1
-8
-12
-15
-16
-13
-8
10
21
26
39
32
24
32
7
-4
5
3
-1
-6
1
4
-3
0
1
0
-5
-6
2
8
17
26
26
19
17
20
18
13
5
12
23
14
14
21
16
18
25
17
4
17
20
13
24
37
27
20
30
15
6
5
-9
-6
5
1
6
7
-3
5
5
-1
0
-4
-6
2
14
14
11
14
11
10
5
-14
-14
-2
-3
-3
-7
-14
-17
-17
-25
-34
-37
-38
-35
-30
-14
-6
-10
-9
-14
-17
-22
-26
-28
-36
-36
-36
-32
-25
-31
-26
-16
-17
-22
-17
-19
-13
0
-11
-7
-6
-22
-15
-17
-15
-10
-16
-15
-25
-18
-6
-15
-22
-23
-19
-12
-21
-17
6
10
16
22
26
21
9
8
3
-6
-6
-2
-1
4
20
32
26
26
28
20
10
7
18
17
21
32
39
39
38
35
22
17
17
14
10
11
16
17
28
35
28
28
23
27
31
26
30
33
29
26
22
14
5
7
8
-4
0
9
5
9
12
10
1
-8
-8
-12
-11
-3
-5
4
6
8
9
-5
-7
-10
-23
-37
-39
-25
-22
-14
-13
-21
-11
-14
-19
-15
-20
-26
-19
-19
-23
-20
-29
-23
-12
-25
-32
-29
-31
-29
-24
-25
-26
-20
-28
-22
-8
-16
-10
-4
-6
-5
-10
-16
-19
-14
-13
-18
-17
-9
-17
-25
-14
-14
-9
-4
-5
0
-2
13
12
0
4
3
4
0
4
11
13
26
18
10
19
13
4
6
6
5
10
13
20
26
22
24
27
18
21
22
14
20
18
12
10
5
0
6
8
0
3
14
18
21
27
22
25
23
12
14
4
2
8
12
9
-1
3
4
-4
-9
-19
-18
-10
-11
-2
1
1
3
5
6
-7
-17
-19
-18
-15
-14
-14
-14
-11
-14
-12
-12
-15
-8
-9
-11
-6
-2
0
-11
-3
-6
-24
-18
-20
-8
-4
-4
4
-3
0
-7
-17
-20
-17
-15
-28
-21
-11
-5
7
12
12
5
6
6
-3
-8
-4
-12
-4
3
-9
0
-2
-3
-7
-10
-7
-14
-7
-3
-6
0
12
18
9
3
-1
1
0
-8
-6
-5
-3
-3
-4
3
-1
2
6
2
9
13
14
14
15
16
5
1
-2
-4
-4
-8
-8
-11
-9
-10
-10
-8
-18
-14
-17
-26
-8
-5
-5
-2
-6
2
1
-4
-5
-8
-11
-12
-22
-26
-9
-15
-17
-16
-11
-6
-13
-3
-1
-7
0
-3
-4
-7
-12
-12
-17
-17
-15
-19
-16
-13
-14
-10
-10
-8
-3
-4
-3
-1
6
6
14
22
17
17
12
4
7
7
-1
3
5
3
4
13
21
18
19
25
17
17
29
20
15
22
19
24
16
16
23
17
24
19
20
22
18
25
19
13
11
6
6
14
18
21
17
20
27
18
15
15
8
-6
-8
-9
-13
-12
-13
-2
1
7
8
2
-3
2
9
3
5
-1
-12
0
-2
-18
-9
-7
-16
-13
-19
-19
-19
-19
-15
-22
-16
-15
-19
-13
-12
-10
-8
-5
-9
-21
-17
-13
-28
-34
-27
-25
-22
-12
-7
-5
-5
-1
5
-1
-3
-3
-18
-14
-13
-22
-10
-5
-5
1
-3
-6
-5
-8
-15
-16
-14
-17
-21
-10
0
-1
6
12
18
21
4
-1
0
-2
-4
-9
-5
0
-3
6
11
8
6
10
18
11
2
4
2
2
9
4
-3
1
2
8
15
13
9
6
7
7
-9
-9
-2
-11
6
16
18
16
17
29
19
5
7
5
-14
-17
0
2
1
-4
0
4
4
4
-3
-8
-3
2
-6
-7
-10
-8
0
1
-2
1
7
3
3
10
7
-11
-15
-11
-14
-20
-15
3
2
2
17
20
16
14
7
0
-11
-19
-17
-17
-4
-2
-7
0
-1
6
8
-6
-5
1
-1
2
3
5
17
13
8
13
2
0
3
-3
4
-6
-8
-1
-8
-2
1
-4
-2
3
3
