-15
-11
-24
-16
-17
-25
-19
-10
-3
-3
-10
-5
-5
-18
-10
-11
-15
4
2
0
6
-1
-11
-5
-4
-18
-8
-6
-1
0
-10
1
1
-2
-7
-7
9
13
6
3
-2
-5
-4
7
4
6
20
3
6
9
6
16
3
7
0
-4
15
17
14
6
2
8
9
18
20
24
19
2
7
11
5
6
11
20
16
7
15
17
2
1
4
1
5
7
-2
5
9
-5
-1
5
-4
5
11
2
3
2
-7
-2
0
9
18
3
-8
-5
-1
-10
-14
-11
-15
0
0
-15
-15
-17
-26
-23
-8
-5
-10
-11
-17
-22
-14
-11
-12
-17
-21
-9
-4
-13
-9
3
-4
-13
-14
-6
-3
-12
-4
-6
-21
-13
-2
0
-12
-10
12
5
-9
-6
-4
1
8
2
-1
1
3
9
13
7
2
0
6
20
16
5
10
7
-5
-5
13
18
4
0
8
13
7
6
18
6
4
10
7
18
12
4
18
12
5
18
16
10
17
6
3
17
12
-1
-4
4
-5
1
19
0
-4
25
19
-11
-12
-14
-16
3
13
10
7
4
7
8
5
3
-9
-10
2
-6
-5
4
-3
-15
-6
15
4
-11
-15
-15
-4
-12
-8
8
6
3
0
13
7
-7
-4
0
11
9
-12
-5
8
-11
-25
-17
1
-19
-31
3
1
-18
-1
12
-2
-21
-29
-24
-11
-13
-9
16
8
-17
-21
-7
4
-10
-15
-4
0
-7
-9
12
19
-15
-17
11
13
8
3
10
11
-2
17
20
2
-2
-8
1
20
12
-8
-4
17
14
15
34
21
4
10
19
15
-3
13
16
-4
18
16
11
20
1
-2
4
14
11
7
22
11
-4
1
8
18
15
0
5
7
-10
-4
9
9
-3
-6
7
0
-17
-11
12
4
-17
-1
-4
-17
-12
-15
-4
-2
-14
-4
-4
-4
5
-14
-13
1
-10
-8
5
11
-7
-18
-2
7
-17
-27
0
-5
-29
-22
-13
-5
-26
-28
8
-10
-31
-7
14
-2
-19
-25
-18
7
6
0
13
8
-16
-8
15
14
-8
-19
15
16
-7
2
8
-1
-9
0
17
13
-15
-9
14
-1
-25
-14
1
-4
-3
14
21
1
-5
10
14
8
2
8
18
34
33
7
2
11
-6
1
32
26
-8
11
40
-5
-6
31
7
-1
12
7
10
8
0
13
15
-1
-1
17
4
-4
7
-1
5
1
-24
-17
-2
-2
-10
-12
-1
-15
-5
31
3
-36
-20
-7
-30
-31
-8
-5
-42
-28
11
-7
-16
-23
-26
-9
-17
-22
17
32
-17
-27
-1
-5
-19
-32
-10
12
-16
-19
13
-9
-32
-28
-8
21
-21
-37
14
11
-42
-42
5
21
-31
-42
36
32
-37
-9
39
-22
-54
34
38
-9
-3
2
21
29
13
-15
1
31
-4
8
60
32
-17
-1
51
30
-45
3
100
46
-13
44
66
-9
-44
16
56
9
-3
55
50
2
-7
8
25
11
-19
40
79
7
9
37
-3
-6
-4
17
49
26
3
16
28
-3
-49
-16
27
-24
-57
14
64
-35
-85
24
16
-113
-52
81
-4
-84
-4
30
-45
-101
-40
8
-66
-41
46
-22
-69
-11
-52
-74
9
-36
-81
-8
52
-24
-104
0
15
-121
-96
48
-5
-119
-2
82
-82
-127
28
8
-87
-22
36
-16
-49
-1
-5
-49
-38
5
0
-20
41
40
-38
10
42
-37
-18
52
33
2
22
67
39
-28
25
68
-6
13
82
44
30
57
26
6
32
38
16
36
69
49
28
53
63
21
-3
49
78
2
24
107
45
-12
10
52
43
1
33
53
33
30
26
9
-22
27
42
-21
46
47
-35
27
64
4
-52
6
83
-5
-44
77
77
-69
-34
77
-6
-73
-2
30
-36
-40
33
13
-60
-21
6
-69
-41
4
-28
-43
-22
-5
-81
-53
40
-69
-87
26
-8
-98
-58
11
-22
-87
-70
56
-35
-148
42
52
-112
-44
24
-22
-41
-65
36
16
-103
7
16
-40
4
-12
-32
30
17
-51
0
28
10
-56
-33
107
-26
-114
50
72
-38
-69
38
105
-54
-99
107
41
-85
12
56
37
-33
12
55
25
34
-33
26
84
11
-3
4
44
16
-56
54
109
-2
12
33
80
56
-94
83
101
-36
41
55
121
21
-33
79
10
-16
2
24
87
-3
-55
80
16
-20
29
-16
59
-16
-16
50
-12
-12
-51
-22
-50
-45
7
-51
16
62
-65
-53
13
-91
-35
-41
-60
21
-72
2
45
-69
-40
17
-30
-43
36
9
-25
-41
-36
-21
-127
-45
60
-46
1
91
7
-37
-33
-60
-37
-61
-47
35
-13
-18
40
20
-38
7
8
-43
63
20
-26
23
-58
-36
-5
-58
36
53
1
103
69
-20
45
-4
-70
-17
16
20
37
75
82
71
-1
47
57
-21
79
42
-3
89
26
-57
65
29
-6
105
54
114
73
-3
91
33
-96
-71
65
16
-46
72
101
19
-2
64
42
-56
-11
41
-3
22
12
-24
0
-17
-48
4
53
10
14
11
-26
11
-110
-143
13
-56
-56
35
6
-6
-31
-57
12
-46
-147
-13
50
-109
-76
84
-156
-110
48
-110
14
-11
-60
40
-58
-18
-44
-145
1
-116
-60
98
-80
61
15
-105
57
-73
-104
39
12
-41
-46
113
-58
-149
106
-117
10
95
-100
170
-9
-113
152
-110
-30
98
-152
188
54
-50
170
-79
127
-25
-61
217
-88
40
157
20
38
-19
2
-33
41
102
-49
134
125
-149
197
15
-128
205
-174
112
166
-82
101
33
35
-117
100
75
-58
51
111
45
-35
110
-113
21
40
-70
117
15
-5
85
-31
-85
125
-150
-102
274
-145
-48
167
-142
-93
5
-32
-73
30
54
16
-45
60
-35
-235
137
-148
-158
176
-142
53
55
-249
59
0
-303
149
37
-192
129
-39
-70
-61
-87
-54
-38
-55
65
63
-145
153
-45
-155
-21
-97
30
-130
55
101
-110
-66
55
-33
-159
135
-84
10
151
-132
81
-31
-133
70
-59
-69
192
-38
-1
162
-15
8
-139
75
102
-147
90
92
51
-59
13
152
-152
87
106
-53
313
-121
-31
291
-243
106
62
-152
265
-15
-22
200
-12
-27
-41
134
72
-144
216
-27
-47
232
-259
124
235
-377
288
171
-223
228
-26
-70
23
-21
27
-52
61
2
-40
111
-91
13
-37
-76
146
-198
139
49
-281
238
-195
-88
210
-332
231
94
-350
311
-27
-287
16
-46
-98
-79
6
-29
11
-67
-152
67
-106
-167
79
-131
74
35
-283
61
-27
-187
-48
44
56
-73
-46
93
37
-191
-181
52
-66
-125
10
39
127
-144
-121
285
-194
-199
249
-124
139
136
-210
244
-24
-240
182
51
-21
122
90
103
85
-28
-103
-5
28
-44
77
179
72
149
-14
-3
253
-298
-78
373
-116
101
224
-24
103
-169
1
286
-246
16
337
-71
77
71
-15
-131
-238
194
8
40
162
29
145
-120
15
-45
-165
11
7
116
119
-6
12
68
-180
-46
-86
-127
127
21
101
-62
24
-120
-307
126
-61
31
3
-20
280
-221
-268
276
-247
-318
184
-119
332
-36
-172
358
-412
-162
62
-105
8
-145
69
18
106
-102
-250
152
-214
-92
117
-78
138
-115
-146
209
-210
-188
114
-71
239
43
-121
248
-158
-113
41
-129
134
-125
-34
315
79
-64
-10
58
-45
-164
193
216
-329
204
-57
-50
372
-393
232
161
-292
240
248
-97
-66
131
-184
6
70
-82
108
7
73
120
-35
12
-49
-60
46
-39
-30
28
-7
138
-51
-37
204
-162
68
21
31
188
-259
77
85
-51
-135
-13
328
-296
-17
339
-65
26
-25
-42
-22
-83
-213
176
206
-305
203
131
-150
81
-174
-26
44
-125
-30
0
35
-137
-32
49
-97
-11
-85
-87
247
61
-348
155
34
-483
120
8
-36
234
-268
201
117
-243
16
-11
149
-473
-37
436
-342
223
86
-226
252
-222
45
317
-257
60
178
-199
192
-62
-193
268
-93
116
2
40
215
-250
158
-58
-222
142
-147
44
198
-60
-23
123
82
-290
161
238
-443
217
196
-394
245
199
-185
169
-11
-81
177
-24
67
30
-99
-84
31
51
-50
168
-181
57
317
-127
-2
65
95
-210
-110
416
-161
-208
216
25
205
-67
-115
182
-161
-84
51
76
-85
-258
6
157
108
-246
-41
239
-206
-91
100
66
-210
-256
216
-52
-23
-38
-156
329
-122
-251
352
-122
-222
62
-87
102
-101
-116
98
-71
102
106
-166
139
2
-354
170
229
-252
-247
80
115
-47
16
203
41
-294
-2
362
-153
-269
163
-50
63
25
-91
217
-233
-134
412
-25
-221
241
-70
-180
312
-316
-58
297
-333
105
202
55
10
-78
85
-69
58
-123
110
327
-365
125
354
-152
9
-118
98
269
-171
71
206
-183
-90
157
112
-88
-121
77
37
233
101
-225
163
75
-173
179
273
-146
-130
107
100
24
-90
13
-139
24
142
-166
235
34
-283
98
-88
-35
130
-160
84
76
-133
-15
-54
36
-70
35
67
42
-56
-193
27
-104
8
-62
-85
48
72
90
-51
30
-97
-82
-43
174
101
-237
4
-39
78
79
-149
34
-8
-98
-15
166
60
-211
-95
-147
-21
17
-388
176
270
-297
97
191
-98
-273
-141
231
27
-109
214
13
-155
78
30
17
-79
43
87
-20
231
-173
-151
54
-202
305
21
-160
379
-98
17
288
-9
3
-109
31
182
26
15
167
12
-99
71
88
-67
-52
144
-67
39
158
42
11
-252
177
36
-89
388
-113
65
51
-101
338
-225
-217
144
-71
54
79
106
-105
-223
163
-123
-179
141
-94
-71
147
50
-104
-56
-92
-22
70
-167
18
69
-86
24
-30
-15
-134
-275
115
145
-228
77
123
-213
14
7
-182
-44
-144
-150
140
93
15
50
-112
-165
-69
-12
-11
50
104
-12
3
102
-42
-246
-66
100
-15
77
66
99
1
-251
67
15
-325
22
222
5
118
242
-78
-33
46
-84
69
-23
5
60
65
187
23
-85
-99
-110
-11
30
169
178
-3
-42
-32
-68
-163
3
57
76
122
27
207
48
-204
18
0
-117
100
148
55
16
52
1
-94
-16
-89
-21
161
95
95
-9
-53
71
-162
-70
155
-40
-45
220
235
-152
0
82
-266
-3
58
-94
97
40
-51
-83
-55
-116
-156
78
50
-32
-7
21
-13
-85
-15
-74
-119
-61
-48
29
14
13
-67
-113
-3
-141
-76
120
-112
-85
105
-98
22
111
-110
3
22
-42
115
46
20
-7
-141
13
-43
-114
9
-26
-35
-27
9
59
-94
-52
85
-121
-78
75
-56
-90
44
76
-24
50
52
-45
-41
40
170
-24
15
120
-90
9
95
35
-65
64
116
12
76
76
86
-76
-12
117
30
95
-1
45
113
-110
108
207
-110
-42
115
19
22
24
27
-15
-107
60
43
0
35
3
56
39
66
3
-45
66
30
4
124
47
-66
-62
-49
-39
-105
31
40
-28
16
-91
-23
-49
-126
-82
-66
21
-26
23
38
-129
-110
-106
-65
-24
-58
-1
27
-2
-57
-49
-49
-132
-121
-67
65
136
74
78
-15
-195
-159
-30
-10
-33
-42
22
5
-1
5
-63
-170
-178
-26
58
139
116
-33
-99
-24
-101
-88
93
-13
16
113
69
90
25
-93
-108
3
30
93
245
191
93
35
48
98
14
-30
128
138
69
155
93
17
-87
-118
71
11
4
121
80
121
41
7
15
-132
-11
95
78
160
134
34
-45
-51
-57
-93
2
100
110
104
77
77
54
-39
-1
66
38
68
112
99
20
-50
-47
-46
-30
-12
-34
12
-3
12
44
-78
-76
-114
-146
-17
0
19
9
-27
-10
-91
-125
-133
-151
-71
-59
-9
54
-53
-140
-187
-157
-117
-61
42
-47
-113
-109
-150
-113
-70
-122
-166
-89
-21
-30
-35
-11
-65
-106
-104
-83
11
-82
-59
81
-1
-20
32
27
-41
-39
-29
7
92
61
62
36
-11
-7
5
117
104
103
189
94
131
102
-35
9
19
81
112
134
161
67
29
81
48
19
61
67
106
176
209
150
84
22
-12
89
244
244
230
167
-3
61
17
-44
17
-50
-31
61
106
51
-16
-101
-112
21
77
155
173
106
78
47
40
21
-27
-106
-77
28
52
77
99
-78
-184
-109
-120
-29
30
-12
-61
-100
-118
-154
-154
-177
-239
-213
-92
-119
-81
-47
-220
-232
-180
-201
-10
110
6
93
53
-17
90
73
1
-45
-65
-142
-119
-75
-189
-211
-263
-302
-309
-357
-344
-424
-442
-444
-489
-436
-455
-441
-374
-371
-285
-208
-132
-7
-2
30
58
15
17
58
125
193
214
212
233
163
85
109
108
142
191
228
236
201
202
156
238
337
343
438
516
429
352
501
552
644
876
924
932
888
823
822
808
844
822
752
773
755
745
800
702
517
259
27
49
125
358
579
588
603
548
620
776
782
856
973
1116
1300
1129
384
-981
-2346
-3004
-3051
-2475
-1917
-2098
-2811
-3585
-3882
-3727
-3247
-2799
-2475
-1890
-1159
-171
657
794
572
417
663
1383
2204
2533
2223
1516
843
405
40
-233
-628
-1038
-982
-674
-407
-512
-1042
-1567
-1947
-1750
-1125
-669
-304
-219
-262
18
284
318
462
610
747
1175
1521
1431
995
366
-60
-43
213
404
442
295
-50
-234
-236
-306
-392
-293
-50
256
639
766
598
437
362
552
1083
1476
1606
1646
1421
1224
1164
1068
972
683
559
659
674
866
961
714
493
304
263
523
755
954
1113
1061
1025
1084
1102
1085
1025
1113
1611
2249
2735
2484
608
-1826
-3505
-4267
-3428
-1913
-1611
-2610
-4212
-5310
-5136
-4113
-3048
-2433
-2137
-1506
-88
1410
2046
1725
897
675
1610
3109
4240
4106
2808
1185
-52
-758
-1200
-1744
-2539
-2960
-2710
-2187
-1810
-1918
-2439
-2963
-2726
-1590
-286
745
1030
707
424
263
401
787
871
792
787
528
41
-622
-1540
-2284
-2400
-1920
-1281
-835
-741
-1104
-1404
-1194
-698
-35
559
922
1220
1476
1592
1564
1385
1070
1013
1240
1532
1667
1380
918
468
281
513
834
986
983
936
960
1181
1465
1576
1675
1817
1944
2173
2141
1758
1400
1092
1034
1230
1350
1235
960
768
619
555
697
761
835
1120
1266
1496
2032
2465
2845
2578
638
-2140
-4299
-5247
-4419
-2359
-1336
-2197
-3931
-5408
-5466
-4116
-2547
-1583
-1216
-609
827
2523
3457
2994
1538
543
934
2347
3645
3632
2077
-139
-1872
-2823
-3312
-3736
-4401
-4687
-4113
-3039
-2009
-1630
-2025
-2550
-2369
-1185
520
1753
2146
1823
1086
626
490
401
275
140
5
-229
-715
-1621
-2771
-3675
-3767
-3020
-1896
-830
-318
-354
-373
-141
379
1112
1740
2195
2599
2874
2896
2637
2034
1227
674
588
726
834
728
198
-447
-728
-618
-224
229
474
591
776
1125
1668
2118
2349
2457
2447
2505
2572
2420
2044
1579
1242
1120
1010
864
538
34
-121
19
190
410
559
755
1080
1408
1802
2186
2587
3143
3491
2673
284
-2703
-4905
-5307
-3866
-2002
-1409
-2667
-4570
-5343
-4610
-2890
-1247
-509
-107
860
2500
3954
4183
2938
1230
464
1070
2346
2940
1930
-289
-2553
-4099
-4779
-4976
-5246
-5483
-5198
-4139
-2615
-1413
-905
-950
-1087
-626
531
1886
2736
2606
1852
902
30
-470
-690
-831
-1001
-1162
-1471
-2058
-2664
-3217
-3360
-2744
-1669
-484
456
923
939
836
949
1238
1685
2073
2317
2488
2397
2010
1489
909
338
94
221
342
353
255
-20
-222
-64
244
530
730
672
603
873
1383
1946
2430
2576
2443
2311
2191
2129
2086
1946
1759
1483
1134
766
270
-86
-150
-266
-229
58
264
625
1199
1552
1981
2725
3366
3865
3457
1155
-2069
-4624
-5545
-4349
-2055
-827
-1567
-3366
-4782
-4679
-3228
-1622
-586
-31
762
2250
3846
4438
3395
1371
-190
-340
656
1635
1410
-299
-2692
-4667
-5751
-6100
-5990
-5632
-4819
-3360
-1552
-30
670
574
249
498
1474
2784
3806
3791
2718
1201
-282
-1434
-2067
-2235
-2109
-1910
-1874
-2192
-2894
-3594
-3766
-3101
-1709
-40
1334
2049
2173
1849
1450
1238
1170
1373
1638
1782
1832
1461
672
-175
-886
-1196
-1012
-459
107
380
386
239
188
320
630
982
1220
1409
1621
1894
2163
2347
2378
2344
2406
2399
2216
1975
1611
1331
1388
1266
816
325
-344
-673
-296
103
280
256
137
527
1373
2155
2781
3158
3472
4170
4822
3918
899
-2896
-5725
-6226
-4322
-1812
-968
-2374
-4452
-5502
-4907
-3204
-1640
-703
75
1396
3266
4541
4152
2223
84
-823
-143
1245
1875
839
-1418
-3651
-5133
-5767
-5762
-5528
-4938
-3683
-1902
-110
884
995
743
615
1161
2232
3073
3195
2474
1143
-300
-1549
-2446
-2854
-2873
-2618
-2260
-2217
-2557
-2966
-3210
-2885
-1679
-45
1399
2312
2482
2121
1579
1148
1024
969
912
965
947
756
301
-367
-928
-1251
-1099
-424
238
680
913
895
939
1214
1535
1718
1673
1516
1369
1365
1681
1999
2041
2036
1986
1854
1881
1837
1560
1374
1204
1047
954
659
130
-333
-474
-340
-38
183
221
394
878
1584
2250
2676
3016
3527
4362
4855
3628
358
-3552
-6234
-6548
-4504
-2002
-1347
-2698
-4651
-5576
-4733
-2937
-1287
-113
894
2298
4083
5088
4359
2299
174
-652
162
1522
2006
832
-1539
-3906
-5417
-5936
-5779
-5285
-4549
-3192
-1295
394
1403
1513
1084
913
1349
2294
3175
3192
2159
563
-1082
-2449
-3305
-3502
-3271
-2946
-2585
-2407
-2598
-2883
-2850
-2282
-1096
478
1882
2695
2784
2230
1516
1020
698
577
499
384
352
225
-100
-545
-944
-1153
-964
-306
454
1054
1399
1495
1493
1531
1665
1735
1641
1410
1124
991
1064
1217
1398
1502
1501
1520
1480
1393
1268
1090
905
730
685
624
417
129
-236
-436
-171
423
1067
1681
1991
2005
2245
2588
2723
3087
3757
4198
4377
3690
1026
-2731
-5782
-7172
-6297
-3954
-2403
-2731
-4187
-5440
-5259
-3479
-1205
593
1820
2830
3891
4701
4560
3235
1354
52
-69
487
811
88
-1852
-4080
-5573
-6118
-5878
-5176
-4471
-3611
-2197
-587
792
1807
2137
1966
1964
2214
2453
2517
2073
977
-368
-1628
-2612
-3135
-3330
-3366
-3202
-2889
-2613
-2344
-2000
-1571
-890
87
1152
2005
2394
2292
1871
1360
936
708
601
415
203
50
-137
-305
-401
-495
-540
-345
56
457
850
1143
1259
1327
1495
1658
1536
1216
866
577
589
941
1335
1544
1628
1652
1675
1670
1500
1214
977
889
853
812
630
168
-155
-118
119
641
1149
1225
1272
1564
1912
2457
3037
3179
3311
3777
4121
3955
2428
-900
-4537
-6794
-6949
-5089
-2765
-1995
-2956
-4325
-4895
-3915
-1785
322
1818
2801
3605
4257
4389
3615
2037
460
-285
-90
305
88
-1097
-3034
-4881
-5907
-6033
-5535
-4771
-3891
-2721
-1204
369
1660
2355
2383
2156
2038
2134
2325
2141
1340
149
-1165
-2314
-3041
-3362
-3360
-3109
-2762
-2416
-2228
-2238
-2206
-1935
-1164
80
1216
1851
1917
1440
835
481
385
431
459
480
532
535
441
210
-122
-377
-438
-204
243
621
875
1021
1103
1218
1315
1233
969
669
469
620
1094
1548
1880
2010
1938
1876
1821
1772
1766
1717
1706
1614
1186
607
57
-448
-557
-121
322
552
744
757
807
1347
2072
2626
3092
3335
3448
3728
3776
2700
267
-2798
-5304
-6073
-4878
-2948
-2016
-2686
-4035
-4748
-4050
-2164
-193
1119
1907
2589
3413
3940
3537
2282
743
-218
-75
573
693
-211
-2023
-4021
-5299
-5566
-5132
-4416
-3667
-2766
-1623
-454
615
1372
1621
1676
1864
2102
2309
2287
1662
606
-493
-1444
-2022
-2344
-2568
-2686
-2771
-2704
-2536
-2499
-2501
-2350
-1913
-1093
-66
730
1074
1050
808
592
568
641
703
791
896
953
925
724
274
-237
-505
-461
-185
282
705
867
911
1038
1176
1212
1169
989
764
791
1180
1693
1979
2002
1896
1789
1822
1971
2031
1967
1822
1488
1068
627
80
-256
-157
126
424
657
643
496
655
1195
1901
2593
3027
3271
3506
3725
3630
2417
-190
-3134
-5085
-5271
-3759
-1932
-1504
-2646
-4207
-4934
-4095
-2210
-406
777
1421
2065
2961
3462
2989
1712
279
-371
138
1061
1281
199
-1886
-4012
-5264
-5372
-4729
-3964
-3355
-2699
-1802
-726
323
922
897
825
1112
1639
2308
2586
1874
525
-802
-1846
-2376
-2402
-2434
-2577
-2555
-2487
-2502
-2518
-2661
-2790
-2308
-1131
220
1296
1715
1350
711
395
467
759
1084
1218
1216
1192
1033
705
208
-370
-711
-591
-91
534
986
1099
974
851
905
1067
1180
1171
1039
1040
1282
1519
1634
1621
1463
1389
1597
1909
2099
2018
1703
1328
917
558
382
278
221
367
601
728
732
651
605
854
1489
2230
2751
3015
3134
3174
3210
2843
1376
-910
-3035
-4198
-3880
-2504
-1520
-1833
-2962
-4051
-4246
-3106
-1403
-153
521
975
1470
2022
2357
2074
1177
362
267
785
1283
1099
-28
-1759
-3289
-4010
-3996
-3619
-3258
-3030
-2693
-2027
-1057
-140
348
413
292
285
666
1202
1372
1004
153
-888
-1632
-1953
-1993
-1866
-1796
-1869
-1910
-1967
-2150
-2288
-2268
-1981
-1287
-414
287
641
598
307
99
161
429
839
1249
1449
1440
1247
855
414
45
-167
-85
338
865
1241
1356
1155
834
609
526
639
778
813
930
1186
1411
1570
1666
1602
1521
1648
1885
2082
2181
2031
1575
1030
568
209
131
338
574
766
892
881
842
1039
1457
1902
2279
2561
2768
2977
3165
2836
1527
-420
-2339
-3524
-3438
-2456
-1667
-1718
-2503
-3490
-3880
-3398
-2456
-1480
-681
63
976
1907
2412
2175
1304
368
18
391
1013
1248
636
-730
-2208
-3306
-3854
-3885
-3700
-3412
-2834
-1936
-890
36
400
115
-291
-387
52
956
1732
1800
1110
87
-834
-1368
-1425
-1368
-1527
-1737
-1855
-1971
-2078
-2225
-2523
-2668
-2270
-1445
-490
258
512
329
78
110
453
931
1402
1706
1773
1718
1577
1280
875
472
169
122
384
724
901
819
492
110
-112
-109
42
301
684
1112
1528
1894
2007
1826
1658
1655
1787
2082
2317
2228
1869
1368
840
455
284
240
292
470
650
816
1029
1190
1274
1393
1621
1822
2003
2316
2603
2758
2745
2169
835
-817
-2256
-3035
-2897
-2215
-1745
-1861
-2403
-2991
-3161
-2752
-2039
-1332
-713
-117
479
1035
1374
1254
717
152
-126
-93
117
165
-227
-994
-1851
-2501
-2818
-2837
-2706
-2496
-2105
-1490
-765
-138
204
118
-276
-541
-450
-119
226
358
149
-360
-860
-1153
-1365
-1529
-1604
-1651
-1612
-1435
-1298
-1317
-1423
-1580
-1627
-1337
-790
-168
362
620
655
630
669
828
1043
1197
1272
1337
1415
1449
1328
1051
700
395
337
516
750
919
920
739
491
319
240
272
460
762
1166
1633
1997
2104
1948
1671
1435
1372
1464
1504
1420
1242
980
750
629
538
431
426
595
893
1293
1683
1883
1851
1712
1635
1759
2100
2409
2295
1507
177
-1218
-2205
-2498
-2197
-1871
-1866
-2078
-2382
-2547
-2395
-2150
-1974
-1692
-1155
-422
434
1085
1117
648
52
-388
-498
-336
-171
-240
-533
-916
-1273
-1620
-1978
-2283
-2431
-2208
-1511
-515
389
773
491
-196
-839
-1111
-920
-467
-130
-47
-177
-458
-726
-999
-1376
-1725
-1885
-1804
-1458
-977
-697
-803
-1151
-1469
-1543
-1254
-685
-169
143
345
442
489
544
529
476
521
751
1185
1622
1827
1740
1367
870
564
525
644
865
1018
969
794
548
248
-9
-130
-36
358
966
1549
1892
1900
1677
1427
1321
1445
1684
1858
1916
1875
1678
1402
1110
746
459
390
509
790
1147
1397
1436
1286
1037
884
1004
1383
1841
2149
1971
1202
127
-907
-1608
-1813
-1660
-1489
-1475
-1578
-1788
-2022
-2164
-2253
-2281
-2110
-1708
-1145
-525
-23
168
20
-305
-592
-689
-544
-254
-43
-47
-239
-575
-976
-1304
-1530
-1588
-1362
-928
-440
-52
34
-253
-755
-1228
-1488
-1469
-1187
-788
-505
-409
-423
-563
-774
-925
-1077
-1251
-1272
-1123
-932
-727
-640
-828
-1172
-1442
-1477
-1214
-734
-245
97
295
410
527
690
826
921
1072
1333
1672
1950
1972
1669
1178
712
463
494
658
735
633
395
106
-107
-160
-57
162
477
882
1322
1725
2008
2105
2019
1840
1677
1593
1582
1604
1563
1378
1113
825
558
389
368
485
705
994
1271
1476
1598
1637
1660
1737
1895
2123
2268
2060
1436
571
-360
-1117
-1482
-1604
-1713
-1858
-2077
-2334
-2460
-2425
-2339
-2261
-2160
-1969
-1601
-1032
-418
10
157
80
-123
-278
-267
-178
-102
-67
-112
-241
-452
-732
-1053
-1366
-1533
-1415
-1052
-605
-260
-258
-636
-1139
-1519
-1612
-1316
-795
-347
-58
56
-51
-311
-658
-1045
-1383
-1555
-1481
-1229
-988
-909
-1044
-1344
-1609
-1620
-1355
-878
-310
181
548
786
892
916
861
840
1005
1288
1590
1834
1825
1508
1046
602
293
204
263
349
395
339
203
99
88
179
394
717
1104
1507
1859
2066
2049
1809
1451
1110
922
942
1091
1199
1136
905
591
339
296
479
784
1100
1384
1599
1746
1897
2012
2034
2033
2059
2110
2200
2178
1790
969
-120
-1215
-1997
-2293
-2235
-2131
-2171
-2289
-2383
-2398
-2264
-2133
-2148
-2119
-1851
-1289
-484
275
606
410
-64
-492
-602
-313
113
332
246
-62
-454
-799
-1087
-1399
-1666
-1702
-1378
-753
-141
114
-115
-662
-1154
-1277
-981
-477
-30
165
141
22
-167
-409
-738
-1161
-1490
-1573
-1450
-1225
-1130
-1348
-1728
-2004
-2013
-1698
-1166
-659
-249
91
393
700
943
1058
1076
1081
1198
1439
1629
1625
1404
987
553
312
263
290
316
278
182
129
136
157
223
340
563
963
1461
1868
2018
1883
1557
1233
1097
1141
1236
1271
1198
1065
971
944
927
873
781
740
915
1321
1799
2131
2182
1976
1668
1481
1498
1637
1763
1818
1808
1738
1532
999
92
-981
-1861
-2238
-2069
-1635
-1364
-1480
-1894
-2325
-2561
-2562
-2428
-2297
-2112
-1735
-1203
-658
-275
-262
-578
-900
-960
-700
-178
289
380
105
-401
-937
-1296
-1441
-1473
-1441
-1278
-973
-573
-206
-121
-369
-729
-956
-880
-483
6
277
228
-54
-433
-739
-949
-1154
-1352
-1500
-1538
-1443
-1318
-1340
-1554
-1821
-1946
-1744
-1206
-523
66
415
544
600
674
798
941
1051
1156
1301
1468
1582
1542
1290
882
511
356
436
628
758
728
557
382
328
385
476
567
674
879
1219
1569
1760
1695
1407
1081
943
1059
1295
1491
1534
1422
1298
1271
1300
1298
1246
1206
1279
1545
1907
2112
2035
1737
1400
1219
1272
1469
1604
1593
1507
1438
1410
1270
777
-124
-1159
-1938
-2229
-2076
-1780
-1704
-1971
-2391
-2719
-2833
-2785
-2699
-2626
-2469
-2096
-1516
-898
-518
-526
-827
-1108
-1102
-767
-258
118
159
-107
-495
-822
-1011
-1121
-1207
-1224
-1073
-711
-255
78
84
-275
-776
-1079
-1038
-726
-345
-172
-288
-535
-753
-866
-903
-968
-1104
-1250
-1281
-1170
-1032
-985
-1090
-1287
-1398
-1284
-939
-483
-62
230
379
452
556
739
932
1141
1379
1604
1805
1935
1882
1642
1298
945
717
653
704
771
738
571
328
87
-98
-130
27
306
701
1146
1508
1751
1865
1839
1759
1722
1721
1757
1846
1895
1838
1700
1502
1268
1049
912
882
907
1000
1150
1248
1258
1188
1034
885
907
1120
1416
1690
1848
1844
1713
1485
1097
474
-343
-1148
-1730
-1975
-1960
-1942
-2138
-2564
-3047
-3377
-3451
-3336
-3158
-2958
-2657
-2181
-1576
-995
-628
-550
-632
-612
-330
172
671
892
720
265
-268
-718
-1028
-1233
-1380
-1425
-1318
-1075
-832
-789
-991
-1293
-1510
-1438
-1031
-502
-72
124
76
-100
-278
-396
-479
-540
-602
-663
-722
-810
-964
-1213
-1479
-1624
-1569
-1310
-886
-434
-68
183
355
528
743
1013
1323
1624
1857
1998
2038
1951
1747
1482
1215
1005
898
857
815
715
515
266
67
5
130
433
796
1109
1340
1461
1503
1547
1611
1682
1766
1826
1848
1848
1799
1658
1438
1173
938
828
854
970
1097
1153
1131
1056
983
979
1020
1072
1165
1309
1458
1570
1594
1458
1214
988
820
645
344
-177
-908
-1695
-2325
-2719
-2909
-3006
-3125
-3282
-3379
-3349
-3211
-2997
-2746
-2482
-2118
-1590
-986
-449
-86
50
22
12
123
285
375
304
18
-424
-893
-1299
-1602
-1792
-1880
-1847
-1651
-1335
-1013
-783
-695
-704
-673
-505
-218
96
332
387
257
47
-168
-351
-486
-606
-715
-797
-880
-994
-1140
-1311
-1441
-1414
-1189
-820
-394
-1
275
453
617
813
1056
1336
1628
1880
2053
2115
2039
1845
1592
1363
1204
1118
1080
1007
844
624
376
146
22
53
205
437
723
963
1104
1203
1293
1390
1530
1715
1874
1956
1938
1786
1530
1238
974
800
734
786
905
1006
1068
1073
1018
953
923
957
1049
1166
1270
1324
1295
1177
1034
897
783
718
644
488
189
-318
-1024
-1799
-2458
-2878
-3011
-2913
-2756
-2689
-2727
-2795
-2821
-2720
-2443
-2059
-1644
-1209
-792
-478
-291
-233
-298
-376
-367
-267
-145
-106
-249
-597
-1057
-1477
-1747
-1815
-1705
-1483
-1204
-896
-592
-365
-259
-287
-374
-371
-215
50
291
368
243
-7
-261
-408
-455
-501
-598
-721
-871
-1001
-1081
-1147
-1167
-1097
-896
-550
-152
176
394
541
681
901
1236
1610
1941
2168
2266
2269
2202
2056
1836
1589
1353
1145
981
814
568
262
-12
-193
-213
-67
161
395
592
732
839
924
977
1030
1148
1346
1574
1741
1762
1597
1310
1049
934
963
1039
1079
1050
983
930
899
852
754
618
520
564
731
881
907
776
570
420
403
514
646
705
643
479
240
-118
-623
-1249
-1859
-2281
-2439
-2389
-2312
-2376
-2639
-2971
-3154
-3099
-2819
-2411
-2013
-1662
-1317
-967
-663
-463
-376
-335
-238
-49
179
306
195
-165
-660
-1136
-1463
-1600
-1561
-1418
-1238
-1052
-897
-806
-764
-739
-698
-584
-346
-56
199
364
387
293
161
73
67
113
149
106
-38
-276
-531
-713
-792
-739
-562
-318
-56
214
463
685
888
1064
1220
1407
1642
1876
2070
2169
2132
1975
1775
1582
1393
1204
995
739
445
172
-40
-187
-281
-317
-285
-156
81
359
605
796
939
1050
1185
1358
1508
1576
1564
1512
1434
1350
1248
1093
885
672
504
387
330
312
303
306
317
343
391
454
527
628
736
807
833
814
762
724
708
672
581
451
267
25
-234
-559
-1036
-1614
-2159
-2563
-2759
-2769
-2715
-2718
-2798
-2873
-2796
-2510
-2102
-1687
-1362
-1129
-904
-632
-351
-166
-131
-208
-280
-265
-219
-247
-449
-826
-1255
-1571
-1673
-1597
-1468
-1355
-1242
-1079
-840
-548
-287
-135
-52
52
231
452
633
695
601
429
290
222
208
209
176
80
-16
-72
-123
-171
-183
-180
-119
59
313
564
767
926
1046
1167
1317
1469
1595
1667
1692
1681
1609
1487
1308
1074
851
658
482
314
154
-1
-131
-178
-150
-71
26
138
297
482
695
916
1076
1145
1146
1116
1075
1037
993
927
838
737
630
530
442
369
322
318
364
463
575
652
691
710
710
698
706
709
655
573
481
372
266
185
117
37
-29
-103
-196
-300
-416
-553
-717
-915
-1180
-1520
-1852
-2113
-2257
-2267
-2210
-2162
-2168
-2167
-2119
-2019
-1820
-1572
-1344
-1163
-994
-813
-662
-535
-445
-430
-466
-513
-552
-603
-667
-747
-867
-979
-1052
-1088
-1081
-1002
-822
-594
-340
-78
148
317
430
526
636
752
847
910
924
867
762
653
565
486
410
316
168
-44
-229
-311
-308
-210
-41
110
253
425
612
805
1012
1175
1265
1361
1478
1571
1602
1547
1399
1172
945
770
608
432
246
27
-217
-414
-534
-607
-611
-512
-340
-91
221
500
691
822
932
1029
1136
1260
1327
1286
1143
938
716
523
403
323
247
178
117
94
110
147
160
150
186
288
430
578
681
688
604
504
429
372
318
235
138
47
-12
-37
-97
-218
-388
-568
-716
-808
-881
-1036
-1327
-1682
-2001
-2194
-2220
-2140
-2066
-2059
-2086
-2064
-1935
-1703
-1425
-1173
-991
-832
-665
-500
-332
-194
-120
-116
-149
-201
-270
-364
-476
-588
-676
-715
-684
-609
-522
-408
-276
-138
45
273
472
619
720
753
757
777
827
873
886
852
765
660
569
467
330
171
13
-108
-139
-63
54
142
172
141
115
197
419
693
945
1097
1116
1050
956
883
823
758
690
612
496
321
107
-124
-356
-512
-545
-485
-377
-275
-214
-164
-69
81
290
531
743
908
1022
1096
1134
1124
1078
999
879
723
584
495
432
379
331
264
174
103
92
140
233
345
437
476
468
459
445
407
353
278
199
114
48
-3
-73
-166
-290
-420
-527
-599
-634
-670
-723
-797
-877
-952
-1053
-1214
-1425
-1611
-1696
-1658
-1532
-1432
-1429
-1470
-1491
-1434
-1273
-1024
-786
-637
-547
-474
-391
-308
-252
-232
-239
-252
-241
-218
-231
-295
-373
-438
-455
-393
-292
-203
-144
-99
-22
122
328
541
711
820
888
936
964
962
926
844
748
665
602
552
472
331
151
-3
-76
-85
-43
4
-3
-36
-31
38
162
319
463
551
594
610
613
612
597
582
555
502
422
315
194
52
-76
-152
-170
-139
-112
-89
-70
-50
16
141
325
544
739
868
923
939
933
907
878
842
779
671
533
404
312
253
188
132
96
73
88
149
213
233
223
206
190
200
240
266
240
165
81
14
-28
-59
-88
-129
-171
-184
-169
-163
-190
-244
-295
-321
-315
-317
-397
-598
-900
-1202
-1403
-1470
-1439
-1383
-1384
-1462
-1544
-1554
-1450
-1251
-1033
-867
-745
-618
-499
-411
-357
-342
-355
-347
-291
-222
-195
-230
-320
-425
-468
-417
-314
-198
-83
20
124
263
452
633
780
894
954
984
1009
1014
964
866
731
578
459
368
283
180
52
-89
-215
-277
-287
-271
-265
-276
-274
-250
-179
-51
82
209
344
465
559
633
673
666
640
611
575
518
440
331
212
101
0
-56
-71
-79
-70
-31
17
79
165
282
449
650
835
969
1036
1035
977
893
813
712
582
424
275
161
64
-8
-62
-113
-137
-89
9
112
197
244
266
292
341
397
426
427
402
365
332
268
167
44
-72
-137
-161
-163
-174
-220
-289
-345
-374
-387
-407
-455
-532
-640
-780
-936
-1110
-1273
-1390
-1461
-1468
-1440
-1427
-1432
-1439
-1406
-1334
-1225
-1085
-941
-811
-695
-584
-466
-346
-229
-125
-58
-11
50
106
138
155
166
184
219
264
308
329
340
371
416
472
523
548
545
527
518
513
500
494
481
458
440
430
402
329
222
109
22
-21
-37
-58
-93
-132
-164
-154
-113
-74
-23
53
143
230
304
354
363
330
312
337
377
410
408
362
289
218
155
84
27
-15
-28
-3
49
122
179
215
248
292
362
450
536
578
570
513
422
346
281
237
202
156
128
114
99
81
89
124
174
249
321
367
372
341
321
327
361
412
426
358
210
35
-111
-175
-182
-159
-134
-139
-161
-192
-213
-238
-266
-294
-323
-338
-353
-394
-512
-694
-901
-1102
-1253
-1332
-1340
-1327
-1310
-1299
-1304
-1291
-1237
-1144
-1028
-899
-749
-571
-386
-208
-79
-10
30
70
137
221
292
324
321
288
253
250
267
286
287
275
280
304
351
411
459
472
449
413
379
372
392
403
398
374
337
284
211
115
-4
-118
-193
-198
-160
-130
-119
-168
-250
-300
-284
-191
-83
2
50
84
133
188
258
316
351
383
428
480
487
446
362
249
160
103
56
13
-20
-43
-44
-6
36
84
150
229
318
403
476
529
565
601
644
660
626
552
440
316
217
132
49
-18
-64
-83
-75
-44
-20
-4
15
64
160
267
371
418
399
350
302
275
258
234
163
60
-34
-120
-204
-305
-401
-475
-524
-531
-514
-514
-552
-610
-659
-670
-641
-599
-578
-604
-673
-742
-777
-770
-719
-667
-659
-671
-687
-697
-670
-629
-578
-529
-477
-396
-308
-233
-193
-162
-115
-30
104
243
354
402
383
341
314
318
345
380
397
378
343
302
253
194
124
75
43
50
98
139
156
147
121
112
135
176
207
176
94
5
-79
-139
-177
-217
-277
-320
-316
-274
-226
-175
-135
-117
-46
88
249
375
444
477
487
515
568
609
598
542
455
350
259
185
109
52
28
43
70
100
132
148
205
291
384
483
553
597
609
601
586
548
506
457
395
312
230
155
67
-5
-44
-65
-84
-110
-135
-169
-200
-207
-175
-113
-53
-22
-25
-49
-72
-85
-103
-107
-100
-88
-67
-64
-90
-153
-246
-323
-361
-358
-323
-300
-320
-376
-440
-488
-520
-545
-577
-589
-586
-561
-517
-496
-503
-539
-582
-584
-537
-456
-386
-352
-357
-392
-401
-386
-356
-322
-305
-271
-215
-138
-55
-3
31
43
49
78
133
201
238
262
271
270
287
286
268
241
218
218
246
270
256
219
157
97
63
46
37
22
-13
-46
-68
-84
-97
-120
-144
-151
-116
-36
57
142
214
266
321
386
457
529
577
611
627
614
594
559
512
461
416
411
428
430
389
314
242
193
181
198
224
227
218
214
201
188
181
174
180
192
197
178
117
43
-41
-123
-178
-204
-208
-210
-204
-207
-235
-262
-287
-275
-221
-146
-65
1
37
55
76
93
104
117
119
112
109
87
50
-25
-132
-228
-291
-296
-274
-266
-290
-350
-405
-444
-462
-476
-499
-512
-519
-509
-489
-475
-456
-447
-456
-472
-471
-451
-426
-404
-388
-371
-349
-332
-314
-291
-273
-241
-205
-157
-75
-6
47
89
103
104
130
166
201
260
307
335
341
309
256
193
126
71
35
19
39
57
38
-7
-65
-103
-89
-26
45
116
168
179
185
193
208
237
287
341
403
452
465
457
419
370
344
361
400
437
447
427
396
353
337
354
398
457
505
513
468
388
285
208
165
142
136
124
78
-7
-109
-213
-286
-319
-296
-220
-161
-126
-104
-109
-112
-93
-66
-21
30
78
114
129
98
27
-50
-125
-141
-105
-53
-10
-6
-31
-73
-93
-88
-67
-24
23
78
134
173
158
90
10
-60
-94
-89
-78
-105
-188
-301
-415
-508
-569
-619
-685
-730
-737
-706
-652
-616
-596
-602
-621
-591
-527
-444
-357
-291
-242
-200
-176
-175
-182
-206
-224
-210
-170
-111
-75
-79
-117
-157
-162
-122
-38
61
147
214
243
239
235
243
258
286
325
366
387
374
322
239
164
125
118
147
193
226
236
223
210
208
230
290
377
453
496
498
452
380
326
315
338
369
393
385
352
294
216
153
126
126
152
201
238
236
200
140
77
54
74
117
150
163
158
119
70
21
-15
-14
18
57
94
115
112
82
26
-37
-82
-103
-104
-77
-59
-59
-72
-97
-115
-110
-92
-81
-75
-72
-78
-81
-75
-89
-117
-147
-174
-175
-158
-131
-110
-108
-120
-128
-123
-125
-133
-149
-170
-167
-158
-149
-154
-190
-257
-332
-393
-447
-491
-520
-538
-557
-570
-578
-584
-569
-542
-501
-458
-408
-356
-322
-290
-268
-252
-233
-220
-200
-169
-129
-88
-60
-29
1
42
102
168
218
250
284
299
337
408
469
510
523
511
473
423
367
307
258
228
209
188
159
107
42
-10
-29
-16
30
92
129
134
115
71
37
18
15
36
81
130
162
174
163
138
123
145
182
227
281
328
363
357
328
302
280
264
247
229
216
201
175
130
77
19
-24
-41
-40
-15
0
2
1
-8
-20
-28
-11
9
18
20
27
48
80
115
132
142
153
144
135
137
120
108
106
112
114
104
91
70
23
-20
-31
-36
-35
-44
-63
-97
-155
-187
-204
-233
-273
-328
-382
-416
-445
-483
-524
-573
-633
-689
-725
-731
-734
-729
-724
-706
-664
-622
-565
-516
-477
-425
-364
-274
-158
-42
54
118
150
174
212
258
304
345
382
407
411
425
422
366
312
254
235
269
297
320
302
242
179
126
95
86
79
72
78
73
59
33
-13
-53
-89
-91
-47
-3
38
68
48
21
-1
-23
-12
5
23
67
107
136
157
145
127
118
114
122
139
160
168
148
111
80
49
20
3
-7
-16
-21
-17
-15
-22
-24
-22
-8
24
54
80
109
135
145
144
141
131
140
162
177
186
186
171
150
136
145
179
219
258
271
269
286
291
287
291
289
276
250
213
163
70
-43
-147
-243
-320
-372
-417
-467
-525
-606
-683
-727
-743
-727
-678
-614
-537
-470
-428
-409
-406
-391
-356
-293
-215
-159
-140
-149
-175
-215
-236
-230
-188
-129
-73
-23
6
31
56
63
95
162
227
285
337
380
399
393
377
361
341
326
306
267
234
182
109
54
-10
-52
-74
-103
-116
-133
-138
-120
-91
-52
-22
12
40
57
79
92
110
124
135
134
124
111
72
23
-23
-51
-47
-36
-18
-8
-14
-23
-27
-24
-5
23
52
73
85
90
88
89
85
83
105
123
146
164
174
191
189
211
251
290
318
328
344
342
331
332
340
343
353
366
347
327
301
250
198
151
124
112
100
81
44
-9
-70
-132
-178
-197
-203
-198
-204
-246
-293
-361
-428
-454
-462
-455
-443
-444
-444
-465
-497
-518
-538
-536
-513
-478
-434
-402
-380
-360
-335
-319
-288
-258
-242
-218
-189
-151
-118
-103
-97
-92
-77
-66
-46
-25
-6
27
46
59
76
76
63
50
58
85
113
147
183
192
204
211
191
168
140
125
123
107
113
126
107
84
66
44
35
49
88
121
140
162
168
157
164
173
172
186
189
194
199
178
155
117
63
23
5
15
33
52
65
77
99
129
184
238
273
302
315
329
341
358
369
357
348
335
317
302
283
239
199
191
195
213
230
240
227
187
175
190
213
231
249
248
217
182
131
71
-3
-72
-118
-161
-183
-197
-240
-296
-373
-432
-470
-499
-491
-467
-449
-438
-434
-434
-444
-456
-472
-473
-463
-460
-441
-430
-453
-490
-524
-547
-566
-566
-538
-516
-502
-472
-452
-436
-410
-388
-345
-287
-221
-157
-108
-62
-29
-2
17
31
62
81
86
92
89
83
79
82
81
77
86
108
125
136
149
176
208
244
280
307
316
304
287
273
270
274
278
275
250
225
211
182
160
158
163
194
235
262
290
301
295
289
294
319
332
337
339
316
307
297
258
228
197
182
195
212
239
266
278
288
287
300
315
328
362
388
399
410
404
366
330
287
230
192
155
125
103
57
13
-31
-83
-115
-146
-164
-163
-171
-163
-169
-169
-173
-206
-226
-252
-273
-280
-297
-322
-360
-397
-441
-490
-524
-549
-574
-594
-598
-582
-571
-576
-574
-569
-566
-549
-517
-473
-440
-428
-419
-401
-377
-350
-320
-291
-267
-246
-227
-214
-220
-215
-190
-171
-135
-85
-54
-47
-42
-32
-16
18
65
108
142
175
187
191
191
197
221
241
272
304
320
311
272
254
237
240
274
297
333
358
356
347
338
326
306
306
312
315
329
332
307
269
247
238
226
228
250
275
284
295
316
322
318
306
318
352
367
402
424
406
383
358
327
292
270
243
219
205
175
155
134
100
65
46
44
38
41
51
47
40
32
24
22
15
-6
-45
-88
-124
-169
-225
-280
-342
-413
-470
-514
-552
-581
-605
-627
-629
-622
-605
-588
-581
-544
-515
-493
-473
-467
-444
-431
-422
-400
-382
-383
-384
-388
-400
-403
-401
-386
-365
-346
-320
-311
-315
-308
-297
-285
-257
-224
-190
-154
-114
-90
-70
-57
-50
-14
28
69
115
148
174
192
199
204
211
234
278
315
342
363
366
345
321
316
312
323
341
355
367
365
361
349
338
342
344
353
375
396
414
419
414
397
389
393
389
391
370
345
327
298
275
250
217
195
187
185
185
192
192
198
220
240
262
281
287
287
279
272
270
265
257
251
235
196
145
92
30
-25
-62
-107
-127
-139
-175
-208
-243
-281
-307
-317
-314
-292
-278
-283
-304
-337
-362
-395
-421
-437
-431
-412
-407
-397
-413
-440
-462
-479
-478
-461
-433
-405
-384
-378
-375
-371
-379
-392
-389
-373
-358
-354
-342
-341
-356
-360
-363
-354
-324
-297
-265
-241
-223
-200
-174
-139
-110
-98
-76
-39
0
43
82
98
115
143
160
184
197
191
195
206
211
226
246
266
293
302
309
332
351
378
411
424
431
455
464
454
453
441
421
399
385
377
359
329
283
242
206
170
148
147
148
157
183
199
220
257
278
294
320
338
362
374
391
405
381
352
313
279
250
212
171
125
90
57
12
-26
-57
-95
-121
-139
-144
-127
-107
-101
-111
-127
-140
-151
-170
-185
-192
-196
-204
-225
-242
-273
-325
-351
-376
-391
-388
-394
-398
-396
-414
-431
-431
-423
-404
-386
-366
-344
-327
-325
-327
-328
-338
-331
-327
-315
-295
-301
-308
-311
-325
-320
-317
-325
-305
-288
-286
-279
-267
-246
-227
-205
-175
-148
-113
-92
-87
-66
-43
-24
5
39
66
96
122
138
167
211
253
300
340
365
392
414
417
413
409
408
414
431
435
409
375
339
305
275
254
244
239
246
245
248
252
247
258
273
296
319
340
369
376
368
344
315
299
270
246
225
195
175
149
111
91
78
69
72
79
108
126
149
171
160
171
182
163
144
114
92
62
23
-2
-49
-98
-136
-178
-210
-234
-248
-254
-258
-258
-272
-278
-279
-293
-292
-288
-275
-262
-253
-249
-260
-267
-284
-295
-306
-319
-327
-343
-340
-332
-343
-344
-347
-358
-361
-351
-327
-314
-303
-292
-295
-292
-288
-277
-259
-255
-242
-232
-216
-202
-209
-199
-199
-186
-167
-155
-126
-104
-83
-57
-15
12
37
75
100
134
150
170
215
236
236
250
252
236
229
239
247
249
257
269
274
272
291
297
296
325
336
338
348
340
312
299
298
290
282
279
263
246
232
200
184
187
183
185
196
208
216
222
231
229
235
242
245
245
244
235
202
179
148
115
102
80
58
43
33
19
-5
-29
-41
-51
-60
-56
-51
-46
-50
-69
-83
-100
-116
-133
-146
-158
-169
-187
-205
-221
-239
-252
-261
-259
-260
-261
-260
-265
-269
-282
-288
-284
-279
-279
-278
-262
-261
-254
-239
-237
-224
-213
-200
-194
-203
-208
-224
-230
-230
-252
-261
-263
-274
-275
-266
-260
-259
-254
-240
-219
-193
-154
-114
-73
-40
-21
22
58
81
94
117
137
149
162
159
158
152
151
157
171
193
209
233
242
238
231
228
230
231
232
239
247
256
247
230
215
176
162
177
186
192
201
210
203
182
168
162
164
172
174
185
188
171
147
122
101
98
100
102
122
141
136
124
113
109
110
111
117
105
99
83
52
25
-10
-39
-64
-88
-98
-112
-129
-149
-174
-182
-177
-184
-185
-168
-169
-159
-137
-144
-149
-145
-143
-147
-148
-149
-168
-178
-183
-197
-199
-184
-163
-162
-152
-141
-155
-160
-161
-154
-142
-138
-130
-121
-117
-129
-138
-139
-139
-128
-113
-94
-91
-97
-107
-113
-110
-109
-95
-82
-79
-67
-51
-37
-34
-27
-10
17
46
75
100
138
183
190
202
223
218
211
207
202
190
179
168
146
136
115
84
73
62
73
91
92
104
118
121
115
114
119
119
122
132
151
156
148
141
119
106
99
98
102
107
130
139
128
131
128
113
129
149
150
146
140
129
104
74
41
27
21
4
13
4
-17
-34
-46
-55
-76
-73
-81
-101
-98
-112
-139
-176
-197
-199
-220
-229
-231
-249
-264
-268
-272
-268
-244
-219
-198
-164
-141
-121
-103
-111
-109
-89
-77
-75
-74
-72
-85
-105
-118
-130
-132
-126
-116
-103
-103
-110
-107
-101
-99
-98
-85
-66
-46
-33
-26
-27
-42
-45
-29
-14
6
20
30
42
57
87
96
101
133
155
174
188
195
208
213
218
217
218
226
213
217
218
203
202
210
202
196
190
166
154
141
115
105
107
88
59
51
43
32
21
19
15
15
24
32
39
26
31
44
43
48
50
54
46
38
23
16
6
-10
-19
-33
-25
-27
-38
-31
-33
-24
-17
-13
-3
-3
5
6
-8
-23
-43
-65
-82
-109
-145
-165
-192
-228
-247
-243
-254
-260
-240
-227
-201
-180
-180
-157
-120
-90
-75
-51
-32
-30
-26
-29
-27
-35
-37
-35
-40
-36
-53
-68
-76
-81
-72
-70
-68
-59
-51
-48
-41
-37
-35
-27
-13
-3
-3
0
8
4
11
20
21
33
43
54
72
74
68
86
96
105
121
137
151
161
183
197
202
222
218
218
240
232
219
212
195
181
172
158
143
133
111
92
75
61
51
38
36
35
36
38
36
29
20
25
20
15
7
-5
-17
-42
-47
-61
-87
-92
-92
-107
-107
-106
-117
-100
-86
-93
-88
-84
-75
-69
-77
-72
-62
-71
-74
-71
-89
-104
-117
-140
-152
-159
-159
-165
-179
-172
-169
-165
-160
-150
-141
-134
-110
-104
-100
-89
-82
-75
-74
-60
-46
-42
-27
-15
-14
-17
-25
-30
-25
-23
-27
-29
-20
-15
-24
-29
-26
-33
-35
-24
-21
-4
7
8
19
27
34
41
39
40
45
57
67
65
80
82
83
96
99
98
102
115
133
145
160
176
180
184
182
188
198
193
206
216
206
196
180
167
147
138
136
121
121
117
100
84
59
40
31
24
31
32
32
30
14
10
7
-2
3
9
17
25
25
28
23
8
-3
-7
-7
-2
-12
-28
-27
-53
-87
-95
-104
-118
-121
-125
-131
-142
-150
-153
-170
-163
-160
-168
-152
-161
-170
-168
-190
-208
-203
-192
-194
-193
-189
-182
-180
-190
-176
-158
-138
-116
-90
-41
-14
-3
20
42
49
62
85
99
108
105
103
100
77
63
56
45
48
48
45
39
20
17
6
-10
-8
-9
-8
12
11
10
18
13
23
23
23
49
56
69
83
87
94
91
91
98
107
126
128
131
149
147
138
133
124
126
132
138
150
154
151
130
121
116
90
74
55
42
32
17
-7
-36
-57
-75
-90
-103
-103
-110
-111
-95
-106
-105
-89
-76
-58
-42
-27
-22
-6
1
-19
-21
-26
-36
-45
-62
-69
-79
-91
-111
-126
-127
-129
-127
-131
-134
-124
-126
-117
-107
-111
-101
-100
-101
-95
-92
-92
-101
-101
-91
-96
-94
-96
-99
-86
-85
-77
-63
-54
-34
-11
0
16
33
49
68
87
110
118
132
155
169
178
179
183
175
177
171
151
145
121
108
100
75
72
58
45
41
34
41
38
37
50
56
74
80
85
102
100
102
107
108
101
90
95
91
73
70
61
54
54
56
55
45
45
42
36
34
29
23
17
22
16
2
-12
-30
-38
-49
-62
-77
-89
-89
-95
-106
-110
-115
-125
-127
-125
-124
-122
-124
-113
-105
-111
-105
-105
-109
-103
-90
-85
-76
-59
-59
-65
-57
-58
-64
-69
-68
-57
-61
-70
-81
-100
-118
-126
-133
-139
-137
-133
-121
-116
-121
-117
-113
-99
-88
-77
-44
-28
-18
-12
-23
-18
-17
-14
2
7
20
37
40
31
26
36
48
68
86
107
132
142
145
136
133
141
149
166
174
173
164
142
142
124
97
105
116
124
121
122
114
93
100
96
90
109
123
128
135
139
126
118
114
115
120
121
130
116
106
86
60
54
38
32
31
23
18
2
-18
-26
-44
-47
-47
-57
-52
-58
-61
-65
-93
-105
-98
-103
-107
-113
-121
-125
-137
-141
-144
-144
-132
-131
-123
-114
-121
-115
-108
-107
-98
-95
-86
-82
-79
-79
-91
-97
-102
-109
-92
-90
-104
-97
-103
-110
-105
-106
-102
-87
-76
-52
-43
-43
-31
-33
-23
-10
-12
1
20
26
21
29
36
33
34
39
44
49
54
63
63
63
80
89
87
87
103
122
124
127
139
150
155
154
147
140
131
139
139
124
119
106
94
75
67
62
41
35
36
43
43
45
49
55
61
61
70
77
86
88
86
93
78
65
54
35
26
12
-5
-10
-15
-25
-30
-43
-63
-62
-58
-60
-47
-41
-43
-34
-30
-40
-44
-48
-60
-63
-59
-63
-68
-71
-70
-82
-98
-110
-119
-126
-120
-110
-105
-103
-114
-119
-118
-128
-127
-110
-102
-92
-76
-79
-80
-76
-89
-86
-76
-76
-60
-50
-49
-59
-64
-65
-79
-71
-57
-55
-31
-19
-25
-17
-9
-12
-12
3
16
38
58
63
77
69
59
53
56
69
71
80
81
78
70
67
69
60
77
91
93
111
113
113
113
115
114
112
119
115
118
121
109
106
96
76
70
83
76
69
70
63
66
66
54
55
64
65
65
62
61
59
51
49
37
26
24
11
8
-5
-28
-35
-44
-59
-65
-68
-79
-92
-100
-110
-112
-98
-97
-98
-91
-82
-79
-79
-81
-82
-69
-66
-72
-62
-63
-66
-70
-90
-96
-100
-102
-101
-99
-92
-93
-94
-95
-98
-91
-84
-65
-47
-40
-35
-24
-21
-30
-34
-37
-31
-25
-28
-28
-26
-34
-50
-53
-54
-56
-45
-40
-27
-10
-10
-13
-10
3
22
34
42
51
73
90
72
73
81
77
78
79
82
77
78
73
62
58
58
58
59
66
62
63
73
72
75
78
85
83
87
91
79
88
87
77
78
71
68
68
59
51
42
34
40
37
32
49
54
43
41
40
28
32
37
29
36
34
24
14
-1
-2
-22
-40
-34
-47
-48
-51
-70
-72
-80
-92
-95
-95
-79
-73
-74
-72
-71
-77
-86
-88
-93
-91
-84
-78
-76
-72
-78
-86
-83
-92
-93
-81
-75
-62
-61
-60
-57
-59
-58
-57
-53
-48
-36
-28
-27
-20
-18
-20
-25
-26
-22
-16
-10
1
6
3
-1
-9
-13
-8
0
11
18
23
26
31
42
39
41
55
66
77
83
85
92
96
93
91
93
93
96
105
100
80
76
74
64
63
58
54
63
66
63
65
66
67
69
70
80
80
72
67
65
51
44
45
40
44
43
29
22
17
9
5
5
9
18
16
4
4
3
-6
-10
-14
-17
-17
-17
-23
-35
-42
-55
-75
-75
-81
-86
-82
-84
-81
-90
-110
-107
-106
-104
-90
-85
-84
-75
-76
-81
-77
-88
-90
-77
-77
-71
-69
-71
-63
-68
-72
-63
-51
-56
-50
-38
-38
-27
-30
-32
-21
-19
-15
-14
-1
14
18
19
14
12
4
-4
-1
-6
-4
2
3
8
9
10
16
17
23
34
46
63
69
78
92
89
84
79
78
83
96
94
92
86
71
67
48
39
48
43
57
69
55
63
67
55
58
73
70
78
102
93
95
85
63
61
46
41
39
24
24
20
4
-2
-14
-24
-16
-15
-6
4
4
11
1
-12
-15
-13
-19
-23
-3
-11
-30
-26
-40
-47
-51
-67
-60
-68
-85
-87
-93
-103
-106
-97
-100
-99
-83
-80
-83
-79
-78
-76
-70
-66
-72
-68
-60
-68
-69
-75
-78
-69
-68
-61
-60
-55
-59
-59
-49
-61
-51
-33
-32
-16
0
-5
-1
0
-13
-1
9
10
18
23
27
16
14
6
-2
17
28
26
38
47
50
63
67
60
64
80
93
87
91
103
88
79
71
56
60
56
57
70
68
64
70
60
48
48
54
56
60
70
70
73
68
58
48
40
45
48
38
29
30
14
-2
-8
-17
-14
-10
-6
1
10
16
9
13
9
4
11
1
7
-3
-15
-12
-38
-59
-62
-64
-66
-73
-78
-75
-80
-84
-76
-79
-75
-67
-58
-48
-58
-47
-49
-57
-47
-60
-58
-51
-64
-61
-65
-74
-79
-84
-79
-77
-68
-65
-62
-42
-36
-29
-22
-6
12
15
19
17
21
16
-7
-10
-10
-17
-14
-20
-27
-25
-26
-30
-31
-25
-3
12
10
30
40
40
50
61
70
74
81
91
88
82
82
70
67
55
44
47
46
50
47
44
48
51
55
54
63
73
85
100
97
92
93
85
73
58
53
42
30
28
16
-8
-24
-30
-44
-40
-35
-39
-23
-10
-2
5
1
12
24
27
44
47
43
44
34
21
-7
-33
-35
-48
-57
-61
-71
-73
-78
-87
-86
-81
-74
-58
-43
-34
-25
-21
-22
-24
-33
-37
-38
-43
-52
-61
-64
-82
-99
-110
-116
-111
-115
-103
-91
-89
-76
-62
-48
-39
-19
2
9
31
47
42
46
37
30
24
10
-2
-11
-16
-27
-29
-35
-35
-31
-30
-19
-9
-1
8
33
43
41
57
64
59
67
66
71
75
67
65
64
53
36
29
34
30
39
50
57
69
68
76
83
93
106
113
119
133
125
110
107
85
68
67
59
33
19
10
-15
-24
-37
-51
-39
-28
-21
-14
-14
-3
9
4
4
7
12
15
13
7
-10
-20
-27
-36
-44
-54
-56
-56
-61
-70
-77
-76
-66
-58
-45
-28
-16
-7
-10
-10
-17
-26
-21
-24
-35
-38
-45
-61
-83
-94
-87
-96
-97
-81
-80
-78
-75
-76
-68
-61
-43
-21
-6
18
28
25
28
28
21
17
14
17
11
8
4
-10
-9
-9
-7
0
0
12
22
27
29
29
47
48
43
53
55
47
45
46
32
25
27
16
9
3
2
0
-1
11
23
25
27
34
45
47
43
57
67
73
82
84
78
72
68
59
48
40
31
28
18
3
-1
-15
-21
-15
-10
-8
1
9
7
6
6
8
0
0
8
3
1
-2
-9
-20
-17
-24
-34
-33
-40
-40
-40
-45
-53
-46
-34
-34
-24
-18
-17
-21
-21
-21
-26
-24
-24
-26
-23
-23
-45
-51
-45
-57
-58
-51
-50
-49
-51
-49
-50
-64
-49
-35
-36
-17
-13
-10
-5
-13
-14
-4
5
-1
6
27
23
16
16
27
28
20
30
29
36
42
29
35
38
30
28
30
24
21
26
21
20
19
14
11
7
15
15
5
14
26
28
31
28
28
29
28
25
23
27
37
38
33
33
30
26
28
27
25
29
30
27
13
13
11
0
0
4
14
13
9
1
0
-1
-18
-14
-17
-27
-18
-30
-40
-39
-44
-47
-45
-31
-26
-25
-19
-12
-9
-18
-10
-7
-4
8
3
1
-3
-10
-22
-35
-31
-40
-38
-29
-45
-48
-46
-49
-43
-47
-32
-18
-22
-15
-21
-29
-27
-30
-28
-30
-35
-26
-30
-42
-48
-57
-51
-48
-51
-43
-34
-24
-20
-19
-4
14
24
32
36
47
51
41
34
31
36
34
29
24
19
19
11
5
0
0
10
7
11
13
3
18
19
17
30
40
46
45
46
41
39
34
26
34
35
25
35
33
25
31
22
20
27
22
16
17
22
23
22
21
21
23
32
29
20
20
20
13
6
1
-7
-21
-23
-23
-30
-39
-38
-37
-30
-22
-40
-45
-36
-26
-27
-25
-16
-2
6
-11
-6
-13
-30
-26
-26
-26
-26
-24
-21
-29
-32
-28
-32
-28
-15
-7
-3
-8
-15
-21
-17
-20
-26
-15
-11
-5
0
-18
-23
-27
-27
-29
-31
-20
-15
-8
-9
-11
-2
-4
8
20
13
27
27
20
22
13
18
26
25
35
31
31
35
23
21
25
27
26
27
28
27
25
18
14
20
27
22
26
23
16
14
13
8
4
16
15
23
25
6
15
20
7
9
16
12
12
21
21
15
13
17
22
22
18
17
13
6
5
-4
-7
-8
-19
-14
-17
-31
-29
