9
14
14
15
15
14
22
23
22
19
19
15
15
23
21
16
10
10
10
12
9
5
14
14
9
5
10
6
-3
4
1
0
-12
-21
-13
-10
0
-9
-9
-6
-16
-3
-3
-8
-9
-8
3
-8
-11
-14
-21
-17
-20
-20
-19
-15
-13
-21
-21
-19
-17
-11
-16
-14
-4
-10
-11
-10
-12
-14
-16
-17
-10
-6
-12
-9
-10
-17
-11
-5
-3
2
6
-3
3
11
6
2
3
3
1
3
1
6
8
-7
5
16
4
6
7
15
15
3
2
6
10
10
10
18
16
17
19
14
17
9
7
18
4
-1
13
12
11
16
15
4
6
12
14
12
4
12
19
16
21
15
18
22
14
15
16
15
6
7
5
-1
9
9
4
0
-8
-1
3
-3
-1
-13
-7
-8
-16
-8
-9
-10
-11
-10
-15
-23
-17
-19
-20
-12
-21
-26
-17
-18
-16
-23
-26
-21
-22
-17
-15
-13
-13
-17
-10
-5
-6
-11
-8
-7
-8
-1
-3
-8
2
-1
-2
2
2
3
6
1
-4
11
10
-2
-3
3
-1
-2
8
5
13
25
23
19
17
18
9
7
11
11
12
13
20
23
31
25
16
24
19
18
21
19
10
5
19
12
12
12
10
16
1
4
13
8
2
-5
-4
3
-4
-9
-15
-16
-6
-8
-15
-13
-7
-7
-13
-3
2
-4
-16
-20
-17
-21
-15
-12
-19
-9
-2
-10
-9
-11
-7
-2
-6
-17
-15
-14
-23
-24
-20
-17
-6
-6
-17
-16
-19
-13
-12
-11
-6
-12
-4
0
1
-3
-4
4
-5
-8
-2
-2
5
3
-1
1
-2
6
5
-3
3
0
-4
2
-4
4
14
4
8
13
12
17
17
11
-1
0
0
4
3
-5
7
8
2
4
10
3
-4
9
-4
-6
13
4
-2
-1
7
7
3
7
14
19
9
5
8
2
6
6
5
12
9
12
11
4
6
5
0
-1
0
5
7
4
0
1
16
16
18
18
11
12
6
10
13
4
-1
-12
-12
-4
-7
-3
2
-6
2
3
-5
0
-4
-5
-10
-14
-7
-6
-4
-6
-16
-12
-10
-18
-10
-15
-22
-13
-19
-23
-25
-27
-29
-35
-27
-13
-10
-22
-24
-13
-13
-9
-7
-12
-13
-20
-23
-11
-4
-10
-13
-7
-2
1
9
4
-2
-6
-9
8
13
2
3
6
11
19
12
9
12
14
20
25
25
21
13
12
24
28
16
22
29
19
21
16
17
21
9
14
23
17
15
12
9
14
19
19
9
12
16
12
12
8
4
8
5
-2
0
3
-3
-9
-14
0
2
-10
-6
-19
-20
-8
-21
-20
-12
-24
-22
-23
-33
-26
-16
-25
-27
-16
-22
-20
-17
-15
-10
-17
-13
-16
-20
-18
-24
-20
-15
-17
-19
-13
-17
-13
0
-9
-4
-4
-6
3
3
8
12
8
3
3
9
8
6
8
6
7
9
1
10
23
13
15
15
10
15
11
14
11
7
9
19
21
11
20
17
11
16
12
12
16
19
12
7
2
1
7
14
19
5
-3
-2
-2
2
-2
3
5
0
4
-5
0
14
-2
-2
1
-7
-2
4
10
9
-2
-1
2
2
10
17
12
6
6
3
-1
-2
-3
-2
-1
0
-2
-3
9
11
0
-1
1
-4
-9
-6
-3
-6
-12
-16
-11
-2
-1
-2
-7
-14
-5
-14
-17
-10
-7
-7
-18
-18
-15
-20
-15
-8
-14
-30
-25
-13
-19
-21
-22
-17
-18
-22
-12
-12
-15
-17
-18
-15
-16
-19
-24
-16
-4
-16
-15
-2
-17
-15
4
-2
-3
-4
-4
5
-2
0
6
11
18
3
-6
6
10
4
11
20
12
7
14
14
20
16
11
29
23
16
14
16
29
21
23
30
29
29
31
44
41
21
19
31
29
30
31
25
37
32
15
19
25
14
4
12
23
13
-10
-8
17
8
-7
8
0
-6
6
15
16
5
3
2
-2
-5
-11
-6
5
-4
-20
-17
-15
-16
-21
-22
-11
-5
-12
-25
-25
-19
-21
-23
-22
-16
-31
-29
-10
-20
-39
-41
-25
-17
-30
-37
-24
-20
-26
-29
-27
-11
-21
-40
-26
-12
-21
-27
-20
-17
-22
-26
0
14
-11
-12
6
5
-15
-29
2
32
6
-13
9
16
4
3
16
11
4
8
19
32
14
7
12
12
13
2
14
35
13
-2
29
34
5
0
11
40
37
1
18
50
33
1
9
29
12
-1
26
36
6
-5
29
49
14
-3
30
33
10
6
17
31
20
-16
-5
26
6
-7
17
21
-14
-28
8
18
-14
-24
-4
5
-10
-25
-14
-1
-17
-36
-16
1
-37
-51
-6
-3
-31
-24
-16
-2
5
-25
-26
-4
-20
-45
-17
7
-39
-48
-9
6
-2
-24
-12
2
-15
-32
0
29
-18
-30
17
2
-27
-16
-7
0
-12
-8
15
16
1
-10
7
13
-1
-8
-3
22
1
-16
5
-14
-16
-3
-14
4
16
-20
-7
33
3
-27
1
32
-8
-19
31
10
-18
21
10
-6
31
8
-20
30
46
10
19
28
5
16
19
0
32
2
-5
48
33
10
-4
12
28
9
-12
44
59
-21
-1
37
-11
-10
7
6
27
15
10
20
34
14
-29
-1
25
-12
-24
38
35
-24
9
8
-19
10
-19
-5
28
-14
-8
19
1
5
-12
-29
33
-7
-73
0
14
-47
-22
-6
-35
-35
-23
-22
-18
-41
-64
-21
-1
-52
-68
-20
-4
-46
-21
24
-44
-63
-4
-1
-7
-23
-44
-10
7
-19
-32
-24
-4
-32
-27
42
9
-73
-13
58
-5
-37
-6
10
8
6
10
28
26
-4
-7
53
42
-75
-8
126
-2
-62
67
32
-33
-1
36
50
-10
-43
35
70
4
-9
32
46
17
-1
5
52
20
-55
43
108
-14
-76
37
80
-25
-30
46
48
-7
-7
67
39
-12
-19
15
94
28
-80
28
117
-40
-39
77
8
-44
-4
43
48
-48
-40
50
-1
15
9
-70
42
50
-116
18
112
-97
-50
91
9
-35
-52
-42
32
-8
-33
20
-15
-36
-10
-12
47
-23
-139
23
69
-74
-29
14
-35
0
-33
-39
4
-90
-53
44
-17
-23
-54
-83
19
-29
-84
-4
-12
-48
-13
2
2
-31
-66
1
47
2
-36
19
37
-17
-33
29
21
-67
-13
100
51
-54
-24
37
44
-19
5
38
-21
32
47
27
99
-41
-90
158
63
-103
55
72
12
30
28
118
-9
-116
123
94
-48
101
9
-33
177
-45
-57
152
-84
-61
145
43
4
-50
7
118
-78
-56
146
-69
-81
191
-43
-66
117
-109
-45
147
-91
-63
88
-74
25
-12
-122
55
-83
-108
88
-4
-4
-30
-104
85
19
-170
51
-16
-121
70
-46
-27
53
-124
-111
126
-18
-146
10
35
1
-87
0
-29
-87
29
-36
-90
85
74
-170
5
186
-83
-225
83
176
-173
-39
157
6
-51
-54
24
82
-19
-97
33
94
39
-109
-33
140
-68
-109
105
80
-58
-2
55
64
55
-89
-104
173
105
-226
30
249
-95
-127
164
50
-88
1
58
61
5
42
21
-7
24
-22
20
140
-43
-61
217
-29
-72
145
-59
-86
116
68
-78
55
52
-30
56
-19
-36
45
-10
-37
63
8
10
13
-61
78
9
-57
-15
29
143
-117
-132
253
-14
-328
178
189
-272
-93
169
38
-190
12
139
-180
-49
181
-224
-74
298
-305
-163
445
-255
-328
341
-28
-285
82
92
-93
-75
-9
11
-63
20
-59
-73
172
-104
-176
184
-7
-239
107
120
-137
-16
58
-37
-45
-35
-11
8
-20
48
-28
-24
107
-16
-157
88
158
-259
-4
340
-133
-210
297
90
-255
91
193
-98
-66
203
36
-104
79
93
-92
-72
270
26
-221
255
189
-291
87
213
-208
72
31
-54
203
-118
-9
210
-106
13
28
-37
205
-108
-171
411
-118
-343
392
-61
-322
284
95
-299
217
86
-244
23
31
15
-187
-11
241
-175
-177
321
-85
-320
225
33
-199
97
88
-130
-97
131
-49
-286
253
90
-458
292
260
-564
160
349
-554
-115
425
-164
-301
329
54
-401
180
119
-326
129
20
-228
268
-42
-112
208
-260
-66
163
-188
75
129
-181
19
74
21
33
-197
40
160
-201
43
190
-120
-48
85
29
-94
31
131
-172
-4
232
-141
-99
266
-78
-175
225
66
-102
62
16
45
46
-65
87
75
-68
15
138
-183
58
293
-222
9
170
-7
-5
-27
129
-23
-169
169
-24
-57
209
-175
-33
263
-102
-107
165
-27
-99
-63
101
167
-219
-68
103
-39
153
-26
-233
370
-77
-436
406
1
-295
147
-77
57
186
-320
13
260
-350
-12
236
-172
111
3
-209
223
10
-331
-24
120
20
-68
-39
152
14
-260
-22
151
-92
-207
47
276
-94
-188
207
14
-302
80
49
-187
86
22
12
-63
41
63
-327
80
266
-185
-83
228
1
-155
24
63
-67
-168
76
149
12
-39
-24
2
-22
65
-97
82
285
-340
-35
538
-213
-296
190
106
-28
-42
242
117
-202
63
126
-202
69
62
-358
423
251
-531
322
283
-515
19
401
-213
-136
421
-147
-100
454
-278
-235
325
-56
-128
100
202
-17
-230
151
189
-304
-275
330
75
-290
99
160
-69
-197
129
94
-278
103
33
-240
325
71
-424
145
216
-427
6
554
-520
-287
628
-347
-290
460
-207
-534
591
301
-808
344
453
-673
-30
496
-392
-327
472
-52
-135
228
-50
-105
-144
9
107
-99
-51
76
93
-70
-29
33
-131
-150
56
174
-55
3
23
104
121
-302
40
63
-167
252
53
-81
257
-55
-136
219
-202
-115
273
-194
43
307
-186
15
226
-232
-19
278
-212
-21
259
-30
26
-19
-78
116
-136
-1
422
-318
-63
460
-282
50
39
-342
188
162
-223
172
228
-325
260
-16
-344
351
-67
-196
162
347
-201
-410
498
-84
-647
426
293
-438
39
304
66
-253
-217
92
-161
-134
114
56
201
-86
-92
222
-184
-239
139
-65
-81
235
-151
38
214
-288
-99
51
31
124
-292
28
497
-334
-253
299
-100
-359
72
311
-146
18
108
-243
80
16
-109
5
-39
111
-164
72
354
-314
-329
306
117
-157
312
6
-193
93
-15
57
-220
-97
216
-61
87
183
-28
-143
-11
-27
-81
227
-120
-224
419
4
-216
273
-194
-138
76
-12
377
-49
-187
257
35
-197
105
55
-239
140
223
-79
52
124
-90
-71
-67
-31
166
-18
-4
179
-54
-53
5
-75
164
64
-121
197
175
-118
-141
40
3
-230
76
189
-39
81
-36
-124
33
-45
-137
-65
83
223
35
-187
81
47
-300
-139
160
139
-160
-91
380
0
-500
0
212
-310
-120
321
-64
2
131
-143
-103
-61
-142
-101
144
137
32
-130
-33
145
-263
-127
230
-45
-52
141
1
143
-136
-467
187
5
-325
164
210
-105
-38
135
-18
-98
-43
68
-48
201
208
-213
254
132
-229
63
57
85
30
55
69
41
69
-176
-12
2
-123
-39
64
352
-16
-203
239
74
-303
-14
337
-135
-147
287
20
-69
77
156
-55
-210
225
156
-143
24
88
-193
-262
268
93
-285
271
187
-278
52
139
-157
-68
105
-15
-39
138
-34
-132
102
-81
-159
163
178
-98
-207
173
88
-402
-80
86
-205
-5
91
50
143
-110
-135
-15
-21
77
-107
-18
238
-120
-189
210
116
-248
-149
82
64
60
-81
-102
-46
-173
-140
62
132
93
17
-28
184
-42
-110
100
-131
80
129
-58
207
128
-289
-224
193
17
-200
113
124
-35
28
28
-79
-140
-166
-60
132
269
122
-24
144
-101
-201
106
-71
-157
80
87
105
167
51
-16
-149
-109
153
-15
-1
319
44
-230
59
44
-283
7
174
-103
175
296
21
31
47
-61
-115
-26
145
197
68
105
92
-144
-193
-58
16
-121
27
201
-30
-6
-69
-231
-149
-60
95
51
147
307
-11
-137
-68
-12
-101
-227
110
196
59
117
85
-108
-340
-193
99
56
-11
133
61
-121
44
-71
-173
-27
-208
-41
178
144
82
-140
-178
-243
-174
56
13
-102
11
106
-53
65
15
-329
-51
163
-36
82
206
18
-177
-134
47
-32
-156
92
174
-4
170
99
-151
1
-121
-156
213
269
-55
-16
264
-19
-265
-43
125
-40
-46
223
162
-63
-100
-79
-108
-53
-23
98
258
143
65
53
-49
-81
-100
-73
157
214
-9
95
184
-73
-83
-5
-18
53
127
37
131
117
-187
-98
-3
-21
-19
37
171
49
-2
51
-28
-64
-190
-144
82
67
3
26
22
-74
-173
-141
-3
-41
-66
57
4
-26
-24
-86
-99
-60
-32
54
151
129
76
-31
-38
-74
-174
-28
107
75
66
87
-40
-57
-28
-176
-93
-134
-144
75
29
-9
-85
-184
-78
-118
-143
92
68
-44
5
18
65
-49
-90
-30
18
115
93
189
136
-122
-99
14
40
-28
-63
86
74
-17
84
45
-102
-87
-75
23
200
92
-3
-2
-21
-4
-7
173
87
-122
81
153
97
57
-73
-91
-19
35
107
176
62
-69
18
101
52
28
74
31
-14
132
89
-32
99
-2
-127
63
160
15
-63
57
0
-96
-27
-13
-1
-84
-144
21
55
-57
-28
-2
-82
-118
-61
39
68
-43
-121
-25
29
-26
-26
-49
-134
-151
-15
54
-32
-62
-93
-148
-67
43
-27
-106
-43
-45
-64
41
57
-89
-172
-87
-6
-23
12
-23
-113
-71
-68
-18
5
-112
-98
-64
-75
-12
-3
-69
-71
-62
0
170
114
-41
66
17
-46
168
102
-37
8
-14
-16
47
58
-40
-24
64
74
149
143
92
55
-24
53
155
134
76
52
132
81
42
109
6
-30
40
66
69
35
65
74
76
158
140
111
72
48
102
66
74
116
50
39
101
124
83
15
28
60
69
69
11
-24
-83
-132
-78
-68
-73
-31
4
36
84
79
52
-15
-8
76
-26
-37
52
2
-104
-51
45
-139
-199
-84
-120
-160
-105
-96
-221
-220
-157
-215
-205
-142
-193
-271
-200
-184
-257
-230
-227
-323
-352
-289
-242
-252
-295
-251
-208
-249
-208
-105
-114
-118
-64
-75
-26
-40
-67
-4
-10
43
95
119
175
126
67
126
158
113
228
356
297
363
386
298
412
454
360
441
500
428
483
485
429
372
299
354
367
367
389
385
366
294
265
277
284
217
212
295
289
245
226
201
115
165
199
176
235
135
122
178
105
60
-19
-23
-38
-102
-128
-292
-466
-623
-803
-888
-927
-1086
-1202
-1181
-1238
-1263
-1324
-1377
-1322
-1289
-1148
-981
-878
-797
-786
-682
-517
-408
-290
-167
-7
105
146
222
290
292
281
345
384
401
469
444
421
430
344
308
338
373
338
263
324
324
280
311
272
296
354
364
458
582
604
588
616
639
657
627
720
790
741
832
831
846
854
746
683
581
553
696
917
999
964
885
831
995
1205
1279
1243
1184
1235
1336
1197
446
-720
-1575
-1938
-1752
-1304
-1317
-2082
-3000
-3397
-3327
-2953
-2662
-2575
-2519
-2247
-1479
-698
-491
-668
-719
-352
513
1502
1969
1776
1327
1076
1129
1286
1327
1068
691
595
711
781
573
9
-420
-554
-563
-354
-333
-728
-1105
-1197
-1024
-815
-805
-914
-917
-758
-441
-177
-203
-416
-548
-411
-25
300
270
42
-96
-23
227
386
369
187
-36
19
194
312
251
27
-33
68
223
341
329
188
69
170
365
557
653
492
307
250
175
244
470
583
712
829
831
822
758
737
869
1013
1138
1273
1307
1332
1399
1461
1563
1665
1889
2233
2507
2465
1703
329
-989
-1680
-1596
-1053
-717
-1235
-2350
-3266
-3622
-3372
-2826
-2493
-2315
-1992
-1416
-763
-388
-344
-448
-235
643
1764
2501
2561
1973
1218
763
615
588
511
215
-99
-225
-342
-548
-892
-1156
-1212
-1040
-682
-584
-736
-1031
-1329
-1276
-1006
-775
-689
-712
-751
-706
-568
-593
-871
-1156
-1199
-939
-561
-324
-447
-799
-957
-836
-445
-28
72
37
18
86
274
461
538
553
673
850
1061
1162
1062
910
838
993
1245
1390
1351
1159
819
472
456
565
723
1067
1240
1199
1122
948
782
800
1000
1224
1406
1481
1397
1275
1195
1198
1275
1445
1828
2308
2657
2513
1470
-278
-1870
-2507
-2184
-1368
-943
-1616
-2983
-4110
-4388
-3897
-3083
-2470
-2139
-1732
-1138
-488
-181
-274
-242
280
1426
2709
3292
2968
2062
1150
695
620
621
399
-29
-392
-647
-848
-1049
-1238
-1210
-897
-521
-288
-359
-700
-973
-887
-468
-54
65
-167
-593
-852
-866
-847
-916
-1179
-1509
-1610
-1499
-1362
-1360
-1526
-1614
-1389
-855
-250
105
175
163
285
604
974
1272
1317
1256
1342
1351
1231
1021
743
609
690
842
849
692
452
190
-16
-142
-182
-82
200
608
995
1093
1006
882
809
981
1253
1524
1713
1726
1592
1355
1137
1034
1128
1402
1784
2149
2470
2715
2667
2042
608
-1224
-2574
-2871
-2242
-1509
-1493
-2579
-4084
-4875
-4588
-3501
-2392
-1709
-1392
-1162
-649
-13
388
578
946
1687
2650
3325
3199
2357
1300
653
574
692
589
12
-755
-1279
-1483
-1388
-1110
-818
-493
-190
-84
-186
-433
-660
-572
-124
396
549
220
-388
-1128
-1672
-1821
-1822
-1834
-1893
-2143
-2422
-2608
-2768
-2663
-2198
-1547
-793
-108
290
497
645
803
1180
1730
2216
2501
2525
2290
1824
1374
1074
872
798
793
734
534
191
-176
-443
-454
-290
-123
99
309
453
708
1040
1232
1316
1363
1427
1537
1589
1608
1503
1271
1090
942
846
851
942
1064
1200
1343
1551
1892
2271
2386
1762
247
-1619
-2884
-2999
-2189
-1384
-1507
-2595
-3897
-4392
-3770
-2646
-1787
-1434
-1255
-845
-75
612
840
785
900
1558
2366
2719
2295
1275
390
91
190
131
-412
-1246
-1878
-2014
-1719
-1273
-956
-713
-435
-193
-83
-155
-262
-188
143
539
629
294
-351
-1018
-1408
-1511
-1512
-1513
-1613
-1865
-2148
-2403
-2465
-2240
-1712
-890
-126
423
770
945
1133
1405
1778
2139
2391
2476
2344
2045
1585
1091
696
438
281
136
-43
-270
-521
-699
-724
-614
-405
-223
-115
12
210
505
866
1235
1514
1638
1623
1548
1402
1164
1023
1050
1145
1231
1183
934
629
528
750
1147
1472
1722
1985
2340
2670
2330
935
-1095
-2758
-3104
-2191
-962
-686
-1881
-3580
-4538
-4165
-2826
-1499
-813
-664
-465
57
635
873
830
983
1581
2405
2808
2341
1234
166
-305
-289
-325
-765
-1498
-2132
-2356
-2177
-1851
-1462
-993
-477
-1
226
131
-46
-44
208
451
296
-96
-629
-1102
-1200
-1303
-1594
-1976
-2288
-2443
-2424
-2255
-2238
-2103
-1625
-947
-53
767
1260
1531
1736
1946
2178
2322
2328
2311
2216
1995
1623
1048
416
-105
-389
-459
-452
-469
-592
-724
-731
-649
-524
-285
55
422
803
1138
1394
1560
1676
1790
1895
1934
1837
1658
1391
1112
911
795
781
753
668
570
617
816
1025
1243
1491
1856
2295
2605
2358
1150
-656
-2192
-2762
-2337
-1631
-1499
-2288
-3489
-4185
-3946
-3049
-2078
-1476
-1140
-724
-149
391
680
803
1031
1522
2083
2249
1835
1031
224
-281
-573
-876
-1350
-1899
-2266
-2359
-2241
-1950
-1474
-868
-180
342
525
441
314
495
826
1044
1025
588
-54
-608
-975
-1244
-1568
-1876
-2126
-2328
-2385
-2353
-2307
-2067
-1522
-730
153
876
1330
1516
1554
1630
1821
2021
2099
2064
1850
1429
941
452
1
-306
-398
-399
-458
-655
-921
-1033
-896
-559
-158
208
471
684
935
1190
1441
1667
1955
2300
2475
2435
2156
1697
1319
1169
1218
1279
1212
1020
781
650
656
755
919
1090
1449
2004
2440
2450
1602
-78
-1851
-2890
-2836
-2049
-1357
-1550
-2649
-3832
-4245
-3682
-2533
-1450
-872
-611
-343
24
412
679
908
1253
1735
2092
1930
1220
250
-526
-859
-939
-1056
-1439
-2010
-2434
-2577
-2364
-1815
-1093
-292
382
741
740
476
254
325
674
994
946
404
-471
-1294
-1788
-2007
-2090
-2163
-2284
-2350
-2286
-2099
-1845
-1525
-956
-88
879
1707
2128
2106
1937
1854
1990
2191
2172
1938
1486
917
422
-39
-442
-656
-698
-665
-644
-706
-816
-810
-602
-230
202
597
920
1159
1325
1486
1689
1914
2193
2461
2515
2323
1951
1489
1123
984
1026
1059
1020
815
488
263
255
433
667
1006
1419
1855
2185
2000
919
-915
-2523
-3097
-2561
-1504
-1042
-1783
-3269
-4309
-4132
-3033
-1768
-980
-773
-708
-352
191
545
691
886
1320
1862
2061
1596
612
-279
-620
-520
-462
-812
-1512
-2204
-2482
-2247
-1716
-1090
-407
268
804
1039
840
423
217
419
847
1127
886
57
-982
-1790
-2169
-2237
-2216
-2231
-2291
-2329
-2344
-2314
-2124
-1645
-807
265
1295
1940
2039
1804
1613
1681
1895
2076
2062
1755
1225
632
53
-488
-834
-869
-670
-488
-524
-748
-967
-910
-493
91
613
969
1233
1442
1628
1823
1986
2155
2378
2547
2484
2148
1645
1137
810
770
873
939
933
757
462
277
306
564
1001
1454
1763
1994
2197
2217
1852
825
-656
-1943
-2501
-2233
-1740
-1748
-2510
-3540
-4051
-3750
-2851
-1919
-1375
-1102
-794
-306
270
729
1015
1211
1370
1441
1294
908
446
74
-213
-555
-1043
-1684
-2228
-2425
-2306
-1990
-1645
-1230
-703
-163
318
552
519
405
386
509
604
510
135
-430
-976
-1365
-1605
-1795
-1947
-2085
-2153
-2114
-2002
-1780
-1439
-918
-231
509
1136
1484
1586
1614
1693
1856
2004
1953
1697
1338
959
620
286
-19
-253
-364
-363
-355
-423
-542
-516
-272
124
560
885
1077
1199
1336
1524
1725
1926
2107
2217
2202
2039
1721
1299
954
758
643
593
571
482
284
48
-117
-40
351
909
1399
1668
1759
1840
1922
1714
899
-383
-1529
-2030
-1836
-1387
-1381
-2118
-3091
-3567
-3295
-2528
-1764
-1348
-1199
-1006
-516
145
648
918
1034
1088
1192
1234
1062
694
237
-196
-625
-1077
-1530
-1948
-2198
-2159
-1861
-1417
-923
-461
-124
95
259
400
522
608
635
534
284
-57
-478
-963
-1351
-1534
-1665
-1808
-1983
-2225
-2334
-2203
-1838
-1361
-883
-350
154
594
964
1161
1263
1369
1519
1665
1651
1486
1202
875
642
491
320
100
-89
-241
-361
-377
-318
-235
-51
259
548
727
832
906
1038
1282
1625
1956
2160
2233
2145
1890
1531
1217
1045
981
1000
984
825
595
324
98
46
215
577
978
1288
1468
1613
1822
1996
1835
1100
-69
-1185
-1776
-1707
-1321
-1250
-1788
-2622
-3225
-3273
-2813
-2193
-1767
-1533
-1206
-665
-36
468
679
672
661
808
1022
1069
838
342
-258
-789
-1175
-1440
-1650
-1778
-1755
-1545
-1188
-776
-419
-189
-24
167
418
643
688
516
199
-148
-400
-507
-604
-812
-1105
-1443
-1761
-1935
-1955
-1916
-1806
-1577
-1234
-791
-301
144
464
677
874
1110
1361
1538
1559
1439
1237
1022
881
774
635
456
230
-2
-236
-444
-573
-621
-548
-321
-39
195
343
418
492
643
886
1192
1516
1771
1892
1839
1608
1320
1129
1101
1206
1317
1294
1097
803
509
320
345
525
816
1180
1440
1567
1631
1746
1957
2090
1852
1082
-23
-1024
-1535
-1517
-1339
-1453
-1997
-2695
-3126
-3102
-2728
-2270
-1930
-1614
-1092
-379
267
611
585
377
341
615
1046
1303
1115
517
-248
-914
-1325
-1493
-1501
-1428
-1267
-1046
-841
-703
-631
-514
-267
120
534
736
615
244
-202
-510
-584
-562
-576
-706
-1012
-1420
-1846
-2139
-2219
-2123
-1828
-1436
-1037
-687
-428
-180
108
444
843
1240
1537
1681
1653
1464
1207
1006
894
873
860
703
373
-61
-481
-747
-788
-646
-374
-87
103
187
179
185
310
599
996
1371
1651
1767
1684
1477
1226
1038
1024
1146
1303
1350
1183
845
469
253
256
426
705
970
1167
1314
1415
1532
1723
1980
2239
2216
1686
651
-580
-1496
-1847
-1690
-1435
-1497
-1960
-2628
-3094
-3138
-2793
-2262
-1721
-1159
-590
-54
338
460
332
131
131
439
908
1244
1187
674
-132
-879
-1305
-1361
-1178
-959
-807
-740
-651
-495
-350
-254
-231
-195
-58
143
268
148
-176
-551
-798
-827
-774
-813
-1030
-1367
-1644
-1775
-1768
-1690
-1599
-1443
-1130
-656
-152
234
431
465
509
699
999
1269
1396
1356
1219
1085
977
841
594
240
-92
-281
-272
-130
5
35
-14
-45
16
179
386
574
675
761
879
1000
1113
1166
1155
1119
1089
1109
1159
1141
1005
822
665
599
658
751
791
800
834
971
1224
1523
1836
2086
2291
2415
2287
1771
854
-204
-1048
-1434
-1399
-1283
-1371
-1730
-2228
-2586
-2651
-2500
-2266
-2039
-1774
-1329
-683
-16
442
534
292
-16
-92
158
584
912
912
557
21
-465
-776
-939
-998
-977
-809
-452
8
363
396
68
-414
-728
-692
-358
45
211
6
-412
-816
-1081
-1189
-1232
-1323
-1440
-1479
-1401
-1293
-1252
-1281
-1301
-1186
-887
-457
-15
307
464
499
494
507
537
569
602
627
630
595
504
344
151
6
-98
-115
-13
121
246
316
316
293
295
357
450
525
563
593
646
764
919
995
939
789
636
586
692
867
945
875
730
631
684
845
1024
1135
1183
1283
1486
1743
1929
1953
1864
1742
1622
1436
1038
413
-294
-871
-1160
-1196
-1143
-1173
-1322
-1488
-1601
-1634
-1621
-1622
-1590
-1438
-1093
-638
-251
-74
-150
-344
-458
-388
-203
-25
35
-40
-147
-201
-192
-203
-264
-330
-368
-282
-59
176
320
306
136
-111
-329
-468
-551
-589
-618
-654
-657
-600
-543
-580
-718
-936
-1147
-1226
-1139
-933
-743
-641
-603
-590
-542
-469
-421
-430
-498
-552
-554
-485
-348
-207
-104
-45
-33
-34
0
82
190
312
412
492
558
584
555
445
283
139
77
133
275
459
626
732
783
783
767
792
883
1032
1185
1273
1277
1237
1180
1117
1049
982
945
924
963
1061
1142
1199
1206
1186
1183
1208
1230
1195
1110
1001
893
782
663
544
423
333
259
178
52
-124
-272
-356
-363
-360
-455
-661
-949
-1231
-1427
-1534
-1582
-1602
-1608
-1582
-1495
-1364
-1229
-1148
-1145
-1186
-1210
-1156
-988
-774
-594
-472
-423
-393
-345
-270
-187
-144
-115
-63
5
86
150
132
75
24
6
41
63
26
-88
-272
-467
-622
-724
-807
-892
-990
-1112
-1230
-1295
-1302
-1280
-1238
-1183
-1128
-1044
-907
-733
-541
-364
-193
-25
161
348
475
552
562
541
568
644
733
801
827
833
864
964
1135
1316
1422
1440
1414
1359
1307
1265
1201
1127
1057
996
943
886
801
666
550
500
524
600
638
640
611
582
630
746
896
1025
1118
1181
1227
1252
1204
1085
926
780
691
653
624
542
367
132
-99
-288
-450
-627
-868
-1159
-1397
-1510
-1495
-1404
-1330
-1345
-1405
-1421
-1387
-1331
-1310
-1358
-1426
-1450
-1353
-1178
-1041
-979
-973
-923
-739
-445
-153
34
106
126
146
228
368
476
521
473
382
305
250
203
98
-89
-305
-496
-642
-743
-823
-917
-1044
-1151
-1189
-1207
-1219
-1249
-1318
-1399
-1424
-1342
-1179
-948
-725
-597
-543
-507
-432
-300
-156
-19
111
260
485
748
991
1174
1258
1297
1351
1468
1614
1716
1745
1699
1605
1486
1363
1244
1140
1054
960
856
750
652
599
592
611
627
634
668
716
780
846
886
917
946
986
1022
1013
960
906
873
842
805
742
664
597
565
558
537
466
327
188
72
-38
-149
-326
-561
-799
-984
-1079
-1123
-1175
-1303
-1480
-1630
-1717
-1700
-1646
-1622
-1617
-1621
-1573
-1422
-1211
-981
-804
-673
-514
-332
-136
1
11
-64
-145
-153
-106
-50
-23
-76
-165
-220
-221
-179
-149
-188
-297
-414
-498
-549
-587
-650
-729
-822
-906
-957
-1015
-1094
-1186
-1274
-1320
-1312
-1246
-1134
-989
-808
-619
-444
-301
-183
-44
121
322
545
746
944
1119
1248
1332
1348
1299
1233
1204
1235
1309
1381
1391
1326
1216
1130
1100
1081
1080
1083
1077
1088
1124
1150
1132
1074
1001
932
871
811
719
579
430
318
263
256
302
379
453
554
677
782
871
912
899
892
914
968
995
942
809
616
427
269
131
-57
-330
-661
-1003
-1269
-1424
-1506
-1555
-1625
-1695
-1719
-1681
-1586
-1495
-1443
-1416
-1382
-1287
-1139
-988
-880
-820
-769
-711
-622
-516
-456
-465
-514
-546
-500
-380
-234
-124
-75
-69
-51
-1
43
42
-15
-99
-176
-203
-189
-206
-288
-422
-572
-703
-798
-883
-987
-1114
-1232
-1279
-1222
-1093
-952
-859
-778
-684
-557
-369
-167
32
209
365
532
677
801
905
955
971
985
1009
1048
1091
1113
1113
1104
1116
1161
1224
1305
1358
1380
1374
1345
1321
1274
1186
1056
889
738
641
573
517
450
360
285
249
255
293
364
462
593
726
840
949
1043
1140
1227
1303
1322
1258
1128
947
782
653
549
425
238
27
-188
-388
-578
-773
-974
-1156
-1275
-1307
-1272
-1234
-1266
-1372
-1497
-1598
-1622
-1582
-1558
-1585
-1668
-1750
-1740
-1640
-1499
-1373
-1304
-1234
-1095
-863
-597
-373
-227
-139
-27
112
263
374
396
358
306
294
308
287
167
-59
-310
-519
-636
-686
-734
-815
-912
-998
-1036
-1025
-1002
-984
-981
-966
-892
-780
-657
-531
-418
-316
-206
-78
38
147
239
315
391
464
570
713
875
1028
1154
1262
1350
1443
1531
1591
1627
1624
1592
1531
1437
1337
1217
1093
999
931
879
834
790
735
694
673
669
686
710
740
741
708
669
634
625
643
665
675
664
656
673
709
766
809
810
775
706
641
591
552
500
397
269
142
17
-117
-302
-563
-889
-1193
-1414
-1553
-1649
-1776
-1951
-2143
-2265
-2251
-2160
-2051
-1975
-1932
-1860
-1703
-1450
-1161
-896
-695
-556
-427
-280
-135
-35
13
-5
-63
-104
-107
-72
-48
-62
-108
-169
-181
-144
-116
-134
-203
-301
-394
-421
-403
-381
-409
-508
-634
-759
-839
-875
-898
-936
-979
-1010
-996
-911
-789
-673
-586
-483
-338
-117
156
402
581
701
824
997
1212
1415
1533
1526
1442
1363
1329
1351
1379
1351
1265
1156
1071
1042
1041
1036
1008
960
918
902
906
895
853
776
699
654
630
614
575
508
421
359
358
405
499
590
658
720
773
862
987
1115
1231
1283
1256
1166
1054
952
859
754
607
408
179
-61
-290
-520
-785
-1078
-1365
-1605
-1745
-1806
-1847
-1910
-2002
-2087
-2113
-2044
-1918
-1792
-1716
-1710
-1701
-1641
-1487
-1291
-1138
-1038
-971
-880
-743
-569
-391
-263
-185
-119
-30
92
223
307
326
313
309
342
373
359
263
66
-163
-346
-448
-479
-536
-674
-870
-1062
-1158
-1156
-1101
-1048
-1037
-1030
-952
-799
-604
-416
-282
-172
-40
147
360
526
641
699
745
836
966
1113
1205
1231
1204
1174
1189
1251
1346
1425
1468
1458
1418
1382
1346
1291
1229
1148
1062
994
931
879
794
690
591
499
460
449
459
468
450
430
420
454
530
611
685
745
796
860
938
1031
1102
1132
1092
986
864
753
677
603
485
318
94
-141
-349
-543
-749
-996
-1273
-1525
-1700
-1799
-1841
-1883
-1953
-2035
-2095
-2078
-2002
-1918
-1868
-1856
-1822
-1725
-1537
-1297
-1088
-946
-865
-797
-689
-525
-346
-218
-138
-80
2
122
234
299
270
195
132
91
110
127
70
-51
-214
-357
-443
-477
-479
-532
-640
-752
-844
-871
-861
-852
-877
-942
-974
-944
-842
-679
-520
-386
-269
-152
-4
173
345
483
597
720
865
1030
1184
1300
1345
1327
1294
1297
1336
1393
1437
1425
1374
1309
1264
1247
1231
1210
1167
1097
1028
970
938
917
886
841
803
767
745
727
697
680
658
673
726
775
840
879
896
915
928
963
1015
1068
1110
1094
1022
912
783
683
612
546
445
282
70
-158
-376
-578
-794
-1052
-1315
-1546
-1719
-1835
-1923
-2025
-2158
-2293
-2382
-2403
-2367
-2304
-2243
-2185
-2087
-1925
-1694
-1430
-1209
-1045
-918
-789
-625
-437
-249
-98
-2
69
144
213
280
318
299
238
165
128
110
87
26
-90
-232
-377
-492
-579
-643
-695
-759
-829
-897
-945
-964
-964
-949
-951
-947
-907
-833
-728
-608
-484
-356
-230
-96
62
238
427
614
773
907
1035
1164
1290
1405
1487
1526
1544
1558
1580
1595
1591
1556
1498
1440
1388
1346
1305
1272
1230
1173
1120
1073
1033
988
941
886
811
731
657
609
586
564
543
522
509
515
531
564
605
643
702
786
889
994
1083
1127
1110
1045
942
837
740
637
516
343
110
-161
-445
-718
-974
-1230
-1497
-1771
-2017
-2206
-2311
-2355
-2380
-2403
-2447
-2467
-2424
-2318
-2170
-2033
-1911
-1790
-1631
-1429
-1216
-1013
-851
-733
-619
-487
-324
-157
-38
37
72
98
156
244
331
358
322
255
190
161
136
93
0
-152
-316
-470
-584
-671
-760
-853
-957
-1040
-1076
-1056
-1001
-956
-924
-885
-791
-606
-357
-105
89
220
341
492
685
902
1097
1231
1298
1336
1386
1462
1542
1584
1586
1560
1542
1555
1582
1595
1576
1524
1452
1387
1344
1323
1288
1203
1080
967
881
818
768
703
620
506
397
343
346
403
463
490
498
499
536
604
689
772
821
862
906
973
1053
1099
1072
977
834
685
550
421
284
103
-126
-364
-573
-757
-943
-1169
-1449
-1747
-2023
-2218
-2317
-2352
-2372
-2410
-2456
-2472
-2426
-2316
-2176
-2054
-1965
-1877
-1743
-1546
-1315
-1089
-906
-770
-635
-467
-276
-100
25
81
88
83
105
156
187
182
123
37
-28
-72
-108
-168
-266
-394
-529
-626
-679
-701
-705
-724
-757
-783
-772
-725
-671
-629
-601
-585
-547
-459
-320
-159
-2
129
258
413
585
768
937
1087
1214
1341
1495
1656
1788
1859
1874
1841
1795
1758
1723
1671
1593
1505
1396
1285
1202
1140
1083
1013
944
896
859
834
813
782
753
732
735
757
766
751
709
668
639
630
645
667
671
658
633
612
605
623
667
699
716
718
694
634
536
418
288
149
17
-104
-226
-355
-512
-690
-879
-1083
-1279
-1468
-1665
-1861
-2059
-2200
-2266
-2286
-2270
-2263
-2264
-2255
-2222
-2151
-2070
-1983
-1883
-1767
-1623
-1443
-1253
-1081
-941
-821
-673
-504
-334
-183
-91
-41
-26
-14
30
78
121
125
104
75
34
-10
-79
-181
-304
-426
-528
-608
-675
-744
-808
-848
-834
-752
-630
-498
-370
-248
-114
51
251
472
671
827
941
1035
1121
1196
1260
1299
1308
1315
1339
1378
1421
1445
1438
1413
1379
1361
1341
1301
1240
1156
1088
1040
1020
1005
954
866
737
620
548
523
539
547
541
517
501
520
558
607
633
636
640
663
714
772
814
838
848
857
895
946
990
996
939
852
761
681
603
457
232
-65
-385
-638
-806
-899
-971
-1087
-1236
-1396
-1528
-1626
-1722
-1842
-1993
-2141
-2218
-2201
-2117
-2024
-1978
-1980
-1993
-1955
-1836
-1676
-1542
-1470
-1416
-1321
-1143
-907
-687
-519
-424
-359
-264
-125
35
147
165
114
29
-23
-43
-60
-99
-170
-240
-298
-316
-310
-329
-391
-504
-613
-685
-703
-673
-643
-625
-618
-593
-521
-401
-244
-78
74
214
369
560
794
1033
1238
1395
1494
1569
1631
1676
1692
1655
1591
1526
1471
1437
1399
1332
1234
1113
1013
938
904
890
853
805
754
728
721
701
655
565
452
363
328
346
384
410
419
439
481
553
624
666
677
677
714
790
875
935
939
890
838
829
874
948
981
960
886
779
670
489
194
-222
-706
-1138
-1447
-1614
-1699
-1813
-1987
-2186
-2344
-2408
-2404
-2378
-2359
-2337
-2245
-2032
-1727
-1421
-1229
-1189
-1224
-1232
-1128
-923
-720
-611
-633
-705
-742
-714
-637
-587
-572
-553
-466
-275
-38
140
157
14
-180
-301
-296
-213
-151
-179
-290
-401
-444
-426
-420
-490
-663
-861
-954
-892
-692
-482
-366
-345
-348
-274
-87
162
388
543
650
802
1026
1293
1523
1639
1637
1585
1574
1632
1691
1671
1548
1337
1124
995
944
927
856
707
544
431
425
503
580
604
575
535
543
616
717
792
799
750
699
684
725
770
762
690
579
517
550
655
768
831
827
798
786
820
888
926
898
816
718
678
711
778
818
776
658
512
384
248
32
-336
-834
-1365
-1801
-2053
-2149
-2205
-2355
-2588
-2799
-2886
-2811
-2626
-2412
-2229
-2070
-1854
-1535
-1166
-870
-733
-713
-717
-628
-438
-250
-167
-268
-493
-724
-855
-850
-785
-728
-702
-642
-487
-261
-31
87
55
-49
-109
-26
164
341
398
299
117
-51
-120
-124
-143
-232
-392
-517
-557
-490
-375
-306
-283
-269
-165
53
338
611
788
875
947
1070
1260
1458
1563
1570
1505
1440
1417
1394
1323
1155
922
692
545
485
471
449
373
270
197
206
288
400
494
551
584
603
637
687
744
778
787
773
744
728
708
681
617
520
434
399
447
547
652
702
682
655
648
689
775
840
860
804
714
659
643
662
652
583
456
315
221
142
-10
-306
-766
-1282
-1711
-1956
-2024
-2053
-2164
-2376
-2589
-2691
-2642
-2474
-2286
-2134
-2001
-1816
-1523
-1181
-905
-774
-743
-717
-605
-401
-231
-174
-285
-490
-657
-725
-691
-639
-617
-620
-587
-461
-273
-82
35
58
72
130
260
412
490
450
314
160
65
47
60
40
-38
-143
-276
-399
-519
-623
-625
-510
-256
58
313
468
539
613
754
984
1240
1446
1582
1632
1655
1646
1579
1438
1230
1015
837
708
587
421
193
-50
-229
-291
-240
-154
-66
5
92
240
432
624
754
765
706
663
663
734
816
846
809
702
591
513
465
445
436
434
463
525
611
699
741
755
762
785
838
882
897
857
746
600
481
391
333
281
204
111
-7
-126
-243
-389
-600
-908
-1257
-1571
-1782
-1881
-1936
-1997
-2097
-2211
-2263
-2215
-2061
-1864
-1683
-1531
-1387
-1210
-1023
-869
-762
-718
-690
-623
-510
-372
-296
-329
-428
-545
-621
-629
-602
-596
-604
-593
-508
-336
-155
-16
38
21
8
34
113
194
224
195
134
84
77
87
67
8
-96
-182
-218
-206
-138
-73
-22
50
149
293
448
595
732
861
990
1130
1268
1370
1411
1385
1307
1209
1101
995
887
770
655
517
373
228
74
-29
-99
-133
-137
-142
-95
3
160
343
508
636
695
739
765
783
808
815
828
836
837
824
780
704
621
559
521
505
509
510
496
496
515
546
562
538
496
452
418
405
400
363
281
172
73
-12
-83
-156
-235
-305
-391
-479
-611
-846
-1165
-1521
-1807
-1951
-1961
-1918
-1916
-1970
-2029
-2003
-1874
-1676
-1467
-1304
-1174
-1050
-910
-777
-691
-659
-654
-609
-489
-343
-254
-272
-391
-533
-626
-637
-565
-466
-388
-332
-274
-182
-65
45
138
209
280
373
464
525
493
396
281
184
146
150
175
167
143
102
59
15
-72
-124
-107
23
257
477
623
672
666
691
776
904
1001
1008
965
916
902
894
819
674
494
346
275
267
262
206
68
-95
-187
-184
-109
-20
35
78
156
299
483
661
773
789
759
730
759
819
865
864
786
683
581
516
490
460
432
382
331
307
295
290
284
268
238
216
203
186
162
121
75
30
-24
-52
-48
-44
-53
-111
-204
-295
-368
-392
-421
-511
-709
-1003
-1286
-1474
-1535
-1520
-1511
-1581
-1690
-1758
-1730
-1583
-1373
-1169
-1021
-943
-864
-748
-636
-557
-521
-510
-466
-388
-309
-277
-335
-458
-571
-612
-550
-430
-323
-245
-197
-141
-38
94
238
342
403
472
543
635
710
710
651
535
412
333
294
287
272
245
217
171
109
39
-13
-19
52
207
375
494
531
522
539
604
713
800
819
781
695
611
560
505
437
341
257
215
180
132
46
-53
-125
-135
-68
31
111
138
141
198
327
495
662
760
778
720
641
589
558
543
530
500
462
424
384
329
253
174
130
146
228
331
368
335
271
224
227
259
281
262
194
105
53
13
-48
-135
-244
-322
-334
-301
-261
-271
-361
-460
-526
-560
-582
-671
-834
-1056
-1271
-1393
-1414
-1383
-1379
-1406
-1443
-1433
-1360
-1256
-1154
-1084
-1018
-944
-831
-683
-564
-498
-489
-494
-467
-407
-332
-275
-277
-313
-320
-292
-224
-134
-54
19
94
200
329
463
575
646
680
697
720
736
728
701
658
609
558
507
460
413
378
328
284
258
226
222
245
310
398
462
499
491
470
489
521
552
550
515
467
412
401
416
389
321
210
91
7
-37
-52
-55
-59
-59
-58
-59
-45
-21
18
95
193
312
434
527
564
550
517
485
480
515
540
495
384
245
121
51
37
69
105
111
104
96
106
141
160
178
199
216
220
178
123
50
-28
-70
-101
-119
-126
-147
-170
-198
-219
-225
-223
-212
-205
-210
-248
-297
-359
-433
-489
-564
-666
-780
-899
-984
-1036
-1062
-1078
-1109
-1140
-1170
-1169
-1134
-1069
-976
-878
-772
-688
-642
-622
-597
-550
-477
-387
-288
-201
-139
-114
-111
-86
-26
78
208
322
412
459
481
519
586
671
728
745
731
700
679
659
650
622
555
491
427
360
290
200
112
56
39
74
118
138
111
68
54
85
165
248
306
318
303
296
294
308
315
302
265
227
219
204
160
101
24
-44
-61
-23
39
81
87
81
85
106
151
198
223
237
234
225
227
212
180
145
123
127
155
170
157
121
95
127
172
243
302
310
290
246
212
191
180
180
169
140
109
80
21
-48
-105
-138
-127
-108
-97
-106
-149
-191
-216
-200
-161
-138
-157
-224
-318
-404
-448
-479
-514
-567
-649
-745
-864
-943
-981
-1002
-994
-988
-975
-951
-921
-876
-832
-778
-705
-614
-503
-393
-307
-254
-221
-185
-137
-78
-3
78
125
144
167
206
280
357
422
482
511
541
591
640
673
676
652
604
546
488
440
396
342
283
216
149
92
44
-5
-53
-91
-116
-111
-76
-28
8
19
22
34
77
121
170
222
240
250
257
272
295
293
278
268
268
298
353
385
396
388
360
340
327
326
313
280
240
181
138
99
62
32
-1
-16
-33
-55
-59
-59
-68
-84
-88
-71
-45
-12
11
13
16
12
21
50
51
47
46
61
105
140
160
148
110
72
62
77
92
100
74
25
-18
-55
-106
-165
-213
-259
-315
-385
-458
-550
-659
-755
-825
-863
-898
-925
-939
-947
-941
-916
-858
-784
-714
-638
-559
-453
-343
-228
-109
-22
51
116
178
227
270
297
294
294
298
313
331
324
310
294
298
322
341
325
283
237
188
170
159
132
84
13
-46
-90
-103
-107
-125
-152
-175
-174
-150
-108
-64
-12
34
89
167
241
309
364
389
392
388
385
397
390
365
333
289
254
230
220
208
181
175
180
190
193
191
190
190
189
194
204
204
210
206
193
185
176
170
162
156
169
186
192
193
182
172
175
187
204
203
190
180
176
175
188
194
168
126
81
39
3
-35
-69
-96
-136
-171
-200
-227
-242
-274
-324
-357
-368
-373
-374
-388
-402
-418
-456
-486
-505
-508
-508
-518
-544
-582
-606
-624
-616
-596
-576
-550
-536
-506
-468
-418
-363
-329
-292
-256
-213
-157
-103
-69
-66
-70
-55
-15
33
76
92
77
68
75
106
153
186
190
173
161
180
197
203
188
138
102
75
67
72
62
51
22
7
21
49
74
87
98
118
142
166
197
212
215
222
238
264
277
267
239
212
187
190
223
247
260
258
245
233
237
256
279
292
299
314
320
314
310
311
308
317
349
388
411
404
377
359
360
370
384
397
397
392
385
362
340
323
310
310
301
294
268
212
147
84
38
-2
-28
-59
-114
-169
-237
-301
-350
-390
-414
-448
-472
-487
-517
-535
-558
-573
-582
-593
-587
-583
-592
-593
-590
-582
-569
-562
-568
-590
-622
-644
-642
-620
-572
-513
-478
-460
-447
-418
-388
-354
-300
-247
-196
-157
-124
-102
-106
-95
-74
-61
-46
-35
-22
-30
-34
-23
-29
-27
-9
19
51
77
103
139
166
195
236
268
295
303
312
339
366
395
413
408
395
374
358
350
345
335
303
263
244
227
206
186
168
164
144
135
135
136
144
141
154
159
171
204
237
283
331
372
411
454
489
519
556
577
590
601
612
616
595
568
540
514
492
474
460
426
368
310
261
214
181
145
110
76
10
-72
-153
-227
-287
-332
-371
-410
-442
-485
-522
-544
-539
-524
-528
-522
-517
-518
-523
-524
-505
-493
-468
-433
-428
-433
-449
-472
-485
-495
-483
-470
-480
-494
-519
-551
-584
-608
-613
-609
-599
-599
-610
-614
-614
-595
-545
-487
-430
-371
-321
-272
-218
-165
-115
-63
-18
36
88
129
174
198
212
244
279
312
352
393
414
406
399
407
421
432
450
449
443
437
421
409
397
374
346
324
299
292
283
271
257
235
233
236
251
255
258
259
256
288
321
349
373
386
394
418
447
471
501
524
542
558
555
562
566
545
533
513
481
455
426
390
341
285
224
161
121
93
60
38
5
-34
-57
-90
-117
-143
-175
-193
-208
-228
-245
-253
-274
-307
-334
-371
-382
-386
-409
-425
-442
-467
-484
-495
-519
-531
-542
-555
-560
-568
-569
-574
-598
-630
-650
-652
-642
-615
-601
-594
-581
-570
-551
-534
-507
-483
-468
-446
-419
-403
-384
-373
-369
-347
-307
-265
-216
-178
-146
-103
-73
-31
16
64
112
148
182
222
261
279
294
306
316
335
365
384
393
409
405
393
397
407
422
429
432
439
435
429
422
401
376
369
382
401
406
406
400
398
414
425
433
446
447
462
472
479
497
502
504
501
491
491
496
491
478
472
454
444
450
425
391
356
309
275
246
216
181
132
87
45
-4
-50
-86
-124
-168
-197
-214
-237
-267
-308
-364
-410
-444
-474
-485
-505
-547
-586
-628
-645
-653
-662
-652
-651
-646
-629
-618
-614
-613
-605
-581
-560
-543
-524
-534
-555
-554
-550
-532
-504
-498
-496
-503
-511
-498
-471
-444
-404
-373
-344
-307
-288
-264
-240
-218
-192
-160
-113
-64
-23
-13
7
46
82
142
201
258
306
335
366
403
431
443
459
472
464
462
466
465
460
452
436
425
424
412
396
385
372
361
354
345
342
344
339
329
319
321
327
330
336
339
359
367
376
398
424
448
452
452
452
445
446
446
432
414
404
380
366
350
333
325
294
272
246
209
176
136
102
52
8
-30
-71
-111
-162
-201
-234
-264
-281
-303
-306
-309
-318
-322
-331
-333
-327
-316
-307
-310
-322
-328
-354
-387
-403
-431
-452
-475
-493
-505
-532
-551
-565
-594
-606
-594
-583
-568
-556
-549
-535
-526
-519
-497
-465
-436
-402
-377
-372
-360
-341
-307
-265
-233
-197
-156
-123
-99
-72
-41
-8
31
70
99
134
165
183
199
220
247
288
318
333
350
352
349
354
353
356
366
355
338
321
309
301
293
292
292
285
266
244
237
248
260
271
282
293
310
317
317
312
323
335
347
355
362
370
367
361
351
345
345
346
341
321
289
260
231
204
178
154
133
114
89
66
42
28
22
-1
-16
-18
-28
-39
-43
-51
-65
-75
-88
-95
-110
-135
-165
-192
-206
-224
-233
-245
-262
-263
-284
-302
-300
-304
-312
-319
-326
-334
-348
-367
-375
-394
-406
-410
-413
-411
-424
-440
-448
-449
-441
-430
-409
-401
-393
-376
-363
-338
-316
-282
-246
-223
-201
-179
-149
-118
-98
-74
-48
-24
9
47
66
76
88
92
97
117
130
142
157
147
145
161
178
196
208
217
221
227
232
239
246
243
235
225
223
212
210
214
197
197
202
208
214
230
244
244
252
261
282
300
302
297
272
254
248
230
215
201
182
164
154
140
137
146
141
137
133
124
127
131
123
128
143
147
152
143
119
107
101
96
90
74
64
50
32
20
8
2
-6
-16
-25
-41
-48
-68
-88
-101
-121
-125
-128
-137
-154
-172
-181
-193
-196
-200
-206
-220
-238
-258
-271
-261
-249
-242
-244
-245
-253
-256
-255
-267
-258
-251
-235
-220
-220
-215
-219
-229
-232
-231
-236
-221
-210
-201
-190
-189
-170
-169
-157
-144
-130
-101
-85
-52
-38
-35
-10
-2
13
33
33
53
83
84
92
93
95
102
103
118
138
155
159
159
152
144
145
141
142
139
128
121
100
87
77
65
65
57
54
72
73
70
63
52
69
79
88
107
116
125
133
133
129
134
128
127
130
121
112
103
95
95
91
98
114
116
123
123
115
120
116
117
128
131
129
117
106
94
74
65
59
44
37
33
11
-11
-17
-14
-10
2
12
4
6
3
-5
-8
-11
-11
-8
-10
-12
-11
-17
-19
-29
-39
-35
-41
-43
-56
-82
-99
-118
-120
-113
-118
-124
-125
-123
-132
-135
-126
-137
-143
-144
-154
-160
-158
-147
-139
-144
-154
-144
-135
-140
-140
-138
-133
-121
-100
-85
-60
-33
-27
-11
2
16
42
46
48
48
33
21
14
11
4
0
-10
-32
-34
-28
-33
-36
-37
-28
-23
-22
-18
-17
-21
-15
-1
0
1
7
2
-3
5
16
29
45
71
89
100
110
113
122
129
141
152
152
157
159
147
136
132
130
140
136
127
120
96
86
83
83
92
91
101
106
99
111
112
103
104
96
91
84
60
45
34
12
11
23
25
29
20
-2
-12
-26
-36
-31
-30
-35
-29
-35
-42
-43
-45
-44
-29
-24
-39
-43
-65
-83
-99
-123
-141
-161
-168
-177
-184
-186
-186
-170
-163
-159
-149
-142
-133
-127
-122
-120
-108
-89
-77
-66
-55
-49
-50
-59
-66
-55
-50
-66
-66
-61
-58
-52
-45
-27
-3
9
18
37
53
56
66
77
68
61
57
51
51
49
41
35
39
37
33
33
32
31
22
11
13
21
22
28
34
34
48
56
62
79
97
109
99
97
105
108
115
108
104
121
119
129
147
138
143
151
143
148
148
147
146
135
132
107
96
101
82
78
68
57
44
18
14
6
-12
-24
-39
-48
-57
-70
-79
-66
-55
-57
-47
-45
-53
-55
-60
-59
-68
-80
-72
-70
-79
-81
-90
-90
-92
-94
-84
-82
-91
-103
-123
-141
-157
-158
-153
-150
-145
-160
-163
-153
-153
-148
-136
-127
-124
-115
-121
-127
-114
-103
-98
-82
-60
-50
-44
-32
-25
-29
-26
-17
-5
-6
-4
3
-3
4
10
24
48
46
54
65
55
48
41
43
49
42
33
38
33
22
29
37
36
33
38
37
36
41
38
49
58
59
75
89
90
102
115
116
119
126
136
140
134
139
147
132
123
130
141
147
139
132
135
133
131
126
107
105
102
78
72
70
66
60
52
49
38
34
41
37
42
53
38
31
26
14
11
3
-8
-6
-3
-10
-18
-30
-37
-49
-68
-80
-86
-85
-80
-89
-101
-104
-108
-108
-105
-99
-99
-103
-116
-138
-149
-151
-155
-154
-155
-160
-161
-149
-149
-157
-149
-156
-161
-149
-150
-145
-134
-132
-129
-119
-102
-78
-60
-50
-49
-56
-51
-35
-36
-33
-26
-41
-51
-54
-55
-44
-42
-34
-22
-12
-5
4
17
25
29
37
52
62
75
90
89
80
94
98
87
93
92
93
93
90
95
106
106
108
115
111
118
118
124
135
136
148
150
146
145
136
122
120
124
119
115
111
105
114
112
99
102
96
81
76
69
50
39
32
15
6
2
2
-4
-12
-17
-32
-35
-43
-47
-46
-52
-60
-61
-51
-55
-44
-23
-25
-13
-2
-11
-18
-14
-15
-33
-35
-37
-48
-48
-60
-71
-72
-83
-92
-93
-103
-108
-111
-121
-125
-138
-137
-122
-117
-102
-103
-112
-105
-111
-118
-120
-119
-121
-121
-117
-129
-123
-109
-119
-101
-83
-79
-68
-59
-52
-47
-45
-35
-21
-7
13
13
8
18
9
2
18
26
27
30
30
27
21
17
22
30
37
35
34
34
37
44
43
55
74
79
81
90
104
103
104
124
131
138
146
152
158
148
146
152
150
151
157
153
148
139
118
120
117
104
110
96
78
78
72
52
48
46
21
11
0
-14
-10
-24
-28
-24
-36
-41
-43
-48
-45
-46
-56
-54
-49
-51
-43
-45
-55
-53
-49
-53
-45
-41
-46
-43
-46
-55
-54
-48
-50
-52
-57
-66
-65
-82
-98
-86
-91
-109
-106
-120
-126
-128
-138
-131
-140
-129
-118
-133
-121
-110
-109
-105
-103
-92
-77
-66
-65
-58
-52
-47
-37
-35
-18
-7
-3
7
4
9
19
33
37
30
42
35
25
27
22
31
37
28
21
27
32
21
19
26
32
37
30
35
41
46
43
44
65
73
79
94
101
96
102
110
112
133
135
148
166
160
160
159
168
170
163
157
147
137
121
110
102
85
71
57
48
28
9
12
1
-12
-7
-5
-8
-8
-7
-10
-15
-23
-22
-21
-30
-35
-41
-50
-43
-51
-60
-49
-57
-62
-50
-55
-64
-55
-42
-40
-40
-46
-40
-46
-61
-51
-55
-63
-59
-65
-81
-94
-92
-103
-112
-111
-119
-129
-134
-130
-137
-140
-140
-143
-130
-122
-115
-101
-95
-86
-74
-61
-47
-35
-21
-8
-5
1
18
31
40
46
50
47
45
37
27
28
23
30
29
21
30
31
26
18
13
17
13
1
-2
-1
-13
-19
-21
-25
-7
5
11
28
26
22
33
32
38
55
58
70
85
88
103
106
108
122
113
117
122
115
112
110
102
88
93
99
93
76
60
52
42
23
10
5
-6
-22
-34
-47
-63
-72
-75
-77
-78
-68
-54
-57
-54
-39
-32
-31
-15
1
4
1
3
16
19
16
21
23
19
18
23
16
5
-1
-4
-10
-14
-16
-33
-45
-51
-63
-60
-67
-73
-66
-78
-80
-77
-89
-96
-92
-98
-102
-85
-78
-70
-55
-56
-46
-30
-22
-11
0
13
21
29
45
54
62
67
64
77
92
93
99
87
86
88
67
64
55
36
29
21
13
5
5
4
0
-7
-10
-3
0
-1
-11
-3
0
0
12
16
23
34
42
50
53
53
59
67
68
76
87
85
83
87
76
78
84
72
68
72
62
48
42
32
12
-12
-23
-29
-35
-46
-65
-75
-78
-87
-88
-88
-101
-105
-108
-114
-112
-111
-101
-89
-84
-69
-53
-46
-32
-21
-17
-8
1
19
37
30
32
35
33
24
14
18
12
6
0
-8
-9
-27
-37
-37
-40
-38
-39
-45
-51
-57
-63
-63
-62
-68
-60
-53
-59
-55
-50
-48
-50
-42
-28
-26
-10
2
3
17
25
23
44
62
66
77
85
79
84
95
83
71
71
67
71
57
46
48
32
21
3
-10
-17
-32
-34
-42
-41
-34
-38
-38
-32
-32
-22
-16
-14
2
7
16
34
40
45
51
52
50
53
57
57
59
63
62
69
73
66
62
55
42
37
38
39
33
21
17
10
-6
-19
-32
-41
-51
-69
-73
-73
-81
-82
-91
-104
-93
-85
-87
-71
-59
-48
-22
-7
-3
15
24
26
31
38
49
62
61
66
81
79
79
65
55
47
26
17
8
-1
-7
-18
-17
-19
-27
-32
-39
-49
-64
-67
-58
-56
-52
-46
-41
-34
-33
-35
-26
-25
-24
-9
2
21
26
26
32
27
28
36
27
30
44
37
37
40
41
42
39
31
27
29
15
7
1
-4
-5
-19
-20
-24
-39
-48
-64
-64
-58
-64
-66
-60
-51
-48
-48
-40
-33
-33
-20
-1
9
21
28
33
40
44
44
43
49
47
48
48
48
53
48
39
33
17
2
-5
-12
-24
-42
-46
-40
-47
-50
-53
-55
-52
-63
-59
-48
-52
-51
-37
-27
-22
-19
-22
-16
-12
-11
-1
6
24
36
48
55
47
59
54
45
51
42
49
60
57
50
40
36
32
20
6
2
-1
-13
-12
-6
-6
-7
-8
-19
-24
-20
-20
-28
-37
-26
-13
-15
-9
-8
-12
-10
-12
-24
-19
-3
10
11
13
28
33
28
24
24
14
4
5
7
3
2
6
3
0
5
-4
-18
-16
-20
-29
-18
-29
-39
-31
-40
-41
-49
-66
-55
-57
-62
-54
-55
-41
-29
-26
-15
-4
14
23
24
34
46
49
52
57
53
46
37
22
21
27
23
21
19
23
29
13
2
-1
-2
-5
-16
-5
1
-8
-5
-13
-17
-10
-11
-20
-14
2
3
6
14
21
25
27
25
21
27
21
18
28
33
40
49
50
50
50
52
52
42
52
54
39
37
42
27
15
9
-14
-26
-28
-39
-49
-44
-53
-51
-32
-37
-40
-32
-34
-38
-32
-26
-22
-11
-6
-1
8
6
0
8
3
-7
-9
-6
-7
-12
-7
-4
-10
-7
-9
-20
-24
-33
-47
-44
-46
-52
-49
-44
-48
-47
-51
-53
-44
-53
-52
-37
-32
-30
-32
-29
-27
-27
-27
-20
-15
-17
-11
0
10
13
12
22
24
36
48
35
45
63
51
44
57
57
49
42
34
25
23
18
6
15
10
9
10
0
7
-6
-6
-3
-14
-9
1
-1
-2
3
1
5
14
14
13
21
33
44
43
41
49
46
40
42
34
22
28
28
18
22
20
21
11
-3
6
-1
-13
-8
-13
-9
-14
-23
-17
-18
-22
-35
-42
-36
-38
-35
-33
-30
-21
-19
-13
-16
-20
-12
-16
-19
-15
-9
2
5
0
0
0
-2
0
-1
0
2
6
19
20
7
2
0
0
-11
-21
-28
-36
-31
-42
-47
-36
-35
-35
-31
-39
-45
-38
-38
-37
-31
-27
-6
-3
-2
9
-5
-2
-1
-1
11
12
20
29
30
33
36
36
34
32
34
37
36
36
41
41
39
35
33
31
15
13
21
11
6
7
5
2
-10
-10
-9
-14
-7
-13
-9
7
0
0
12
11
5
12
22
21
22
26
34
41
45
38
32
38
23
10
9
5
10
5
2
3
4
14
8
3
-1
-9
-15
-16
-18
-23
-26
-22
-14
-18
-26
-24
-24
-37
-42
-35
-27
-28
-27
-19
-27
-23
-27
-24
-11
-9
4
-5
-3
18
8
3
3
0
1
2
7
7
-6
-1
4
-13
-14
-26
-33
-34
-43
-35
-35
-33
-29
-26
-19
-15
-19
-24
-18
-18
-14
-14
-19
-10
-6
4
10
8
10
17
10
7
13
10
22
34
33
34
30
32
30
25
22
13
15
26
24
12
15
18
14
7
4
15
17
7
6
14
14
10
9
-3
-13
-4
3
-6
2
12
16
28
28
26
20
12
17
18
16
13
9
10
17
4
-1
19
8
5
12
-4
-8
-8
-7
-5
-6
-7
-3
-8
-12
2
-12
-23
-13
-14
-10
-2
-3
-9
-10
-8
-10
-11
-16
-12
2
7
-9
-10
-7
-10
-9
-25
-26
-25
-20
-13
-15
-3
-2
0
-11
-16
-5
-4
-3
-6
-9
-13
-13
-13
-17
-17
-25
-27
-27
-28
-29
-16
-8
-8
-11
-15
1
11
11
11
4
0
-4
5
21
15
8
20
23
20
27
28
26
20
13
11
14
25
20
13
3
-6
-9
-14
-10
-9
-1
8
3
0
7
10
8
5
7
4
13
32
32
38
35
22
21
19
5
-4
13
17
9
12
9
20
26
14
11
-1
-4
4
-7
-10
-15
-21
-26
-33
-19
-4
-6
-10
-14
-21
-15
-4
-12
-3
2
-1
7
9
4
-6
-9
0
6
4
13
20
23
24
7
0
-1
6
5
-2
3
6
3
-2
-10
-21
-21
-28
-38
-21
-21
-25
-16
-16
-13
-20
-22
-11
-23
-17
-6
-9
-9
-11
-10
-10
-7
-1
