-11
-19
-24
-19
-14
-10
0
-3
-10
-7
-18
-17
-11
-12
-5
-5
-15
-9
-1
-1
2
7
3
-4
-5
0
5
-3
-11
1
8
5
13
11
-2
7
5
1
0
-6
2
-3
-5
0
0
-4
-7
-1
-6
-8
-6
-7
-6
-9
-4
8
6
2
-2
-6
5
3
-3
-5
-4
12
14
4
0
-1
0
7
9
8
8
6
6
1
2
13
9
6
12
2
3
13
7
2
6
16
14
5
11
14
6
6
2
-4
-5
-2
-2
5
5
2
5
4
1
-1
-1
-6
-8
3
0
-6
-5
-1
-2
-3
-3
-2
1
0
-8
-9
0
-2
-2
2
-6
-9
0
0
-3
-6
0
-3
-6
0
-13
-10
-6
-12
-8
-11
-6
-1
-1
-1
2
2
1
1
2
2
2
12
9
4
8
5
5
-2
3
6
1
15
13
14
22
6
5
11
15
20
17
16
14
12
13
17
18
8
6
8
8
23
26
15
15
18
19
19
9
5
12
16
13
9
7
8
14
8
9
5
3
12
8
-2
-6
5
5
4
4
-8
-8
-10
-2
11
-2
-2
2
-1
1
-1
0
4
2
-1
1
1
0
-6
-11
-5
-2
-1
-8
-13
-3
3
0
-5
-7
-3
1
-1
-3
-2
1
-2
-7
-11
-2
0
-6
-5
-4
-6
-4
-2
-5
-7
1
10
3
-6
0
5
5
11
8
-2
5
9
0
-7
-5
1
11
12
13
13
11
17
15
14
11
7
11
9
12
15
13
18
12
13
16
20
28
18
13
22
11
8
12
10
14
10
11
13
15
7
4
21
15
7
9
11
12
4
3
8
5
8
3
-5
8
9
3
-4
0
0
-2
12
10
3
3
-14
-12
-3
-8
-7
-5
-4
-5
-11
-2
1
-4
-6
-12
-10
-9
-11
-9
-13
-15
-12
-9
-10
-11
0
-2
-10
-9
-17
-7
-4
-5
0
-9
-7
-5
-14
-8
-4
-17
-4
12
1
1
0
-10
-9
-11
-1
3
-6
-4
-3
0
0
-4
-10
-8
-5
-8
-1
-7
-12
0
0
2
4
5
5
-3
-1
8
2
6
12
5
18
12
6
19
13
13
11
5
7
11
16
6
9
17
12
13
15
8
1
3
9
9
1
0
1
-2
-7
3
11
2
-3
-11
-21
-12
-3
-5
-11
-8
-3
-7
-9
-8
-9
-6
-12
-17
-15
-21
-16
-16
-19
-12
-10
-10
-16
-12
-13
-12
-8
-14
-4
-5
-9
-5
-12
-14
-8
-3
-13
-16
-9
-15
-13
-10
-16
-14
-12
-14
-11
-13
-13
-5
-6
-15
-8
-8
-11
-7
-12
-13
-8
-4
-10
-3
3
-9
-1
-2
-7
0
-4
-2
0
-7
-2
-1
-1
10
12
0
8
15
5
6
10
4
8
10
6
6
10
7
3
10
12
6
6
10
18
11
12
22
13
14
10
0
6
0
-7
3
8
1
0
-3
-1
1
-4
0
4
3
3
1
-3
5
4
-5
6
-5
-2
1
-16
-5
-6
-5
-2
-10
-7
-6
-15
-20
-14
-9
-8
-19
-14
-4
-9
-11
-19
-19
-12
-21
-14
-10
-14
-12
-18
-24
-29
-22
-14
-17
-9
-19
-23
0
-8
-4
-1
-13
1
4
-2
-4
-5
-1
-5
3
15
8
2
6
1
-12
-4
3
-9
-7
-3
-9
8
10
-10
0
6
6
8
0
-2
2
-2
1
5
2
-1
-5
-4
-3
-2
1
-5
4
16
8
7
9
-1
7
8
3
2
-1
10
3
4
14
5
3
2
9
16
5
-7
3
13
2
4
-2
5
10
-4
7
7
6
5
-6
4
7
1
-5
-2
0
-9
-10
-12
-7
-6
-7
2
3
0
-1
-5
-3
2
-1
-4
-15
-8
-10
-16
-3
-12
-9
-1
-14
-18
-16
-12
-13
-12
-10
-17
-23
-13
-13
-16
-2
-10
-12
2
-6
-5
-5
-4
-5
-5
-5
-11
-6
-2
-9
-4
3
-3
1
6
4
-9
-2
10
1
9
6
1
12
15
15
8
12
6
-6
6
13
4
12
23
22
16
11
16
16
8
7
10
10
5
4
3
5
2
-3
2
8
10
13
9
3
4
6
9
10
8
8
2
1
5
4
1
-1
4
0
1
4
3
3
2
1
-2
0
5
10
1
-3
-6
-5
2
0
-6
-6
-2
-9
-11
-7
-7
2
7
-5
-5
-4
-10
-4
-11
-18
-19
-9
4
-7
-9
-11
-21
-14
-16
-16
-6
-9
-14
-10
-4
-7
-6
-3
-12
-6
2
-11
-8
-6
-3
2
-11
1
15
4
2
12
21
11
0
4
9
8
10
9
4
4
6
10
7
2
4
5
9
17
11
5
9
10
2
1
10
9
4
7
6
4
4
4
9
1
4
1
-10
7
1
-14
-5
3
6
4
-2
2
6
2
5
3
-7
-4
2
-2
-3
-5
3
7
-1
2
5
2
4
14
16
-2
0
5
-3
-5
-5
-15
-10
-7
-11
-13
-15
2
1
-9
-12
-9
-4
-14
-17
-14
-17
-17
-17
-18
-11
-9
-2
-3
-10
-8
-17
-14
-8
-18
-20
-4
-6
-12
-4
-14
-11
-7
-8
2
-1
-4
-5
-10
-10
-4
2
4
7
9
9
6
5
16
11
-1
2
3
7
7
2
6
4
11
4
15
29
11
13
21
19
19
6
-3
6
8
4
1
4
6
3
10
2
4
13
7
7
-3
-5
2
2
3
0
0
4
-4
-8
-2
0
0
-3
-8
-7
-5
-2
-1
1
-1
-2
7
0
-4
3
7
0
-13
-1
0
-11
-12
-11
-6
-10
-8
-4
-1
0
-6
-5
-12
-9
-1
-4
-3
-13
-19
0
-4
-13
2
1
1
1
1
17
7
0
14
5
8
18
5
3
-3
-9
-3
1
-9
-5
8
0
4
4
-6
4
2
-5
9
6
5
1
-11
-3
-4
-2
8
-4
-6
-3
-4
0
2
1
-3
1
0
-8
2
-3
2
14
-2
0
15
7
6
5
0
12
8
-2
5
4
7
12
11
8
-1
5
1
-8
2
4
5
6
5
8
0
8
8
2
11
-2
2
12
3
11
9
4
8
3
2
-4
-11
-1
-6
-4
-2
-11
-1
5
5
1
0
-1
-8
-13
-10
-8
-8
-6
-8
-8
-5
-1
-6
-6
-1
-9
-13
-4
-3
-4
2
-5
-7
0
-8
-8
-4
-10
-8
-7
1
5
7
0
-9
8
3
-7
3
0
4
2
-2
13
14
6
-3
8
17
6
2
1
-1
-3
1
4
0
3
4
10
11
5
7
1
2
2
-1
4
1
6
4
8
9
6
15
10
1
6
6
6
13
17
10
1
2
9
11
6
16
14
-1
7
1
0
6
7
6
-5
6
10
0
11
13
6
4
8
12
7
5
9
5
2
6
4
7
5
9
9
1
7
5
8
3
-9
-2
-9
-15
-16
-24
-22
-28
-33
-33
-28
-25
-34
-31
-28
-36
-32
-23
-18
-7
-12
1
12
-9
-1
10
6
2
3
11
14
18
23
23
17
20
25
18
17
18
15
6
3
3
-6
1
-2
-12
3
6
5
1
7
14
10
15
14
14
15
22
23
17
31
19
15
27
17
19
16
8
11
3
-3
1
-4
-16
-10
-10
-30
-22
-10
-16
-13
-15
-8
-8
-13
-7
-10
-16
-10
-5
-8
-11
-10
-13
-21
-23
-16
-17
-26
-20
-30
-27
-18
-22
-11
-16
-16
-13
-7
3
-7
5
7
6
10
14
17
18
20
17
17
12
15
15
6
3
5
-3
-10
0
-4
-9
0
2
1
1
9
18
14
17
31
42
48
48
57
66
66
62
59
58
59
65
61
51
42
35
24
11
6
1
-6
-17
-31
-40
-46
-45
-59
-61
-60
-63
-57
-58
-68
-71
-66
-65
-69
-70
-70
-80
-75
-69
-74
-68
-65
-77
-80
-71
-74
-71
-56
-50
-53
-57
-63
-56
-46
-49
-54
-51
-46
-46
-37
-20
-7
-6
1
12
21
39
60
83
110
125
146
172
196
236
272
290
292
307
335
347
356
357
341
314
301
285
254
221
176
143
88
29
-35
-133
-229
-308
-348
-377
-418
-471
-557
-609
-606
-561
-513
-503
-493
-485
-453
-370
-281
-195
-123
-63
7
58
98
154
213
280
318
309
272
244
247
261
276
251
189
142
106
91
96
83
48
32
22
6
0
-11
-11
7
20
26
15
0
24
60
68
75
76
73
73
71
64
66
77
78
86
74
44
30
41
58
44
24
-2
-31
-31
-41
-80
-109
-110
-105
-110
-157
-217
-251
-233
-186
-172
-192
-250
-279
-246
-193
-152
-141
-138
-132
-119
-86
-38
-1
35
81
93
82
76
74
115
166
199
200
166
141
148
174
206
213
188
151
130
139
166
177
165
150
143
155
179
191
205
224
232
239
250
244
248
263
284
306
284
244
203
186
200
185
129
37
-53
-127
-192
-237
-289
-348
-407
-478
-545
-588
-594
-588
-569
-563
-592
-602
-578
-527
-449
-369
-314
-266
-223
-180
-127
-74
-10
49
84
98
85
62
74
94
106
111
77
32
-3
-38
-49
-43
-47
-67
-97
-140
-166
-156
-117
-89
-105
-128
-124
-74
-9
30
51
51
74
133
200
265
311
361
429
484
534
603
702
815
916
943
903
889
951
1047
1111
1104
1032
944
872
798
705
589
493
415
252
-75
-557
-939
-986
-846
-833
-1137
-1659
-2091
-2132
-1790
-1458
-1413
-1612
-1763
-1646
-1335
-950
-624
-388
-172
24
161
261
429
738
1097
1274
1184
946
751
772
974
1092
938
603
310
189
178
162
77
-90
-241
-320
-370
-445
-509
-464
-336
-256
-275
-326
-330
-232
-38
137
182
113
67
117
222
322
348
279
195
144
119
77
14
-28
-35
-50
-159
-330
-435
-422
-327
-258
-323
-476
-552
-455
-301
-252
-283
-331
-315
-198
-98
-87
-133
-135
-11
153
258
251
224
258
347
499
600
613
607
620
684
730
730
709
712
739
753
729
658
596
596
636
642
577
494
449
457
462
440
417
358
325
327
272
205
131
37
-128
-356
-498
-536
-570
-683
-883
-1102
-1228
-1215
-1137
-1128
-1222
-1279
-1201
-1067
-944
-816
-670
-507
-322
-140
-29
38
160
358
549
617
569
496
441
453
484
416
241
58
-51
-149
-302
-478
-572
-597
-667
-823
-1051
-1200
-1152
-943
-778
-834
-988
-1001
-797
-522
-322
-232
-229
-192
-48
116
216
284
381
505
579
566
552
600
706
842
942
919
838
852
984
1117
1139
1097
1055
1083
1206
1324
1380
1345
1305
1336
1340
1316
1301
1313
1279
1170
1091
1000
897
784
669
589
472
258
-168
-874
-1509
-1564
-1154
-991
-1560
-2570
-3298
-3194
-2365
-1647
-1737
-2468
-2952
-2625
-1769
-1010
-672
-574
-433
-141
222
504
723
1118
1654
1940
1743
1286
1046
1224
1608
1818
1519
794
223
185
439
508
205
-270
-640
-784
-778
-848
-1126
-1328
-1172
-905
-913
-1219
-1411
-1210
-749
-335
-279
-571
-839
-662
-112
285
275
82
1
75
229
344
321
232
239
331
300
90
-81
-16
184
322
286
59
-181
-145
205
537
573
459
425
501
666
862
978
985
1030
1231
1469
1552
1510
1497
1525
1619
1767
1817
1636
1345
1269
1422
1438
1121
712
545
645
653
118
-1069
-2168
-2123
-1161
-683
-1592
-3261
-4336
-4021
-2675
-1659
-1923
-3016
-3663
-3116
-1924
-1063
-739
-568
-280
113
458
732
1108
1772
2579
3005
2647
1851
1490
1888
2569
2824
2229
1058
160
161
699
835
185
-772
-1437
-1617
-1497
-1520
-1930
-2373
-2319
-1940
-1916
-2297
-2509
-2239
-1680
-1209
-1117
-1441
-1709
-1381
-545
108
85
-254
-265
114
489
681
716
628
636
893
1153
1060
809
890
1274
1494
1369
1091
899
1009
1440
1778
1633
1210
1021
1225
1598
1829
1723
1415
1278
1543
1885
1834
1499
1384
1627
1773
1604
1297
1093
1097
1157
1116
877
532
354
218
-585
-1950
-2499
-1666
-764
-1244
-2936
-4551
-4835
-3579
-2066
-1909
-3285
-4562
-4306
-2881
-1579
-1132
-1231
-1205
-751
-96
390
772
1311
2077
2709
2680
2133
1782
2084
2826
3303
2909
1771
750
654
1263
1474
768
-263
-1003
-1345
-1377
-1430
-1915
-2513
-2524
-2131
-2180
-2786
-3084
-2643
-1932
-1473
-1482
-1803
-1930
-1436
-527
134
186
-63
-22
437
887
1020
997
1032
1148
1306
1383
1242
1058
1170
1486
1585
1310
948
798
934
1263
1378
1051
680
741
1087
1212
1089
969
890
961
1344
1735
1690
1318
1141
1334
1647
1857
1776
1476
1191
1099
1134
1032
778
583
707
796
-169
-2184
-3486
-2730
-885
-14
-1351
-4320
-6386
-5323
-2265
-461
-1476
-3933
-5328
-4397
-1969
-155
-96
-811
-902
-296
307
790
1393
2225
3131
3472
2826
1788
1515
2461
3851
4306
3087
1061
-41
507
1688
2054
1055
-819
-2341
-2485
-1700
-1407
-2049
-2917
-3452
-3626
-3589
-3467
-3331
-3048
-2583
-2353
-2583
-2758
-2298
-1295
-280
257
116
-306
-166
783
1804
2163
1893
1472
1340
1646
2088
2265
2094
1821
1726
1769
1705
1452
1257
1373
1582
1497
1186
981
1022
1246
1458
1431
1080
732
810
1226
1624
1757
1512
1070
929
1228
1509
1489
1326
1242
1186
1009
786
687
961
1596
1689
98
-2382
-3272
-1708
381
436
-2121
-5244
-6173
-4363
-2291
-2183
-3700
-5082
-5048
-4015
-3309
-3324
-2901
-1505
-381
-581
-1497
-1556
24
2551
4168
3641
2013
1224
2049
3825
5194
4971
3351
1907
1731
2333
2636
2256
1359
334
-461
-1028
-1553
-2036
-2234
-2204
-2487
-3472
-4680
-5043
-4220
-3082
-2729
-3347
-4140
-4149
-3169
-1780
-765
-530
-763
-702
37
999
1630
1952
2168
2305
2363
2425
2512
2701
3002
3117
2862
2363
1899
1752
2023
2297
2016
1284
644
514
842
1152
1042
578
107
-98
161
738
1064
767
295
218
484
882
1134
1122
1021
1018
1122
1188
1238
1276
1393
1635
1694
1525
1507
1642
1078
-523
-1747
-1311
129
666
-908
-3792
-5631
-4591
-1934
-868
-2704
-5494
-6469
-5010
-2623
-1466
-2246
-3394
-3293
-2147
-1027
-204
515
1222
1857
2044
1785
1652
2221
3388
4302
4192
3019
1793
1727
2736
3464
2911
1293
-458
-1197
-695
-133
-696
-2231
-3538
-3927
-3784
-3750
-4011
-4311
-4438
-4392
-4295
-4251
-4060
-3416
-2438
-1741
-1532
-1410
-1023
-168
966
1722
1821
1755
2042
2655
3370
3811
3668
3287
3117
3182
3236
3152
2951
2594
2257
1949
1559
1199
998
908
735
541
301
-4
-241
-160
241
405
264
-20
-157
60
536
1109
1280
1130
1022
1135
1371
1604
1830
1692
1647
1917
1912
1697
1715
2022
2284
2363
1478
-579
-2034
-1461
239
732
-905
-3714
-5630
-4894
-2533
-1460
-2932
-5241
-6282
-5410
-3452
-2229
-2471
-3185
-3231
-2556
-1736
-921
-98
738
1535
1829
1500
1189
1568
2612
3574
3629
2586
1458
1336
2179
2870
2290
869
-388
-898
-612
-336
-929
-2178
-2973
-3121
-3066
-3169
-3551
-3760
-3624
-3264
-3099
-3253
-3227
-2720
-1875
-1171
-766
-684
-526
212
1132
1760
1964
2026
2212
2589
3026
3208
3210
3072
2902
2918
2930
2654
2154
1776
1630
1567
1270
747
402
227
159
182
-27
-408
-580
-389
-83
2
-70
-146
6
485
911
857
765
1143
1422
1678
1943
1638
1422
1861
2406
2561
2443
2084
1806
2060
2432
2630
2388
2014
996
-1060
-1588
-197
688
138
-1727
-4560
-5706
-3608
-1509
-1654
-3791
-6051
-6178
-4522
-2649
-2115
-3024
-3743
-3293
-2570
-1872
-744
-18
482
847
583
498
853
1556
2561
2945
2187
1231
817
1163
2216
2625
1671
116
-1006
-937
-92
336
-456
-2157
-3115
-2669
-2197
-2258
-2495
-3086
-3517
-3169
-2741
-2560
-2208
-1797
-1375
-1055
-923
-680
-211
592
1336
1431
1228
1367
1805
2361
2883
2794
2275
1981
2023
2384
2576
2245
1687
1284
1080
968
959
871
690
412
139
124
184
210
276
524
729
681
627
616
997
1646
1965
1874
1603
1573
1909
2516
2807
2497
2022
1846
2279
2669
2698
2467
2013
1831
2096
2463
2157
701
-1403
-2266
-1014
297
-59
-2226
-4996
-5984
-4256
-2008
-2040
-4261
-6479
-6673
-4843
-2883
-2383
-3383
-4230
-3858
-2834
-1797
-981
-408
76
451
403
324
732
1547
2531
2919
2212
1185
943
1733
2817
3172
2407
856
-543
-463
791
1355
590
-1012
-2573
-2762
-1767
-1225
-1552
-2466
-3491
-3651
-3099
-2566
-2179
-2091
-2193
-2093
-1984
-1785
-1031
-217
244
424
241
189
723
1550
2213
2322
1827
1422
1642
2264
2849
2734
1956
1418
1324
1401
1607
1684
1365
1012
884
735
632
689
850
1034
1072
945
796
882
1228
1621
1771
1583
1352
1262
1539
2133
2525
2330
1736
1466
1815
2442
2715
2395
1891
1792
2271
2575
1590
-511
-1651
-711
766
750
-1269
-4026
-5166
-3642
-1536
-1496
-3728
-6015
-6243
-4581
-2759
-2354
-3408
-4460
-4155
-2922
-1877
-1225
-931
-702
-348
-19
197
486
1152
1886
2241
1889
1168
974
1702
2823
3050
2168
897
56
275
1122
1591
889
-565
-1739
-1988
-1513
-1119
-1165
-1900
-2930
-3470
-3347
-2837
-2401
-2266
-2493
-2774
-2757
-2381
-1697
-985
-479
-419
-625
-413
292
1130
1783
1938
1629
1391
1657
2267
2830
2891
2433
1945
1703
1771
2000
2125
1979
1572
1206
1132
1211
1242
1239
1166
1024
998
960
921
1072
1246
1264
1099
998
1102
1281
1395
1382
1316
1211
1249
1405
1465
1589
1700
1643
1519
1461
1728
2271
2280
873
-1112
-1680
-346
1232
1041
-1291
-4129
-4888
-2927
-673
-849
-3413
-5750
-5857
-3965
-2006
-1790
-3156
-4318
-4141
-3106
-1984
-1230
-971
-973
-1002
-862
-430
245
1069
1758
1738
1121
715
1002
2053
3059
3074
2124
907
416
1151
2214
2081
802
-623
-1292
-829
-185
-331
-1171
-2015
-2549
-2590
-2433
-2505
-2524
-2580
-2744
-2833
-2857
-2690
-2096
-1390
-1188
-1266
-1280
-983
-144
689
1132
1164
942
1038
1726
2483
2761
2628
2198
2012
2330
2576
2634
2440
2023
1883
1959
1878
1649
1403
1235
1278
1290
1052
836
700
784
909
760
599
549
556
683
816
707
642
745
921
1077
1062
1058
1302
1617
1648
1407
1264
1708
2305
2434
1465
-508
-1219
284
1904
1626
-501
-3218
-4105
-2180
-45
-176
-2576
-4916
-5139
-3641
-2029
-1783
-3059
-4370
-4327
-3409
-2559
-1907
-1689
-1754
-1760
-1655
-1308
-696
156
893
1035
551
85
417
1482
2584
2840
2094
1185
869
1504
2388
2657
1836
303
-591
-436
452
841
115
-1325
-2668
-2780
-1874
-1050
-1419
-2588
-3617
-3742
-2791
-1884
-1593
-1877
-2269
-2309
-1825
-991
-217
335
476
384
389
709
1490
2373
2825
2530
1818
1584
2099
2807
3144
2865
2113
1546
1619
2064
2289
1960
1275
726
660
929
1112
979
638
243
76
295
586
657
396
130
238
532
832
935
802
706
825
1089
1443
1849
1775
1491
1516
1853
2450
2871
2437
771
-461
174
1682
2112
569
-1898
-3355
-2380
-354
125
-1750
-4253
-5046
-3977
-2434
-1960
-2987
-4404
-4731
-3926
-3002
-2427
-2310
-2366
-2301
-2114
-1693
-1060
-384
231
553
357
23
251
1241
2369
2738
2248
1470
1121
1648
2518
2800
2179
1078
282
190
592
841
506
-337
-1327
-2020
-2038
-1457
-1172
-1577
-2476
-3346
-3386
-2663
-1940
-1716
-2015
-2581
-2562
-1882
-1125
-407
-143
-261
-222
38
531
1376
2031
2032
1710
1449
1673
2290
2675
2645
2280
1753
1612
1937
2208
2125
1691
1215
1045
1135
1237
1244
994
656
542
493
513
625
702
683
682
695
618
639
823
1087
1231
1152
1026
1070
1301
1668
1998
1948
1702
1742
2107
2422
1860
391
-289
461
1464
1536
109
-2128
-3108
-1835
-186
-223
-2192
-4390
-4831
-3568
-2024
-1859
-3298
-4690
-4727
-3768
-2768
-2251
-2403
-2689
-2590
-2119
-1454
-963
-544
-25
249
186
186
608
1471
2332
2551
2027
1377
1280
2010
2944
2969
2013
950
667
962
1232
1182
518
-223
-630
-950
-1268
-1286
-1244
-1579
-2071
-2676
-2957
-2657
-2176
-1903
-2198
-2740
-2835
-2320
-1600
-991
-771
-980
-997
-525
192
883
1185
1047
929
1185
1739
2208
2324
2117
1925
1985
2213
2443
2404
2136
1884
1729
1676
1658
1640
1470
1231
1068
906
801
784
911
954
733
412
192
268
668
1141
1032
483
239
492
1150
1675
1628
1155
809
1077
1857
2444
2364
1861
916
13
285
1317
1769
1104
-444
-1940
-2097
-978
-149
-775
-2554
-3953
-3970
-3025
-2159
-2357
-3440
-4254
-4201
-3626
-2966
-2486
-2365
-2475
-2567
-2316
-1682
-1009
-446
-101
-165
-316
-13
709
1532
2097
2049
1567
1239
1443
2054
2640
2627
1940
1188
758
983
1465
1344
681
-119
-877
-1236
-977
-778
-1059
-1754
-2525
-2864
-2804
-2562
-2330
-2399
-2769
-2942
-2773
-2377
-1756
-1269
-1204
-1281
-1114
-587
171
769
997
934
951
1385
1990
2297
2279
2236
2227
2316
2518
2646
2613
2436
2234
2055
1921
1856
1828
1739
1401
1060
965
964
976
958
784
493
349
363
519
694
717
678
515
460
841
1191
1203
1230
1279
1228
1447
1854
2017
2100
2125
1749
798
232
896
1724
1652
556
-1200
-2281
-1476
9
26
-1638
-3571
-4277
-3430
-2042
-1645
-2867
-4398
-4656
-3891
-3018
-2439
-2461
-2957
-3195
-2767
-2060
-1450
-1004
-685
-632
-698
-392
236
1065
1743
1744
1254
951
1203
1893
2571
2513
1759
988
811
1361
1833
1378
260
-498
-583
-235
-63
-678
-1762
-2411
-2244
-1879
-1906
-2488
-3126
-3175
-2741
-2348
-2360
-2642
-2646
-2178
-1667
-1277
-1039
-953
-663
-37
504
690
770
992
1488
1994
2170
2167
2202
2404
2724
2889
2813
2578
2363
2416
2668
2651
2284
1903
1631
1584
1688
1710
1523
1142
874
755
748
791
728
595
447
431
451
596
811
881
864
786
905
1098
1259
1485
1731
1907
1977
1601
613
356
1212
1973
1863
711
-945
-1673
-693
596
411
-1351
-3097
-3459
-2596
-1536
-1536
-2854
-4173
-4319
-3688
-3070
-2753
-2916
-3313
-3422
-3077
-2528
-2007
-1576
-1331
-1301
-1288
-1041
-452
353
930
1036
853
660
789
1441
2181
2350
1789
1079
956
1435
1925
1878
1090
102
-119
170
305
64
-727
-1574
-1856
-1644
-1578
-1918
-2496
-2827
-2734
-2651
-2567
-2548
-2663
-2535
-2164
-1929
-1727
-1413
-1146
-720
-200
62
354
819
1286
1659
1837
1942
2166
2449
2748
3029
2982
2771
2743
2818
2927
2909
2646
2350
2194
2107
2049
1914
1634
1390
1253
1152
1022
860
688
615
683
636
527
401
441
718
863
837
768
794
855
1179
1601
1748
1779
1694
1297
643
679
1478
1980
1581
394
-865
-1163
-166
729
137
-1626
-3094
-3234
-2336
-1458
-1685
-3136
-4471
-4502
-3665
-2907
-2698
-3153
-3790
-3860
-3271
-2477
-1960
-1834
-1821
-1782
-1604
-1117
-376
332
688
639
454
510
956
1631
2080
1964
1503
1136
1251
1754
1986
1672
1031
309
104
437
514
133
-572
-1365
-1701
-1495
-1433
-1747
-2276
-2751
-2788
-2653
-2497
-2399
-2490
-2545
-2342
-2078
-1825
-1399
-1016
-655
-261
-31
207
678
1189
1602
1826
1868
1996
2266
2641
3044
3134
2804
2576
2666
2881
3082
2971
2531
2068
1930
2040
2071
1893
1543
1201
978
948
902
801
789
728
601
456
466
667
860
851
721
701
846
1169
1354
1334
1432
1627
1853
1815
1090
429
841
1745
1975
1180
-318
-1333
-796
433
712
-605
-2526
-3337
-2679
-1588
-1259
-2318
-3957
-4503
-3818
-3006
-2672
-3006
-3701
-3949
-3520
-2833
-2328
-2278
-2290
-2090
-1874
-1561
-1108
-580
-51
255
204
166
330
784
1516
1836
1572
1122
979
1343
1824
1908
1464
799
351
436
568
450
141
-462
-981
-1150
-1203
-1352
-1569
-1910
-2201
-2371
-2545
-2448
-2187
-2095
-2071
-2113
-2124
-1827
-1319
-819
-442
-299
-247
122
712
1216
1553
1642
1655
1852
2260
2696
2924
2825
2608
2560
2682
2871
2914
2694
2356
2106
2017
1998
1972
1834
1559
1256
1033
885
856
911
892
785
572
461
539
744
930
884
752
751
940
1128
1253
1330
1398
1617
1708
1198
496
541
1290
1872
1517
220
-1035
-1061
51
832
90
-1733
-3031
-2854
-1764
-1102
-1762
-3315
-4289
-4024
-3182
-2656
-2855
-3471
-3867
-3698
-3142
-2570
-2335
-2338
-2222
-2037
-1818
-1396
-803
-250
58
104
108
228
599
1287
1813
1752
1343
1040
1214
1804
2173
1907
1237
688
679
986
1001
529
-78
-534
-713
-730
-977
-1384
-1702
-1860
-1984
-2209
-2393
-2392
-2200
-2016
-1977
-2006
-1990
-1785
-1305
-769
-493
-436
-266
97
591
1119
1396
1433
1461
1698
2127
2498
2610
2455
2275
2348
2632
2779
2652
2348
2077
2041
2170
2175
1967
1663
1401
1324
1359
1321
1110
870
776
849
946
904
719
532
567
778
905
877
868
892
899
1019
1223
1392
1497
1350
765
261
534
1264
1549
896
-375
-1282
-1004
27
420
-555
-2175
-3079
-2763
-1851
-1431
-2150
-3452
-4173
-3837
-3044
-2619
-2812
-3332
-3651
-3433
-2866
-2353
-2121
-2019
-1854
-1661
-1472
-1189
-658
-41
412
505
303
240
683
1455
1891
1724
1238
962
1229
1792
2049
1710
1119
647
533
674
677
465
64
-449
-863
-1085
-1160
-1139
-1181
-1508
-1993
-2371
-2380
-1978
-1611
-1613
-1916
-2185
-2022
-1398
-779
-524
-588
-691
-468
97
687
1064
1170
1164
1268
1564
1941
2246
2346
2262
2168
2210
2387
2514
2515
2372
2173
2041
1940
1921
1890
1774
1624
1445
1267
1140
1110
1039
926
857
795
792
814
754
730
808
842
910
1008
1043
1084
1078
1072
1193
1382
1488
1267
650
238
556
1118
1199
496
-720
-1396
-920
-34
58
-1091
-2635
-3223
-2594
-1696
-1544
-2512
-3775
-4114
-3482
-2714
-2520
-2954
-3430
-3422
-2996
-2499
-2201
-2085
-1876
-1559
-1387
-1354
-1120
-511
167
531
463
177
131
685
1517
1895
1574
966
750
1151
1754
1932
1505
826
448
613
849
725
292
-156
-403
-482
-640
-976
-1262
-1347
-1293
-1441
-1895
-2227
-2116
-1726
-1407
-1451
-1842
-2061
-1722
-992
-408
-421
-742
-702
-198
465
944
1027
925
979
1331
1800
2069
2072
2039
2141
2268
2382
2393
2244
2168
2191
2205
2149
1956
1758
1709
1726
1680
1512
1263
1090
1109
1210
1137
927
831
845
808
750
706
626
673
886
984
850
665
623
834
1148
1214
890
327
7
334
940
1044
363
-661
-1180
-798
-106
-13
-862
-2025
-2484
-2054
-1494
-1510
-2208
-3021
-3255
-2912
-2527
-2513
-2768
-2898
-2790
-2636
-2494
-2332
-2153
-1835
-1458
-1314
-1393
-1331
-885
-201
278
281
34
-57
321
1077
1576
1426
946
695
958
1485
1717
1431
901
556
607
759
658
391
104
-145
-316
-526
-836
-1057
-1080
-1058
-1236
-1696
-2050
-1933
-1558
-1328
-1458
-1840
-2036
-1733
-1095
-599
-593
-852
-852
-406
242
710
813
725
853
1247
1644
1884
1939
1917
1992
2177
2288
2240
2161
2180
2247
2243
2101
1857
1700
1714
1736
1628
1384
1102
988
1066
1132
998
700
509
524
633
677
577
417
400
530
589
569
553
584
722
808
704
614
713
938
979
691
317
200
461
719
569
-84
-736
-804
-473
-287
-619
-1417
-2123
-2186
-1813
-1636
-1977
-2629
-3058
-2991
-2642
-2452
-2617
-2880
-2884
-2604
-2300
-2169
-2128
-1943
-1585
-1240
-1075
-1030
-845
-429
34
289
263
176
352
765
1111
1182
985
788
843
1072
1200
1093
812
603
588
573
399
105
-113
-183
-197
-357
-724
-1048
-1126
-975
-878
-1083
-1442
-1628
-1494
-1148
-930
-992
-1146
-1151
-893
-468
-127
-6
83
269
522
831
1073
1232
1393
1595
1819
1929
1923
1955
2085
2246
2304
2226
2000
1801
1841
1972
1973
1734
1396
1175
1125
1194
1159
908
610
473
472
486
446
327
202
177
222
210
180
177
256
430
509
461
397
454
665
879
860
667
573
675
913
955
661
279
98
229
379
210
-278
-778
-987
-886
-813
-1075
-1565
-1996
-2119
-2009
-1965
-2115
-2375
-2561
-2565
-2446
-2406
-2439
-2381
-2241
-2070
-1972
-1947
-1835
-1595
-1273
-988
-891
-925
-815
-526
-189
53
87
17
16
217
509
671
631
479
381
417
551
618
543
397
298
259
204
143
70
17
-23
-124
-303
-427
-390
-276
-181
-259
-478
-570
-411
-145
32
23
-106
-108
133
468
662
651
607
715
943
1131
1204
1180
1171
1297
1437
1446
1348
1231
1222
1320
1371
1260
1055
914
899
961
923
751
567
464
475
515
484
407
338
303
334
340
299
320
398
460
445
427
437
488
612
722
728
639
597
645
737
816
804
717
626
596
598
581
514
373
194
29
-67
-116
-224
-412
-603
-780
-949
-1061
-1137
-1238
-1420
-1609
-1714
-1803
-1866
-1880
-1924
-1990
-2035
-2038
-1968
-1884
-1822
-1753
-1691
-1626
-1517
-1438
-1360
-1221
-1086
-941
-822
-781
-703
-553
-415
-292
-208
-197
-142
-12
100
165
195
203
242
267
292
361
403
434
421
376
377
419
486
513
471
386
399
528
586
586
588
584
616
689
758
810
865
903
893
851
856
952
1028
1011
927
798
736
773
817
778
626
456
349
328
339
315
211
65
-30
-37
12
17
-42
-117
-143
-105
-28
29
6
-22
30
139
225
296
360
367
376
447
541
615
648
665
679
696
740
766
738
717
738
732
658
558
492
458
434
376
254
100
-13
-48
-88
-185
-290
-387
-520
-639
-686
-706
-757
-842
-945
-1047
-1063
-1016
-1031
-1104
-1184
-1220
-1191
-1166
-1174
-1189
-1206
-1189
-1146
-1149
-1152
-1129
-1104
-1066
-1045
-1031
-1009
-985
-946
-895
-856
-818
-766
-739
-666
-572
-520
-459
-387
-313
-223
-129
-65
-4
89
234
358
393
428
523
668
817
874
830
820
918
1060
1164
1134
1014
973
1010
1069
1084
979
871
833
819
811
722
575
510
500
455
377
282
203
203
246
239
159
64
51
136
206
214
176
85
57
149
263
304
293
256
216
272
380
432
428
415
403
392
418
447
464
477
468
414
334
297
329
384
392
317
208
145
178
244
241
155
47
-21
-12
45
61
-17
-129
-188
-169
-136
-162
-220
-267
-327
-382
-413
-453
-494
-548
-597
-672
-774
-827
-851
-873
-913
-1001
-1095
-1129
-1103
-1070
-1091
-1161
-1226
-1203
-1093
-1017
-1000
-1022
-1015
-904
-759
-683
-678
-668
-595
-461
-336
-258
-217
-194
-119
-9
63
102
127
164
230
294
342
371
397
450
493
478
440
425
466
544
561
512
448
423
475
540
542
479
434
426
470
539
553
524
486
496
524
533
543
551
570
581
581
563
528
508
517
533
515
455
392
376
386
371
338
303
264
229
198
171
173
198
207
180
134
104
125
175
204
179
137
133
172
218
244
250
234
219
230
270
303
296
228
164
168
193
209
173
84
-14
-49
-26
-44
-116
-240
-362
-416
-424
-446
-526
-644
-736
-784
-816
-849
-899
-965
-999
-990
-1011
-1057
-1054
-1021
-984
-944
-952
-963
-921
-839
-748
-704
-696
-680
-621
-515
-414
-344
-328
-321
-264
-190
-125
-72
-38
-21
-6
59
135
157
163
157
184
242
277
296
296
305
342
380
400
397
396
425
470
498
508
510
544
594
611
606
602
632
679
690
646
588
601
640
646
617
539
475
475
512
517
453
358
294
277
301
300
234
146
102
120
121
98
48
-1
8
33
34
-3
-31
-13
28
46
30
20
33
90
142
139
117
118
169
225
223
198
188
193
209
213
185
150
108
90
83
12
-76
-142
-188
-217
-250
-325
-443
-517
-523
-536
-585
-667
-770
-815
-799
-771
-773
-836
-885
-883
-845
-787
-754
-730
-719
-722
-686
-617
-557
-483
-419
-418
-419
-391
-330
-249
-215
-214
-218
-211
-173
-119
-90
-101
-105
-84
-58
-28
-7
0
12
28
45
77
106
127
147
174
219
279
325
359
392
411
441
505
548
587
630
623
636
679
702
727
727
717
710
690
704
731
706
653
608
564
546
538
507
450
365
316
302
286
273
243
185
119
85
98
120
118
82
26
-4
17
64
91
71
38
24
33
41
43
44
37
11
-19
-45
-82
-75
-48
-72
-136
-204
-231
-214
-211
-230
-281
-366
-394
-366
-368
-398
-451
-490
-500
-503
-493
-497
-518
-530
-522
-502
-495
-497
-494
-468
-415
-369
-355
-356
-357
-327
-278
-249
-226
-238
-228
-199
-199
-184
-192
-205
-186
-168
-168
-180
-205
-209
-178
-157
-159
-185
-213
-191
-151
-118
-108
-118
-109
-75
-21
31
47
70
112
150
198
224
253
305
351
393
416
415
438
487
527
551
548
513
500
541
577
589
574
525
507
519
523
530
516
457
428
439
437
423
394
377
358
336
318
301
287
276
267
242
210
167
139
133
117
84
38
-7
-40
-44
-61
-85
-115
-176
-209
-223
-237
-257
-291
-326
-347
-357
-377
-388
-402
-405
-411
-441
-455
-454
-441
-429
-429
-425
-422
-404
-382
-365
-346
-327
-307
-280
-252
-237
-227
-199
-169
-146
-125
-121
-140
-146
-118
-70
-39
-62
-97
-122
-117
-54
-26
-47
-67
-102
-85
-29
-9
-20
-51
-69
-67
-52
-18
-13
-47
-60
-45
-26
2
6
-5
-15
-15
20
37
49
77
84
77
75
100
146
183
185
166
163
184
230
263
250
246
262
272
292
306
306
327
351
354
337
314
328
382
412
401
366
341
347
386
409
358
310
297
293
301
283
252
224
202
190
154
108
78
50
36
-1
-47
-85
-122
-134
-155
-174
-204
-262
-283
-285
-280
-281
-318
-354
-369
-353
-337
-352
-381
-405
-401
-383
-377
-383
-388
-381
-363
-339
-329
-329
-315
-297
-267
-236
-220
-208
-191
-157
-127
-113
-91
-72
-47
-20
0
8
9
22
39
52
65
80
83
74
85
104
115
105
80
75
73
74
82
76
51
38
43
58
58
37
28
16
17
25
19
22
18
14
13
15
32
55
54
44
46
62
91
119
125
114
115
137
168
194
198
197
188
179
187
210
222
204
190
169
173
211
219
194
165
152
168
187
179
159
133
125
147
162
157
124
88
99
124
112
70
35
23
5
-3
-19
-57
-79
-103
-121
-155
-193
-200
-217
-235
-250
-282
-313
-318
-301
-287
-302
-339
-366
-358
-314
-292
-292
-301
-304
-277
-232
-188
-171
-166
-149
-114
-66
-40
-28
-9
22
55
71
80
108
128
139
153
155
141
141
163
166
139
108
105
119
122
122
108
89
93
102
107
90
64
64
67
81
95
76
66
65
75
91
83
75
72
74
76
79
76
69
64
47
51
67
50
37
37
15
-2
3
12
24
9
-13
-15
-28
-24
-8
-18
-33
-45
-40
-16
-11
-4
1
2
20
35
43
55
63
86
113
118
121
129
124
129
136
127
126
123
108
85
65
62
46
25
-4
-32
-42
-67
-101
-128
-147
-162
-179
-211
-252
-275
-261
-250
-270
-301
-314
-293
-264
-237
-228
-258
-262
-220
-190
-177
-170
-142
-103
-79
-73
-59
-29
-1
19
28
37
38
49
86
122
129
111
96
95
115
135
141
133
117
115
125
143
137
112
115
116
121
120
116
127
136
135
128
122
120
122
127
147
139
113
97
97
118
119
115
97
68
52
40
58
66
35
1
-28
-53
-51
-50
-57
-70
-98
-135
-142
-118
-100
-116
-132
-129
-141
-151
-143
-114
-96
-102
-92
-69
-43
-15
15
18
14
27
40
75
118
124
106
110
135
143
153
147
119
116
109
115
114
95
87
61
39
21
-8
-38
-54
-66
-84
-110
-137
-145
-157
-166
-164
-184
-191
-183
-168
-145
-144
-140
-130
-107
-64
-49
-55
-57
-32
-7
15
33
24
24
33
64
94
78
58
44
44
60
67
62
50
43
32
17
15
6
-7
-19
-16
2
13
26
26
22
18
7
22
41
53
56
55
74
97
103
114
119
100
89
92
105
115
111
102
91
83
75
64
34
4
-18
-43
-47
-66
-117
-148
-161
-171
-196
-211
-213
-230
-226
-222
-219
-217
-215
-190
-156
-141
-151
-145
-116
-89
-41
9
36
62
83
85
101
123
124
128
130
135
148
154
156
151
138
118
106
100
81
58
43
33
21
4
-13
-42
-66
-79
-90
-85
-67
-51
-57
-64
-70
-77
-67
-32
18
28
23
41
51
61
70
78
100
111
111
107
100
79
60
47
35
23
3
-17
-19
-25
-46
-82
-106
-111
-125
-128
-126
-144
-152
-142
-137
-127
-122
-119
-100
-66
-33
-10
16
39
52
53
59
85
115
153
184
193
203
199
199
212
212
215
220
221
212
183
144
119
92
70
59
48
31
-2
-30
-55
-83
-103
-135
-155
-148
-135
-132
-135
-145
-161
-175
-169
-146
-137
-128
-101
-67
-58
-60
-54
-48
-55
-51
-17
0
9
32
34
11
1
-2
-14
4
24
10
-13
-41
-81
-102
-98
-87
-66
-55
-67
-85
-96
-91
-77
-71
-81
-79
-39
-4
19
29
26
19
23
51
86
113
125
133
140
140
125
107
99
83
87
104
113
108
86
54
10
-36
-66
-65
-47
-42
-59
-86
-126
-159
-168
-170
-165
-172
-175
-136
-107
-109
-122
-111
-75
-55
-16
13
40
85
106
127
142
148
182
219
241
253
250
267
299
295
272
237
213
227
236
232
213
183
143
100
54
0
-22
-36
-30
-17
-46
-63
-71
-104
-139
-168
-190
-182
-156
-143
-128
-118
-104
-94
-99
-93
-85
-75
-52
-25
-17
-17
-13
-18
-29
-27
3
41
54
43
29
16
1
-18
-54
-84
-84
-66
-63
-106
-150
-163
-151
-129
-104
-97
-105
-102
-104
-116
-130
-133
-95
-29
45
94
109
105
95
101
139
183
203
230
243
236
229
186
132
100
82
65
73
101
130
117
36
-75
-158
-154
-108
-89
-129
-184
-199
-208
-219
-252
-270
-205
-123
-89
-106
-133
-128
-157
-274
-383
-298
-21
229
276
119
-23
10
174
277
242
223
307
443
460
293
94
60
196
298
289
262
298
345
242
-33
-296
-329
-171
-28
-31
-135
-190
-159
-141
-194
-268
-242
-101
4
6
-60
-97
-74
-73
-110
-125
-29
128
199
168
83
22
1
-26
-59
-53
10
75
71
-7
-83
-97
-76
-62
-68
-74
-36
8
-13
-102
-210
-256
-228
-194
-156
-116
-84
-81
-118
-151
-144
-92
-7
54
84
110
122
121
111
126
188
264
322
352
362
345
311
255
200
190
221
253
226
140
51
-10
-53
-94
-117
-103
-70
-78
-146
-238
-310
-333
-331
-325
-288
-229
-164
-137
-167
-199
-186
-113
-31
17
60
107
123
97
65
53
100
187
251
264
260
253
226
187
146
132
177
232
229
156
72
20
10
10
-17
-20
14
32
-2
-81
-154
-184
-168
-133
-100
-82
-64
-58
-92
-139
-158
-115
-30
38
67
70
52
6
-34
-49
-33
5
55
82
77
70
27
-52
-130
-157
-137
-104
-72
-96
-150
-190
-243
-289
-303
-277
-205
-124
-83
-88
-114
-131
-127
-112
-102
-52
40
110
138
128
114
110
116
125
132
190
264
286
252
173
146
187
228
227
191
170
185
186
129
16
-66
-80
-50
-25
-47
-65
-69
-98
-148
-210
-237
-197
-143
-130
-156
-180
-164
-129
-100
-84
-77
-33
29
67
95
86
53
45
43
60
106
145
149
117
79
59
78
117
102
54
33
58
76
45
1
-13
12
50
54
29
18
41
60
10
-53
-74
-37
44
82
41
-15
-38
-15
30
34
-2
1
48
96
94
39
-13
-36
-24
-14
-22
-29
-32
-19
-31
-78
-116
-116
-76
-42
-59
-129
-177
-179
-170
-166
-186
-188
-158
-126
-118
-132
-129
-92
-51
-31
-34
-39
-9
36
52
37
40
81
132
165
157
135
132
135
142
134
120
119
119
98
61
53
81
103
110
80
42
36
38
40
10
-34
-55
-62
-57
-52
-53
-58
-65
-77
-72
-70
-76
-88
-113
-127
-107
-84
-81
-85
-99
-91
-57
-22
11
47
75
79
75
65
58
68
67
52
41
56
98
94
47
-14
-42
-14
14
24
1
-34
-56
-63
-45
-35
-31
-20
-3
23
38
53
56
33
-1
-13
11
55
80
57
12
-12
-10
1
12
20
26
14
-6
-17
-19
-22
-42
-41
-23
-23
-18
-19
-39
-53
-61
-71
-72
-61
-53
-60
-87
-114
-117
-107
-105
-102
-102
-105
-82
-61
-48
-44
-46
-4
39
68
90
88
110
137
160
175
168
164
172
189
195
209
208
186
165
129
96
85
65
35
20
9
4
-8
-45
-78
-89
-81
-70
-81
-95
-94
-80
-60
-68
-97
-110
-87
-47
-21
-18
-35
-32
-9
-16
-21
-12
2
37
49
49
47
39
55
53
25
-1
-10
1
16
24
3
-32
-49
-58
-69
-74
-75
-77
-92
-103
-99
-87
-83
-113
-140
-128
-82
-38
-19
-15
-9
-1
-2
-5
-15
15
71
98
94
74
73
93
97
60
13
16
55
78
65
7
-37
-36
-46
-62
-72
-76
-57
-52
-82
-124
-143
-120
-100
-105
-117
-113
-78
-56
-72
-84
-77
-44
10
48
78
108
115
115
105
90
100
141
166
167
159
150
150
149
127
103
119
137
135
109
64
37
26
15
-5
-17
-2
22
24
-4
-40
-49
-31
-14
-14
-21
-28
-27
-19
-10
9
27
58
93
97
82
66
54
57
53
40
42
40
43
36
16
-3
-25
-21
-20
-46
-81
-110
-109
-116
-142
-158
-180
-185
-158
-144
-146
-144
-128
-91
-56
-70
-98
-81
-42
-12
2
8
21
42
71
62
39
60
91
125
138
108
78
63
69
70
49
40
37
42
35
-9
-64
-88
-86
-79
-82
-100
-108
-106
-113
-127
-130
-123
-102
-66
-50
-46
-40
-27
-18
-8
11
34
63
76
77
90
96
96
111
115
111
111
113
114
101
90
88
74
50
38
19
6
11
6
7
-3
-11
-7
-29
-42
-35
-32
-19
-18
-20
-11
-8
-6
-1
9
22
42
66
76
68
69
67
57
58
63
63
56
42
22
-6
-16
-3
-5
-31
-64
-87
-96
-97
-112
-140
-160
-169
-157
-141
-150
-163
-167
-156
-143
-140
-134
-123
-103
-104
-115
-99
-57
-2
31
35
31
23
39
77
83
65
63
79
111
122
100
79
64
65
64
51
47
43
35
5
-38
-61
-51
-28
-16
-13
-16
-24
-27
-30
-39
-44
-30
-23
-19
0
12
26
36
29
26
41
85
109
93
83
65
70
86
67
63
77
86
91
70
47
42
46
49
27
6
6
15
25
7
-28
-41
-42
-38
-29
-34
-45
-43
-25
-13
-14
-4
4
-3
8
30
32
36
35
38
42
51
69
56
42
41
34
33
22
14
5
-7
-4
-21
-49
-53
-68
-80
-79
-93
-94
-91
-104
-126
-150
-161
-160
-161
-160
-153
-131
-103
-111
-123
-123
-115
-90
-82
-78
-53
-25
-3
9
8
-1
10
40
64
75
80
85
101
108
83
61
69
88
106
111
91
65
47
52
44
25
10
4
18
19
20
7
-10
-3
3
18
20
24
35
30
26
15
27
51
56
71
74
70
76
70
75
76
53
45
52
55
54
56
41
25
16
13
10
5
10
-2
-13
-14
-16
-11
-14
-25
-34
-30
-15
-7
-18
-34
-40
-50
-47
-34
-40
-35
-17
-6
-11
-19
-3
10
27
39
23
28
31
38
39
-4
-22
-7
-3
2
-7
-34
-40
-45
-61
-84
-89
-88
-94
-99
-123
-143
-142
-145
-140
-134
-129
-117
-110
-89
-75
-73
-71
-75
-60
-34
-17
0
6
9
12
16
42
52
50
61
54
60
71
58
57
61
69
73
74
74
69
81
76
53
49
55
64
63
56
53
46
45
48
49
49
51
49
44
38
41
49
49
58
68
63
61
53
46
42
46
52
41
43
37
36
35
19
4
1
14
6
-4
-4
-22
-25
-23
-44
-47
-31
-32
-36
-38
-43
-36
-24
-11
-21
-43
-38
-25
-21
-19
-24
-28
-13
-1
-4
-26
-33
-15
-5
0
-1
-15
-16
-3
-8
-19
-21
-23
-13
-16
-30
-48
-57
-38
-42
-55
-59
-58
-50
-57
-63
-63
-58
-39
-25
-28
-38
-45
-44
-35
-32
-23
-10
-8
2
-5
-14
-13
2
18
15
28
41
48
54
43
41
52
56
58
61
69
68
59
54
53
62
62
76
79
67
71
60
50
43
41
40
31
33
34
36
37
34
33
20
11
10
7
3
1
-3
-3
-5
-11
-12
-4
-7
-22
-18
-10
-11
-4
-3
-20
-40
-44
-31
-20
-28
-34
-19
-17
-23
-31
-41
-32
-29
-30
-31
-33
-27
-13
-17
-36
-42
-34
-17
-4
-13
-26
-27
-29
-35
-30
-39
-51
-44
-41
-41
-43
-43
-29
-31
-49
-52
-39
-24
-24
-25
-22
-16
-19
-17
-18
-28
-18
-12
-13
-5
-6
-1
2
-5
-5
-4
-2
8
18
14
8
16
16
18
19
13
21
30
38
41
35
35
34
36
41
44
40
52
61
68
74
57
49
43
43
51
51
51
51
50
43
31
36
48
50
51
60
63
55
41
35
32
16
9
12
10
12
11
-10
-18
-16
-24
-28
-25
-21
-38
-55
-44
-50
-47
-37
-47
-33
-34
-33
-17
-22
-14
-18
-27
-19
-18
-11
-4
-14
-18
-18
-21
-11
-5
-18
-24
-24
-25
-24
-29
-41
-46
-40
-45
-47
-33
-39
-46
-45
-68
-73
-62
-59
-54
-49
-53
-56
-45
-36
-38
-47
-43
-20
-12
-9
1
3
0
3
18
32
38
42
49
45
46
45
43
49
54
52
45
57
58
33
26
22
29
38
35
31
28
27
23
21
17
18
18
28
44
38
34
33
31
32
40
40
39
51
47
39
42
43
44
38
42
45
41
40
29
33
33
16
10
2
9
17
-7
-21
-29
-22
-18
-27
-29
-45
-52
-48
-45
-50
-51
-45
-43
-35
-29
-27
-26
-16
-23
-31
-29
-21
-7
-7
-7
-8
-8
-5
-1
-1
-13
-11
-4
-6
-5
-7
-19
-24
-21
-30
-36
-34
-27
-24
-39
-60
-58
-49
-51
-48
-42
-36
-30
-32
-32
-33
-29
-22
-20
-17
-10
2
7
10
16
16
25
33
41
53
52
58
57
55
64
64
61
55
57
64
53
56
55
37
36
35
20
12
17
21
21
15
11
8
7
12
10
15
10
0
8
8
1
-4
-6
18
25
15
26
25
21
32
27
15
21
28
33
28
18
10
8
9
3
0
-4
-10
-12
-6
-8
-17
-12
-20
-21
-27
-33
-28
-31
-21
-23
-34
-23
-21
-27
-33
-31
-24
-17
-14
-14
-10
-7
-4
-9
-3
11
24
26
23
18
15
29
9
-13
-3
-9
-8
-7
-15
-14
-29
-38
-27
-34
-46
-48
-43
-44
-49
-52
-52
-39
-37
-41
-34
-28
-24
-14
2
-7
-10
12
24
27
32
38
40
41
48
59
61
63
61
54
54
53
51
48
42
32
22
20
14
7
6
-5
-12
-5
-5
-13
-27
-30
-25
-35
-29
-21
-24
-17
-18
-17
-19
-15
-4
2
5
6
14
11
22
32
26
31
26
35
42
33
25
19
19
17
14
2
-1
-5
-18
-24
-26
-25
-27
-38
-42
-36
-39
-43
-45
-41
-38
-33
-22
-23
-26
-21
-12
-9
-4
7
18
26
42
47
40
39
47
55
46
37
43
49
44
32
31
23
15
12
7
3
-12
-21
-21
-30
-38
-40
-49
-58
-57
-66
-56
-57
-68
-54
-53
-52
-43
-45
-39
-24
-23
-14
2
15
14
22
38
35
38
38
42
50
37
32
28
23
31
26
10
5
4
-9
-16
-15
-21
-23
-28
-40
-39
-38
-47
-51
-53
-47
-32
-38
-46
-37
-23
-24
-31
-11
-6
-5
17
22
13
7
19
30
37
40
37
37
39
48
42
28
31
28
19
17
4
-11
0
-5
-22
-22
-22
-19
-17
-22
-28
-40
-34
-24
-17
-16
-14
-6
2
9
3
6
20
21
32
39
49
60
63
64
59
65
63
71
73
56
58
48
38
37
22
13
6
-1
-7
-8
-17
-27
-29
-30
-33
-38
-45
-54
-55
-55
-64
-55
-48
-47
-39
-32
-35
-22
-15
-19
-5
-2
0
10
20
23
11
22
25
12
17
19
15
8
-1
-4
-5
-8
-28
-27
-24
-37
-33
-32
-35
-39
-46
-50
-57
-55
-54
-51
-43
-36
-33
-32
-23
-21
-22
-14
-6
7
14
20
31
29
31
33
36
39
42
43
43
48
45
34
30
31
26
23
17
10
6
-2
2
-5
-15
-12
-20
-16
-19
-26
-23
-26
-25
-31
-25
-17
-12
2
0
11
22
12
21
37
33
33
37
51
53
50
53
40
36
33
27
33
28
28
22
11
6
0
0
-10
-20
-26
-25
-23
-32
-39
-44
-41
-40
-47
-43
-32
-32
-32
-36
-39
-27
-21
-20
-13
-3
6
4
12
20
12
16
10
13
19
16
23
19
16
11
0
2
-2
-7
-11
-16
-16
-16
-22
-25
-30
-38
-40
-40
-42
-45
-34
-29
-32
-22
-20
-17
3
3
2
13
15
35
34
29
48
47
47
49
48
53
58
45
44
48
35
39
38
36
33
21
26
18
13
8
-6
-6
-11
-6
-10
-21
-9
-14
-25
-19
-20
-11
-4
-9
1
7
-2
2
15
7
6
13
18
31
21
24
21
10
22
12
9
12
6
0
0
0
-13
-17
-23
-28
-29
-39
-40
-36
-42
-50
-45
-54
-52
-43
-53
-56
-43
-36
-33
-20
-18
-17
-10
-2
-1
3
20
22
20
26
26
20
20
10
14
19
5
13
14
4
-2
-9
-8
-13
-15
-19
-21
-23
-25
-26
-38
-41
-37
-36
-39
-33
-30
-25
-14
-12
-7
3
13
16
18
24
32
40
40
39
36
42
41
37
49
49
46
49
42
45
46
33
28
39
33
25
28
16
14
15
-5
-4
11
11
3
1
-2
-3
-6
-7
-1
6
18
20
25
35
24
25
31
22
19
33
25
16
30
18
7
13
5
2
6
4
-7
-17
-13
-18
-35
-34
-29
-37
-35
-34
-36
-42
-44
-45
-46
-45
-53
-39
-29
-33
-20
-15
-13
-11
-5
1
-10
-7
-2
-2
7
5
5
14
18
15
12
6
7
11
4
0
-9
-9
-5
-20
-19
-20
-25
-17
-16
-25
-27
-21
-33
-40
-28
-32
-33
-19
-13
-10
-7
-6
4
4
0
1
7
11
9
14
24
20
22
30
21
26
27
14
19
21
15
11
18
23
11
16
24
19
25
18
8
12
9
2
7
14
6
11
18
22
25
18
23
26
26
25
30
28
19
30
27
19
23
29
30
20
13
16
12
2
5
11
1
-2
3
0
-5
-8
-15
-19
-22
-24
-25
-26
-25
-31
-33
-26
-28
-23
-14
-17
-19
-10
-10
-17
-9
-8
-14
-8
-6
-1
9
8
12
12
13
12
-2
7
11
3
3
9
18
9
8
13
9
0
-4
6
1
-1
0
-11
-2
-11
-18
-9
-16
-20
-19
-19
-17
-21
-19
-18
-19
-17
-16
-15
-15
-20
-11
-5
-17
-9
-4
-6
0
-1
1
4
2
7
15
11
10
20
22
19
19
10
7
10
6
1
0
7
9
8
5
5
0
0
6
-3
-10
-5
-2
-11
-6
1
-5
1
6
-5
-10
-1
-3
-10
-4
2
0
5
10
4
2
2
-4
-5
-2
-7
-7
-2
-8
-6
1
-5
-8
-4
-12
-17
-18
-22
-20
-20
-25
-19
-22
-16
-18
-22
-11
-7
-6
-9
-3
1
-4
-3
6
8
10
26
22
25
29
25
31
29
29
28
31
33
29
28
23
20
22
23
15
11
15
12
4
1
3
-6
-9
-5
-14
-9
-7
-12
-13
-12
-6
-9
-15
-8
-2
-6
-5
-1
4
10
1
2
6
3
16
19
18
28
26
23
25
19
10
17
10
0
10
7
2
-2
-2
3
-3
-3
-2
1
-2
-12
-12
-12
-13
-18
-16
-12
-14
-14
