-12
-15
-8
-2
5
11
4
9
29
26
16
21
12
6
6
-2
1
4
-5
-8
-4
-5
-7
-19
-16
-7
-10
-7
-1
4
-10
-8
-8
-17
-8
1
9
19
19
5
7
14
4
1
1
13
24
17
14
7
6
9
14
13
6
15
15
5
-5
-7
3
0
10
12
-3
0
4
3
4
0
5
-1
-4
2
-2
-5
-4
0
-9
-11
0
5
14
13
8
10
7
4
-1
-10
-2
-9
-22
-16
-17
-23
-24
-17
-12
-14
-11
-11
-12
-20
-24
-15
-15
-12
3
4
0
7
5
-4
-5
-2
3
2
4
15
8
10
11
-4
-3
7
18
12
8
11
4
1
2
6
-1
2
11
5
-8
0
6
5
6
-1
3
12
7
9
1
-5
6
7
3
11
13
0
3
7
3
1
3
5
1
15
16
-3
-1
4
-1
-13
-17
-3
6
-7
-13
-3
-9
-7
2
0
0
6
1
-1
3
-8
-12
2
5
-1
-1
6
7
3
11
10
0
-2
-16
-20
-20
-16
-15
-16
-10
-3
-10
-22
-12
-11
-27
-27
-15
-6
5
-5
-5
7
3
17
16
1
0
5
2
-4
-1
2
1
3
14
11
5
3
0
5
0
-1
-3
-5
0
-2
-6
-8
-4
-6
8
22
13
15
17
9
21
23
9
14
16
15
16
9
8
10
11
10
5
3
-4
-1
5
-10
-14
-9
-15
-16
-13
-10
-14
-11
-5
-8
-9
0
6
5
8
7
0
3
15
14
10
7
-5
4
11
8
14
4
-2
5
0
-9
-10
-13
-18
-9
1
-8
-9
-12
-14
-18
-22
-6
1
-9
-17
-11
-8
-9
0
-6
-7
-2
-3
-4
-2
9
5
13
24
11
1
1
4
10
11
0
4
6
-8
-9
-6
-13
-25
-18
-20
-24
-15
-10
2
0
3
4
-3
3
1
-2
-1
1
7
0
-2
7
5
-3
3
16
2
5
6
-7
1
-1
-6
-9
-6
1
-14
-12
3
-3
-1
11
12
16
14
3
4
8
9
10
6
3
7
6
0
-2
-2
2
0
-5
-3
-1
3
5
-3
-4
-2
-2
2
2
-3
-1
2
0
1
4
11
10
3
8
9
2
1
1
8
4
1
1
-11
-11
-10
-15
-5
-11
-9
1
-4
-6
-8
-14
-8
2
1
0
0
5
1
-1
4
2
3
-1
-5
-9
-9
-1
-6
-6
-2
-6
1
-2
-9
0
-4
-11
-1
-1
0
13
7
-4
-1
-1
-6
-5
-6
0
1
0
8
0
-3
2
0
8
11
6
10
11
8
-1
6
11
15
18
2
10
16
-3
-1
-2
-4
4
15
12
9
6
-1
-8
-12
-5
-4
2
1
1
17
19
12
1
3
5
-15
-7
-5
-11
-7
-11
-4
-5
-6
-2
-5
-11
-18
-2
-1
-1
1
-10
-4
-13
-17
1
-5
2
14
4
5
0
-12
-13
-3
1
-1
-1
0
-1
-1
-7
-12
-11
-12
-13
-17
-14
-11
-16
-13
-19
-17
-4
-3
-12
-12
-11
-21
-30
-27
-15
-5
-2
1
-1
-9
-9
-3
0
-1
6
10
6
12
4
-10
-3
6
7
8
8
2
7
4
-11
-8
4
-1
-4
4
3
2
1
2
-4
11
14
-4
2
8
8
13
21
19
15
18
28
19
12
16
15
22
17
13
0
4
25
17
11
23
21
13
6
4
-3
-12
-21
-21
-11
-9
-5
2
-1
7
13
16
26
17
8
14
4
-1
0
0
2
-8
-11
-12
-12
-3
2
-10
-22
-11
-4
1
4
-11
-7
-9
-10
7
3
-7
-2
5
1
-8
-5
-4
-17
-28
-22
-15
-7
10
5
6
10
3
-10
-13
-2
0
-3
-6
-12
-3
8
2
-4
-8
-15
-8
-1
2
4
-2
-7
-8
-5
-12
-16
8
11
4
10
19
28
18
9
13
15
13
-1
-9
-9
-7
-3
-2
9
17
19
16
7
4
4
2
-6
-13
-11
-4
8
9
12
13
12
20
19
20
18
1
-6
-8
-11
-1
-4
5
7
8
16
5
1
11
6
3
-2
-12
-8
-9
-6
-2
-12
-4
-4
-10
-3
1
0
-4
-9
-16
-16
-33
-41
-32
-33
-14
0
7
22
20
1
3
13
-10
-31
-29
-31
-28
-22
-10
-2
-2
-3
-9
-9
-6
-4
-4
-2
2
3
1
-1
6
4
6
21
19
20
20
12
3
-19
-28
-19
-17
-19
-7
1
6
20
38
52
53
44
32
12
-2
-1
-5
-8
-16
-10
-12
-12
10
20
22
11
17
20
5
6
15
25
26
30
27
24
37
25
21
27
16
5
-8
-18
-29
-29
-41
-40
-13
-2
6
14
25
28
24
22
6
5
5
-5
-6
-19
-23
-13
-3
4
4
-5
-19
-15
-10
-21
-18
-9
-15
-14
-11
-3
2
0
6
5
2
1
-10
-21
-29
-23
-14
-22
-28
-23
-11
0
2
0
2
6
7
-2
-9
-4
-3
-9
-4
1
-6
1
12
15
19
7
-5
-9
-16
-15
-11
-9
-7
-2
4
0
9
19
16
16
16
20
21
18
15
2
6
8
13
28
24
22
27
17
2
8
5
-4
-5
-4
10
7
5
2
7
33
36
31
24
11
8
4
-7
-6
-14
1
14
-5
10
7
-12
-2
-3
-11
-9
0
-6
-6
2
-8
-5
7
8
12
14
7
3
-6
-19
-24
-27
-33
-31
-24
-18
-10
-2
-3
7
13
7
-1
-8
-11
-21
-35
-37
-29
-17
-10
2
10
7
10
4
3
-6
-12
-6
-19
-12
-7
-6
6
-4
-3
2
1
6
-7
-22
-24
-25
-27
-27
-27
-29
-11
-3
-6
7
12
10
14
13
20
13
4
7
-2
-4
6
16
17
34
38
32
39
34
29
27
26
21
17
26
16
9
21
29
17
6
9
2
-15
-28
-34
-42
-50
-44
-41
-33
-17
-20
-4
28
33
46
63
68
76
69
58
38
22
13
9
15
10
9
-1
-14
-19
-35
-44
-58
-78
-88
-100
-93
-87
-76
-50
-25
6
45
68
83
100
89
70
51
33
8
-18
-33
-54
-53
-54
-64
-50
-44
-47
-48
-54
-49
-42
-51
-62
-44
-21
1
31
51
66
80
78
64
48
22
-9
-32
-50
-67
-80
-80
-75
-71
-55
-36
-16
8
37
59
73
85
76
62
34
2
-19
-48
-64
-81
-82
-73
-67
-33
-13
14
45
54
58
52
57
58
58
64
75
81
82
93
85
70
54
18
-8
-40
-78
-110
-131
-151
-158
-147
-132
-88
-44
-1
52
96
141
174
191
201
204
197
195
195
168
159
163
141
135
136
119
92
61
38
15
-18
-45
-64
-86
-101
-100
-108
-97
-64
-46
-10
24
45
66
64
56
49
49
46
38
23
5
-12
-34
-58
-98
-140
-162
-185
-197
-201
-222
-249
-266
-282
-305
-332
-362
-390
-412
-430
-425
-407
-392
-348
-299
-261
-221
-187
-162
-131
-96
-59
-9
48
116
185
245
310
361
404
448
450
434
398
325
248
144
40
-58
-131
-154
-178
-160
-110
-56
22
85
151
230
281
316
342
366
383
409
454
502
562
623
667
701
714
702
668
600
533
476
427
414
448
519
618
735
808
806
708
467
87
-459
-1082
-1720
-2366
-2888
-3222
-3358
-3263
-2953
-2469
-1855
-1152
-447
174
678
1064
1320
1439
1501
1530
1505
1491
1516
1544
1561
1555
1465
1247
904
449
-126
-787
-1445
-2054
-2534
-2805
-2844
-2625
-2167
-1526
-787
-29
692
1282
1683
1885
1865
1666
1333
953
589
262
17
-146
-223
-243
-243
-260
-324
-435
-584
-754
-934
-1058
-1088
-1002
-786
-444
-3
454
906
1293
1536
1645
1598
1387
1063
696
302
-72
-342
-507
-583
-556
-411
-202
23
265
482
632
734
809
867
894
925
1012
1135
1306
1581
1913
2201
2436
2583
2525
2198
1635
765
-451
-1805
-3136
-4369
-5333
-5850
-5938
-5609
-4843
-3753
-2524
-1274
-61
943
1651
2124
2419
2508
2469
2483
2497
2505
2607
2755
2821
2734
2472
1922
1045
-10
-1191
-2451
-3606
-4489
-5005
-5133
-4762
-3895
-2748
-1417
-7
1263
2260
2948
3290
3251
2888
2375
1788
1171
667
285
-77
-440
-745
-1036
-1408
-1799
-2178
-2578
-2918
-3043
-2933
-2641
-2092
-1311
-457
435
1350
2148
2695
2976
3031
2817
2388
1874
1260
572
-53
-549
-937
-1196
-1288
-1295
-1283
-1185
-985
-712
-381
44
532
1018
1523
2024
2445
2751
2930
2987
2909
2731
2534
2313
2085
1939
1866
1831
1778
1607
1210
527
-502
-1879
-3387
-4842
-6107
-6947
-7196
-6828
-5907
-4542
-2894
-1195
405
1773
2744
3290
3490
3419
3165
2914
2785
2724
2723
2798
2813
2632
2215
1470
320
-1137
-2686
-4159
-5399
-6188
-6401
-6044
-5117
-3638
-1789
114
1904
3388
4350
4819
4850
4471
3767
2878
1963
1071
309
-256
-778
-1399
-2073
-2784
-3556
-4248
-4732
-4997
-5008
-4614
-3751
-2517
-1036
572
2092
3292
4194
4782
4915
4594
3949
3075
2030
1050
278
-413
-1025
-1477
-1801
-2054
-2164
-2097
-2010
-1908
-1632
-1159
-564
199
1121
1991
2702
3349
3862
4028
3934
3685
3204
2570
2032
1612
1162
788
603
493
437
569
756
710
444
15
-812
-2100
-3477
-4714
-5795
-6396
-6212
-5466
-4401
-3002
-1490
-200
914
1905
2504
2687
2705
2655
2550
2561
2815
3005
2932
2793
2493
1826
909
-194
-1583
-3108
-4348
-5124
-5472
-5276
-4559
-3571
-2417
-992
560
1930
3075
3954
4407
4503
4423
4154
3593
2776
1824
778
-320
-1326
-2286
-3388
-4542
-5550
-6298
-6668
-6522
-5872
-4858
-3509
-1838
-16
1699
3120
4182
4780
4961
4919
4670
4124
3319
2385
1378
364
-502
-1242
-1992
-2679
-3124
-3300
-3247
-2911
-2325
-1693
-996
-60
966
1890
2736
3453
3883
4100
4287
4291
3944
3405
2785
2050
1382
965
641
245
-61
-178
-233
-122
270
663
836
876
721
-8
-1342
-2839
-4359
-5717
-6309
-5978
-5113
-3938
-2509
-1131
-16
1033
1960
2456
2602
2667
2725
2807
3113
3572
3733
3502
3106
2425
1354
128
-1229
-2833
-4315
-5221
-5546
-5348
-4589
-3490
-2389
-1264
47
1337
2366
3204
3801
4014
3999
3949
3699
3057
2153
1054
-264
-1609
-2803
-3982
-5224
-6294
-6955
-7165
-6811
-5815
-4460
-3000
-1391
323
1894
3191
4199
4779
4901
4860
4787
4481
3897
3097
2006
707
-501
-1468
-2361
-3154
-3600
-3737
-3580
-2968
-2067
-1264
-570
212
1008
1761
2618
3418
3815
3936
4018
3916
3541
3069
2443
1509
627
172
-70
-249
-188
-98
-259
-339
-115
96
314
867
1563
2049
2381
2397
1430
-525
-2660
-4683
-6429
-7188
-6809
-5956
-4795
-3132
-1435
-54
1258
2398
2937
3078
3367
3716
3921
4300
4708
4532
3869
3087
1935
295
-1341
-2851
-4410
-5571
-5908
-5687
-5126
-4157
-3026
-2078
-1173
-44
1125
2117
3109
4046
4570
4757
4779
4363
3308
1882
270
-1526
-3189
-4431
-5425
-6341
-6936
-7006
-6715
-6005
-4731
-3256
-1855
-296
1468
3079
4423
5561
6161
6031
5582
4964
3995
2766
1484
145
-1221
-2250
-2767
-3122
-3425
-3433
-3264
-3060
-2526
-1649
-866
-188
714
1707
2576
3447
4208
4427
4104
3684
3163
2359
1600
1085
515
11
32
298
351
365
371
28
-455
-515
-210
174
932
2162
3242
3837
4011
3204
803
-2338
-5159
-7547
-8866
-8372
-6755
-4916
-2835
-704
799
1696
2440
2824
2665
2626
3166
3823
4471
5328
5622
4763
3384
1792
-274
-2392
-4017
-5315
-6310
-6477
-5743
-4705
-3698
-2687
-1964
-1636
-1092
-36
1186
2535
4076
5327
5965
6103
5636
4337
2355
85
-2145
-4057
-5368
-5992
-6230
-6343
-6246
-5893
-5390
-4619
-3503
-2207
-701
1113
3099
4924
6261
6938
6896
6130
4916
3627
2236
784
-439
-1420
-2199
-2642
-2859
-3116
-3416
-3641
-3631
-3218
-2427
-1342
-120
974
1906
2779
3491
3883
3873
3486
2890
2257
1805
1656
1553
1282
1016
748
289
-59
-187
-516
-917
-930
-702
-339
427
1456
2308
2975
3738
4372
4368
3771
2524
38
-3216
-5879
-7636
-8486
-7829
-5980
-4109
-2473
-934
76
460
786
1330
1886
2557
3727
5074
5953
6424
6343
5025
2764
414
-1892
-4006
-5367
-5950
-6129
-5940
-5279
-4423
-3834
-3447
-2980
-2525
-1911
-529
1504
3501
5285
6680
7093
6457
5285
3731
1738
-312
-1969
-3230
-4202
-4708
-4905
-5430
-6218
-6657
-6688
-6239
-4862
-2708
-360
2088
4564
6506
7471
7473
6665
5201
3548
2329
1561
867
239
-369
-1277
-2395
-3390
-4334
-5156
-5445
-5030
-3917
-2221
-340
1257
2242
2605
2693
2727
2779
2952
3122
3194
3307
3433
3396
3127
2455
1337
215
-624
-1190
-1309
-1036
-737
-433
9
487
849
1109
1420
1720
2021
2697
3647
4165
3986
3125
1066
-1976
-4750
-6724
-7865
-7627
-6040
-4140
-2518
-1167
-387
-303
-293
223
1121
2232
3753
5305
6134
6309
5840
4217
1731
-822
-3050
-4658
-5307
-5095
-4538
-4050
-3773
-3704
-3874
-4157
-4170
-3704
-2717
-1023
1363
3914
5984
7189
7410
6578
4913
3156
1594
-32
-1403
-2207
-2979
-3870
-4504
-5282
-6516
-7414
-7387
-6607
-4995
-2449
311
2549
4360
5745
6180
5771
5131
4235
3168
2611
2480
2058
1282
252
-1290
-3046
-4357
-5144
-5437
-5036
-3988
-2582
-1049
388
1348
1643
1588
1574
1805
2465
3447
4284
4735
4791
4370
3580
2581
1363
172
-605
-931
-788
-276
88
102
-47
-332
-615
-608
-332
51
634
1523
2527
3487
4383
4859
4410
3163
1349
-1220
-3949
-5784
-6698
-6783
-5636
-3872
-2624
-1968
-1700
-1926
-2140
-1499
-81
1533
3241
4850
5699
5623
4980
3583
1382
-687
-2089
-2993
-3155
-2657
-2404
-2717
-3295
-4100
-4938
-5297
-4945
-4041
-2615
-644
1569
3579
5041
5718
5441
4464
3410
2520
1843
1400
888
78
-957
-2189
-3593
-5021
-6332
-7182
-7198
-6327
-4606
-2342
-223
1433
2670
3354
3558
3647
3696
3601
3527
3595
3605
3232
2348
1047
-676
-2505
-3761
-4344
-4476
-4062
-3251
-2428
-1604
-795
-246
59
405
966
1845
2991
4110
4873
5007
4556
3812
2890
1971
1318
886
632
659
787
774
561
37
-701
-1300
-1641
-1613
-1102
-337
445
1217
1912
2417
2683
2804
3035
3226
3108
2822
2000
99
-2211
-4024
-5299
-5744
-4991
-3776
-2990
-2646
-2520
-2654
-2748
-2155
-912
426
1862
3418
4397
4540
4199
3187
1519
32
-837
-1260
-1262
-1040
-1152
-1839
-2805
-3710
-4460
-4894
-4684
-3844
-2676
-1152
614
2042
2930
3350
3298
3012
2779
2693
2630
2339
1744
925
-145
-1372
-2549
-3756
-4901
-5497
-5452
-4931
-3871
-2579
-1615
-864
-42
737
1452
2279
3113
3592
3771
3942
3798
3054
2046
853
-580
-1706
-2150
-2228
-2166
-1918
-1738
-1783
-1718
-1406
-1061
-690
-114
634
1456
2399
3282
3731
3684
3375
2957
2574
2355
2199
1979
1655
1222
776
342
-184
-749
-1168
-1417
-1366
-852
-135
433
795
974
971
1045
1448
2045
2748
3639
4449
4670
4187
2855
356
-2628
-4873
-6121
-6370
-5434
-4095
-3421
-3318
-3379
-3652
-3727
-2971
-1566
-47
1592
3237
4162
4227
3848
2891
1500
589
404
450
634
777
257
-999
-2406
-3636
-4672
-5186
-4902
-4086
-3003
-1660
-312
635
1206
1604
1871
2113
2427
2778
3014
2926
2498
1800
827
-273
-1263
-2183
-3064
-3601
-3761
-3768
-3521
-3045
-2664
-2309
-1635
-717
183
1133
2136
2789
3060
3293
3342
2935
2298
1654
875
83
-368
-648
-1008
-1269
-1370
-1467
-1456
-1189
-838
-599
-386
-61
335
795
1350
1836
2056
2085
2103
2064
1923
1796
1717
1568
1432
1441
1386
1105
706
274
-141
-399
-413
-244
6
286
591
888
1151
1369
1578
1825
2061
2330
2701
2952
2717
1975
767
-1066
-3046
-4324
-4868
-4881
-4195
-3218
-2761
-2838
-3039
-3299
-3400
-2779
-1391
120
1468
2660
3236
3064
2697
2258
1622
1229
1270
1314
1233
976
179
-1181
-2644
-3804
-4531
-4677
-4200
-3409
-2617
-1853
-1092
-479
2
467
874
1332
1922
2543
3104
3345
3023
2292
1403
509
-218
-732
-1251
-1865
-2402
-2857
-3191
-3274
-3219
-3099
-2788
-2199
-1432
-618
211
909
1340
1731
2245
2607
2677
2655
2452
1971
1583
1368
1002
533
118
-314
-728
-989
-1133
-1355
-1595
-1565
-1273
-791
-52
724
1163
1380
1657
1864
2024
2362
2665
2720
2725
2740
2577
2167
1589
920
202
-362
-523
-411
-269
-91
106
177
228
406
602
772
1027
1365
1643
1841
2053
2186
1978
1502
849
-309
-1750
-2809
-3455
-3856
-3749
-3247
-3047
-3266
-3464
-3572
-3563
-3036
-1862
-600
357
1189
1783
1873
1821
1887
1760
1533
1534
1548
1349
1000
460
-425
-1476
-2281
-2743
-2960
-2861
-2435
-2033
-1840
-1561
-1132
-776
-375
265
898
1306
1683
2058
2164
1912
1536
1095
472
-90
-410
-778
-1280
-1690
-2081
-2538
-2783
-2717
-2527
-2211
-1702
-1129
-626
-79
557
1029
1338
1688
1989
2095
2173
2251
2025
1574
1217
879
496
260
157
-38
-302
-453
-601
-835
-957
-910
-822
-545
40
677
1221
1735
2059
2073
2022
2095
2165
2147
2128
1998
1646
1256
984
757
478
275
215
169
137
225
351
362
326
429
608
726
945
1264
1394
1401
1559
1738
1666
1448
1049
60
-1314
-2370
-3030
-3428
-3300
-2775
-2585
-2806
-2987
-3252
-3532
-3247
-2373
-1400
-482
477
1168
1395
1499
1596
1452
1222
1288
1478
1522
1501
1274
566
-432
-1330
-2022
-2466
-2524
-2240
-1901
-1660
-1417
-1227
-1209
-1184
-995
-747
-449
58
615
968
1120
1051
706
254
-113
-412
-686
-928
-1110
-1262
-1396
-1438
-1473
-1583
-1613
-1493
-1288
-979
-604
-245
99
454
839
1241
1562
1763
1898
1900
1794
1743
1679
1511
1286
1016
682
358
103
-125
-343
-509
-561
-476
-232
184
582
820
1004
1159
1210
1310
1521
1607
1581
1592
1565
1487
1415
1346
1206
982
786
677
619
600
665
718
684
672
742
870
1042
1246
1403
1444
1413
1431
1477
1377
1126
632
-314
-1491
-2433
-3056
-3397
-3282
-2915
-2754
-2823
-2888
-2939
-3007
-2727
-1993
-1236
-530
303
1011
1312
1467
1581
1383
1050
941
961
942
948
896
527
-140
-826
-1450
-2029
-2352
-2339
-2233
-2082
-1788
-1475
-1256
-1062
-845
-697
-579
-349
-9
312
489
536
429
109
-260
-552
-837
-1104
-1228
-1232
-1257
-1265
-1168
-1050
-929
-708
-419
-196
-27
214
474
721
1070
1402
1562
1643
1658
1532
1353
1240
1114
900
722
610
473
377
351
273
115
22
77
192
348
548
681
703
682
698
746
794
897
1068
1203
1272
1359
1401
1322
1202
1103
982
845
817
896
971
1058
1197
1253
1233
1323
1464
1520
1565
1615
1504
1256
1084
968
792
611
419
-26
-780
-1533
-2121
-2592
-2813
-2681
-2481
-2464
-2501
-2582
-2784
-2875
-2645
-2216
-1695
-1070
-438
23
348
629
724
639
617
680
777
956
1142
1123
828
397
-130
-750
-1274
-1569
-1731
-1804
-1707
-1513
-1397
-1352
-1332
-1422
-1614
-1719
-1646
-1441
-1122
-726
-400
-241
-168
-135
-194
-297
-342
-348
-341
-229
-41
52
60
45
-71
-230
-255
-135
51
300
624
878
958
979
998
921
819
847
962
1104
1311
1505
1514
1360
1132
868
633
500
493
559
636
703
725
622
457
325
224
258
486
831
1189
1492
1678
1678
1530
1347
1203
1119
1114
1236
1396
1462
1497
1486
1335
1091
867
748
735
813
986
1133
1160
1168
1191
1136
998
769
301
-433
-1208
-1870
-2353
-2585
-2588
-2539
-2620
-2825
-3060
-3266
-3353
-3181
-2805
-2376
-1855
-1260
-717
-256
108
319
356
352
431
615
878
1134
1323
1293
1003
566
21
-540
-1041
-1429
-1652
-1679
-1517
-1259
-1017
-937
-1082
-1358
-1641
-1799
-1748
-1479
-1107
-731
-391
-180
-177
-330
-547
-795
-973
-899
-623
-296
80
412
561
573
545
470
364
357
491
696
948
1206
1362
1362
1205
966
714
531
464
494
631
832
1010
1127
1130
973
757
622
550
559
694
830
874
914
941
897
874
903
950
1039
1180
1334
1405
1365
1257
1067
840
694
685
787
975
1229
1478
1592
1571
1496
1348
1162
1031
983
957
938
964
958
868
744
533
121
-460
-1098
-1692
-2162
-2403
-2399
-2327
-2288
-2327
-2506
-2773
-2979
-3032
-2928
-2651
-2231
-1749
-1265
-807
-418
-163
-37
8
26
120
328
620
917
1124
1176
1056
787
394
-65
-465
-761
-945
-959
-843
-730
-709
-820
-1085
-1472
-1858
-2112
-2210
-2146
-1906
-1561
-1208
-910
-671
-571
-601
-631
-635
-564
-390
-131
159
411
623
742
755
678
560
508
550
690
908
1157
1352
1450
1483
1422
1264
1098
979
890
869
935
1008
991
904
766
533
331
257
237
267
360
495
619
750
940
1082
1154
1232
1297
1353
1443
1546
1598
1578
1522
1457
1374
1308
1250
1151
1031
897
767
673
619
612
636
683
740
775
808
857
951
1079
1157
1113
821
253
-491
-1260
-1934
-2432
-2678
-2722
-2738
-2773
-2825
-2945
-3115
-3245
-3289
-3251
-3062
-2632
-2018
-1346
-685
-130
194
296
330
332
335
456
679
908
1072
1154
1090
812
424
11
-430
-808
-972
-949
-869
-744
-619
-626
-766
-939
-1130
-1354
-1538
-1605
-1592
-1523
-1348
-1145
-1011
-935
-924
-973
-998
-920
-753
-514
-184
172
493
786
1036
1216
1344
1421
1429
1430
1435
1407
1349
1266
1161
1030
897
786
674
565
497
450
413
426
489
584
700
800
857
871
869
860
864
887
922
996
1082
1186
1299
1366
1383
1346
1272
1202
1118
1038
1006
1021
1077
1178
1328
1452
1521
1534
1469
1365
1229
1077
922
759
609
471
389
373
352
268
64
-309
-799
-1316
-1793
-2169
-2390
-2482
-2524
-2510
-2467
-2463
-2478
-2498
-2523
-2542
-2487
-2305
-2005
-1608
-1132
-637
-240
77
304
400
439
447
456
496
576
686
762
781
735
586
359
109
-158
-387
-554
-680
-751
-796
-861
-978
-1181
-1463
-1760
-2012
-2171
-2204
-2100
-1918
-1725
-1498
-1265
-1040
-808
-586
-400
-234
-52
141
364
595
807
985
1142
1286
1371
1405
1390
1332
1261
1175
1125
1110
1101
1095
1080
1065
1041
993
917
809
690
585
518
490
507
559
624
699
781
852
872
835
763
704
703
757
857
975
1118
1260
1395
1536
1627
1639
1575
1480
1370
1291
1288
1305
1319
1330
1328
1237
1049
831
574
305
144
110
138
202
240
142
-143
-550
-1021
-1525
-1981
-2284
-2440
-2515
-2466
-2342
-2295
-2323
-2386
-2502
-2640
-2704
-2610
-2405
-2097
-1666
-1213
-812
-464
-159
78
251
417
595
767
905
1016
1050
987
866
677
457
238
24
-160
-338
-534
-730
-947
-1194
-1421
-1566
-1617
-1594
-1477
-1295
-1131
-1014
-934
-898
-876
-818
-731
-623
-492
-317
-141
1
130
218
249
289
387
526
703
908
1103
1263
1387
1459
1472
1464
1466
1464
1456
1455
1428
1357
1256
1100
910
715
541
403
314
298
296
272
269
275
278
317
400
535
681
837
1007
1160
1288
1383
1448
1454
1393
1295
1208
1161
1134
1142
1148
1130
1133
1147
1151
1137
1110
1038
896
752
650
545
472
466
436
352
235
53
-250
-648
-1060
-1500
-1930
-2261
-2502
-2704
-2850
-2924
-2964
-2968
-2885
-2750
-2606
-2427
-2194
-1943
-1661
-1329
-983
-642
-314
14
307
550
746
856
862
768
607
410
200
18
-112
-182
-197
-168
-135
-149
-229
-373
-555
-753
-913
-1031
-1157
-1248
-1290
-1279
-1229
-1152
-1071
-1048
-1053
-1051
-1046
-991
-885
-743
-574
-358
-87
173
436
718
957
1146
1327
1494
1635
1737
1786
1792
1748
1690
1628
1539
1457
1380
1267
1135
1024
885
707
556
454
376
356
395
425
470
545
618
680
723
759
751
719
716
717
730
737
738
741
735
739
762
795
835
900
978
1069
1165
1265
1348
1391
1428
1462
1475
1459
1407
1278
1088
858
604
365
102
-154
-400
-690
-993
-1316
-1655
-2002
-2342
-2630
-2847
-2953
-2919
-2782
-2581
-2365
-2156
-1991
-1898
-1817
-1748
-1722
-1663
-1543
-1395
-1219
-987
-717
-480
-257
-55
80
179
242
285
307
328
352
338
295
228
167
94
10
-59
-146
-275
-428
-568
-717
-857
-965
-1059
-1114
-1118
-1060
-955
-833
-699
-581
-491
-413
-301
-144
5
161
305
406
500
599
714
856
994
1106
1215
1303
1354
1406
1434
1425
1402
1368
1330
1268
1198
1118
1027
955
898
856
817
757
668
556
424
288
159
32
-75
-139
-140
-80
52
236
409
561
681
760
808
846
871
901
971
1058
1175
1297
1399
1495
1536
1549
1549
1506
1391
1210
993
753
523
338
195
88
8
-58
-114
-198
-345
-571
-887
-1244
-1619
-1977
-2249
-2430
-2558
-2611
-2583
-2525
-2440
-2357
-2309
-2269
-2210
-2108
-1971
-1798
-1582
-1358
-1148
-943
-745
-558
-368
-152
65
270
461
596
656
654
591
505
411
330
285
248
227
212
197
163
92
-11
-155
-325
-491
-632
-745
-839
-916
-957
-953
-900
-818
-706
-561
-423
-295
-165
-39
65
164
287
399
521
683
852
1012
1181
1356
1514
1649
1769
1828
1809
1747
1637
1484
1307
1118
935
777
670
614
589
568
531
460
334
186
27
-137
-266
-350
-383
-350
-259
-132
-2
135
271
409
560
714
863
975
1038
1071
1067
1060
1058
1064
1101
1141
1201
1260
1286
1272
1185
1018
787
544
307
105
-33
-131
-210
-303
-397
-511
-689
-889
-1108
-1360
-1617
-1849
-2048
-2243
-2409
-2522
-2610
-2652
-2597
-2464
-2311
-2122
-1920
-1740
-1594
-1462
-1316
-1198
-1077
-914
-724
-517
-275
-16
198
374
527
655
755
816
840
803
724
616
516
422
332
312
327
346
364
351
275
119
-74
-288
-507
-679
-796
-880
-931
-930
-876
-795
-691
-566
-425
-244
-40
180
389
539
660
736
782
852
927
1030
1165
1308
1445
1557
1598
1563
1470
1315
1131
944
775
634
506
410
336
259
190
139
82
52
57
72
83
67
19
-45
-123
-171
-155
-104
19
201
379
551
699
803
864
881
895
910
950
1041
1140
1246
1342
1396
1417
1403
1336
1232
1117
966
774
584
368
126
-109
-344
-584
-788
-946
-1072
-1170
-1270
-1374
-1491
-1627
-1767
-1910
-2035
-2140
-2193
-2197
-2150
-2060
-1945
-1809
-1688
-1576
-1464
-1344
-1219
-1101
-973
-849
-713
-554
-366
-152
82
316
558
790
964
1083
1132
1090
990
859
700
533
387
264
151
49
-32
-97
-177
-243
-295
-367
-429
-478
-535
-605
-675
-710
-731
-700
-581
-437
-268
-76
111
274
394
487
546
567
580
609
675
780
902
1038
1172
1268
1324
1341
1308
1229
1129
1018
883
721
555
381
216
94
-3
-93
-165
-239
-309
-362
-410
-449
-462
-434
-365
-266
-137
14
175
333
494
641
777
919
1024
1102
1171
1202
1207
1195
1174
1124
1043
987
951
922
911
903
877
826
754
646
515
369
219
60
-121
-295
-485
-705
-927
-1135
-1321
-1509
-1674
-1798
-1920
-2028
-2087
-2151
-2198
-2198
-2174
-2093
-1959
-1765
-1534
-1311
-1092
-899
-746
-610
-500
-405
-314
-223
-99
58
225
398
559
681
765
802
817
810
766
708
608
474
370
260
151
68
-8
-58
-88
-130
-175
-239
-326
-420
-527
-631
-695
-718
-710
-649
-535
-396
-229
-51
107
271
421
558
697
814
884
915
939
945
948
971
994
1010
1011
999
968
921
843
732
605
457
318
185
64
-16
-87
-143
-192
-220
-207
-188
-149
-122
-82
-21
7
43
99
165
257
363
497
643
777
910
1014
1065
1102
1123
1121
1121
1115
1102
1084
1054
1005
930
839
733
625
521
411
315
236
139
34
-84
-249
-443
-651
-871
-1088
-1286
-1461
-1633
-1800
-1935
-2036
-2111
-2136
-2093
-2008
-1880
-1724
-1542
-1382
-1264
-1140
-1031
-948
-851
-729
-590
-446
-293
-150
-50
44
137
229
331
444
537
614
669
692
684
623
529
431
322
229
169
125
83
29
-47
-153
-274
-396
-513
-603
-673
-697
-692
-682
-652
-607
-541
-445
-310
-128
80
290
484
659
801
899
965
1003
1005
988
958
934
906
858
805
742
670
612
572
524
478
428
366
306
242
178
115
59
18
0
-14
-29
-29
-30
-41
-52
-33
12
61
121
188
256
324
413
501
586
691
811
948
1066
1179
1263
1303
1311
1258
1171
1062
920
773
629
479
346
242
130
24
-67
-167
-248
-313
-381
-454
-529
-632
-786
-947
-1119
-1323
-1514
-1685
-1817
-1899
-1962
-1966
-1936
-1892
-1813
-1725
-1610
-1475
-1335
-1178
-1020
-867
-717
-566
-415
-257
-110
26
192
341
467
581
651
680
673
632
562
491
412
330
260
187
137
100
61
40
6
-30
-63
-116
-190
-261
-325
-395
-446
-471
-475
-448
-396
-326
-224
-107
7
141
290
419
553
707
827
930
1023
1067
1072
1040
984
907
808
708
610
531
467
393
336
283
227
191
162
132
109
77
50
30
3
-17
2
35
64
112
165
202
221
234
238
229
216
214
245
286
344
433
532
632
736
824
896
952
989
1014
1004
958
892
791
652
498
349
199
56
-76
-199
-316
-444
-559
-666
-783
-873
-936
-1006
-1064
-1129
-1200
-1273
-1359
-1430
-1503
-1553
-1563
-1550
-1507
-1445
-1384
-1324
-1269
-1212
-1147
-1069
-963
-831
-679
-516
-352
-190
-37
108
238
355
461
535
576
587
570
520
446
362
256
140
32
-44
-101
-159
-185
-194
-180
-144
-100
-41
15
52
77
100
99
80
70
49
51
86
133
201
296
383
461
535
600
662
716
767
804
819
839
845
836
810
767
722
646
566
496
410
304
207
114
15
-55
-113
-149
-163
-171
-153
-129
-107
-82
-55
-27
12
63
133
218
296
366
417
460
483
487
488
496
523
554
610
670
714
747
738
721
705
663
611
551
497
435
354
267
171
57
-58
-172
-292
-405
-506
-600
-683
-760
-840
-914
-986
-1039
-1082
-1133
-1153
-1162
-1167
-1170
-1204
-1215
-1210
-1204
-1176
-1138
-1076
-1000
-911
-813
-725
-632
-549
-493
-435
-378
-312
-242
-179
-114
-53
8
58
92
122
141
144
134
118
110
96
79
68
48
42
47
62
91
114
138
163
193
225
252
289
309
317
336
352
352
357
367
362
363
377
391
409
438
462
477
498
513
517
504
477
433
368
317
272
210
158
114
58
17
-23
-67
-108
-141
-150
-132
-100
-64
-13
49
106
163
216
259
292
335
380
402
442
495
529
551
571
588
592
599
607
599
588
575
548
513
478
445
416
381
349
311
259
205
137
55
-28
-110
-200
-278
-347
-414
-473
-519
-548
-565
-567
-557
-559
-560
-557
-579
-610
-641
-704
-771
-836
-896
-918
-929
-943
-920
-895
-859
-803
-765
-718
-666
-623
-570
-523
-480
-436
-421
-414
-378
-355
-319
-259
-210
-139
-76
-29
14
48
82
112
139
175
227
272
308
349
376
396
416
436
466
482
491
495
495
483
459
439
402
361
340
331
327
331
344
344
333
324
307
291
284
280
265
243
220
173
125
63
-6
-59
-106
-131
-144
-155
-152
-116
-83
-58
-18
20
61
120
178
221
257
289
302
321
344
365
397
410
431
446
438
420
394
366
327
302
295
277
283
312
320
310
297
294
273
238
207
164
109
56
-1
-54
-116
-189
-256
-320
-378
-415
-430
-441
-444
-445
-438
-421
-427
-431
-445
-465
-484
-514
-532
-573
-625
-675
-736
-790
-830
-854
-853
-849
-832
-783
-746
-713
-665
-639
-611
-559
-502
-438
-369
-304
-237
-185
-149
-109
-76
-49
-22
3
39
78
126
172
218
261
301
358
414
454
489
527
560
574
585
592
583
569
555
535
504
465
418
362
312
267
226
200
194
194
199
206
215
230
219
203
202
192
177
163
158
138
113
99
83
71
75
98
125
149
184
227
251
272
278
272
261
246
249
249
245
247
235
219
203
195
185
165
160
156
149
150
132
106
101
83
56
61
64
60
69
65
59
34
-5
-44
-83
-125
-175
-206
-240
-272
-305
-342
-357
-380
-404
-408
-411
-410
-407
-415
-422
-429
-450
-476
-503
-530
-555
-592
-624
-644
-663
-689
-685
-670
-656
-623
-572
-525
-484
-440
-400
-370
-347
-326
-310
-288
-261
-233
-188
-145
-114
-87
-62
-36
-12
11
39
99
157
221
290
330
374
408
420
440
463
492
510
513
514
508
485
451
416
368
334
306
273
259
243
224
218
227
234
255
287
309
343
371
382
395
373
323
293
262
229
220
205
198
200
186
179
168
152
159
161
154
169
185
191
205
215
222
224
220
224
224
230
238
216
198
163
130
103
54
24
14
8
0
12
28
30
35
37
35
28
10
-12
-27
-67
-120
-182
-263
-328
-394
-453
-501
-535
-546
-561
-563
-560
-557
-536
-527
-514
-486
-467
-445
-438
-444
-447
-463
-474
-478
-491
-502
-499
-495
-501
-499
-492
-481
-468
-447
-412
-369
-323
-277
-238
-214
-185
-169
-139
-91
-49
5
50
90
136
160
159
159
161
167
177
193
230
255
285
314
331
348
369
389
402
414
407
386
373
337
300
272
243
225
223
231
249
274
270
259
262
245
223
220
205
197
215
222
220
205
180
166
141
130
127
126
146
173
193
198
186
184
183
177
179
184
207
230
249
268
271
279
281
281
285
288
291
280
261
249
217
176
141
105
85
72
56
50
43
28
-15
-58
-96
-152
-193
-224
-245
-271
-317
-356
-394
-428
-460
-486
-489
-484
-487
-486
-485
-496
-499
-501
-507
-518
-518
-495
-489
-479
-470
-481
-490
-501
-499
-488
-473
-455
-433
-402
-382
-372
-351
-325
-311
-277
-226
-167
-97
-38
10
50
76
94
105
120
151
175
194
215
224
235
236
218
217
237
261
297
340
376
403
424
430
428
413
381
353
327
304
270
233
205
172
145
134
124
128
149
160
167
168
154
136
112
87
83
76
72
80
81
78
68
46
35
30
26
40
58
73
96
117
129
136
149
174
205
234
268
293
306
314
303
280
261
251
228
211
208
194
177
157
129
94
59
29
2
-19
-30
-39
-60
-81
-102
-135
-164
-202
-243
-257
-288
-317
-324
-341
-362
-394
-417
-424
-438
-450
-449
-438
-442
-449
-443
-458
-471
-482
-492
-475
-476
-465
-433
-420
-395
-381
-370
-352
-336
-301
-286
-258
-229
-210
-173
-153
-119
-81
-49
-12
35
83
126
165
188
211
222
224
222
222
237
249
268
274
289
311
319
330
335
346
365
368
377
376
367
360
335
309
282
245
221
194
164
143
109
90
83
66
57
47
50
56
56
65
65
64
64
53
53
45
30
36
41
43
48
55
54
65
74
71
85
102
129
158
169
191
205
207
218
215
191
180
168
144
130
107
84
67
50
35
14
-7
-24
-25
-25
-29
-37
-47
-46
-54
-69
-82
-96
-116
-134
-162
-193
-231
-263
-292
-333
-352
-367
-387
-391
-398
-410
-404
-415
-417
-399
-397
-397
-382
-366
-368
-353
-338
-330
-317
-313
-300
-277
-260
-243
-210
-194
-184
-157
-131
-108
-82
-54
-19
19
50
86
111
127
153
171
183
204
231
245
250
253
246
243
230
225
241
245
258
281
304
309
305
298
286
275
259
262
261
243
240
232
201
170
139
101
78
55
37
27
28
30
24
27
28
30
40
46
49
64
75
67
70
64
41
39
50
57
74
86
96
107
108
102
87
79
84
84
85
96
103
97
83
68
57
40
19
5
6
6
-7
-22
-41
-63
-77
-89
-103
-111
-117
-120
-120
-143
-170
-195
-223
-234
-254
-271
-263
-270
-270
-279
-300
-313
-337
-350
-347
-341
-326
-301
-289
-274
-252
-249
-240
-216
-184
-162
-138
-111
-97
-80
-77
-79
-66
-44
-16
16
50
79
104
114
122
128
126
142
152
162
192
208
218
231
236
238
238
242
242
248
260
264
259
262
245
231
239
230
228
222
215
212
190
164
138
102
65
40
28
16
4
-6
-19
-35
-43
-51
-71
-81
-77
-72
-73
-76
-69
-67
-63
-48
-29
-16
-6
15
34
38
30
29
28
17
9
12
13
12
26
44
48
51
52
48
42
34
33
32
25
12
9
8
1
8
8
1
20
24
7
-13
-35
-66
-111
-136
-154
-180
-190
-195
-201
-217
-227
-230
-247
-258
-255
-268
-268
-261
-274
-261
-260
-266
-245
-248
-254
-237
-225
-209
-184
-159
-136
-109
-81
-53
-25
3
35
63
85
108
116
118
129
130
129
135
138
153
169
182
197
211
222
231
243
256
264
264
277
297
302
319
328
326
328
316
299
282
261
247
232
204
185
164
125
100
68
33
11
-9
-20
-38
-45
-56
-83
-82
-95
-111
-115
-131
-146
-154
-164
-174
-177
-184
-184
-174
-163
-151
-138
-119
-101
-94
-89
-81
-75
-62
-49
-45
-22
4
14
25
39
47
43
42
45
43
43
45
46
41
30
10
4
4
-2
5
6
1
-7
-14
-31
-58
-85
-104
-126
-153
-172
-196
-223
-235
-251
-270
-279
-269
-245
-238
-220
-185
-175
-165
-147
-128
-125
-117
-93
-83
-61
-38
-29
-16
-12
-11
-5
3
12
26
46
58
65
80
87
87
95
114
124
140
155
165
171
176
178
173
175
188
206
216
234
243
246
259
264
264
271
273
270
276
271
256
246
219
186
148
116
88
52
24
-4
-34
-56
-84
-113
-131
-145
-158
-169
-163
-154
-168
-172
-170
-178
-181
-187
-182
-178
-173
-159
-155
-150
-150
-147
-137
-127
-108
-88
-68
-52
-19
2
10
26
37
33
36
58
66
77
91
91
97
110
99
91
87
68
73
63
49
39
27
24
0
-14
-16
-20
-29
-38
-41
-57
-74
-87
-115
-132
-139
-155
-154
-144
-135
-131
-113
-89
-83
-69
-58
-38
-6
2
17
31
38
55
63
68
77
69
71
70
52
44
29
9
-7
-18
-20
-13
-1
9
32
58
70
78
91
104
109
116
133
148
157
163
180
188
184
185
190
198
195
193
191
188
177
156
134
122
110
105
90
65
57
38
9
-29
-73
-109
-142
-168
-193
-215
-224
-227
-229
-235
-237
-230
-227
-222
-202
-196
-189
-179
-174
-165
-171
-172
-157
-142
-124
-96
-74
-51
-32
-13
3
9
33
57
72
92
105
123
134
137
147
144
138
132
129
128
106
87
65
43
19
-6
-26
-44
-62
-78
-90
-105
-107
-111
-125
-130
-122
-112
-103
-84
-75
-54
-34
-18
4
15
32
55
73
77
87
93
98
112
99
104
114
99
106
100
85
76
55
44
26
-4
-24
-37
-49
-55
-67
-65
-55
-50
-47
-34
-28
-25
3
17
36
66
84
100
117
135
144
156
167
167
169
178
168
143
132
115
95
79
65
53
37
27
13
-9
-35
-56
-64
-86
-115
-135
-147
-159
-181
-197
-203
-220
-231
-236
-234
-225
-227
-210
-188
-182
-160
-146
-145
-121
-97
-81
-59
-38
-13
15
34
40
48
60
75
100
126
142
162
189
197
196
193
193
186
183
179
159
144
128
104
72
45
19
-12
-24
-37
-58
-73
-92
-103
-98
-100
-103
-90
-73
-54
-28
-21
-10
8
14
38
50
62
93
96
111
129
125
116
101
97
94
72
58
53
38
18
0
-11
-32
-59
-83
-91
-98
-116
-119
-131
-147
-149
-150
-152
-146
-131
-108
-85
-64
-38
-18
3
17
26
50
73
93
108
118
134
137
124
119
116
104
97
92
70
56
38
9
-21
-44
-60
-86
-93
-104
-126
-133
-147
-170
-184
-187
-193
-204
-200
-194
-199
-198
-207
-201
-188
-180
-166
-145
-117
-88
-64
-42
-13
17
36
67
99
124
152
175
194
206
217
220
222
221
217
209
195
197
183
159
146
115
92
70
38
22
-3
-21
-32
-54
-72
-80
-91
-96
-89
-72
-66
-62
-35
-26
-26
-16
-5
13
36
56
71
101
122
124
127
129
131
131
131
122
106
96
77
53
36
4
-24
-46
-66
-84
-113
-122
-134
-153
-154
-156
-150
-145
-147
-128
-111
-101
-81
-63
-54
-38
-14
4
18
29
48
66
72
88
92
94
92
92
99
83
81
86
72
62
53
45
32
17
-5
-22
-30
-50
-77
-94
-107
-119
-131
-145
-154
-157
-168
-176
-184
-191
-190
-195
-187
-175
-173
-141
-115
-100
-73
-57
-29
1
13
41
71
94
121
142
167
183
201
219
223
234
240
240
229
224
219
190
177
159
134
111
91
72
50
28
1
-21
-44
-64
-83
-101
-114
-117
-109
-95
-77
-66
-41
-21
-7
24
40
59
83
95
111
121
121
119
117
106
97
94
86
62
47
31
-1
-21
-40
-73
-100
-113
-123
-134
-151
-163
-173
-178
-184
-197
-195
-194
-192
-174
-156
-142
-118
-89
-67
-43
-13
8
31
59
69
82
104
106
117
127
121
129
137
136
126
118
108
86
75
58
38
27
8
-6
-27
-45
-51
-76
-101
-104
-115
-133
-145
-158
-158
-173
-182
-178
-187
-178
-162
-153
-130
-108
-93
-74
-48
-27
-7
22
43
58
90
118
128
147
168
179
190
197
199
198
197
190
182
165
134
119
98
81
55
19
17
3
-18
-36
-46
-50
-76
-80
-70
-70
-62
-56
-35
-5
5
16
34
48
68
81
93
106
120
128
131
137
134
134
129
105
100
94
62
36
13
-10
-41
-66
-96
-130
-146
-163
-176
-186
-197
-199
-202
-201
-205
-209
-199
-187
-178
-157
-131
-109
-85
-61
-36
-21
-2
17
32
52
68
79
84
91
99
106
107
111
110
107
112
92
82
76
54
45
31
12
5
-5
-20
-26
-36
-52
-59
-67
-82
-84
-88
-108
-110
-108
-114
-111
-112
-99
-83
-67
-58
-46
-25
-8
7
17
47
63
79
113
123
142
157
165
165
161
164
153
150
136
120
114
97
70
52
43
22
9
-1
-19
-25
-30
-47
-63
-74
-88
-88
-95
-95
-77
-61
-38
-28
-12
15
24
38
64
83
107
129
141
150
153
160
155
139
134
117
102
90
59
35
8
-18
-43
-73
-94
-118
-132
-146
-165
-179
-184
-196
-199
-194
-195
-183
-173
-174
-162
-147
-123
-108
-98
-77
-58
-28
-3
3
30
50
59
86
90
97
110
115
123
116
117
102
87
80
63
55
46
27
9
2
-16
-33
-41
-71
-83
-86
-97
-103
-109
-117
-112
-120
-123
-99
-102
-86
-63
-58
-18
-3
-4
18
34
53
65
81
102
111
127
142
144
153
153
144
142
140
140
129
111
103
82
70
51
15
-3
-20
-44
-62
-70
-91
-97
-98
-105
-91
-85
-80
-65
-56
-35
-15
-1
14
34
52
61
75
89
99
103
114
118
111
112
108
105
100
77
65
58
40
25
4
-17
-30
-54
-71
-84
-110
-132
-138
-156
-165
-168
-182
-177
-167
-159
-151
-141
-127
-124
-107
-87
-67
-52
-46
-25
-5
5
15
22
34
40
51
64
63
76
81
78
89
88
87
82
77
77
63
57
50
36
16
8
6
-11
-19
-31
-48
-43
-51
-62
-53
-66
-73
-67
-65
-59
-66
-62
-40
-34
-22
-9
6
16
23
48
51
60
80
85
92
101
109
108
102
97
88
75
64
56
40
24
18
-1
-17
-22
-40
-52
-60
-73
-72
-72
-77
-80
-71
-68
-67
-57
-43
-33
-24
-3
21
44
51
69
93
103
120
126
129
136
134
136
128
117
106
86
70
60
37
20
12
-10
-25
-41
-54
-64
-79
-89
-106
-99
-103
-124
-121
-123
-119
-117
-123
-106
-106
-105
-86
-86
-81
-65
-55
-40
-22
-14
3
23
19
24
42
43
35
42
45
42
43
35
36
39
29
28
23
22
23
17
13
7
5
3
-14
-16
-21
-30
-26
-31
-33
-32
-32
-28
-31
-33
-26
-17
-8
1
11
25
34
47
45
51
68
60
65
76
76
76
71
72
69
57
48
39
34
21
8
6
-18
-28
-30
-51
-62
-68
-82
-79
-73
-83
-74
-73
-64
-44
-51
-37
-32
-20
3
0
12
25
26
44
64
68
63
74
90
89
89
92
87
83
84
81
67
62
50
33
32
18
7
-5
-25
-32
-33
-43
-59
-65
-62
-65
-63
-68
-75
-66
-64
-67
-60
-53
-56
-54
-47
-50
-44
-38
-34
-31
-30
-19
-22
-14
-8
-18
-7
6
7
11
15
16
11
12
13
3
-5
-14
-15
-10
-14
-27
-32
-20
-24
-23
-25
-28
-19
-21
-19
-16
-18
-16
-11
-8
-9
-2
5
11
17
28
35
36
43
47
40
51
57
52
65
66
62
64
64
58
43
48
35
21
26
15
12
2
-5
-5
-12
-21
-23
-19
-22
-26
-27
-24
-22
-30
-24
-19
-22
-7
1
4
9
12
24
24
20
22
27
40
41
39
46
49
49
53
49
47
53
50
50
43
33
31
21
20
13
2
6
-2
-5
-8
-19
-24
-35
-38
-42
-44
-43
-53
-50
-46
-46
-47
-51
-49
-48
-38
-26
-31
-34
-22
-18
-20
-23
-23
-19
-13
-4
0
0
-2
-1
6
-8
-11
-9
-10
-4
-13
-13
-19
-30
-30
-42
-43
-44
-40
-33
-36
-33
-30
-27
-24
-21
-13
-7
1
15
20
28
30
33
38
36
36
45
52
43
46
50
42
39
35
32
31
25
22
27
22
11
2
1
2
-9
-14
-9
-9
-17
-13
-10
-16
-24
-18
-4
-7
-2
9
8
11
5
12
22
16
21
23
33
37
29
34
20
24
34
20
29
31
20
29
35
21
18
20
15
23
23
15
22
14
13
4
-7
-6
-12
-13
-18
-17
-17
-23
-26
-30
-35
-47
-41
-44
-43
-38
-44
-43
-42
-37
-33
-39
-36
-22
-9
-9
-13
-14
-8
-5
-8
-7
-4
3
2
5
2
2
-5
-11
-5
-11
-11
-8
-13
-19
-14
-17
-26
-27
-19
-15
-19
-11
-11
-18
-16
-15
-12
-9
-2
6
12
25
36
33
38
41
41
49
50
50
46
46
48
41
30
20
22
18
16
16
6
7
7
-7
-8
-12
-18
-15
-9
-7
-10
-8
-13
-17
-11
-19
-25
-25
-14
-8
-9
-4
-11
-5
9
1
6
16
11
26
33
23
27
21
19
26
19
19
24
18
21
24
19
18
16
16
15
17
24
14
13
8
-1
-2
-16
-13
-18
-28
-21
-31
-39
-38
-42
-47
-52
-44
-34
-30
-29
-28
-30
-22
-16
-25
-26
-16
-11
-5
-8
-13
-5
-2
-5
1
2
7
11
10
13
13
9
9
6
-10
-4
-1
-11
-8
-13
-9
-12
-16
-8
-13
-14
-4
3
6
14
14
9
22
22
23
26
19
29
33
31
31
26
30
20
31
31
19
32
32
30
27
23
32
21
13
21
19
5
7
7
-9
-11
-6
-7
-16
-20
-14
-9
-18
-21
-8
-15
-15
-10
-16
-18
-14
-10
-14
-16
-16
-16
-7
-1
-4
-3
9
16
13
16
20
18
21
28
22
25
30
18
17
21
15
10
1
-3
-5
0
-6
-16
-12
-24
-25
-17
-27
-32
-36
-37
-29
-37
-40
-43
-49
-37
-35
-40
-32
-28
-24
-12
-14
-13
-10
-8
-3
-5
-2
0
-1
-5
1
-5
-7
-4
-11
1
1
-7
-2
-1
-8
3
5
-7
0
6
7
10
9
4
-3
2
7
8
2
0
9
13
11
13
19
10
20
33
31
33
26
32
33
22
29
23
20
19
20
26
23
22
24
14
11
15
9
16
19
5
9
11
0
0
-7
-18
-12
-13
-16
-19
-25
-32
-32
-25
-31
-31
-31
-26
-9
-14
-5
1
-7
-1
4
5
8
14
20
24
22
19
23
27
28
24
21
26
31
19
13
10
5
9
-4
-6
-5
-16
-11
-13
-24
-23
-24
-35
-35
-27
-27
-24
-25
-21
-18
-24
-18
-14
-14
-9
-4
5
0
-1
7
3
6
11
4
11
18
14
7
9
5
1
0
-6
-3
-4
-6
1
-1
-3
-6
-8
-5
-1
1
1
3
4
8
7
7
9
2
6
12
11
19
19
15
11
16
30
21
14
22
30
31
25
24
25
23
19
16
16
8
11
10
5
2
0
2
-6
-12
-15
-13
-10
-17
-15
-24
-34
-26
-21
-28
-36
-33
-24
-25
-32
-27
-17
-25
-16
-9
-11
-2
2
6
10
9
17
21
11
15
22
12
21
31
13
6
12
10
6
11
5
-6
3
-2
-9
-6
-24
-22
-20
-31
-22
-28
-28
-21
-33
-20
-11
-22
-21
-15
-5
6
3
-1
5
5
4
8
5
7
11
5
8
8
11
4
2
7
3
5
2
2
9
-2
-5
-1
-5
-12
-17
-13
-12
-12
-11
-17
-13
-16
-6
2
-6
9
13
8
23
18
17
22
16
24
23
16
28
21
17
25
19
26
20
18
31
17
28
32
14
12
14
15
10
-1
-2
3
-10
-18
-14
-22
-29
-30
-26
-30
-27
-24
-31
-27
-21
-21
-18
-24
-20
-12
-15
-2
-6
-13
0
1
-1
8
19
21
20
28
33
32
34
27
25
27
24
22
15
5
7
3
-4
-6
-9
-16
-18
-16
-10
-16
-25
-19
-21
-19
-16
-20
-17
-11
-13
-17
-7
-7
-16
-6
2
0
0
16
17
8
14
19
16
16
11
5
8
3
-3
0
-13
-21
-18
-21
-19
-17
-26
-25
-15
-20
-18
-20
-18
-16
-13
-7
-10
-6
-5
-3
0
3
3
0
12
15
19
24
18
26
31
29
28
35
37
28
32
33
26
24
23
18
15
7
11
12
4
6
4
5
-2
-11
-16
-8
1
-13
-20
-16
-15
-15
-23
-29
-20
-17
-21
-16
-16
-19
-12
-10
-2
-5
-3
3
-1
13
14
13
19
10
13
14
13
13
13
15
17
12
9
4
5
3
-2
4
0
-4
-4
-11
-6
-7
-16
-9
-11
-11
-10
-10
0
-13
-6
6
-10
-8
0
4
9
2
5
8
9
9
5
3
4
8
3
-2
-4
-4
-5
-16
-16
-11
-20
-21
-20
-18
-26
-30
-21
-32
-32
-22
-23
-20
-22
-20
-19
-18
-6
-8
-9
-3
-4
-1
16
14
0
15
16
19
27
17
23
35
26
27
29
17
20
26
22
17
22
21
9
19
17
6
16
18
3
1
5
4
-2
-11
-2
-2
-16
-10
-10
-13
-7
0
-7
-14
-5
-2
-3
1
1
-1
12
6
-1
7
4
10
8
3
5
0
2
2
-2
4
1
-4
-6
