13
13
2
3
4
0
-3
-4
-3
4
0
2
5
-6
3
2
2
10
-3
-3
0
-2
-1
0
6
10
3
-8
1
3
-1
-1
-4
3
-2
-1
-3
-18
-15
-20
-10
-5
-26
-13
4
-5
-8
-6
-3
1
-7
-15
-6
-3
-5
0
-5
5
13
0
5
3
-5
2
2
5
4
-9
-4
-5
-6
2
-10
-3
-4
-2
10
0
-2
-5
-11
-7
-5
-3
-6
1
-1
-7
2
-4
-7
3
-1
1
4
-4
0
-1
2
3
-4
-2
-4
-6
4
12
-1
-3
1
-6
-1
11
10
0
3
5
-1
-1
-5
-2
4
6
9
5
4
2
2
1
0
-9
-4
2
-2
-2
-7
-13
-5
6
-2
-14
-13
-9
-7
-8
-5
-2
-5
1
-2
-9
1
-7
-13
-8
-6
1
-1
-1
0
3
-2
-2
8
5
8
5
3
6
10
13
6
9
12
15
13
2
9
5
-1
0
-1
0
-3
5
8
8
9
4
16
9
-2
5
-5
-5
4
4
7
2
4
10
5
8
12
7
-2
-7
2
14
8
-1
-6
3
12
5
-3
3
14
20
17
11
11
7
0
2
1
-10
-10
-11
-9
-4
-11
-12
-8
-8
4
3
-1
3
3
-4
-8
-2
-3
-1
-3
-10
2
9
-2
0
2
0
3
-3
0
-1
-5
4
2
-4
-14
-8
-2
-6
-5
4
6
-7
0
-6
-11
-6
-9
-7
-10
-8
-9
-1
3
-3
-7
-12
-13
-10
-4
-6
-8
-5
3
-4
-3
3
-3
3
-2
-2
2
4
7
-8
-9
-4
-6
-2
2
-4
-12
-14
-6
-3
-8
-6
3
3
2
-9
-10
3
3
14
17
-2
-3
4
2
1
7
6
10
12
3
3
3
-2
1
8
11
5
-1
0
-4
-8
-6
-2
-3
-2
3
5
1
-1
-6
-1
3
7
13
5
2
-2
3
4
1
5
0
-3
7
7
0
2
0
-3
-5
6
9
-3
-1
2
8
1
0
5
3
-4
-5
0
-1
3
3
-2
-5
3
0
1
14
2
0
-2
-8
0
2
-1
6
8
1
-1
-9
0
12
9
11
3
1
6
1
-2
-7
-3
10
7
-1
-2
3
5
0
5
9
3
0
1
2
8
6
-4
2
8
-11
-15
0
2
3
2
2
0
-4
-6
-12
-10
-9
-3
-6
-5
-4
-12
-8
-2
0
-3
-3
2
-2
-4
-6
-4
-4
-9
-11
-12
-9
-9
-5
-7
-20
-13
-8
-12
-1
-2
-12
-11
-8
-1
-4
-2
12
8
5
4
1
2
2
4
7
7
8
15
10
-3
-8
-8
-5
0
0
-1
2
9
11
5
6
0
-9
-6
-13
-6
1
-8
0
2
2
10
3
0
-2
0
-6
-15
-9
-2
-10
-12
3
3
2
2
3
4
-6
-6
-3
3
7
13
9
5
1
-2
3
12
13
12
19
16
7
8
20
20
17
10
5
18
4
-5
5
1
1
-4
-5
-4
-11
-4
3
-7
-13
-3
-1
-6
1
3
5
4
1
-3
-2
8
-3
-3
2
-9
2
7
-5
-4
-1
0
-4
-4
3
2
0
4
8
8
1
-3
-1
-2
-10
-10
0
-7
-6
-1
-7
0
2
2
4
-4
-11
-13
-8
-1
-6
-18
-8
0
-4
-1
0
2
5
-1
0
6
11
7
5
6
-2
-10
-6
1
13
11
-3
2
6
-1
4
6
-1
0
-1
-2
0
2
1
-5
-10
-3
1
-2
-1
-3
9
10
5
7
5
11
8
-3
-1
-1
4
1
-5
-4
-9
-6
-5
-1
3
-5
0
3
0
1
1
8
7
-3
-1
-1
-5
-11
-8
-5
-8
2
-5
0
7
-3
0
1
1
-3
1
8
-4
-2
-1
-4
-7
-13
-11
-9
-12
-10
-15
-18
-8
-3
-5
-9
-12
-9
-2
-1
4
3
-10
-11
1
1
-2
2
0
-4
0
-1
0
3
12
11
3
4
2
-1
1
7
12
7
10
11
-3
1
11
7
10
9
-1
-3
-1
-7
-1
9
6
7
6
10
8
-4
10
18
12
14
2
-5
-5
-2
6
-3
2
14
3
0
7
6
9
4
1
-1
-4
-5
-6
-1
-9
-7
-2
-7
0
1
-6
-8
-5
-3
-6
-6
-4
-3
0
-4
-11
2
8
-9
-3
1
-4
2
-4
-8
-5
-13
-12
-11
-8
-7
-12
-9
-10
-4
2
0
4
-3
-12
0
-2
-8
-4
-7
-4
3
-2
-9
-5
-4
-4
-4
-3
7
4
-4
0
-1
6
17
11
-2
-2
1
3
0
-2
3
-3
-3
0
-4
1
-5
-4
-1
8
6
-2
7
1
-2
9
13
5
5
-5
-12
8
2
2
5
3
10
3
2
5
1
2
-3
-7
-5
-2
12
6
3
12
-1
3
15
7
0
10
8
4
15
6
-1
1
1
7
7
1
2
5
-5
-6
-4
-2
-1
-6
-3
-7
-12
-10
-9
-2
-2
-2
7
8
1
0
1
6
-1
-7
5
0
1
8
0
-9
-10
-3
-8
-11
-4
-4
-8
-5
0
7
7
1
1
-4
-12
-1
1
2
2
2
10
2
4
14
12
10
8
7
9
2
-7
6
13
7
2
1
12
12
2
1
3
-4
0
6
4
3
9
11
3
5
8
6
13
5
-1
9
7
1
7
2
2
10
-1
1
0
10
17
7
6
9
4
-1
1
3
3
-9
-9
-3
-2
-1
-8
-8
-7
-4
-2
-1
-1
-6
-11
-14
-11
-11
-6
-7
-16
-7
-5
-14
-18
-15
-14
-13
-16
-12
-7
-4
-2
-16
-13
-13
-12
-4
-5
-11
-15
-9
-5
-5
-10
-20
-11
-7
-14
-6
1
-5
-4
2
-11
-10
-11
-9
-2
-6
-12
-15
-9
0
1
-5
-3
-4
-12
-12
0
6
1
2
-6
-4
4
1
2
6
3
-3
10
12
7
12
15
16
14
19
10
3
11
15
13
13
17
20
15
2
0
4
6
11
12
16
13
14
19
12
21
20
10
11
9
17
21
19
14
8
13
18
20
9
5
10
11
18
21
15
15
15
8
9
12
11
5
2
2
-6
0
-4
-9
-8
-4
-2
-15
-19
-11
-6
-8
-11
-17
-20
-20
-24
-17
-19
-27
-29
-29
-17
-25
-36
-27
-35
-41
-41
-38
-41
-52
-45
-36
-38
-41
-42
-38
-29
-22
-28
-25
-9
-21
-24
-20
-15
-7
-14
-6
-5
-7
-10
-10
-5
-7
-3
-3
-6
-15
-6
8
6
1
-1
5
3
5
8
8
10
9
6
14
21
19
25
23
29
38
36
44
44
34
37
32
38
52
54
46
55
64
54
61
62
61
65
49
45
59
57
52
47
47
48
43
63
59
42
54
56
52
52
49
46
41
32
25
27
30
15
3
3
-2
2
-11
-19
-12
-26
-27
-28
-31
-29
-39
-38
-38
-45
-45
-41
-35
-37
-45
-43
-45
-42
-37
-47
-54
-57
-52
-42
-44
-51
-48
-52
-57
-59
-54
-42
-51
-55
-55
-76
-76
-83
-95
-83
-91
-98
-96
-105
-103
-106
-107
-109
-121
-121
-120
-109
-106
-99
-90
-101
-85
-69
-62
-43
-38
-35
-18
-6
3
15
24
30
38
50
57
62
64
67
86
98
95
96
110
108
106
121
115
113
123
129
134
129
126
114
113
116
111
113
119
122
115
117
121
121
121
118
130
127
130
148
145
148
161
171
169
164
172
179
178
167
163
172
160
154
150
140
127
118
113
89
70
58
55
55
63
67
55
60
58
52
60
54
36
28
13
-14
-39
-80
-128
-179
-236
-294
-352
-407
-465
-516
-572
-629
-689
-736
-764
-783
-787
-786
-764
-727
-706
-684
-656
-624
-575
-508
-430
-355
-270
-185
-116
-51
5
53
113
175
229
272
304
336
371
389
400
404
378
362
359
353
352
346
327
296
258
239
225
191
157
120
101
108
113
111
97
91
85
70
55
59
86
131
178
206
215
217
236
276
335
388
397
398
420
461
532
592
611
603
574
576
610
633
638
611
572
551
564
595
613
612
592
572
555
530
520
529
537
525
483
422
375
327
261
147
-30
-231
-399
-477
-501
-566
-714
-943
-1193
-1374
-1453
-1490
-1549
-1636
-1710
-1696
-1607
-1482
-1384
-1381
-1392
-1342
-1189
-939
-699
-521
-397
-302
-199
-72
58
162
246
312
368
433
495
546
561
527
462
386
319
275
261
232
183
120
43
-34
-110
-187
-270
-356
-423
-463
-474
-469
-473
-490
-516
-527
-507
-482
-440
-372
-292
-195
-80
38
142
224
277
325
384
466
563
645
696
703
704
716
733
745
728
702
666
663
701
738
763
742
723
716
707
709
696
681
680
689
702
704
688
648
603
572
548
521
487
474
476
481
504
493
487
524
550
565
537
497
523
600
696
754
742
722
748
841
913
753
245
-464
-1039
-1303
-1291
-1140
-1116
-1316
-1566
-1735
-1823
-1858
-1878
-1873
-1772
-1530
-1191
-881
-709
-663
-721
-858
-966
-970
-857
-646
-436
-333
-389
-584
-784
-899
-901
-793
-612
-384
-84
267
554
666
545
268
-3
-156
-172
-139
-155
-241
-395
-582
-773
-972
-1159
-1295
-1331
-1247
-1058
-815
-611
-452
-291
-109
102
338
575
809
1032
1236
1408
1523
1591
1606
1568
1463
1320
1170
1045
981
936
866
770
658
549
487
471
465
467
445
410
406
435
499
595
687
757
791
766
696
633
585
608
698
778
861
925
931
900
848
815
829
858
941
1093
1226
1302
1303
1230
1089
965
967
1025
1118
1211
1220
1177
1030
661
-25
-1094
-2381
-3457
-4004
-3958
-3457
-2915
-2639
-2564
-2557
-2453
-2187
-1830
-1430
-1007
-523
17
493
740
679
329
-197
-698
-966
-955
-769
-615
-664
-966
-1419
-1759
-1821
-1638
-1275
-813
-271
379
1065
1572
1674
1343
767
279
44
-38
-102
-299
-650
-1031
-1346
-1594
-1830
-2020
-2071
-1936
-1576
-1047
-541
-151
148
409
663
919
1173
1371
1490
1525
1476
1346
1147
937
741
534
325
141
1
-64
-43
18
77
135
202
345
544
766
941
1009
1032
1021
1007
1038
1070
1112
1178
1228
1257
1225
1106
963
853
829
884
951
1046
1115
1146
1181
1172
1145
1157
1186
1253
1330
1372
1386
1369
1307
1179
1023
867
754
718
785
870
874
865
830
685
354
-312
-1460
-2849
-3941
-4440
-4256
-3546
-2784
-2306
-2111
-2086
-2103
-2012
-1758
-1393
-952
-481
-37
323
484
394
35
-523
-1093
-1447
-1446
-1133
-738
-583
-775
-1205
-1615
-1750
-1561
-1111
-551
59
779
1474
1903
1940
1519
817
162
-247
-441
-579
-724
-981
-1351
-1676
-1959
-2203
-2331
-2290
-2120
-1804
-1290
-719
-194
267
571
728
883
1106
1358
1620
1785
1722
1493
1244
1083
1001
954
886
687
456
357
359
433
560
652
700
804
980
1159
1275
1267
1163
1016
918
945
1015
1075
1133
1135
1092
1035
907
727
582
524
600
779
963
1145
1238
1210
1277
1303
1248
1348
1365
1317
1410
1484
1502
1513
1467
1327
1189
1163
1201
1288
1412
1532
1431
909
-31
-1582
-3420
-4718
-5285
-5039
-4011
-2939
-2328
-2041
-1987
-2015
-1851
-1537
-1160
-744
-292
220
588
726
606
17
-831
-1573
-2057
-2076
-1623
-1130
-947
-1150
-1683
-2138
-2144
-1748
-1047
-248
484
1279
2008
2373
2253
1516
442
-417
-848
-928
-938
-1158
-1626
-2215
-2681
-2835
-2782
-2637
-2308
-1919
-1509
-864
-185
339
820
1102
1133
1203
1403
1611
1837
1956
1776
1388
1023
830
756
751
759
635
481
501
594
674
796
828
784
861
987
1097
1245
1282
1163
984
808
778
912
1123
1328
1389
1327
1229
1117
1032
979
936
955
1102
1276
1400
1425
1276
1150
1191
1328
1574
1751
1707
1627
1565
1488
1456
1407
1297
1235
1270
1370
1476
1507
1456
1273
787
-103
-1539
-3373
-4857
-5540
-5374
-4426
-3328
-2664
-2386
-2350
-2348
-2100
-1661
-1169
-656
-218
147
410
485
335
-114
-786
-1468
-1966
-2072
-1745
-1284
-1009
-1135
-1685
-2233
-2341
-1988
-1271
-403
311
936
1578
2030
2072
1576
681
-206
-729
-834
-812
-1060
-1631
-2333
-3005
-3301
-3125
-2849
-2515
-2071
-1683
-1257
-670
-83
376
763
1116
1379
1602
1885
2062
2023
1838
1431
948
680
649
748
843
805
636
515
520
676
924
1053
1155
1324
1443
1622
1836
1822
1632
1424
1193
1058
1177
1432
1565
1575
1527
1322
1062
987
949
844
951
1134
1168
1333
1427
1224
1118
1097
1122
1418
1768
1977
2024
1861
1636
1478
1385
1410
1555
1663
1722
1765
1715
1596
1240
383
-1111
-3152
-4938
-5859
-5827
-4791
-3456
-2694
-2352
-2219
-2293
-2060
-1441
-917
-414
104
371
492
498
229
-334
-1108
-1839
-2300
-2390
-2021
-1485
-1295
-1494
-1981
-2581
-2698
-2149
-1287
-314
540
1163
1724
2112
2082
1555
580
-414
-958
-1061
-984
-1056
-1570
-2451
-3292
-3767
-3735
-3276
-2610
-1976
-1589
-1273
-830
-404
86
660
1008
1208
1511
1735
1832
1929
1799
1383
989
764
720
899
1140
1166
945
665
483
468
667
976
1197
1367
1545
1693
1795
1758
1569
1277
955
880
1119
1453
1765
1893
1672
1312
1065
941
958
1120
1294
1369
1441
1491
1441
1331
1186
1071
1055
1279
1713
2120
2380
2388
2137
1777
1398
1132
1051
1084
1300
1594
1680
1673
1656
1298
537
-656
-2562
-4579
-5688
-5782
-5013
-3660
-2662
-2469
-2570
-2650
-2590
-2106
-1354
-712
-189
255
485
406
117
-399
-1128
-1751
-2093
-2153
-1840
-1358
-1128
-1282
-1869
-2629
-2933
-2605
-1843
-824
29
567
1156
1714
1920
1716
1047
118
-519
-628
-539
-606
-973
-1782
-2807
-3480
-3628
-3426
-2937
-2339
-1914
-1528
-987
-423
147
761
1260
1603
1881
2112
2236
2239
2131
1818
1323
943
807
832
1000
1107
910
615
440
361
546
958
1287
1565
1798
1871
1980
2120
2070
1885
1626
1346
1288
1512
1745
1820
1740
1459
1120
963
948
943
983
1078
1104
1166
1352
1372
1301
1370
1363
1412
1785
2040
2070
2194
2051
1613
1380
1169
930
1058
1316
1377
1516
1616
1244
444
-874
-2880
-4778
-5645
-5508
-4568
-3269
-2543
-2603
-2847
-2914
-2669
-1941
-1050
-481
-170
21
29
-81
-245
-644
-1268
-1800
-2084
-2078
-1749
-1362
-1313
-1706
-2360
-2914
-2922
-2259
-1241
-252
437
824
1171
1501
1635
1442
861
132
-379
-537
-486
-597
-1116
-1956
-2911
-3557
-3503
-3057
-2538
-1939
-1640
-1621
-1299
-774
-261
479
1181
1474
1632
1789
1764
1678
1674
1530
1248
1138
1181
1178
1184
1203
962
599
467
443
588
1018
1394
1581
1677
1681
1698
1794
1853
1833
1656
1445
1457
1544
1659
1873
1859
1574
1374
1211
1074
1192
1312
1288
1331
1355
1301
1323
1345
1336
1365
1401
1494
1608
1739
1889
1886
1730
1481
1149
958
954
947
1105
1315
1255
1287
1300
774
11
-1166
-3038
-4516
-5010
-4906
-4106
-3074
-2846
-3115
-3227
-3258
-2957
-2160
-1407
-898
-422
-112
-99
-156
-247
-590
-990
-1213
-1440
-1533
-1338
-1261
-1496
-1862
-2430
-2909
-2723
-2097
-1383
-656
-207
40
506
1055
1338
1336
1016
515
231
157
-66
-544
-1221
-2063
-2743
-3036
-3124
-3040
-2860
-2751
-2548
-2109
-1516
-754
30
643
1181
1627
1946
2209
2358
2363
2242
2015
1739
1459
1274
1173
1011
800
573
335
256
397
611
893
1232
1524
1812
2112
2312
2396
2282
1986
1811
1714
1682
1809
1755
1493
1323
1162
976
949
929
808
822
996
1186
1377
1561
1621
1470
1387
1532
1633
1793
2139
2169
1944
1854
1562
1220
1197
1200
1194
1251
1274
1326
1242
796
-98
-1701
-3606
-4699
-4857
-4330
-3273
-2776
-3251
-3782
-3925
-3566
-2495
-1297
-614
-386
-436
-538
-560
-493
-369
-455
-747
-962
-1173
-1369
-1314
-1298
-1604
-2005
-2370
-2498
-2109
-1389
-758
-439
-292
20
534
1102
1447
1167
465
-75
-329
-351
-320
-650
-1377
-2143
-2770
-3147
-3197
-3132
-3003
-2731
-2380
-1900
-1322
-756
-143
528
1141
1641
1976
2092
2137
2167
2134
2067
1920
1711
1544
1380
1118
825
596
476
515
627
729
838
987
1187
1429
1699
1969
2142
2155
2070
1884
1674
1616
1643
1608
1579
1547
1384
1239
1181
1046
921
970
1121
1289
1473
1571
1459
1242
1195
1335
1520
1830
2142
2161
1985
1810
1508
1229
1328
1539
1592
1531
1375
1071
587
-17
-1131
-2810
-4099
-4431
-4091
-3322
-2710
-3091
-3930
-4112
-3649
-2737
-1501
-758
-796
-965
-986
-931
-654
-293
-213
-407
-727
-1081
-1372
-1451
-1268
-1217
-1542
-1936
-2210
-2236
-1748
-1045
-704
-598
-370
13
520
940
912
381
-188
-310
-190
-155
-143
-543
-1485
-2054
-2277
-2827
-2878
-2446
-2615
-2491
-1927
-2069
-1978
-1025
-329
332
1361
1663
1475
1688
1828
1864
2139
2301
2155
1971
1777
1375
948
700
565
560
657
642
532
481
544
864
1323
1643
1932
2150
2096
2036
2017
1839
1826
2044
2124
2069
1880
1447
1033
844
838
942
1051
1166
1236
1125
1141
1301
1327
1596
1996
2060
2131
2261
2085
1916
1986
1935
1826
1835
1687
1358
1166
1160
900
260
-635
-2108
-3578
-3995
-3668
-3138
-2645
-2873
-3760
-4176
-3695
-2665
-1503
-834
-871
-1262
-1529
-1349
-931
-548
-216
-222
-633
-1036
-1367
-1585
-1444
-1239
-1316
-1576
-1869
-1980
-1682
-1175
-768
-544
-411
-112
342
683
673
239
-302
-519
-359
-80
-56
-589
-1481
-2264
-2671
-2597
-2239
-1991
-2045
-2360
-2662
-2648
-2174
-1314
-407
286
715
874
931
1098
1326
1653
2083
2308
2292
2145
1770
1383
1227
1100
1001
1036
969
776
627
454
308
453
823
1184
1521
1722
1646
1520
1563
1677
1864
2149
2214
2020
1798
1518
1263
1240
1293
1270
1251
1166
980
894
970
1073
1258
1520
1709
1830
1880
1853
1808
1836
1936
2040
2103
1975
1794
1693
1490
1379
1424
1129
480
-365
-1767
-3179
-3628
-3472
-3094
-2682
-3033
-3967
-4340
-3923
-2965
-1805
-1213
-1350
-1720
-1915
-1643
-1070
-565
-195
-134
-454
-822
-1130
-1353
-1282
-1073
-1059
-1307
-1683
-1916
-1861
-1523
-1066
-849
-777
-453
-50
202
381
197
-246
-219
112
205
97
-391
-1240
-1727
-1667
-1640
-1782
-2025
-2570
-2987
-2775
-2340
-1938
-1386
-927
-646
-139
471
863
1239
1645
1928
2210
2441
2432
2301
2157
1997
1841
1629
1354
1107
889
650
413
224
128
286
661
968
1175
1333
1400
1532
1778
1957
2086
2229
2233
2141
2009
1717
1445
1299
1197
1173
1161
1045
921
874
830
926
1175
1389
1634
1790
1719
1633
1644
1797
2092
2315
2277
1969
1610
1418
1354
1378
1454
1314
725
-131
-1324
-2727
-3346
-3148
-2838
-2587
-2911
-3948
-4609
-4221
-3236
-2143
-1486
-1666
-2174
-2348
-1949
-1174
-468
-55
-44
-418
-855
-1088
-1139
-937
-535
-446
-823
-1336
-1747
-1779
-1358
-878
-668
-678
-654
-438
-119
78
10
-173
-218
-61
94
10
-431
-1056
-1447
-1531
-1539
-1498
-1555
-1977
-2415
-2580
-2665
-2400
-1619
-914
-565
-318
-267
-265
263
1087
1720
2185
2366
2185
1991
1982
2041
2146
2236
2120
1801
1353
851
544
485
562
748
828
701
628
699
852
1113
1314
1374
1536
1780
1924
1971
1799
1467
1387
1556
1684
1725
1573
1169
925
1022
1150
1248
1376
1378
1321
1389
1439
1420
1484
1648
1853
1988
1922
1791
1669
1520
1600
1716
1433
1214
1243
916
350
-416
-1885
-3147
-3232
-2808
-2415
-2426
-3396
-4624
-4901
-4115
-2859
-1913
-1861
-2390
-2864
-2790
-1983
-1027
-408
-123
-230
-584
-829
-887
-777
-463
-208
-301
-770
-1416
-1800
-1689
-1235
-749
-567
-664
-705
-551
-260
-5
37
-11
18
117
121
-216
-729
-1016
-1006
-802
-713
-1265
-2197
-2799
-2931
-2465
-1628
-1253
-1420
-1592
-1521
-979
66
1001
1439
1617
1660
1736
2025
2362
2614
2791
2767
2466
2058
1611
1273
1241
1262
1057
716
363
131
284
693
944
1014
987
929
1089
1458
1770
1904
1870
1748
1672
1692
1702
1603
1448
1360
1335
1320
1321
1230
1103
1168
1340
1466
1569
1567
1550
1704
1966
2195
2168
2002
1958
1869
1762
1785
1610
1238
1220
1272
828
141
-858
-2179
-2837
-2594
-2319
-2463
-3154
-4299
-5006
-4603
-3492
-2459
-2177
-2644
-3149
-3211
-2630
-1554
-663
-348
-362
-592
-976
-1021
-645
-218
169
234
-327
-1123
-1596
-1518
-941
-351
-276
-612
-977
-1042
-583
-18
97
-126
-364
-462
-363
-298
-552
-934
-1111
-1014
-853
-1032
-1607
-2175
-2406
-2173
-1700
-1480
-1689
-1965
-1822
-1271
-524
188
498
559
848
1388
1914
2322
2538
2516
2523
2634
2623
2449
2184
1955
1758
1467
1107
710
382
349
562
647
515
374
308
513
982
1311
1414
1431
1428
1556
1747
1759
1657
1586
1551
1584
1603
1405
1106
1032
1127
1249
1365
1338
1179
1194
1515
1828
2016
2083
1935
1757
1734
1803
1825
1807
1742
1514
1213
973
868
775
462
-187
-1281
-2380
-2788
-2596
-2435
-2714
-3541
-4541
-4783
-4027
-3064
-2549
-2706
-3239
-3410
-2868
-1875
-1009
-670
-738
-865
-875
-721
-373
-94
-19
-59
-377
-889
-1248
-1270
-960
-577
-455
-666
-958
-984
-599
-81
127
-27
-293
-431
-313
-126
-121
-413
-812
-917
-818
-848
-1006
-1337
-1904
-2119
-1766
-1524
-1448
-1452
-1752
-1851
-1293
-435
262
726
912
885
1120
1656
2151
2559
2780
2718
2551
2373
2128
1949
1878
1702
1426
1071
556
150
149
401
626
687
522
254
267
682
1208
1560
1655
1583
1473
1482
1606
1685
1676
1600
1537
1446
1251
1114
1103
1176
1384
1602
1593
1423
1389
1602
1921
2158
2114
1796
1473
1400
1602
1782
1727
1534
1244
942
883
1025
1001
638
-85
-1251
-2388
-2766
-2501
-2263
-2512
-3423
-4631
-5147
-4517
-3393
-2597
-2599
-3263
-3787
-3536
-2532
-1318
-556
-471
-724
-944
-894
-487
-41
185
211
-82
-632
-1078
-1199
-939
-455
-190
-387
-824
-1084
-885
-331
118
135
-201
-578
-662
-490
-330
-366
-672
-989
-1066
-1038
-1020
-1113
-1489
-1838
-1833
-1677
-1482
-1377
-1510
-1545
-1187
-542
126
513
615
726
1021
1536
2153
2594
2766
2768
2634
2465
2386
2357
2324
2209
1908
1447
953
622
575
710
793
665
331
-6
0
414
950
1324
1338
1098
992
1130
1361
1579
1637
1516
1389
1300
1157
1023
1020
1150
1380
1589
1599
1425
1313
1439
1738
2003
2030
1788
1453
1313
1434
1617
1707
1619
1358
1088
905
834
815
637
180
-581
-1567
-2338
-2511
-2314
-2282
-2770
-3723
-4588
-4705
-4037
-3193
-2812
-3069
-3534
-3609
-3068
-2127
-1265
-877
-906
-999
-988
-834
-528
-220
-92
-167
-407
-766
-1042
-991
-687
-419
-366
-602
-915
-900
-532
-76
173
23
-310
-499
-507
-380
-310
-488
-746
-890
-983
-1004
-994
-1181
-1385
-1380
-1314
-1152
-953
-980
-1069
-918
-569
-113
325
542
600
759
1116
1596
2048
2305
2372
2311
2172
2151
2241
2276
2272
2142
1769
1347
1058
893
838
855
762
495
233
72
110
422
797
1021
1056
961
917
1090
1407
1649
1684
1537
1335
1245
1301
1431
1558
1604
1562
1502
1464
1476
1578
1663
1688
1723
1668
1535
1428
1367
1386
1509
1584
1431
1124
798
579
549
575
536
295
-202
-834
-1587
-2250
-2459
-2331
-2308
-2693
-3524
-4437
-4734
-4169
-3258
-2675
-2775
-3352
-3737
-3408
-2492
-1531
-1023
-1125
-1473
-1576
-1290
-752
-234
7
-116
-450
-788
-1015
-967
-600
-208
-115
-354
-720
-848
-498
109
489
324
-242
-707
-753
-490
-233
-257
-591
-973
-1106
-1007
-891
-811
-796
-851
-850
-786
-773
-783
-695
-439
-40
340
552
638
705
901
1315
1723
1921
2004
2041
2065
2173
2329
2376
2310
2233
2104
1850
1561
1338
1145
1036
984
780
468
214
117
229
442
593
625
580
577
709
927
1126
1244
1273
1211
1137
1204
1363
1508
1596
1527
1309
1202
1285
1414
1561
1609
1480
1328
1308
1376
1444
1454
1332
1129
967
851
751
672
594
487
347
214
40
-300
-777
-1317
-1845
-2143
-2146
-2182
-2572
-3255
-3946
-4248
-3923
-3285
-2928
-3144
-3659
-3932
-3626
-2797
-1912
-1466
-1496
-1675
-1682
-1373
-856
-405
-158
-156
-358
-565
-641
-505
-175
148
197
-65
-408
-531
-251
201
461
286
-218
-631
-639
-309
29
105
-187
-555
-664
-487
-193
-56
-151
-423
-682
-639
-385
-123
37
2
-144
-165
30
353
658
850
946
1009
1163
1460
1797
2068
2199
2188
2092
2016
2002
1992
1953
1775
1467
1137
806
599
558
482
291
86
-73
-92
127
433
619
654
617
626
787
1086
1326
1380
1311
1240
1238
1309
1379
1356
1276
1228
1246
1285
1323
1339
1312
1294
1284
1290
1280
1186
1081
1016
949
856
735
597
445
385
398
282
65
-147
-296
-386
-563
-957
-1544
-2022
-2166
-2169
-2369
-2913
-3558
-3909
-3742
-3252
-2957
-3094
-3427
-3530
-3170
-2544
-2005
-1746
-1743
-1749
-1506
-1131
-816
-541
-364
-320
-311
-382
-499
-448
-226
1
71
-149
-474
-549
-294
129
392
238
-103
-274
-160
145
349
236
-63
-269
-276
-102
93
116
3
-122
-173
-94
-2
0
-64
-111
-33
146
334
464
549
682
886
1133
1350
1489
1596
1715
1835
1909
1916
1851
1768
1709
1600
1404
1140
864
670
575
507
342
69
-178
-256
-107
132
306
361
322
355
538
769
929
996
997
997
1054
1118
1153
1184
1218
1278
1317
1275
1193
1143
1149
1216
1322
1303
1102
916
832
817
857
838
661
427
314
334
358
380
342
194
40
-61
-170
-341
-570
-924
-1385
-1787
-2016
-2127
-2309
-2656
-3098
-3436
-3473
-3248
-3007
-2969
-3107
-3189
-3006
-2562
-2086
-1748
-1573
-1496
-1387
-1138
-810
-520
-291
-154
-165
-271
-338
-340
-238
-52
86
70
-34
-60
38
267
463
455
289
107
80
211
345
337
220
105
61
112
160
119
27
-13
11
65
127
134
101
129
237
369
478
507
519
565
656
814
950
1036
1123
1215
1286
1307
1292
1244
1221
1283
1287
1116
865
632
487
467
469
355
135
-69
-163
-95
88
236
299
318
342
451
653
842
958
1016
1007
980
1012
1055
1111
1179
1193
1145
1070
994
955
1009
1085
1091
1010
865
757
755
804
802
711
551
389
328
338
316
208
55
-67
-123
-124
-167
-261
-363
-477
-656
-985
-1390
-1695
-1807
-1818
-1953
-2319
-2757
-2997
-2878
-2548
-2344
-2439
-2685
-2800
-2620
-2227
-1875
-1727
-1693
-1624
-1447
-1167
-886
-698
-569
-421
-304
-260
-259
-224
-78
138
299
318
207
120
230
448
569
538
365
156
116
222
286
290
277
258
306
420
481
487
497
502
517
546
531
481
433
378
385
425
422
394
360
370
427
495
569
590
596
676
764
785
779
754
720
735
777
728
597
471
380
376
407
380
292
178
125
187
276
334
390
409
425
518
643
742
819
895
961
1022
1107
1157
1123
1082
1080
1060
1040
1042
982
885
812
749
694
641
573
486
396
327
275
227
193
171
145
105
40
-35
-98
-110
-90
-107
-166
-259
-357
-400
-448
-630
-935
-1226
-1410
-1474
-1548
-1809
-2210
-2536
-2656
-2568
-2411
-2393
-2548
-2699
-2670
-2436
-2090
-1783
-1587
-1468
-1387
-1285
-1122
-918
-715
-534
-419
-407
-450
-445
-344
-165
20
92
55
31
110
305
512
610
608
600
647
753
872
898
853
822
811
837
875
844
750
648
545
465
428
403
389
383
350
291
228
153
124
155
195
190
103
28
0
48
210
367
427
423
390
380
450
540
591
599
567
536
523
522
508
455
420
447
539
617
629
610
608
701
858
985
1032
976
908
904
924
921
874
763
646
599
573
521
437
348
324
336
347
335
262
181
174
210
220
213
183
135
120
118
117
118
132
165
192
183
153
86
3
-33
-71
-163
-329
-585
-882
-1092
-1190
-1284
-1447
-1686
-1934
-2084
-2126
-2112
-2114
-2174
-2238
-2271
-2273
-2229
-2147
-2037
-1920
-1837
-1800
-1740
-1605
-1402
-1170
-979
-858
-754
-567
-309
-61
143
271
349
496
721
922
1046
1071
1047
1081
1182
1288
1302
1239
1156
1095
1098
1096
1050
958
837
707
586
488
397
360
330
242
128
35
-19
-37
-49
-108
-184
-241
-268
-251
-227
-207
-162
-118
-68
13
98
195
308
404
448
496
563
624
684
727
756
749
737
775
820
834
831
809
774
783
826
870
866
807
732
658
612
586
532
412
288
185
120
129
153
156
139
139
174
212
256
270
232
202
212
238
242
221
166
96
77
100
105
108
106
105
112
119
122
121
122
95
24
-108
-316
-527
-696
-847
-1023
-1210
-1419
-1656
-1853
-2005
-2126
-2203
-2250
-2311
-2353
-2397
-2411
-2325
-2189
-2043
-1945
-1894
-1805
-1633
-1355
-1047
-812
-649
-495
-292
4
332
580
730
831
935
1080
1247
1356
1355
1295
1232
1182
1191
1204
1147
1065
988
939
935
920
868
778
684
598
506
407
293
165
45
-47
-109
-163
-244
-308
-328
-326
-295
-284
-306
-309
-263
-163
-43
44
95
162
277
416
548
620
643
683
747
821
877
897
864
837
836
824
798
750
704
657
615
585
525
455
406
392
387
362
330
280
262
250
224
206
153
95
79
72
78
61
41
58
89
114
102
66
66
105
156
185
165
133
121
146
202
236
223
174
130
108
118
133
90
4
-85
-174
-271
-371
-503
-694
-872
-1016
-1149
-1266
-1405
-1577
-1727
-1845
-1922
-1955
-1972
-1987
-2000
-1994
-1936
-1837
-1726
-1601
-1494
-1372
-1185
-976
-783
-637
-523
-368
-130
155
389
531
602
662
777
952
1112
1186
1174
1106
1068
1062
1079
1098
1040
960
905
853
814
785
730
662
593
513
416
304
199
99
17
-38
-86
-135
-201
-278
-344
-384
-357
-301
-278
-293
-301
-257
-201
-137
-113
-129
-118
-70
11
74
99
126
179
284
423
522
577
630
678
753
838
884
906
893
874
852
799
747
688
631
606
590
569
537
484
450
428
414
419
397
361
314
242
170
122
92
56
27
-5
-53
-118
-181
-198
-160
-111
-101
-139
-214
-251
-209
-143
-104
-121
-160
-167
-121
-49
-13
-24
-57
-79
-56
-29
-62
-156
-285
-406
-480
-542
-646
-803
-1010
-1208
-1346
-1436
-1514
-1597
-1680
-1779
-1813
-1766
-1693
-1596
-1524
-1457
-1367
-1198
-984
-816
-667
-543
-412
-229
-18
168
291
394
508
640
772
849
889
917
942
980
999
988
966
944
920
900
882
851
808
741
683
655
616
555
475
383
288
190
85
-29
-153
-273
-379
-471
-526
-572
-623
-648
-650
-616
-548
-460
-385
-336
-259
-148
-15
126
244
354
461
570
685
781
863
928
978
1026
1050
1070
1067
1050
1029
970
902
835
770
685
601
510
393
297
225
187
154
101
51
-18
-68
-77
-96
-127
-160
-208
-254
-283
-313
-351
-366
-367
-355
-335
-319
-290
-234
-158
-77
-9
33
48
84
154
231
303
351
364
363
358
339
331
293
229
148
4
-143
-291
-424
-531
-675
-859
-1088
-1295
-1414
-1489
-1543
-1618
-1731
-1815
-1794
-1688
-1578
-1497
-1465
-1420
-1280
-1085
-878
-710
-605
-493
-344
-147
62
226
334
426
554
699
838
926
961
977
998
1031
1026
984
898
811
750
697
660
587
487
405
332
282
245
180
91
-10
-99
-157
-193
-250
-327
-387
-435
-448
-447
-455
-449
-419
-343
-248
-163
-85
-24
63
186
308
434
537
615
690
768
817
853
906
932
946
959
948
913
867
826
781
727
661
564
457
353
250
182
118
32
-34
-99
-171
-225
-258
-275
-277
-258
-240
-240
-233
-216
-178
-127
-95
-74
-65
-49
-28
7
46
54
66
79
113
169
199
209
210
239
282
326
366
361
332
315
315
343
337
271
192
90
-25
-120
-217
-330
-475
-623
-759
-913
-1051
-1170
-1267
-1333
-1393
-1440
-1500
-1547
-1545
-1486
-1373
-1270
-1187
-1122
-1043
-899
-722
-557
-448
-375
-286
-160
-7
123
206
251
321
419
512
582
585
574
576
594
632
646
618
586
565
559
560
548
527
494
457
421
387
347
297
246
207
168
97
34
-20
-60
-76
-113
-177
-211
-210
-210
-176
-149
-138
-104
-58
9
74
133
187
234
299
364
408
454
488
508
542
561
568
569
545
538
539
519
495
438
372
327
282
254
215
166
124
71
34
25
7
-4
-6
-15
-41
-68
-94
-105
-94
-98
-119
-147
-177
-183
-164
-134
-113
-108
-86
-36
31
109
174
188
219
294
371
447
486
482
483
510
549
576
562
500
425
368
338
287
178
3
-181
-297
-382
-476
-634
-861
-1078
-1221
-1270
-1292
-1366
-1484
-1609
-1661
-1596
-1491
-1418
-1403
-1405
-1352
-1215
-1030
-864
-751
-664
-546
-377
-192
-38
71
154
247
380
530
651
723
753
770
826
889
930
946
917
871
820
796
789
763
714
628
534
453
374
294
206
98
-21
-115
-187
-247
-297
-363
-451
-501
-497
-482
-447
-434
-449
-427
-376
-269
-155
-71
1
56
142
257
370
474
542
588
618
655
692
701
686
656
635
606
557
500
425
348
289
248
204
144
83
20
-18
-20
-31
-42
-68
-90
-86
-84
-79
-67
-43
-26
-10
21
35
54
94
159
216
235
249
266
314
401
478
528
535
524
565
643
698
708
691
666
656
658
629
548
428
303
211
126
-2
-203
-419
-615
-772
-864
-979
-1148
-1343
-1521
-1634
-1658
-1666
-1712
-1763
-1813
-1811
-1720
-1583
-1466
-1378
-1296
-1171
-988
-786
-609
-470
-348
-211
-38
143
272
356
423
498
599
715
794
796
785
787
800
851
871
827
778
716
667
645
600
518
427
321
220
145
61
-31
-127
-227
-293
-344
-387
-429
-490
-527
-541
-532
-474
-440
-431
-409
-378
-286
-162
-49
35
85
142
227
340
459
542
566
579
602
631
672
682
657
643
621
598
574
534
494
453
417
392
363
329
285
240
225
215
212
216
193
182
188
198
219
239
262
287
309
324
328
320
319
315
321
330
316
295
281
280
284
296
299
283
281
269
274
276
246
231
197
152
120
70
11
-70
-158
-233
-313
-385
-474
-605
-713
-802
-876
-933
-1025
-1130
-1235
-1317
-1344
-1352
-1368
-1418
-1472
-1487
-1435
-1337
-1258
-1199
-1144
-1060
-926
-757
-591
-466
-372
-273
-143
15
147
224
275
341
437
529
590
622
634
648
685
717
717
695
651
612
591
571
532
467
386
305
243
186
131
67
1
-53
-108
-159
-205
-240
-271
-285
-298
-313
-315
-343
-330
-282
-243
-193
-150
-92
-17
68
152
243
331
399
486
570
634
693
742
799
850
874
882
874
866
863
853
843
815
755
695
645
604
558
520
473
405
344
286
238
212
186
163
140
106
65
38
38
44
40
14
-30
-51
-65
-80
-85
-97
-128
-153
-144
-121
-114
-124
-136
-118
-73
-30
-12
-21
-46
-56
-29
8
16
-25
-90
-151
-203
-233
-277
-356
-456
-571
-662
-731
-799
-894
-1007
-1090
-1140
-1170
-1206
-1257
-1309
-1339
-1311
-1228
-1144
-1087
-1054
-1007
-907
-763
-615
-484
-378
-284
-161
-21
113
221
300
398
500
579
643
681
703
731
765
793
801
770
727
681
626
588
553
500
404
317
248
153
87
29
-46
-120
-200
-268
-330
-383
-404
-408
-398
-389
-400
-385
-354
-315
-223
-126
-51
14
82
179
296
422
531
616
691
744
811
884
927
967
979
979
978
967
944
895
849
811
768
711
644
565
479
408
340
285
220
147
77
10
-40
-86
-121
-150
-184
-216
-250
-274
-291
-307
-310
-309
-316
-314
-311
-302
-285
-268
-247
-230
-203
-169
-130
-93
-70
-38
15
67
102
121
130
142
166
197
210
181
123
58
9
-21
-49
-112
-229
-358
-461
-520
-566
-627
-712
-831
-915
-956
-979
-1001
-1044
-1073
-1088
-1066
-1007
-960
-923
-892
-829
-729
-607
-487
-402
-341
-267
-149
-12
115
207
252
310
382
450
524
559
580
598
594
593
573
549
537
491
457
414
349
293
222
156
101
31
-34
-83
-127
-183
-247
-296
-324
-324
-297
-269
-267
-264
-239
-193
-111
-16
66
115
156
231
323
429
513
573
628
669
716
761
798
820
825
828
809
787
768
735
691
630
576
526
459
373
296
248
193
131
72
14
-43
-101
-139
-170
-199
-210
-237
-265
-281
-294
-279
-265
-256
-235
-217
-201
-191
-164
-111
-67
-37
-12
10
33
75
121
144
166
192
209
235
264
263
264
262
255
265
251
222
176
127
85
35
-4
-69
-167
-273
-367
-446
-517
-589
-692
-799
-891
-962
-986
-1017
-1068
-1109
-1149
-1148
-1097
-1050
-1020
-989
-943
-868
-768
-671
-580
-494
-419
-321
-209
-106
-8
68
130
201
276
354
410
428
445
458
474
484
480
454
412
381
339
304
279
236
187
137
108
83
42
2
-39
-70
-84
-100
-102
-106
-124
-127
-117
-85
-36
0
43
83
117
164
230
308
368
413
457
505
541
577
605
625
635
628
631
629
616
594
548
513
483
460
432
378
324
268
224
197
175
147
106
69
50
42
39
44
36
15
13
15
20
19
12
18
17
15
12
11
15
15
16
18
19
15
18
19
24
30
36
48
63
74
70
67
57
53
69
78
70
41
13
-12
-31
-44
-65
-122
-209
-269
-309
-358
-416
-493
-577
-648
-689
-717
-773
-834
-885
-926
-943
-943
-944
-961
-983
-977
-930
-866
-811
-777
-764
-718
-636
-522
-415
-349
-288
-228
-129
-22
55
136
191
238
305
361
396
415
423
426
435
452
448
415
370
330
304
277
244
205
164
121
74
48
23
-2
-15
-23
-29
-24
-17
-11
13
46
78
103
130
165
198
248
291
324
362
390
422
460
501
517
528
560
577
595
602
591
588
582
585
594
581
534
492
468
451
441
418
380
326
273
251
233
198
163
125
77
46
26
15
6
-28
-61
-70
-80
-85
-80
-90
-94
-89
-90
-87
-82
-78
-69
-56
-38
-33
-28
-23
-17
-7
-11
-4
3
-1
-9
-28
-50
-74
-88
-100
-116
-139
-178
-228
-271
-304
-344
-394
-450
-505
-567
-625
-664
-703
-738
-790
-848
-867
-876
-873
-863
-867
-862
-855
-824
-765
-706
-664
-620
-556
-490
-418
-339
-275
-212
-151
-78
14
82
123
168
204
240
291
333
351
357
344
337
334
314
302
277
248
220
193
173
155
142
114
93
83
79
91
95
102
111
103
122
157
190
229
259
283
300
340
393
434
471
501
531
560
596
623
630
645
654
659
666
660
653
632
614
608
590
558
529
496
457
427
405
373
336
299
252
213
185
158
134
100
61
27
7
-2
-24
-48
-53
-55
-76
-83
-81
-93
-99
-109
-119
-123
-124
-131
-141
-154
-174
-186
-193
-202
-210
-217
-249
-273
-286
-308
-317
-330
-353
-375
-389
-404
-413
-417
-426
-442
-462
-468
-463
-460
-465
-475
-497
-498
-486
-494
-495
-511
-528
-529
-532
-519
-528
-545
-539
-534
-517
-491
-483
-485
-477
-467
-446
-413
-388
-372
-359
-332
-300
-278
-246
-209
-178
-157
-123
-80
-43
-7
19
46
84
118
152
190
216
234
264
288
310
333
354
381
396
409
420
427
453
463
472
495
491
499
517
522
530
535
543
547
563
584
586
589
594
595
607
612
610
599
586
575
564
577
561
525
501
484
488
470
440
414
377
356
348
331
311
272
230
215
203
188
172
137
89
71
65
40
19
-19
-61
-81
-107
-139
-178
-219
-259
-282
-295
-318
-362
-410
-430
-447
-456
-450
-465
-496
-511
-505
-491
-474
-475
-485
-480
-462
-438
-425
-416
-412
-412
-385
-352
-335
-327
-328
-319
-306
-292
-282
-286
-289
-299
-295
-295
-314
-324
-347
-366
-374
-379
-389
-415
-437
-453
-449
-450
-460
-464
-472
-467
-459
-452
-427
-412
-388
-350
-325
-283
-247
-206
-151
-99
-49
-2
45
85
132
188
248
284
311
347
370
400
434
457
469
481
505
505
507
512
513
537
542
528
523
515
517
529
534
537
528
514
508
508
508
526
531
517
506
491
490
489
484
487
484
458
437
425
404
405
402
388
367
335
318
298
278
256
227
199
167
139
123
92
53
23
-17
-45
-69
-89
-126
-178
-206
-233
-264
-284
-310
-341
-356
-379
-405
-414
-430
-441
-446
-447
-445
-444
-437
-435
-422
-407
-396
-371
-361
-354
-346
-340
-314
-296
-291
-276
-277
-285
-272
-258
-258
-244
-249
-277
-278
-279
-285
-275
-277
-293
-307
-321
-323
-315
-305
-308
-323
-320
-321
-317
-296
-278
-284
-280
-255
-249
-235
-230
-217
-186
-170
-141
-124
-113
-95
-83
-42
-9
16
46
46
63
90
118
153
170
186
200
223
231
241
270
279
295
314
332
352
352
361
371
390
410
424
444
458
463
469
487
499
517
529
530
536
533
526
521
517
514
503
485
469
447
421
396
369
347
325
294
265
246
227
193
168
154
137
112
92
81
63
51
38
33
19
-2
-22
-38
-42
-54
-67
-88
-121
-140
-147
-157
-171
-186
-208
-229
-245
-268
-281
-295
-311
-314
-330
-340
-349
-368
-383
-383
-377
-372
-366
-374
-374
-378
-372
-342
-330
-322
-306
-302
-290
-274
-257
-234
-214
-191
-172
-150
-138
-128
-102
-93
-84
-65
-51
-42
-49
-45
-47
-54
-47
-53
-61
-66
-85
-94
-107
-124
-120
-118
-124
-127
-129
-135
-135
-134
-134
-116
-105
-105
-80
-68
-71
-55
-30
-9
15
39
49
60
79
96
120
152
176
184
190
200
217
240
250
257
261
264
271
284
295
287
278
276
255
245
246
228
211
196
174
157
143
129
116
111
109
89
75
70
64
60
63
72
82
90
83
72
78
91
103
120
125
123
132
124
126
138
126
130
134
116
101
95
82
66
50
27
16
6
-15
-47
-73
-98
-127
-140
-158
-172
-182
-209
-231
-257
-277
-279
-286
-287
-284
-292
-301
-294
-275
-253
-232
-213
-202
-183
-149
-121
-103
-80
-59
-40
-18
13
27
29
33
33
48
55
49
46
40
47
42
31
18
-10
-29
-20
-21
-33
-35
-49
-71
-78
-71
-60
-55
-60
-75
-77
-80
-78
-59
-60
-65
-45
-28
-30
-30
-28
-28
-18
1
14
18
20
13
18
33
31
40
50
38
34
31
19
18
14
5
-10
-14
-19
-37
-48
-61
-60
-70
-72
-62
-69
-67
-69
-61
-56
-61
-46
-36
-26
-13
1
10
15
35
47
52
63
69
78
87
81
78
85
89
102
107
109
114
106
112
116
111
115
121
129
136
130
112
110
110
102
105
107
94
81
69
53
51
50
43
38
34
22
7
5
-5
-10
-10
-13
3
11
-2
-19
-28
-22
-4
-4
-7
-4
-14
-13
-16
-14
-11
-18
-7
-2
-4
-9
-21
-11
-5
7
24
20
32
33
23
29
33
51
55
48
56
57
47
41
37
31
24
21
19
12
-4
-22
-28
-29
-28
-43
-62
-74
-86
-89
-100
-110
-110
-112
-106
-107
-115
-122
-122
-124
-130
-127
-125
-132
-133
-125
-119
-115
-120
-119
-115
-114
-100
-95
-103
-96
-89
-83
-79
-79
-62
-62
-79
-68
-70
-70
-54
-55
-57
-48
-37
-39
-44
-45
-31
-29
-25
-9
-10
-6
5
21
48
58
64
72
82
102
120
135
158
177
185
191
216
233
241
257
262
261
268
271
272
286
281
274
262
247
240
222
209
194
175
144
122
116
88
62
38
7
-10
-38
-56
-68
-94
-105
-118
-125
-131
-133
-130
-140
-143
-139
-122
-115
-113
-102
-85
-61
-50
-45
-39
-34
-16
4
14
22
23
24
31
33
41
47
38
31
26
13
5
-9
-7
-9
-44
-60
-62
-81
-93
-115
-119
-117
-137
-140
-136
-137
-133
-136
-139
-129
-118
-115
-101
-86
-81
-59
-47
-34
-12
-13
-6
10
20
23
21
13
10
18
10
-1
-7
-16
-29
-47
-60
-64
-61
-71
-85
-89
-90
-89
-89
-94
-99
-97
-85
-84
-80
-58
-54
-41
-23
-21
-2
14
24
53
67
77
99
109
138
162
168
195
216
225
234
247
260
269
277
280
293
287
269
274
260
245
233
210
193
172
149
117
100
86
58
31
6
-16
-31
-44
-64
-82
-87
-92
-112
-122
-117
-122
-128
-127
-130
-136
-136
-122
-119
-120
-118
-112
-109
-109
-98
-101
-104
-94
-92
-81
-73
-75
-70
-68
-65
-51
-51
-53
-49
-49
-58
-51
-41
-52
-57
-63
-62
-67
-74
-73
-80
-81
-79
-73
-74
-73
-70
-67
-49
-44
-47
-34
-25
-14
-2
14
25
33
38
35
46
53
55
58
51
52
55
51
44
41
46
37
26
24
8
-3
-3
4
1
-9
-16
-23
-24
-23
-20
-17
-20
-27
-31
-22
-12
-20
-20
-5
-17
-27
-17
-11
-12
-10
4
11
20
37
32
39
49
68
86
87
90
93
104
120
131
134
137
134
135
134
126
126
132
133
111
108
109
95
85
69
56
48
40
21
7
-1
-16
-22
-27
-31
-29
-49
-65
-63
-76
-82
-72
-82
-93
-93
-103
-109
-110
-112
-110
-111
-112
-106
-103
-91
-79
-79
-74
-62
-51
-45
-39
-39
-34
-28
-28
-20
-11
-5
-8
-7
-7
-21
-19
-17
-25
-22
-16
-25
-46
-52
-53
-53
-50
-52
-52
-49
-48
-53
-52
-35
-20
-13
-7
-9
-4
3
6
15
18
28
45
42
42
48
43
44
49
53
54
53
60
63
55
45
40
38
37
38
40
27
7
-3
-12
-15
-14
-21
-16
-24
-47
-55
-61
-65
-54
-44
-46
-38
-37
-45
-37
-35
-22
10
8
19
44
36
47
62
75
91
93
107
112
114
117
109
109
113
121
120
111
109
98
88
83
68
73
82
68
61
64
58
41
33
33
25
17
21
7
2
-5
-20
-15
-25
-29
-24
-33
-37
-32
-41
-54
-56
-55
-37
-31
-45
-44
-49
-61
-56
-47
-40
-32
-40
-40
-37
-44
-45
-41
-46
-49
-53
-57
-64
-75
-73
-80
-78
-67
-77
-83
-85
-83
-79
-78
-68
-73
-74
-61
-55
-49
-51
-48
-48
-44
-24
-24
-23
-7
-7
-5
-3
3
25
29
28
36
36
38
46
50
57
67
69
67
71
60
57
67
68
67
66
59
51
49
47
30
23
28
18
21
9
-10
-5
-24
-23
-17
-28
-20
-24
-28
-31
-43
-38
-21
-14
-11
-8
-4
-5
-6
-3
12
23
26
41
42
39
46
54
68
71
81
91
87
100
99
89
96
97
97
106
105
101
95
86
78
69
71
70
62
65
53
23
17
9
-2
5
-1
-29
-38
-40
-63
-75
-78
-85
-72
-84
-106
-100
-104
-103
-105
-106
-97
-100
-99
-109
-98
-86
-94
-79
-80
-87
-70
-62
-60
-51
-58
-58
-56
-58
-48
-40
-49
-53
-52
-60
-55
-56
-59
-47
-48
-58
-54
-47
-41
-47
-39
-15
-14
-11
3
10
20
31
39
53
61
61
73
83
91
99
104
105
114
119
119
124
118
116
120
108
97
101
103
87
74
74
62
43
36
25
11
4
-13
-21
-23
-38
-50
-56
-62
-78
-84
-80
-85
-87
-88
-95
-88
-81
-74
-52
-57
-48
-25
-22
-19
0
10
16
30
43
52
55
60
61
64
68
68
79
79
73
70
63
56
51
48
46
41
37
30
20
0
-12
-5
-4
-16
-24
-35
-44
-47
-61
-67
-59
-54
-59
-71
-74
-76
-83
-86
-83
-81
-79
-74
-71
-68
-72
-65
-57
-54
-43
-45
-36
-34
-40
-32
-38
-39
-28
-26
-26
-30
-37
-40
-46
-42
-43
-50
-33
-37
-40
-35
-44
-40
-37
-36
-27
-13
-9
-13
2
10
15
27
39
56
65
78
84
84
89
98
113
111
123
128
114
116
113
107
106
118
115
101
100
84
81
76
60
55
47
40
23
13
2
-12
-15
-20
-34
-52
-45
-50
-67
-64
-66
-73
-75
-73
-64
-63
-67
-65
-68
-65
-61
-59
-41
-28
-30
-23
-15
-5
4
8
21
28
33
36
32
37
38
45
47
39
41
38
37
27
21
29
23
17
14
12
10
9
1
-11
-15
-16
-21
-23
-27
-36
-38
-42
-47
-42
-44
-40
-40
-45
-45
-49
-48
-37
-38
-42
-37
-44
-40
-34
-43
-35
-33
-29
-18
-23
-20
-9
-6
-3
0
7
3
-6
4
0
-8
0
-5
-14
-14
-15
-9
-2
-12
-16
1
-5
-4
11
5
7
10
16
22
26
28
26
30
31
42
54
52
58
68
63
54
68
77
71
68
69
71
53
46
47
40
45
42
36
35
27
15
14
28
17
6
10
-2
-8
-17
-25
-29
-39
-38
-49
-56
-52
-57
-61
-67
-62
-61
-63
-50
-36
-38
-40
-37
-31
-28
-26
-7
1
4
6
2
8
15
32
38
45
48
49
51
39
43
50
43
42
46
27
18
20
4
3
11
5
6
2
-4
-3
-10
-18
-12
-15
-24
-23
-18
-28
-39
-39
-36
-29
-23
-25
-23
-15
-18
-23
-20
1
13
9
15
17
13
10
11
19
22
20
19
21
15
12
13
14
16
10
6
5
-12
-22
-16
-25
-33
-32
-35
-35
-48
-47
-44
-52
-41
-30
-29
-26
-25
-18
-6
-2
-4
3
5
10
20
18
12
11
21
30
34
43
42
35
37
40
40
35
39
42
25
22
20
17
15
2
0
2
4
8
0
-13
-19
-15
-21
-16
-16
-28
-26
-37
-34
-33
-36
-27
-31
-21
-6
-20
-19
-15
-7
4
5
22
26
24
30
19
24
43
50
49
44
32
30
36
37
35
51
44
25
35
29
35
33
18
25
23
23
26
8
-2
5
7
17
12
-2
-2
1
15
22
10
4
-4
2
7
12
15
-14
-26
-13
0
2
2
2
-1
-1
4
19
10
-2
-1
-5
-1
2
-8
-30
-33
-16
-13
-11
-24
-45
-48
-35
-22
-21
-37
-59
-52
-45
-54
-48
-50
-52
-53
-39
-35
-42
-35
-46
-34
-14
-12
-12
-15
-16
-17
-20
-13
1
11
16
14
6
-5
-10
8
20
35
33
12
18
18
24
32
25
33
39
43
28
9
8
6
21
28
24
12
-6
-4
10
10
2
-12
-5
14
23
14
-15
-32
-30
-9
13
18
2
-19
-22
-8
19
29
9
-1
23
47
51
16
-28
-32
11
67
82
42
-26
-42
8
62
80
56
9
-15
21
60
51
15
-13
-11
25
52
40
-8
-50
-33
16
41
23
-18
-50
-52
-8
21
5
-30
-53
-36
0
11
-11
-38
-39
-21
6
22
-5
-37
-29
-7
11
24
9
-6
-8
-4
14
13
-12
-15
-3
0
-1
-16
-33
-37
-16
-8
-16
-15
-20
-20
-13
-14
-22
-28
-22
-16
-8
-10
-29
-40
-29
-1
9
2
-1
5
15
19
16
9
12
25
37
35
21
11
1
14
33
48
39
20
15
13
23
26
19
11
1
5
10
0
-24
-38
-27
-17
-8
-13
-33
-46
-48
-46
-33
-26
-29
-40
-38
-21
-26
-31
-32
-27
-9
2
7
-2
-22
-14
8
14
16
12
14
20
23
28
22
16
20
24
38
31
15
5
-2
5
18
20
4
-5
2
15
10
7
2
-8
1
19
19
-2
-20
-32
-28
6
16
8
-3
-22
-11
2
12
17
16
12
16
15
13
13
0
4
20
40
37
12
9
2
12
35
31
23
14
-1
1
6
1
-1
-5
-11
4
0
-26
-26
-23
-11
5
-4
-20
-31
-24
-9
-2
7
0
-18
-7
2
5
1
-5
2
11
14
4
3
-1
1
12
15
19
15
3
-6
3
17
17
4
-1
-11
-16
2
1
-8
-23
-30
-13
-11
-2
-17
-31
-17
-31
-32
-26
-28
-29
-37
-31
-30
-34
-33
-26
-19
-17
-7
-17
-18
-19
-17
-3
-8
12
6
-19
-5
0
6
4
0
8
-1
0
12
5
-3
-3
-3
7
16
3
3
3
-3
6
5
11
16
1
5
8
4
10
4
4
11
15
26
22
9
6
8
17
31
26
2
0
6
15
27
17
10
10
4
12
21
19
19
8
-2
4
9
19
12
-4
-3
-6
2
13
-7
-11
-1
-4
0
-2
-9
-5
-11
-12
-2
-8
-10
-10
-13
-6
-7
0
-1
-19
-18
-13
-6
10
4
-9
-24
-17
-2
2
15
2
-16
-9
-2
3
1
0
-5
-3
7
5
0
4
3
1
13
22
10
3
12
7
8
19
10
1
0
5
8
11
5
-4
-8
-3
6
2
-1
-11
-14
-7
-11
-4
-6
-18
-13
-4
0
-9
-15
-10
-6
-2
2
-1
-6
-3
-4
3
9
10
11
4
9
16
3
9
13
4
12
11
12
11
1
5
14
21
22
13
-1
-5
2
8
12
1
-13
-16
-15
-10
-8
-9
-13
-20
-14
-11
-16
-19
-24
-22
-3
-3
-13
-17
-28
-19
-4
-1
7
-8
-19
-6
7
10
-2
-14
-8
-4
10
13
-6
-12
-18
-14
3
6
-2
-15
-18
-10
-10
-10
-15
-15
-6
-1
0
-1
-12
-23
-9
5
5
11
-1
-12
3
2
3
1
1
21
22
21
17
8
15
20
35
51
31
20
19
13
32
33
18
25
32
33
32
14
7
14
20
34
24
4
-11
-14
-4
0
5
2
-17
-16
-14
-12
1
-12
-20
-7
-2
-5
-3
-15
-14
0
-4
-3
-3
-6
-5
-3
8
7
-5
-4
4
12
9
2
2
-4
6
17
6
5
-3
-7
2
5
6
-5
-18
-9
0
-6
-8
-12
-11
-8
-12
-10
-10
-15
-19
-19
-14
-4
-17
-23
-12
-12
-15
-7
-6
-15
-7
0
1
-1
-4
4
-2
-14
-5
-1
-4
-3
-10
-14
-18
-19
3
7
-6
-5
-17
-22
-6
-3
-2
-6
-19
-22
-10
-1
-7
-10
-13
-13
0
-1
-2
-4
-16
-5
3
3
4
-4
-4
0
10
4
-4
12
6
4
19
12
18
20
4
10
17
22
34
22
12
12
7
19
23
14
15
9
14
7
-3
7
3
-1
6
12
4
-5
-1
-7
1
-2
-1
4
-9
-8
-9
-8
-2
-11
1
1
-11
3
-4
-6
-1
-5
7
-3
-12
2
-1
-8
-4
6
-3
-9
2
0
4
4
2
5
-7
0
6
-7
-7
-6
-8
-11
-6
-5
-18
-16
-10
-9
-1
-11
-24
-21
-12
-2
-6
-20
-12
-11
-11
6
1
-11
-8
-9
-3
11
5
-4
-1
2
4
13
12
4
5
6
6
9
11
5
-5
-4
7
12
7
2
-8
-4
2
-2
8
3
-4
2
-2
4
2
-15
-12
-9
-2
6
1
-8
-13
-8
0
6
14
10
7
4
1
8
2
5
10
14
20
12
6
2
5
13
16
15
14
14
10
12
3
-4
10
15
12
10
4
-5
-5
-7
3
