-17
-4
0
-3
-13
-18
-1
-4
-10
-3
-1
-2
-7
-2
-1
-4
-2
-9
-2
5
-6
-5
0
-1
0
-2
4
11
2
-3
-2
2
0
-4
0
-4
-5
4
-3
-2
-2
-6
-1
-3
-2
1
1
2
0
-4
-7
6
3
1
10
4
8
10
5
6
7
9
9
13
10
7
7
5
8
9
10
11
-4
0
12
5
2
4
4
4
3
5
5
7
9
2
-2
-8
-13
-7
0
-11
-16
-1
4
5
3
1
7
0
-12
-7
-6
-4
-7
-4
3
-2
-3
-5
-7
-14
-8
-5
-10
-1
2
5
-5
-10
-5
-9
-2
-5
-14
-7
2
-2
-8
2
-2
-3
3
-2
-8
-12
-3
4
-2
0
-3
-14
-8
-8
-11
-8
0
3
-1
7
5
5
1
1
6
-3
3
7
4
-1
-5
6
3
3
6
-2
7
16
14
9
3
5
15
13
1
-1
4
15
14
9
20
21
9
8
13
4
3
11
3
-2
3
8
7
-6
2
5
-3
6
-3
-2
5
-7
-2
-6
-11
-3
-1
-1
-2
2
-1
-5
-5
-5
-9
-11
-7
-8
-6
-3
3
2
0
-7
-8
6
5
1
-1
-6
-3
-11
-13
-3
0
5
3
-6
-3
-6
-4
-6
-5
-2
-7
-6
-7
-8
-6
-2
7
0
-8
-6
2
-3
-5
-2
-3
0
-13
-13
1
-2
1
3
-1
-5
2
6
-1
-9
-5
4
-7
0
-1
-4
11
4
6
3
2
10
7
4
3
7
9
2
2
6
1
-1
-5
-3
-1
-5
0
-3
-4
6
5
2
7
5
5
6
-1
-1
1
7
4
7
4
0
10
9
11
10
8
9
7
0
-8
-3
4
8
8
0
7
5
2
3
-13
-9
-2
-8
0
3
-1
-2
-9
-6
5
-5
-11
-6
-7
1
1
-10
-10
-7
2
7
-5
-2
-3
-7
-13
-14
-2
-1
-1
7
6
2
7
7
7
5
5
3
-4
-2
-2
-3
-4
3
9
2
-3
1
6
3
2
-5
-10
-10
-8
-6
-5
0
2
3
1
-9
1
12
4
-1
3
7
-3
-7
3
5
5
8
-3
-7
3
5
2
-4
-5
-6
-6
0
5
6
9
6
4
-1
-8
-8
-3
-5
-11
-10
0
9
9
-5
-10
0
5
3
-8
-8
2
3
2
2
-4
-3
1
1
-6
-10
1
0
-5
-2
2
1
2
1
-4
-2
-3
0
3
-3
-2
1
-13
-22
-19
-14
-11
-15
-13
-5
-10
-8
-9
-18
-9
-11
-14
-11
-10
-9
-20
-12
-12
-10
9
4
-9
0
-10
-18
-4
-2
-2
-1
-4
-7
-2
1
-6
-5
1
-5
0
10
1
0
-6
-14
-3
-5
-8
-2
-8
-5
-1
-5
-4
-6
-13
-9
-9
3
6
-9
-1
8
8
1
-9
-3
3
1
-2
5
13
11
12
13
12
14
13
2
1
8
-4
-2
1
0
4
5
1
6
6
-7
-3
2
-6
-8
-8
-7
-4
-3
-5
-4
0
-1
-9
-12
-6
-8
-10
-7
-9
-10
-5
-5
-4
-3
-9
-7
-7
-17
-10
-3
-2
0
1
1
1
-2
-6
-2
0
-6
-6
-1
-4
-5
-2
-3
-3
-3
1
6
2
3
-2
-6
2
-5
-10
5
2
-3
0
-3
-3
6
5
-2
5
8
10
11
9
6
-4
0
2
-5
1
-2
-4
0
5
16
17
6
5
14
18
16
8
12
7
4
15
13
7
1
-1
1
1
2
11
12
13
19
10
7
5
8
5
1
7
2
3
3
-7
0
-2
-9
-9
-5
-13
-10
-1
-9
-2
0
-2
0
-4
-10
-3
-4
-16
1
-1
-15
-1
10
3
0
3
6
2
-6
-7
3
-3
-4
-3
-6
0
-1
7
6
-10
-2
9
1
3
9
-2
1
7
3
10
15
14
13
12
10
6
6
14
4
4
16
7
9
7
1
10
5
5
12
11
12
17
16
12
22
20
9
18
20
6
10
15
8
2
4
6
5
-3
8
15
10
11
9
11
14
15
16
17
19
15
3
12
12
7
21
10
9
7
0
15
15
8
8
4
8
4
-2
9
7
0
-5
-6
-6
-11
-4
-3
1
4
-8
0
-11
-13
-4
-9
-6
-8
-2
-2
-6
-2
-7
1
6
-9
-5
-1
-2
-2
-1
3
-1
-4
-4
-7
-3
-6
4
5
-3
7
5
14
15
6
12
-7
-9
-2
-8
0
5
-6
-10
1
0
-4
2
4
-1
3
16
8
4
14
13
10
9
0
0
-2
1
16
13
8
14
15
3
-2
2
5
7
4
5
4
-5
2
9
3
9
7
4
4
-5
0
9
5
-6
-3
-3
-3
8
3
0
-9
-8
3
1
6
11
3
-8
-1
6
3
8
2
2
8
3
3
-5
-9
-1
4
1
1
-5
-3
5
-7
-4
1
-4
-4
-14
-11
-7
-8
-7
-9
-7
-11
-12
-7
-14
-8
-9
-11
-5
-7
-11
-17
-14
-13
-20
-18
-7
-13
-15
-11
-14
-10
-8
-12
-15
-13
-10
-6
-3
2
-1
-2
3
3
0
-2
1
-2
-10
-4
-2
3
7
9
12
4
4
6
2
8
6
6
12
6
8
7
12
11
6
17
3
-1
14
10
14
12
13
16
10
10
5
3
7
6
2
-4
3
8
6
7
8
4
4
3
0
-3
2
1
-15
-11
-12
-19
-16
-21
-14
-14
-17
-13
-16
-11
-18
-19
-11
-22
-25
-22
-23
-20
-19
-18
-16
-17
-15
-16
-18
-18
-21
-22
-21
-20
-18
-19
-24
-21
-14
-15
-16
-11
-10
-14
-16
-16
-15
-12
-12
-12
-16
-16
-15
-17
-9
-9
-9
-15
-11
-3
-7
1
5
10
13
0
1
0
2
5
1
7
7
7
8
16
23
11
11
13
11
17
20
26
25
26
25
16
23
24
17
22
23
27
29
12
5
16
15
8
10
6
9
19
18
11
5
5
7
11
6
5
7
3
0
-4
-8
-8
-4
-8
-14
-12
-9
-12
-18
-24
-23
-21
-31
-28
-19
-27
-21
-17
-28
-38
-26
-15
-31
-36
-24
-24
-36
-32
-21
-32
-34
-33
-38
-33
-34
-39
-39
-35
-29
-32
-31
-28
-42
-44
-36
-37
-34
-31
-25
-22
-28
-24
-15
-11
-10
-11
-10
-7
-7
-8
-6
-9
-9
5
5
3
10
8
8
6
8
17
11
17
27
20
19
24
26
32
32
24
30
42
47
44
44
48
41
47
61
66
70
69
69
75
82
86
93
94
90
87
90
97
85
83
89
82
86
76
76
77
56
62
70
59
45
34
35
24
15
7
-6
-10
-22
-39
-50
-54
-58
-65
-77
-101
-109
-105
-121
-134
-132
-142
-151
-155
-160
-163
-167
-162
-162
-161
-154
-147
-138
-133
-126
-118
-106
-95
-93
-94
-88
-73
-72
-70
-59
-64
-58
-51
-55
-41
-29
-24
-4
4
13
24
29
44
39
53
77
85
96
99
112
116
125
144
147
158
164
168
187
204
210
216
222
233
256
262
275
288
280
302
309
313
334
342
350
355
346
338
338
333
325
320
303
295
282
252
229
213
182
142
111
76
51
13
-46
-94
-155
-199
-239
-311
-371
-430
-484
-523
-568
-604
-648
-695
-726
-740
-741
-736
-733
-731
-711
-676
-627
-575
-534
-491
-436
-382
-312
-234
-190
-133
-75
-27
19
54
92
119
124
138
147
149
149
125
113
102
78
61
22
0
-11
-37
-51
-67
-86
-95
-92
-88
-84
-73
-58
-45
-18
6
27
59
85
118
158
202
254
287
322
370
411
437
467
492
523
574
601
628
649
662
681
684
685
705
713
714
721
713
719
728
714
697
679
667
653
627
609
580
535
488
428
363
285
180
71
-32
-142
-237
-322
-441
-580
-720
-858
-955
-1027
-1112
-1189
-1268
-1312
-1298
-1276
-1250
-1219
-1189
-1144
-1057
-921
-771
-633
-520
-406
-273
-144
-11
102
191
274
354
431
506
571
586
556
527
479
444
420
374
317
240
170
112
46
-28
-117
-205
-294
-354
-400
-449
-484
-552
-624
-687
-737
-757
-785
-809
-825
-832
-824
-797
-739
-692
-669
-624
-570
-506
-400
-284
-190
-96
7
100
207
318
399
482
559
620
688
757
808
855
891
899
895
896
909
915
907
897
880
848
828
814
795
774
730
689
672
664
655
642
628
592
563
558
580
599
584
591
598
604
650
682
703
708
689
683
680
683
657
585
486
369
263
161
57
-83
-259
-445
-638
-795
-928
-1069
-1206
-1352
-1485
-1568
-1614
-1620
-1628
-1666
-1683
-1642
-1552
-1435
-1313
-1210
-1121
-1027
-903
-760
-640
-536
-451
-366
-263
-160
-68
-5
24
25
36
59
81
98
100
91
74
69
57
19
-14
-60
-119
-156
-169
-181
-204
-239
-282
-322
-357
-379
-385
-377
-372
-351
-319
-278
-223
-175
-128
-79
-20
57
151
260
361
437
502
563
621
676
708
745
785
820
865
885
900
910
899
874
847
840
834
831
829
812
799
785
771
756
745
724
700
707
725
758
793
798
786
768
773
792
816
830
818
806
801
786
745
665
537
378
226
112
23
-96
-253
-465
-714
-920
-1078
-1224
-1377
-1544
-1707
-1807
-1829
-1813
-1799
-1836
-1891
-1890
-1812
-1649
-1462
-1312
-1186
-1064
-926
-754
-577
-442
-362
-298
-212
-81
78
207
274
281
253
247
275
303
315
300
278
274
276
280
261
188
66
-56
-136
-184
-204
-238
-321
-430
-528
-603
-673
-740
-822
-893
-918
-884
-796
-701
-626
-583
-559
-487
-363
-210
-50
97
241
392
560
735
865
932
963
992
1054
1150
1252
1324
1368
1369
1334
1300
1274
1233
1174
1123
1083
1068
1086
1086
1050
988
898
803
751
737
738
769
809
844
869
851
836
851
861
869
881
890
908
943
998
997
912
784
592
387
237
128
16
-151
-374
-644
-901
-1115
-1319
-1531
-1784
-2028
-2187
-2249
-2220
-2187
-2199
-2243
-2298
-2261
-2136
-1978
-1782
-1621
-1466
-1256
-1012
-769
-592
-481
-397
-294
-155
8
179
297
367
412
441
450
436
395
349
336
347
366
366
333
265
169
73
-24
-141
-267
-372
-442
-483
-524
-592
-699
-830
-961
-1042
-1046
-1020
-966
-898
-827
-723
-596
-463
-351
-252
-143
-17
170
405
632
827
982
1090
1158
1218
1267
1314
1371
1419
1479
1530
1550
1546
1490
1405
1303
1204
1135
1081
1062
1033
995
955
881
802
714
614
552
533
565
649
707
742
733
699
704
744
816
857
883
938
1016
1127
1203
1180
1011
751
513
388
362
310
157
-124
-454
-708
-884
-1049
-1300
-1655
-2003
-2205
-2204
-2080
-2007
-2086
-2263
-2405
-2384
-2224
-2028
-1868
-1780
-1689
-1497
-1212
-946
-769
-702
-700
-636
-486
-277
-62
92
174
191
183
181
174
167
176
182
181
183
185
193
180
116
-15
-183
-335
-433
-461
-466
-501
-607
-757
-873
-951
-1008
-1051
-1093
-1117
-1072
-949
-769
-613
-518
-427
-345
-215
-23
175
380
577
780
987
1163
1300
1367
1385
1380
1404
1477
1558
1630
1653
1633
1584
1520
1459
1378
1289
1201
1129
1088
1090
1111
1086
1003
884
754
654
635
693
774
847
884
873
853
865
906
962
1014
1026
1043
1117
1263
1418
1442
1274
952
578
323
269
273
173
-102
-503
-863
-1077
-1191
-1383
-1759
-2211
-2558
-2635
-2445
-2228
-2190
-2352
-2574
-2647
-2487
-2210
-1980
-1870
-1802
-1632
-1326
-967
-695
-576
-556
-541
-409
-180
58
248
345
405
423
423
422
396
386
368
350
329
292
263
214
148
38
-142
-341
-515
-636
-725
-816
-927
-1067
-1192
-1281
-1352
-1401
-1453
-1486
-1456
-1363
-1211
-1038
-869
-711
-547
-365
-173
25
212
403
613
848
1070
1258
1398
1455
1493
1544
1573
1620
1684
1732
1776
1805
1809
1795
1732
1633
1520
1410
1326
1268
1237
1195
1151
1091
974
838
709
630
626
706
810
877
885
851
847
900
990
1053
1071
1088
1157
1316
1491
1508
1260
803
281
-88
-193
-168
-176
-347
-648
-912
-1066
-1143
-1318
-1676
-2121
-2452
-2460
-2180
-1819
-1628
-1714
-1924
-2087
-2075
-1903
-1755
-1705
-1698
-1612
-1351
-996
-720
-609
-650
-742
-741
-576
-300
-30
147
205
175
127
109
118
128
106
13
-116
-199
-201
-158
-179
-354
-667
-981
-1152
-1151
-1072
-1066
-1199
-1380
-1457
-1357
-1145
-974
-960
-1014
-958
-730
-412
-172
-94
-203
-319
-169
213
634
896
929
867
874
1024
1247
1398
1433
1455
1554
1718
1869
1908
1814
1658
1538
1516
1584
1686
1767
1761
1676
1558
1397
1202
1029
914
857
872
961
1121
1323
1531
1636
1574
1391
1152
1020
1098
1327
1605
1856
2049
2178
2227
2067
1546
575
-694
-1861
-2600
-2751
-2426
-2002
-1793
-1841
-2014
-2135
-2162
-2171
-2184
-2168
-1964
-1418
-588
219
647
513
-101
-847
-1344
-1456
-1293
-1065
-945
-951
-1023
-1129
-1266
-1496
-1778
-1916
-1694
-1041
-112
820
1439
1538
1175
553
-102
-566
-751
-678
-465
-264
-179
-305
-670
-1295
-2070
-2793
-3314
-3400
-3012
-2347
-1617
-1059
-798
-778
-840
-801
-594
-233
256
794
1306
1708
1890
1761
1334
755
206
-136
-193
-32
200
382
459
410
298
180
120
182
362
678
1118
1597
2025
2326
2429
2367
2258
2138
2051
2039
2046
2024
1961
1865
1716
1527
1362
1187
1046
1034
1165
1420
1738
2003
2121
2087
1974
1900
1862
1848
1875
1882
1880
1953
2016
1828
1250
169
-1404
-3023
-4177
-4677
-4507
-3887
-3215
-2733
-2405
-2105
-1838
-1593
-1364
-1158
-852
-335
443
1210
1606
1467
761
-259
-1160
-1647
-1756
-1672
-1552
-1567
-1751
-1956
-2124
-2287
-2354
-2189
-1753
-984
100
1172
1875
2015
1565
702
-206
-842
-1145
-1172
-1061
-988
-1087
-1372
-1744
-2198
-2707
-3075
-3111
-2816
-2225
-1368
-600
-186
34
66
-72
-26
279
591
922
1285
1444
1359
1146
731
157
-329
-616
-700
-559
-260
12
148
169
132
121
187
397
753
1121
1488
1860
2069
2113
2152
2144
2066
2101
2240
2294
2316
2339
2164
1873
1680
1520
1388
1394
1459
1454
1438
1509
1595
1711
1928
2093
2103
2055
2006
1938
1916
1911
1855
1739
1670
1769
1892
1775
1210
64
-1716
-3543
-4695
-5176
-4878
-3934
-3038
-2443
-1988
-1669
-1520
-1379
-1192
-1050
-841
-364
309
862
1108
860
-55
-1247
-2189
-2697
-2675
-2228
-1797
-1671
-1788
-2013
-2244
-2321
-2147
-1770
-1203
-328
806
1835
2443
2466
1822
722
-341
-1027
-1339
-1349
-1205
-1150
-1317
-1622
-1974
-2455
-2897
-3045
-2989
-2708
-2044
-1247
-686
-264
18
-49
-152
-1
211
479
912
1237
1258
1162
957
551
178
7
-68
-1
247
476
589
611
531
469
518
645
919
1263
1538
1827
2046
2035
1929
1870
1767
1727
1957
2175
2216
2319
2304
2011
1756
1598
1339
1198
1359
1435
1468
1667
1751
1780
1925
1997
1934
1845
1718
1612
1723
1875
1958
2028
1928
1872
2013
2013
1641
809
-727
-2742
-4329
-5192
-5395
-4757
-3763
-3062
-2608
-2221
-1989
-1821
-1473
-1160
-979
-658
-166
290
572
595
90
-849
-1740
-2284
-2383
-2097
-1629
-1382
-1530
-1792
-2045
-2224
-2075
-1610
-1026
-289
678
1634
2241
2390
1984
1029
-90
-941
-1380
-1502
-1399
-1271
-1403
-1767
-2160
-2552
-2991
-3202
-3033
-2757
-2308
-1576
-976
-755
-504
-247
-268
-30
518
842
1116
1487
1538
1305
1200
1009
661
498
447
412
501
655
691
551
349
197
170
328
737
1249
1566
1752
1843
1713
1560
1597
1697
1808
2083
2389
2506
2500
2371
1993
1497
1186
1072
1057
1256
1543
1625
1636
1723
1690
1682
1910
2113
2239
2445
2534
2431
2378
2226
1927
1740
1554
1431
1593
1849
1790
1273
26
-2113
-4199
-5594
-6192
-5612
-4294
-3174
-2454
-2030
-2012
-2097
-1942
-1763
-1530
-1128
-597
27
544
719
295
-684
-1801
-2617
-2841
-2462
-1733
-1147
-1015
-1265
-1689
-2029
-2085
-1785
-1254
-591
315
1290
2017
2383
2129
1182
25
-917
-1543
-1710
-1513
-1435
-1595
-1862
-2402
-3033
-3325
-3413
-3314
-2706
-1899
-1375
-836
-397
-514
-562
-304
-168
208
925
1361
1494
1638
1473
1008
778
610
414
504
734
900
1014
1022
825
542
353
382
705
1151
1638
2074
2248
2179
1969
1655
1375
1352
1599
1984
2429
2729
2707
2374
1895
1449
1070
910
1047
1233
1444
1722
1946
1974
1930
1952
1809
1796
2072
2295
2528
2689
2574
2215
1796
1405
1089
1007
1083
1360
1591
1287
517
-980
-3083
-4732
-5556
-5614
-4735
-3430
-2610
-2175
-1907
-2083
-2279
-2160
-1969
-1658
-1100
-425
37
217
83
-582
-1502
-2206
-2546
-2445
-1850
-1124
-787
-869
-1288
-1860
-2152
-2041
-1601
-957
-195
666
1382
1804
1789
1202
295
-571
-1091
-1249
-1207
-1129
-1253
-1582
-1952
-2293
-2721
-3040
-2991
-2857
-2404
-1567
-1100
-880
-620
-669
-682
-246
193
522
1030
1343
1341
1387
1338
1134
1008
934
803
749
851
925
996
988
739
521
423
499
863
1296
1611
1785
1881
1816
1699
1718
1693
1693
1893
2155
2300
2370
2376
2115
1841
1641
1374
1328
1402
1465
1629
1632
1472
1482
1524
1503
1796
2062
1926
2093
2301
2056
2027
1988
1534
1199
1228
1211
1233
1653
1859
1536
890
-349
-2341
-4297
-5301
-5616
-5218
-4063
-3282
-3126
-3044
-3064
-3132
-2889
-2388
-1877
-1237
-504
117
404
217
-236
-930
-1616
-1840
-1746
-1424
-948
-737
-964
-1520
-2193
-2660
-2657
-2229
-1527
-686
54
771
1368
1579
1480
983
322
-155
-474
-587
-709
-1053
-1525
-2055
-2655
-3135
-3360
-3478
-3241
-2634
-2002
-1320
-965
-972
-841
-741
-471
279
909
1277
1744
1923
1673
1642
1614
1283
1209
1301
1186
1187
1424
1398
1145
1026
747
472
672
1088
1543
1944
2108
2031
1792
1572
1478
1493
1559
1779
2098
2289
2478
2535
2296
1979
1646
1327
1162
1252
1399
1494
1574
1499
1319
1285
1428
1571
1859
2185
2247
2356
2400
2053
1749
1471
1000
851
1005
1080
1237
1395
1158
434
-585
-1964
-3572
-4618
-4835
-4616
-4050
-3312
-3102
-3322
-3283
-3149
-2929
-2339
-1650
-1094
-633
-222
-72
-330
-724
-1128
-1568
-1733
-1518
-1306
-1087
-923
-1199
-1684
-2157
-2552
-2498
-2048
-1454
-780
-272
93
541
821
882
840
469
-17
-242
-356
-569
-882
-1288
-1883
-2425
-2587
-2645
-2734
-2520
-2192
-1968
-1437
-982
-1010
-835
-573
-452
106
804
1074
1312
1611
1551
1500
1592
1506
1348
1239
1274
1221
1135
1175
1051
854
732
720
739
832
1144
1431
1581
1675
1761
1647
1452
1501
1496
1494
1782
2067
2197
2315
2318
2051
1756
1592
1391
1296
1391
1362
1336
1421
1345
1347
1567
1592
1683
2019
1978
2056
2398
2071
1802
1713
1163
945
1093
1034
988
1111
1037
1003
830
72
-837
-2432
-3975
-4387
-4578
-4252
-3391
-3211
-3623
-3723
-3631
-3421
-2591
-1694
-1089
-791
-697
-575
-826
-934
-756
-924
-1002
-867
-942
-1078
-1071
-1257
-1651
-1984
-2200
-2105
-1813
-1386
-904
-755
-527
20
469
1001
1451
1255
714
221
-286
-704
-933
-1203
-1555
-1780
-1946
-2114
-2293
-2516
-2692
-2565
-2203
-1913
-1493
-1117
-961
-546
39
503
950
1400
1645
1780
1970
2003
1909
1816
1758
1729
1662
1530
1301
1059
842
750
833
911
983
1181
1371
1440
1594
1651
1505
1481
1495
1517
1692
1896
2007
2080
2055
1872
1720
1549
1369
1240
1121
1057
973
1077
1220
1234
1434
1540
1493
1659
1849
1864
2029
2103
1756
1541
1298
955
964
1054
1055
1032
1040
1124
1267
1112
470
-720
-2632
-4044
-4369
-4212
-3551
-2986
-3328
-4146
-4501
-4234
-3429
-2262
-1360
-945
-1040
-1146
-1022
-970
-711
-420
-367
-411
-486
-659
-890
-1077
-1402
-1753
-2084
-2263
-2102
-1827
-1494
-1314
-1270
-991
-391
429
1182
1412
1000
345
-284
-574
-499
-557
-795
-1140
-1646
-2046
-2244
-2444
-2582
-2513
-2236
-1862
-1576
-1322
-1158
-1013
-510
236
880
1369
1729
1809
1836
1985
2051
2119
2095
2037
1978
1702
1414
1136
858
734
805
910
922
987
1005
1014
1099
1152
1232
1295
1339
1403
1499
1596
1655
1827
1980
2013
2049
1972
1800
1685
1562
1480
1474
1401
1332
1281
1157
1168
1388
1538
1736
1958
1892
1844
1839
1707
1579
1448
1358
1277
1305
1402
1356
1214
1114
1031
603
-70
-1069
-2560
-3633
-3958
-3856
-3587
-3527
-3878
-4463
-4594
-4008
-3073
-2229
-1657
-1445
-1657
-1662
-1317
-1017
-628
-281
-155
-241
-491
-738
-1016
-1305
-1438
-1501
-1742
-1893
-1806
-1814
-1729
-1465
-1275
-957
-331
325
733
827
551
168
-58
-112
-32
-173
-639
-1120
-1471
-1730
-1818
-1822
-2140
-2490
-2432
-2234
-1928
-1409
-1082
-1002
-664
-80
491
1043
1441
1600
1642
1794
2060
2202
2192
2111
1913
1647
1457
1289
1105
962
898
875
778
705
711
684
742
917
952
960
1084
1174
1373
1674
1849
1969
2054
2054
2012
1942
1802
1663
1550
1480
1481
1352
1189
1068
1016
1185
1468
1752
1827
1729
1661
1624
1661
1779
1794
1489
1306
1365
1323
1467
1590
1271
937
1015
1094
777
257
-961
-2781
-3791
-3803
-3522
-3130
-3023
-3741
-4623
-4682
-4051
-3124
-2282
-1840
-1822
-2069
-1935
-1309
-798
-327
130
78
-314
-590
-860
-1086
-1104
-1160
-1427
-1892
-2267
-2296
-2248
-2087
-1751
-1534
-1194
-486
235
648
686
412
66
-70
118
285
-5
-496
-1024
-1547
-1657
-1547
-1678
-1905
-2032
-2071
-1829
-1438
-1110
-800
-747
-538
37
449
875
1365
1542
1548
1769
1968
1948
2025
2065
1925
1691
1497
1345
1140
1102
1124
1039
840
592
512
510
607
814
895
804
809
1042
1291
1646
1957
1939
1942
2004
2025
2162
2156
1851
1514
1266
1111
1127
1273
1293
1189
1199
1332
1424
1524
1738
1685
1628
1876
1837
1720
1664
1474
1415
1490
1504
1283
1015
833
857
804
212
-673
-2089
-3349
-3458
-3087
-2820
-2904
-3542
-4483
-4745
-4006
-3055
-2364
-2242
-2428
-2578
-2419
-1648
-908
-620
-521
-502
-742
-983
-892
-870
-907
-822
-911
-1368
-1834
-1912
-1819
-1597
-1206
-953
-851
-575
-114
198
279
207
56
-31
70
189
-29
-539
-989
-1203
-1294
-1259
-1227
-1458
-1692
-1651
-1467
-1471
-1470
-1221
-1043
-673
-7
332
278
390
775
1141
1619
1998
1882
1554
1483
1650
1785
1905
1888
1611
1291
1154
1107
972
888
886
872
850
805
756
686
744
971
1176
1313
1443
1549
1659
1837
1874
1751
1677
1617
1609
1671
1647
1430
1223
1209
1338
1611
1844
1879
1713
1498
1517
1684
1817
1898
1796
1450
1172
1247
1442
1507
1521
1321
924
913
1280
1354
857
-156
-1668
-2922
-3047
-2496
-2184
-2548
-3540
-4731
-5242
-4502
-3247
-2451
-2376
-2800
-3301
-3358
-2599
-1565
-946
-715
-785
-1118
-1385
-1207
-830
-569
-455
-696
-1256
-1771
-1880
-1545
-1128
-883
-843
-939
-925
-520
21
277
295
143
-82
-124
-57
-135
-365
-622
-763
-805
-842
-888
-1038
-1238
-1269
-1228
-1285
-1263
-1109
-974
-776
-518
-334
-171
170
699
1112
1283
1296
1295
1454
1875
2378
2522
2263
1915
1671
1624
1727
1741
1475
1079
772
660
717
778
796
710
543
450
446
573
875
1228
1501
1644
1589
1458
1497
1648
1731
1721
1574
1340
1262
1428
1617
1620
1537
1454
1356
1460
1699
1722
1642
1612
1584
1588
1599
1568
1505
1399
1355
1374
1180
1029
1221
1232
807
125
-1024
-2308
-2699
-2355
-2145
-2401
-3276
-4462
-5141
-4714
-3610
-2875
-2922
-3519
-4053
-4022
-3221
-2026
-1332
-1275
-1446
-1579
-1532
-1161
-592
-279
-223
-342
-665
-1018
-1159
-946
-632
-427
-413
-606
-782
-654
-169
320
549
400
-2
-244
-274
-155
-40
-172
-455
-702
-841
-868
-845
-941
-1089
-1148
-1197
-1191
-1159
-1169
-1064
-756
-388
-74
144
240
372
638
1022
1431
1690
1859
1988
2039
2053
2009
1898
1794
1752
1696
1565
1338
1069
900
856
885
851
665
414
231
296
559
836
1025
1041
990
986
1069
1285
1480
1534
1538
1477
1302
1235
1336
1393
1513
1652
1571
1472
1488
1572
1681
1750
1771
1631
1414
1384
1408
1280
1240
1309
1146
977
932
677
511
670
780
495
-172
-1055
-2033
-2494
-2200
-1897
-2233
-3113
-4107
-4865
-4742
-3807
-3110
-3156
-3697
-4175
-4215
-3581
-2410
-1544
-1391
-1591
-1734
-1712
-1318
-550
-2
135
-29
-429
-853
-982
-613
-106
111
-14
-375
-755
-692
-49
502
546
189
-434
-838
-639
-115
199
81
-293
-718
-954
-789
-450
-334
-454
-622
-876
-1138
-1097
-825
-587
-361
-190
-221
-360
-173
369
914
1421
1723
1669
1556
1680
2036
2355
2477
2375
2092
1770
1629
1659
1570
1345
1095
801
560
417
302
188
105
134
250
360
484
622
792
1009
1173
1225
1260
1263
1245
1377
1460
1376
1406
1489
1511
1598
1678
1572
1483
1575
1692
1753
1695
1538
1318
1154
1197
1242
1157
1002
840
687
573
632
773
836
696
241
-523
-1381
-1847
-1796
-1626
-1844
-2669
-3793
-4665
-4672
-3847
-3071
-3027
-3717
-4531
-4704
-3924
-2641
-1658
-1471
-1898
-2184
-1889
-1139
-245
337
324
-66
-395
-445
-253
95
423
445
80
-406
-668
-550
-67
485
611
163
-504
-838
-645
-128
347
306
-269
-849
-995
-675
-189
86
-121
-666
-1157
-1273
-970
-593
-334
-278
-431
-576
-494
-157
260
731
1140
1323
1344
1368
1529
1774
2130
2426
2377
2077
1714
1516
1542
1655
1649
1353
874
446
266
294
378
363
180
6
-30
130
395
580
673
706
750
888
1088
1267
1381
1437
1458
1468
1483
1496
1545
1588
1551
1508
1479
1470
1566
1699
1673
1457
1222
1040
994
1122
1199
1086
819
593
560
631
705
762
704
341
-127
-584
-1192
-1601
-1635
-1689
-2098
-2816
-3573
-4102
-4041
-3459
-3018
-3231
-3861
-4260
-4098
-3353
-2367
-1771
-1860
-2229
-2197
-1686
-988
-319
2
-126
-402
-513
-438
-271
-56
108
73
-193
-482
-546
-333
73
396
372
-17
-486
-552
-143
293
417
172
-366
-824
-802
-467
-229
-273
-541
-808
-945
-880
-581
-364
-375
-340
-296
-348
-246
104
474
790
1059
1154
1138
1242
1578
1973
2174
2152
1962
1748
1690
1811
1939
1838
1507
1081
759
607
581
637
529
248
-9
-144
-85
131
438
631
642
623
680
852
1024
1200
1302
1220
1145
1166
1220
1277
1366
1420
1365
1305
1317
1372
1431
1503
1532
1394
1168
1030
992
991
1045
1046
845
576
400
355
421
572
622
311
-245
-808
-1216
-1293
-1149
-1208
-1804
-2799
-3675
-3979
-3647
-3053
-2822
-3308
-4126
-4499
-4093
-3172
-2254
-1894
-2159
-2522
-2414
-1697
-819
-240
-137
-444
-769
-768
-431
-3
325
392
158
-180
-415
-317
108
579
795
583
100
-303
-280
145
514
416
-86
-696
-1067
-874
-354
-64
-202
-594
-944
-1021
-737
-289
-44
-103
-230
-286
-262
-47
298
576
758
868
919
935
1070
1395
1727
1923
1930
1765
1565
1514
1653
1773
1677
1348
929
668
620
673
701
518
217
44
61
243
485
576
504
433
409
481
632
720
758
818
887
928
960
1016
1076
1178
1330
1405
1334
1285
1371
1478
1609
1692
1552
1280
1128
1128
1097
967
807
654
533
563
683
602
368
257
279
233
-4
-430
-1032
-1515
-1546
-1408
-1649
-2341
-3110
-3633
-3631
-3104
-2702
-2915
-3501
-3913
-3773
-3133
-2402
-2015
-2110
-2409
-2418
-1950
-1322
-846
-599
-591
-733
-736
-515
-233
51
316
413
280
88
79
335
661
848
743
332
-98
-192
72
320
285
-8
-435
-687
-527
-132
108
24
-262
-549
-610
-387
-90
45
-27
-161
-222
-132
103
364
529
595
654
701
768
955
1174
1330
1439
1455
1330
1224
1245
1312
1380
1328
1104
823
611
596
738
803
689
424
147
52
197
414
512
450
276
176
275
491
703
821
813
734
729
851
1007
1147
1249
1311
1307
1282
1311
1373
1444
1511
1506
1347
1098
966
953
975
1037
968
736
523
418
434
449
369
251
128
10
-111
-352
-722
-1052
-1227
-1300
-1492
-1959
-2531
-2914
-2985
-2775
-2577
-2781
-3282
-3646
-3596
-3135
-2559
-2259
-2337
-2550
-2550
-2149
-1533
-1036
-797
-754
-747
-619
-317
53
318
416
392
257
125
166
371
634
756
593
256
-33
-103
69
289
276
-34
-392
-563
-473
-191
35
10
-225
-404
-331
-75
204
332
288
182
145
244
385
450
429
434
489
545
636
719
757
821
947
1060
1097
1119
1142
1169
1225
1233
1161
1043
946
887
837
763
618
428
310
300
326
361
387
365
331
366
434
483
533
602
672
724
806
891
930
993
1114
1218
1271
1299
1301
1309
1369
1429
1434
1367
1223
1088
1005
936
855
722
555
409
354
355
334
260
124
23
18
61
7
-260
-623
-938
-1110
-1131
-1238
-1627
-2169
-2592
-2756
-2648
-2481
-2566
-2914
-3284
-3389
-3157
-2795
-2516
-2442
-2503
-2456
-2155
-1677
-1248
-988
-850
-788
-722
-563
-333
-126
26
120
131
54
-7
68
256
400
411
311
135
-9
20
162
236
193
116
88
122
218
345
421
429
442
484
491
428
342
315
326
329
309
208
17
-89
2
155
271
327
318
314
380
569
816
938
946
951
944
939
989
1061
1029
900
797
716
607
539
569
565
504
476
450
426
459
570
689
739
755
779
812
893
1025
1136
1177
1152
1139
1180
1232
1279
1290
1220
1109
1034
994
965
942
874
758
638
539
464
435
426
384
349
309
242
222
236
236
237
204
93
-87
-319
-553
-706
-801
-934
-1190
-1589
-1993
-2284
-2412
-2403
-2426
-2603
-2842
-2999
-2989
-2814
-2549
-2331
-2229
-2177
-2099
-1921
-1653
-1351
-1080
-922
-862
-824
-757
-642
-465
-292
-217
-201
-193
-147
-24
108
208
246
225
243
310
384
455
480
489
549
627
669
674
632
575
579
627
622
518
377
261
164
147
193
157
33
-60
-51
31
165
290
299
244
272
394
531
650
700
673
641
642
690
729
715
715
712
671
652
637
617
640
677
696
700
700
701
742
827
892
899
891
912
939
995
1051
1032
976
934
914
900
891
880
844
811
787
764
712
637
602
553
485
459
425
360
306
297
312
353
399
391
340
283
262
283
302
274
169
-29
-277
-498
-662
-794
-950
-1165
-1449
-1758
-2012
-2183
-2261
-2274
-2340
-2467
-2588
-2662
-2597
-2407
-2213
-2123
-2145
-2170
-2111
-1934
-1684
-1471
-1364
-1357
-1342
-1207
-987
-785
-612
-485
-397
-243
-15
184
325
435
545
676
816
930
977
968
953
987
1043
1045
992
903
809
753
756
760
689
574
490
432
376
338
309
271
236
238
242
202
173
163
179
223
220
198
183
173
228
315
356
356
366
405
478
560
626
660
688
746
805
844
880
898
915
968
1010
1004
952
875
834
824
832
813
729
647
601
577
568
552
521
482
453
451
442
439
437
451
487
487
474
461
471
516
554
556
497
402
352
369
388
385
319
204
96
40
57
31
-53
-184
-384
-598
-755
-843
-952
-1103
-1274
-1496
-1721
-1866
-1940
-2012
-2134
-2274
-2411
-2535
-2559
-2487
-2433
-2437
-2452
-2442
-2384
-2251
-2054
-1856
-1709
-1563
-1372
-1151
-891
-607
-369
-195
-43
135
347
573
741
845
898
899
936
984
1002
1004
987
986
995
1000
1027
1028
1009
1021
1043
1045
1008
960
917
847
769
715
657
560
470
416
320
197
118
72
27
16
10
-43
-88
-87
-26
82
188
272
325
368
421
497
596
699
759
775
771
753
769
817
851
841
786
721
678
629
609
599
554
505
469
433
369
346
365
370
401
425
410
401
420
475
528
557
580
548
495
478
484
483
448
385
308
243
210
194
180
130
84
57
13
-4
-11
-41
-62
-82
-130
-183
-230
-314
-441
-576
-727
-888
-1048
-1226
-1428
-1655
-1872
-2040
-2161
-2250
-2326
-2417
-2502
-2536
-2477
-2358
-2248
-2165
-2089
-1995
-1830
-1594
-1382
-1221
-1082
-917
-697
-458
-231
-74
8
120
285
480
666
777
837
899
998
1136
1256
1314
1314
1312
1335
1363
1375
1348
1306
1250
1198
1173
1107
1021
935
809
694
583
452
321
178
57
-30
-99
-158
-217
-281
-319
-327
-311
-260
-211
-168
-130
-85
-7
74
163
237
263
277
300
341
405
476
510
499
469
446
461
520
605
671
671
647
647
659
700
766
781
732
675
638
613
606
602
555
469
385
333
302
291
283
248
184
122
105
95
90
101
84
35
-5
-9
25
62
78
94
60
6
-3
-11
-1
-26
-97
-186
-313
-415
-476
-550
-660
-803
-959
-1100
-1193
-1242
-1308
-1409
-1525
-1631
-1690
-1725
-1744
-1769
-1837
-1888
-1879
-1821
-1761
-1693
-1614
-1528
-1405
-1240
-1052
-876
-702
-505
-282
-53
172
367
510
658
814
963
1107
1188
1222
1252
1274
1311
1337
1325
1289
1247
1202
1166
1127
1069
999
919
835
758
690
579
453
353
264
203
134
42
-56
-141
-210
-256
-266
-305
-358
-395
-422
-427
-426
-409
-384
-344
-290
-244
-207
-174
-86
33
165
311
401
464
531
633
764
862
936
947
896
843
815
820
831
797
702
575
463
408
395
373
319
246
165
104
98
112
126
109
62
8
-32
-9
11
10
1
-44
-87
-106
-98
-91
-100
-130
-163
-162
-145
-123
-107
-114
-149
-161
-124
-88
-67
-60
-91
-132
-160
-174
-215
-310
-422
-554
-683
-781
-868
-975
-1121
-1250
-1343
-1416
-1454
-1479
-1520
-1551
-1540
-1467
-1362
-1277
-1193
-1106
-1014
-853
-655
-476
-334
-233
-120
18
185
358
470
546
612
691
803
907
975
1016
1030
1032
1043
1046
1036
1013
983
974
945
868
792
735
683
643
588
490
367
265
189
117
50
-43
-167
-281
-376
-428
-474
-520
-548
-569
-568
-565
-532
-478
-425
-322
-229
-150
-69
-12
72
177
275
379
456
507
557
595
653
705
739
775
790
803
803
787
760
736
720
700
651
573
493
418
368
314
237
159
73
-18
-83
-126
-169
-201
-230
-250
-268
-299
-322
-356
-361
-323
-288
-263
-272
-279
-267
-251
-195
-152
-138
-130
-154
-162
-142
-123
-100
-88
-97
-100
-103
-113
-111
-99
-107
-133
-171
-225
-292
-339
-367
-419
-489
-562
-642
-696
-725
-746
-779
-832
-871
-892
-877
-832
-777
-734
-706
-644
-557
-426
-286
-184
-96
-17
77
202
323
407
456
481
518
569
589
601
591
553
525
508
488
445
415
392
351
304
273
239
197
178
157
121
72
17
-39
-95
-140
-191
-241
-289
-334
-378
-423
-443
-435
-406
-363
-333
-308
-277
-221
-123
-9
102
194
267
337
428
538
637
701
741
773
808
849
868
854
839
816
782
730
666
586
502
429
363
299
225
150
86
27
-8
-33
-54
-88
-126
-140
-153
-159
-162
-170
-177
-181
-170
-160
-182
-201
-205
-197
-154
-119
-111
-108
-113
-88
-15
63
124
164
184
205
247
304
349
380
385
366
347
328
307
268
225
168
70
-27
-127
-228
-324
-428
-526
-629
-712
-767
-826
-871
-915
-958
-963
-937
-901
-869
-850
-837
-802
-719
-627
-551
-515
-517
-488
-414
-311
-202
-158
-150
-119
-82
-4
79
136
173
191
218
259
302
332
353
365
371
364
358
332
293
288
268
237
200
134
69
16
-6
-19
-49
-85
-120
-149
-161
-163
-156
-143
-131
-106
-74
-53
-10
56
104
170
242
289
343
399
447
481
512
537
549
547
539
543
535
513
499
468
439
414
385
366
334
308
307
277
243
224
182
139
101
82
72
47
23
-20
-66
-92
-103
-105
-106
-102
-118
-142
-118
-81
-43
-5
13
37
65
101
149
188
227
265
296
323
346
360
355
366
395
402
388
360
318
275
240
207
164
102
15
-87
-176
-229
-296
-406
-524
-644
-746
-834
-913
-980
-1051
-1112
-1149
-1167
-1167
-1151
-1139
-1132
-1092
-1025
-943
-858
-790
-721
-648
-572
-476
-369
-291
-229
-154
-87
-6
82
153
206
244
281
314
356
401
436
454
454
456
460
458
449
429
405
380
351
326
295
248
221
199
166
136
100
63
7
-28
-22
-14
0
-16
-48
-56
-29
27
74
113
122
115
148
218
302
355
397
425
434
453
482
515
508
482
465
427
401
380
347
313
272
227
190
160
127
111
93
79
75
66
58
54
60
70
73
65
55
54
64
67
65
74
84
99
113
135
157
177
197
217
242
272
303
313
333
343
331
340
328
306
284
233
174
113
39
-31
-96
-179
-273
-358
-459
-560
-650
-748
-845
-926
-996
-1056
-1115
-1171
-1220
-1253
-1258
-1249
-1236
-1213
-1191
-1155
-1093
-994
-884
-791
-699
-613
-512
-398
-279
-164
-71
9
101
193
264
331
388
439
467
493
527
536
549
548
547
560
548
521
501
476
452
421
367
320
268
226
205
163
118
69
25
-6
-29
-39
-76
-108
-111
-100
-61
-23
7
38
59
104
161
215
259
279
301
340
372
394
419
433
447
459
456
442
420
404
387
385
385
349
308
266
230
213
207
197
167
117
91
89
89
111
116
113
113
126
154
176
203
217
221
249
275
284
309
304
289
294
277
254
226
181
152
143
130
103
75
46
9
-22
-59
-106
-169
-237
-296
-358
-420
-508
-611
-704
-777
-847
-929
-1003
-1060
-1108
-1147
-1176
-1190
-1171
-1145
-1108
-1053
-1013
-961
-895
-809
-705
-600
-507
-439
-349
-249
-145
-28
66
140
203
259
327
397
437
467
498
521
546
561
546
535
523
505
503
490
458
416
374
364
356
316
273
213
157
116
83
66
43
8
-36
-58
-59
-64
-69
-69
-67
-67
-51
-32
5
49
84
136
182
212
257
289
314
360
377
397
419
413
413
400
380
374
353
325
302
271
240
225
216
222
220
221
234
239
238
246
273
301
308
318
333
328
326
335
339
329
310
285
254
235
213
204
195
164
143
128
113
92
71
52
25
-3
-43
-85
-138
-199
-234
-282
-345
-413
-489
-559
-628
-677
-728
-794
-837
-878
-916
-934
-950
-961
-959
-963
-950
-920
-891
-848
-811
-768
-712
-651
-584
-527
-474
-407
-342
-286
-223
-156
-89
-30
34
98
158
215
254
305
357
397
435
451
456
475
498
508
512
482
433
404
369
357
342
298
248
192
160
136
107
92
65
15
-20
-44
-50
-39
-22
-12
-21
-12
4
17
45
72
89
109
130
139
155
175
187
197
199
197
197
202
204
197
199
204
215
231
246
263
278
289
315
337
351
378
378
388
411
400
399
392
381
383
371
352
331
306
283
279
276
255
227
208
195
167
148
128
96
69
34
-1
-39
-74
-113
-169
-215
-271
-332
-380
-444
-502
-533
-564
-611
-649
-685
-733
-748
-738
-743
-738
-737
-751
-740
-715
-682
-647
-635
-630
-615
-588
-558
-531
-505
-476
-447
-410
-365
-326
-269
-209
-156
-104
-52
4
58
113
164
205
245
280
308
329
350
371
368
367
368
368
374
376
373
355
339
335
322
302
286
272
244
229
214
192
181
162
139
114
83
61
50
39
36
31
7
-11
-15
-4
11
22
21
16
29
41
57
94
118
132
144
156
187
210
234
266
270
289
322
352
371
375
381
387
410
420
421
423
405
400
395
403
400
377
365
340
319
305
294
287
262
219
188
169
141
105
73
33
-24
-65
-104
-148
-186
-236
-266
-294
-326
-353
-382
-402
-425
-431
-428
-450
-462
-471
-482
-484
-491
-497
-507
-528
-549
-567
-574
-584
-603
-611
-610
-609
-603
-585
-568
-539
-498
-463
-437
-400
-357
-312
-253
-207
-173
-138
-97
-54
-21
11
51
88
116
151
185
215
242
270
297
326
351
369
378
387
394
403
419
414
400
380
349
336
324
290
262
225
183
168
147
116
95
69
42
18
-3
-17
-25
-26
-26
-18
-10
1
12
28
40
48
74
91
119
145
169
201
224
249
275
295
316
340
358
378
388
386
399
413
412
411
397
388
377
347
337
312
283
262
224
192
169
143
106
60
25
-18
-59
-85
-114
-142
-178
-208
-228
-251
-262
-283
-289
-291
-309
-317
-322
-329
-338
-353
-364
-371
-371
-373
-387
-408
-431
-446
-454
-449
-447
-451
-462
-472
-463
-460
-446
-444
-451
-434
-433
-431
-405
-391
-375
-355
-350
-335
-316
-295
-261
-230
-195
-158
-119
-80
-49
4
65
112
158
202
237
269
316
338
368
399
406
412
413
419
420
401
371
355
343
332
323
305
290
264
243
235
213
193
179
161
152
144
147
133
112
114
103
97
103
104
119
118
117
142
152
161
188
207
227
249
259
271
293
306
323
344
354
364
367
358
352
354
340
327
313
291
270
248
229
206
173
137
101
76
54
31
12
-18
-55
-80
-105
-130
-138
-145
-175
-213
-222
-234
-252
-264
-302
-328
-340
-351
-346
-354
-377
-409
-430
-433
-435
-429
-433
-445
-446
-444
-432
-418
-430
-444
-438
-438
-425
-407
-417
-433
-437
-426
-405
-389
-387
-386
-372
-342
-315
-289
-255
-236
-209
-164
-126
-79
-36
-11
24
57
86
124
151
178
212
230
249
255
248
259
266
282
288
286
284
276
288
293
290
284
282
274
258
265
263
261
258
251
252
238
234
255
263
268
259
258
269
270
283
291
304
305
303
311
319
321
323
334
333
339
344
346
342
328
322
305
286
279
260
237
212
192
174
135
105
71
34
12
-22
-49
-80
-113
-141
-171
-197
-218
-229
-241
-261
-277
-294
-309
-320
-337
-350
-355
-363
-369
-372
-371
-382
-403
-414
-409
-398
-396
-412
-426
-420
-417
-417
-416
-415
-420
-419
-414
-414
-393
-378
-381
-372
-359
-347
-329
-303
-287
-263
-238
-223
-206
-182
-139
-98
-70
-44
-22
-7
16
44
74
101
112
124
147
167
189
209
221
228
236
248
260
267
276
276
278
280
268
266
264
261
254
248
235
224
216
207
217
206
197
198
198
217
217
222
223
227
254
272
281
291
298
313
321
316
322
327
332
335
328
333
333
327
327
323
317
305
289
291
290
275
257
230
218
197
166
149
110
75
47
6
-28
-70
-111
-136
-167
-205
-225
-247
-274
-286
-308
-323
-325
-332
-347
-351
-356
-362
-366
-382
-386
-391
-398
-398
-407
-418
-415
-413
-412
-408
-410
-405
-402
-407
-406
-402
-402
-391
-384
-374
-360
-347
-329
-314
-295
-273
-268
-256
-232
-219
-198
-164
-140
-130
-117
-91
-65
-45
-13
11
37
64
84
121
144
168
192
209
239
258
274
297
301
307
324
325
333
340
328
333
326
307
308
305
301
305
297
293
293
299
314
310
302
305
305
313
326
325
318
318
309
304
306
299
299
291
266
257
255
256
252
231
230
231
229
239
227
227
231
228
229
216
206
197
194
180
150
124
102
78
41
24
-1
-34
-67
-107
-135
-161
-176
-193
-230
-252
-270
-289
-304
-318
-322
-343
-360
-377
-395
-408
-429
-439
-463
-498
-515
-527
-527
-531
-536
-531
-533
-533
-515
-506
-494
-463
-453
-435
-397
-377
-349
-320
-306
-279
-245
-226
-209
-184
-170
-159
-133
-122
-113
-90
-88
-75
-50
-22
3
18
41
67
101
132
158
175
189
207
228
245
242
236
245
256
256
259
257
245
242
243
243
251
256
255
260
271
280
286
302
315
329
345
346
355
364
371
376
367
359
355
349
340
330
316
300
281
267
255
246
237
228
225
224
218
215
216
212
206
213
197
189
196
185
165
151
137
118
106
90
76
66
36
15
8
-12
-31
-40
-52
-68
-82
-95
-101
-105
-119
-136
-143
-146
-160
-176
-191
-213
-236
-263
-290
-322
-355
-385
-412
-441
-473
-491
-515
-537
-535
-544
-550
-542
-530
-512
-496
-485
-462
-432
-418
-396
-362
-342
-321
-304
-291
-258
-237
-238
-225
-197
-178
-165
-154
-135
-104
-79
-54
-24
12
39
67
98
128
151
177
195
200
208
214
220
228
221
210
209
205
210
207
196
209
215
214
222
225
240
260
263
276
298
319
331
325
339
358
357
361
359
351
359
345
331
327
302
294
283
264
253
244
228
213
207
192
186
186
169
160
156
155
151
130
124
115
96
86
78
75
56
35
23
2
-5
-18
-40
-48
-60
-78
-86
-90
-98
-97
-104
-114
-114
-111
-109
-124
-129
-135
-149
-161
-182
-196
-212
-233
-255
-281
-306
-328
-349
-374
-386
-395
-411
-423
-422
-421
-420
-415
-408
-398
-383
-369
-358
-343
-327
-321
-311
-293
-287
-278
-255
-241
-244
-221
-197
-189
-160
-141
-125
-99
-82
-51
-20
2
31
55
79
94
112
136
148
160
151
149
156
149
156
156
151
148
143
146
149
156
156
157
162
166
187
191
193
206
216
232
242
245
250
268
261
264
280
264
255
258
259
263
259
249
251
241
238
242
231
228
221
210
216
209
205
199
180
180
178
165
155
154
143
116
103
86
67
53
35
18
-7
-22
-43
-55
-51
-65
-78
-86
-87
-87
-79
-75
-93
-96
-99
-105
-104
-122
-135
-134
-144
-172
-192
-195
-209
-222
-235
-256
-265
-264
-276
-294
-296
-301
-295
-294
-299
-291
-279
-274
-273
-258
-260
-254
-242
-243
-232
-228
-230
-220
-205
-191
-179
-164
-148
-132
-117
-97
-74
-47
-34
-5
18
28
63
82
102
118
128
153
155
154
170
174
171
168
166
167
166
159
161
168
165
162
159
147
154
158
153
153
148
146
143
149
156
152
148
146
143
134
127
125
121
113
114
105
102
117
111
103
112
115
116
123
110
112
122
116
119
116
119
128
127
120
111
110
102
90
85
70
48
39
24
5
-7
-23
-27
-40
-58
-59
-58
-56
-60
-67
-70
-81
-85
-91
-107
-114
-123
-145
-163
-182
-184
-188
-207
-212
-226
-235
-233
-232
-238
-249
-240
-236
-239
-236
-219
-215
-216
-199
-200
-196
-186
-183
-179
-181
-184
-181
-163
-161
-158
-144
-144
-132
-111
-93
-79
-61
-45
-32
-16
0
22
33
40
58
69
81
98
107
122
136
143
154
157
162
178
176
174
189
188
185
194
190
202
214
205
198
187
182
185
176
164
162
152
137
137
125
114
108
87
81
71
53
51
39
31
23
15
15
9
16
16
1
1
-7
-7
3
-1
6
4
3
11
11
25
20
19
40
35
31
44
51
55
44
47
50
43
46
46
51
48
29
26
32
24
13
13
5
-5
-30
-52
-51
-67
-74
-86
-112
-115
-123
-120
-113
-139
-148
-148
-153
-160
-170
-163
-174
-192
-189
-194
-198
-199
-194
-190
-196
-200
-195
-174
-162
-156
-147
-140
-133
-115
-94
-85
-76
-58
-46
-42
-23
-16
-4
11
0
1
0
5
17
19
31
32
33
54
68
84
101
114
123
123
136
150
167
176
175
183
186
190
185
182
190
175
159
156
157
150
142
133
131
130
119
119
122
118
100
90
85
75
69
62
56
32
19
10
-5
-10
-27
-33
-37
-58
-63
-63
-65
-61
-68
-73
-65
-60
-55
-48
-35
-25
-14
-7
-4
18
33
33
37
40
43
39
34
42
44
38
41
26
15
27
22
15
8
2
-4
-15
-13
-9
-22
-23
-23
-32
-26
-40
-52
-51
-62
-79
-95
-102
-115
-129
-138
-156
-164
-168
-167
-165
-164
-156
-153
-138
-129
-121
-104
-104
-92
-82
-79
-71
-59
-58
-57
-44
-52
-47
-45
-53
-41
-41
-47
-47
-47
-36
-24
-8
3
9
21
37
46
50
64
75
71
76
81
82
79
76
82
79
75
77
81
83
82
90
93
92
111
118
126
145
142
146
153
148
160
158
142
135
126
118
102
92
80
68
51
37
39
29
15
6
-4
-5
-9
-18
-19
-20
-20
-20
-21
-18
-14
-10
-2
0
-5
-9
-8
-4
-3
-12
-17
-20
-20
-15
-10
-1
-3
-8
-4
8
12
12
16
10
17
18
10
13
9
3
-6
-11
-8
-30
-43
-50
-62
-66
-77
-97
-115
-118
-113
-115
-125
-137
-133
-125
-113
-94
-94
-90
-88
-76
-59
-57
-56
-58
-52
-45
-50
-46
-50
-47
-40
-44
-45
-45
-45
-44
-43
-32
-22
-14
-11
0
13
24
38
39
46
54
45
41
38
25
28
28
18
23
23
12
11
19
25
29
34
39
53
66
69
81
85
89
104
111
110
106
106
105
91
80
86
81
74
87
77
64
66
50
52
53
49
53
45
36
23
31
33
25
25
18
17
24
13
2
5
1
-16
-21
-20
-37
-38
-33
-49
-42
-41
-50
-45
-43
-40
-33
-34
-23
-15
-35
-35
-25
-25
-38
-44
-45
-49
-45
-51
-62
-71
-71
-71
-83
-72
-68
-77
-84
-95
-86
-87
-96
-96
-90
-83
-80
-73
-68
-74
-75
-68
-59
-46
-47
-48
-36
-51
-51
-32
-27
-17
-17
-13
-6
-4
2
10
24
25
23
30
43
55
65
76
78
66
54
58
60
58
58
45
34
34
35
34
33
25
23
30
29
35
39
33
39
33
33
37
28
43
47
41
49
34
5
-14
-1
36
48
28
0
-10
18
36
42
27
11
24
39
52
48
39
38
46
54
49
50
52
54
50
35
23
10
2
3
-2
9
3
-6
-2
-16
-14
4
5
-7
-14
-3
6
7
12
5
-20
-19
-11
-10
-13
-27
-34
-29
-31
-41
-48
-48
-38
-37
-30
-22
-28
-42
-50
-44
-44
-53
-55
-48
-40
-30
-27
-50
-61
-49
-34
-26
-31
-33
-45
-46
-35
-44
-38
-31
-45
-40
-13
-4
-1
5
-1
4
16
37
45
50
57
64
73
66
62
57
50
67
72
58
50
43
48
49
42
40
28
21
26
34
36
27
19
6
-1
10
4
7
20
6
-3
-10
-32
-35
-27
-31
-48
-50
-41
-45
-43
-54
-59
-56
-58
-53
-45
-41
-41
-32
-29
-33
-26
-21
-13
5
14
3
-14
-13
-23
-31
-36
-40
-33
-37
-36
-29
-33
-28
-19
-15
-14
-3
-4
0
16
20
15
15
17
15
23
23
19
27
22
13
13
13
18
8
12
29
28
33
25
22
17
9
17
20
18
22
23
23
20
20
27
19
12
10
15
24
13
2
-11
-20
-16
-13
-8
-14
-13
-4
-7
-5
1
9
14
21
36
39
46
49
43
51
53
44
39
36
31
34
33
19
26
13
3
20
10
4
14
8
7
5
-4
-3
-7
-2
-1
-8
-2
-2
-12
-16
-19
-28
-38
-46
-44
-34
-35
-54
-63
-56
-53
-53
-54
-45
-43
-52
-44
-39
-37
-33
-36
-29
-13
0
-2
-12
-22
-23
-23
-28
-26
-35
-47
-44
-42
-42
-39
-46
-40
-23
-19
-19
-17
-15
0
1
-2
10
9
5
12
15
20
21
12
8
14
21
22
26
30
24
30
42
36
37
35
34
34
32
36
30
25
33
33
29
28
24
29
37
35
31
18
7
6
9
9
10
15
3
0
8
-3
5
14
9
15
21
20
22
22
25
27
27
36
29
28
34
25
17
14
18
15
10
9
15
15
6
0
4
-4
-16
-10
-14
-10
-20
-25
-16
-25
-27
-28
-26
-29
-28
-23
-31
-28
-29
-36
-31
-32
-39
-34
-36
-23
-19
-35
-32
-33
-28
-29
-19
-3
-9
-2
4
2
6
-2
2
4
-3
4
7
0
-11
-15
-12
-9
5
-2
-5
9
11
16
8
-6
0
13
11
9
18
13
1
5
11
17
20
9
13
17
19
34
27
15
19
29
19
16
29
20
13
8
6
12
-1
-12
-11
6
6
-1
5
2
-2
-11
-17
-7
-7
-14
-9
-11
-7
-15
-25
-17
-13
-7
2
-1
-11
-9
4
-1
-1
-1
-6
9
11
16
15
-2
11
13
6
15
14
24
35
24
23
16
2
11
10
3
1
-10
-24
-27
-22
-24
-21
-25
-38
-30
-23
-21
-12
-20
-21
-17
-22
-16
-15
-9
-3
-6
-9
-18
-16
-16
-17
-5
-2
-2
10
18
13
16
29
32
29
35
40
37
37
31
35
19
19
35
32
43
40
34
34
24
32
31
17
23
23
9
5
1
3
6
-4
-1
5
-1
4
12
14
5
2
8
2
3
6
3
5
-3
-9
-11
-14
-19
-26
-31
-32
-22
-22
-31
-32
-31
-26
-23
-20
-18
-19
-20
-23
-21
-25
-34
-37
-33
-34
-29
-32
-36
-23
-28
-36
-26
-13
-11
-18
-4
11
7
3
-1
0
13
23
28
29
24
25
18
26
40
32
27
24
19
19
23
7
-1
9
5
1
3
5
5
8
12
4
1
4
-3
-1
10
2
-2
-5
-10
-6
-11
-18
-24
-20
-16
-19
-15
-24
-20
-8
-4
2
12
20
26
29
23
24
24
22
19
17
17
19
19
14
15
16
12
23
28
13
14
24
25
22
9
9
11
14
20
17
21
19
8
8
9
10
9
-3
-4
2
2
-1
-13
-11
-14
-20
-18
-26
-27
-27
-27
-41
-45
-35
-39
-34
-34
-32
-27
-29
-26
-31
-34
-33
-35
-41
-46
-36
-47
-47
-40
-51
-45
-45
-38
-27
-24
-6
-5
-14
-2
7
6
7
14
28
22
18
26
29
37
36
39
47
41
45
54
47
41
39
40
33
30
31
29
40
33
23
25
27
28
30
28
19
23
24
14
15
5
0
11
0
-9
-6
-15
-19
-18
-22
-23
-24
-29
-23
-14
-13
-11
-14
-9
-10
-10
-6
-13
-16
-12
-12
-17
-16
-14
-16
-13
-11
-6
0
-6
-3
0
1
8
-2
0
4
6
13
12
9
14
6
6
23
23
22
25
19
23
26
17
17
18
16
14
13
8
-3
-7
-1
-4
-9
-7
-10
-16
-18
-16
-18
-24
-32
-27
-22
-30
-36
-30
-31
-36
-41
-36
-31
-34
-34
-39
-32
-25
-34
-33
-26
-25
-23
-22
-19
-13
-12
-10
-5
-2
4
-1
7
27
24
27
32
30
41
40
39
36
37
35
34
35
21
24
25
27
25
29
38
28
30
35
34
23
23
32
22
15
21
19
16
14
2
5
7
0
3
-4
-10
-11
-19
-23
-20
-24
-29
-21
-25
-25
-18
-26
-27
-24
-24
-25
-22
-16
-27
-26
-19
-23
-22
-23
-30
-24
-22
-24
-17
-22
-26
-18
-13
-20
-15
-8
0
3
5
15
11
10
19
18
21
26
29
27
21
20
20
21
15
19
24
22
18
15
16
15
14
11
0
1
6
6
1
1
1
-4
8
3
4
9
7
7
-4
-4
-7
-22
-16
-15
-30
-21
-17
-32
-24
-18
-29
-26
-21
-17
-14
-9
0
1
6
5
5
9
12
14
17
6
-8
0
-7
-7
0
-10
-12
-5
4
9
16
10
2
15
18
14
14
15
21
17
18
14
5
12
15
19
16
6
9
3
-3
4
-7
-17
-8
-7
-11
-3
-9
-4
-2
-7
2
-9
2
6
2
12
3
1
4
6
4
5
3
-3
-4
-10
-10
-11
-16
-23
-12
0
-13
3
8
-11
-1
9
6
6
7
14
10
5
13
12
-1
3
1
-7
0
1
-8
-6
-5
-8
-10
-8
-5
-6
-13
-8
1
-2
5
-1
-2
17
16
17
19
13
18
6
5
8
-1
-8
-9
1
-2
-10
-9
-14
-14
-15
-10
-5
-4
1
1
0
11
18
15
12
9
14
14
3
-1
-3
-13
-14
-10
-18
-21
-18
-11
-12
-14
-7
-8
-4
3
-2
-1
9
7
2
0
-3
2
-1
-1
-2
-4
0
-6
-12
-7
-12
-17
-14
-22
-15
-6
-13
-8
-1
-7
0
1
-2
13
5
0
11
14
10
16
22
13
19
32
23
20
20
9
14
25
15
11
19
18
20
25
23
20
18
19
23
27
25
13
17
24
13
11
7
4
2
-14
-14
-8
-15
-21
-21
-26
-25
-20
-29
-33
-26
-19
-27
-32
-19
-11
-15
-19
-12
-5
-3
-12
-17
-13
-14
-15
-15
-11
-12
-18
-17
-8
-4
-9
-12
-6
-2
3
7
10
11
13
22
21
17
24
18
12
17
10
10
11
-1
0
0
2
0
-1
5
3
-1
1
15
13
-1
8
10
1
3
5
-2
-7
-9
-12
-9
-9
-18
-15
-10
-25
-18
-13
-17
-22
-26
-18
-15
-11
-15
-18
-12
-8
-9
-10
-3
-7
-9
0
4
-1
-1
2
4
11
9
14
15
11
26
21
16
27
29
28
28
27
31
30
29
38
28
19
22
30
26
19
14
11
11
12
14
2
-1
8
6
-1
-7
-10
-7
-8
-29
-19
-13
-28
-22
-25
-29
-22
-27
-31
-23
-26
-33
-22
-22
-30
-23
-25
-29
-27
-28
-19
-13
-20
-26
-12
-1
-8
-6
-5
-3
9
14
5
4
11
12
12
7
14
21
7
9
19
15
12
13
18
21
26
32
30
29
33
33
31
36
29
22
25
19
21
15
1
9
8
-2
-4
-1
0
-5
1
-4
-10
-4
-9
-9
-5
-12
-12
-11
-13
-15
-16
-15
-20
-16
-13
-19
-23
-23
-27
-26
-24
-32
-19
-18
-23
-7
0
-6
-7
3
12
9
6
16
17
15
18
24
24
18
24
23
18
13
13
14
9
3
5
8
10
9
9
16
9
8
18
9
5
8
3
3
1
0
-3
-10
-14
-16
-18
-23
-24
-21
-25
-30
-27
-30
-39
-34
-33
-38
-33
-25
-24
-29
-23
-14
-14
-14
-12
-10
-10
-6
-8
-9
-10
-8
-3
-1
3
4
4
-2
-1
13
8
6
17
19
16
17
23
29
36
34
36
39
41
41
35
38
37
34
32
24
18
19
23
17
14
16
13
10
5
4
5
-6
-2
1
-10
3
-1
-7
1
-4
-8
-1
-2
-13
-13
-12
-17
-25
-34
-30
-21
-30
-36
-21
-27
-32
-14
-17
-25
-9
-15
-24
-5
-7
-9
-4
-2
9
11
10
4
3
12
5
0
2
-1
-3
-2
6
3
-1
7
5
16
17
6
9
12
14
17
10
7
12
5
5
5
-5
-2
-1
-4
-4
-8
-17
-17
-17
-25
-22
-22
-14
-13
-14
-14
-18
-8
-13
-17
-13
-15
-16
-20
-16
-15
-17
-6
-7
-12
-7
-5
-3
5
2
5
15
14
8
3
14
13
11
20
17
14
23
33
23
25
33
23
24
23
25
23
18
23
23
23
29
27
22
15
15
15
0
-2
7
6
6
0
4
4
-2
4
0
-5
0
-3
-8
-8
-14
