-8
-7
-2
-9
-7
0
-5
-5
-5
-13
-8
-1
-6
-8
-10
-8
-1
7
10
1
0
11
0
3
8
-3
1
-5
-11
-7
-3
-1
-4
-5
-6
-10
-11
-5
-3
-5
8
8
-4
10
2
-4
4
1
17
22
3
5
10
0
-4
-4
1
3
-1
-1
13
12
9
10
2
13
18
10
10
3
2
3
-8
-1
13
9
11
7
1
4
6
9
7
10
14
13
4
-1
6
1
-5
0
1
-1
0
-5
-11
1
-1
-12
-5
0
-4
2
1
-4
-6
-8
-7
-1
0
-7
-8
-4
-4
-12
-8
-6
-3
5
-12
-13
-11
-14
-9
-6
-6
-3
3
-3
-2
-9
-11
-5
-7
-1
-7
-5
-5
-16
-4
-4
-15
-4
1
-3
1
-2
-14
-12
0
-11
-15
-8
-2
1
3
4
2
0
-8
-7
3
3
15
12
0
2
-2
-1
1
-3
3
8
8
6
7
1
-4
3
5
3
5
7
1
1
-3
1
0
-5
1
0
2
8
3
4
4
2
9
7
11
6
-4
6
6
-1
0
2
9
0
-17
-5
2
-7
-1
5
0
-6
1
6
5
2
-8
-2
0
-3
8
8
0
-4
1
1
-4
-10
-8
-2
-7
-3
5
5
3
-3
4
6
-2
2
-6
-8
-1
-6
-11
-5
3
-5
-1
9
1
-2
-3
-8
-10
-1
6
1
4
5
1
-6
-5
8
3
1
-1
3
-1
-14
-3
-2
-7
-4
-7
-5
-6
0
7
-8
0
10
-7
-11
-1
-2
-3
2
5
1
0
10
14
6
1
-1
-5
-12
-7
6
-3
-7
8
5
2
9
6
7
11
16
9
2
2
0
2
5
5
1
0
0
4
2
2
1
0
6
4
3
1
-2
1
5
19
16
4
5
2
-6
-9
-5
2
2
-3
2
3
4
3
2
7
4
7
6
-4
-4
6
3
-4
0
-7
-6
3
-2
2
0
-12
-2
-7
-17
-7
-7
-6
-5
-10
-4
-2
1
3
-1
-4
-5
-1
-3
-4
-2
-6
-13
-12
-15
-13
-2
-1
0
-9
-13
-4
-10
-8
-9
-12
-1
-12
-10
6
-2
-7
-1
4
0
4
-1
-8
-1
3
3
-5
-7
5
6
0
1
-3
-1
11
16
4
2
8
3
8
9
8
8
4
7
16
21
15
14
6
8
11
2
14
15
12
16
8
6
6
7
5
4
9
13
3
3
12
4
-2
0
-7
-8
-8
-7
-7
-9
-1
1
0
1
-7
-2
-3
-7
3
-1
-4
2
-2
-5
0
-3
-5
3
0
-2
5
14
10
-1
3
8
8
10
6
2
8
7
-12
-12
-6
-12
-9
-11
-12
-9
-5
-11
-16
-11
-5
1
-4
-10
-10
-11
-9
-12
-15
-14
-13
-15
-12
-7
-4
0
2
-5
-3
-8
-14
-4
-1
-8
-8
-1
-2
-5
-1
3
6
-2
-3
2
0
3
-5
-1
1
-12
-7
0
-7
-3
3
1
2
-8
-3
-3
-12
-2
-9
-8
1
6
-4
-5
18
16
8
14
11
5
5
4
12
10
4
10
6
9
8
1
12
12
0
6
11
6
10
13
17
17
0
0
11
-5
-7
2
1
7
2
-2
1
6
24
20
3
9
4
-5
-1
-5
-10
-2
-2
-2
2
-2
-6
-3
-2
3
6
-3
-1
-7
-3
7
-4
-7
-2
3
-2
-3
-3
-2
-1
1
10
6
-2
3
6
2
-2
-1
4
4
0
1
2
-7
-15
-14
-5
0
-12
-12
-5
-9
-12
-3
1
5
-6
-2
14
5
-5
-11
-4
-2
-16
-3
-1
-4
10
2
6
15
6
3
4
6
-1
-1
8
3
3
9
7
-1
-1
6
1
5
3
-7
-8
-6
-6
-8
-3
5
-4
-12
-6
-8
-3
-3
-10
-5
-2
-4
-3
-1
-7
-10
-5
4
8
13
23
4
1
9
-2
2
5
2
-1
-6
-4
2
-6
-14
-2
-5
-11
-1
-3
-4
-3
-10
-9
-4
-2
-13
-6
12
2
-5
12
15
-4
8
10
3
9
-9
-5
20
16
5
3
5
15
15
7
4
-4
-3
1
6
0
-12
-1
1
3
11
1
-4
6
-2
0
3
-7
10
15
12
15
4
0
11
-10
4
33
1
13
17
-17
-1
16
5
7
7
-1
14
1
-13
16
9
-18
1
6
5
16
1
2
14
1
5
19
10
1
5
1
11
4
-13
28
10
-6
16
-6
3
0
-7
-2
4
-3
-5
24
1
-15
-5
-26
-18
-6
-29
11
9
-35
2
-17
-36
3
-27
-16
17
-37
-5
32
-21
-4
11
-24
-5
4
-29
-14
-7
-9
0
5
-3
-28
0
17
-6
-4
25
10
-20
14
-14
-50
6
-15
-27
43
-16
-29
50
-5
-18
13
-11
-14
9
8
1
7
-6
-18
-10
28
-15
-11
35
-30
-6
34
-3
5
23
7
14
26
29
16
11
38
-20
6
31
-26
5
11
11
-23
28
34
-47
31
17
-48
31
26
-39
43
6
-38
61
-16
-21
32
-40
5
5
-20
16
-17
6
21
-21
0
30
-23
-5
47
-27
-30
45
-26
-28
73
-46
-14
69
-58
-3
62
-42
-34
44
-30
-28
27
2
-20
-4
15
-70
4
41
-92
32
63
-88
19
57
-91
8
51
-78
28
54
-66
-14
51
-74
-26
93
-77
0
64
-52
13
48
-29
12
50
-46
13
11
-9
-4
17
20
-49
37
6
-47
55
7
-47
42
-6
-19
40
-26
-1
56
-26
20
19
-25
29
-7
2
1
13
-33
15
56
-58
38
37
-60
47
8
-29
54
-11
-40
51
-21
-33
81
-62
28
45
-46
44
12
5
-10
44
-40
2
43
-66
33
14
-28
5
48
-15
-36
68
-75
-1
27
-40
5
-13
19
-65
62
-25
-19
51
-30
-2
-10
52
-107
65
-3
-99
67
-43
8
-35
69
-87
-28
116
-181
40
28
-114
39
83
-114
31
100
-179
118
20
-118
59
-2
-56
25
37
-54
30
-3
11
3
39
9
-42
45
-14
-19
-14
26
-80
-5
84
-89
53
89
-119
18
122
-188
70
110
-248
157
43
-190
155
42
-163
140
57
-167
161
21
-136
120
22
-168
119
48
-185
174
28
-175
164
4
-144
169
-33
-96
133
-3
-91
94
41
-109
126
4
-66
66
43
-86
41
89
-180
138
-8
-120
133
-62
-18
53
-8
-39
18
6
-38
56
-43
35
13
-49
76
-91
77
-34
-12
63
-81
93
-52
24
-2
-13
-9
-27
57
-83
74
21
-113
108
-3
-109
130
-3
-159
170
-41
-172
250
-164
-53
194
-172
23
122
-105
-39
186
-214
66
84
-204
194
-124
21
50
-96
90
-57
14
3
4
-26
18
20
-65
82
-49
3
34
-35
-17
-4
5
-72
122
-95
2
125
-238
182
-4
-164
202
-77
-77
126
-4
-186
245
-79
-189
343
-253
41
154
-175
56
1
18
-47
54
7
-45
44
-7
-1
-35
92
-79
-24
136
-193
89
28
-90
45
25
-21
-56
122
-161
83
30
-105
150
-79
16
-24
-7
-2
6
59
-63
106
-80
-19
79
-80
37
8
-6
-77
130
-103
10
154
-227
182
-101
-39
76
-83
95
-43
52
-88
46
15
-60
128
-108
36
-16
-29
67
-65
96
-92
41
-8
-51
92
-123
95
-11
-18
15
-15
9
-49
92
-62
21
35
-67
16
41
11
-81
149
-127
-25
193
-227
177
11
-152
142
-58
-36
94
-30
-63
134
-130
34
85
-129
128
-53
-30
27
-41
34
-36
65
-74
16
22
-109
140
-103
28
57
-81
33
27
-12
-34
118
-166
45
70
-196
217
-78
-76
179
-191
58
83
-169
123
-14
-110
119
-65
-42
126
-102
50
82
-181
163
-32
-110
247
-150
-39
163
-153
-24
154
-69
-81
169
-84
-115
152
-42
-104
140
-1
-142
149
-47
-110
122
-18
-53
69
4
-78
64
-28
4
3
-18
27
-95
93
-37
-13
99
-148
87
-23
-60
144
-126
50
21
-90
84
-67
11
57
-93
57
14
-93
103
-59
-19
80
-99
57
-10
-65
112
-70
11
84
-129
80
-24
-50
70
-56
22
-42
-24
22
-9
-9
61
-66
-37
91
-134
108
-6
-66
151
-200
112
35
-150
222
-129
-11
105
-144
82
24
-41
79
-64
18
34
-82
123
-34
-5
72
-75
3
16
20
-9
50
-41
-18
-13
-20
50
-22
72
-28
-31
43
-66
20
43
-42
21
-24
-17
-7
19
24
-35
58
-45
-2
33
-37
33
42
-55
28
27
-86
88
-11
-31
22
-25
3
2
11
19
-20
11
4
-64
69
-25
-52
115
-64
-45
97
-107
0
76
-86
12
30
-90
22
81
-115
84
-2
-91
74
-45
5
20
-14
-24
57
-70
1
85
-110
27
14
-83
43
-3
-34
24
19
-39
-22
73
-122
63
52
-66
91
-35
14
-29
84
-43
-44
105
-123
40
90
-46
31
146
-160
100
102
-243
200
-50
-54
119
-6
-25
-9
81
-92
28
58
-101
35
47
-35
14
52
-60
-14
54
-103
19
29
-37
16
58
-30
0
69
-135
46
-2
-130
124
-24
-49
114
-34
-70
28
-7
-167
147
-66
-78
198
-149
60
1
-13
-78
17
33
-164
177
-63
-42
130
-91
-23
39
-80
-8
46
-80
85
-8
-58
103
-101
15
10
-76
95
-96
55
47
-83
142
-47
-61
91
-102
-34
100
-85
20
87
-67
17
22
-36
20
26
21
-32
58
-8
-11
98
-83
67
-21
-16
36
-38
82
-61
72
-33
-7
42
-43
36
-29
39
-79
72
-46
-5
68
-83
107
-139
86
-25
-89
180
-118
70
16
-73
58
-35
48
-2
21
14
-14
28
-26
44
-37
-11
-21
-36
-22
27
38
-33
88
-85
-19
-25
-31
9
-17
88
-77
61
-25
-18
55
-97
60
-90
-13
30
-32
58
-41
36
-67
-84
74
-106
-21
142
-133
48
109
-113
51
33
-61
-10
20
-47
-11
62
18
-38
77
-57
-65
59
-130
108
-19
-32
143
-87
-4
18
6
-70
77
33
-99
152
-19
-24
74
-6
-41
-37
36
-42
2
80
35
-25
50
-23
-105
103
-40
-30
98
-9
40
51
54
-26
-3
-5
-15
31
-11
89
-86
41
7
-130
95
-113
24
12
-75
82
-95
64
-17
-29
70
-158
101
2
-87
117
-64
-33
51
-48
-12
50
-10
41
-20
-10
15
-80
15
19
-33
17
56
-48
7
44
-127
5
11
-23
13
31
97
-113
47
-8
-163
76
-60
-53
38
24
-5
14
37
-107
-55
-26
-83
51
83
-11
138
-12
-78
80
-93
28
97
-55
67
85
-42
22
-3
-88
-68
-19
-53
66
93
35
129
-54
-32
-44
-93
40
28
64
56
58
-34
0
-45
-126
2
-126
49
8
-5
136
-117
54
-53
-131
63
-42
35
153
50
119
118
-63
81
-97
-18
7
-74
211
-49
140
88
-121
100
-131
-71
43
-54
28
83
-25
11
17
-92
5
-85
-64
-62
-118
52
-3
76
99
-26
-4
-93
-107
34
20
32
203
40
29
112
-44
-18
-63
-96
-93
4
112
91
144
43
-83
-107
-155
-123
-49
16
82
14
87
123
-119
58
-72
-280
-44
-98
-36
154
163
52
100
-80
-181
-52
-190
-39
69
117
157
209
131
-54
-62
-247
-136
-111
1
184
134
178
73
60
-94
-117
-87
-145
-69
-5
147
259
241
148
91
-235
-314
-133
-311
56
180
68
306
-62
-60
-119
-343
-149
-186
-15
187
210
393
235
-12
31
-239
-183
33
21
273
191
156
213
-43
-23
-136
-207
-136
-163
54
94
94
113
16
-92
-110
-160
-120
-101
-151
67
-35
68
136
8
54
-117
-39
-19
-28
48
105
95
82
171
55
58
12
-89
-54
-88
-68
-7
52
16
12
104
0
-107
-11
-168
-241
-5
-4
150
223
99
75
-208
-265
-219
-247
-32
35
94
114
-49
-55
-56
-138
-52
-8
17
132
150
201
195
81
61
50
-32
32
132
28
-20
41
-9
21
57
18
-15
-138
-105
-61
21
84
38
91
-91
-146
-36
-155
-26
24
-47
49
-116
-106
-27
-131
23
115
100
128
60
-16
-21
-41
61
153
114
151
137
80
-56
-100
-111
-221
-82
60
146
191
80
-59
-216
-197
-119
39
148
99
110
-37
-92
-37
-107
-16
-35
-91
61
-1
25
139
30
-18
-33
-26
-33
-29
76
19
66
145
44
93
-15
-127
-97
-153
-38
87
89
81
-11
-138
-164
-138
-55
51
47
29
-47
-73
-43
-109
38
28
-71
50
-131
-151
-17
-57
40
111
82
44
10
-85
-46
-16
-26
142
147
141
185
48
-27
-68
-149
-90
-4
72
134
123
119
5
-16
-25
-151
-9
41
104
283
209
165
47
-113
-100
-94
-45
43
14
-4
-16
-70
-98
-178
-245
-256
-239
-112
17
35
98
30
-49
-1
-71
-18
96
91
197
276
220
191
34
-85
-122
-168
12
129
159
164
-3
-125
-230
-262
-160
-121
-38
-21
-46
-13
-103
-117
-175
-231
-101
-27
84
187
95
60
55
0
122
117
79
119
35
89
120
89
134
18
-51
-19
-69
-17
8
-16
-34
-87
-68
-112
-93
-110
-120
-52
-122
-102
-116
-163
-87
-98
-14
89
32
110
105
64
203
212
327
424
396
457
438
396
376
403
400
487
611
617
672
645
562
534
551
599
620
616
522
338
96
-177
-355
-419
-469
-586
-789
-1067
-1343
-1575
-1608
-1551
-1608
-1578
-1567
-1498
-1289
-1153
-983
-835
-780
-562
-211
107
398
526
552
587
629
741
838
884
856
761
722
659
612
509
337
240
172
155
66
-16
-137
-415
-528
-509
-513
-436
-353
-284
-227
-223
-214
-153
-139
-153
6
183
287
430
510
515
537
531
585
703
782
908
1052
1202
1352
1358
1338
1360
1426
1571
1592
1535
1494
1667
2111
2605
2724
1464
-674
-2340
-3168
-2539
-919
-62
-685
-2537
-4585
-5375
-4841
-3857
-3035
-2864
-3065
-2852
-2071
-1106
-684
-1002
-1250
-749
704
2491
3651
3756
2775
1697
1466
2046
2972
3301
2782
2108
1600
1402
1584
1493
793
-234
-935
-788
-397
-332
-897
-1917
-2717
-2964
-2297
-1207
-703
-939
-1479
-1777
-1604
-1127
-621
-214
-90
31
509
1096
1348
1062
608
368
569
966
1169
1091
538
-150
-322
1
319
170
-399
-885
-1041
-950
-564
-197
-304
-564
-610
-363
-97
-158
-363
-325
33
558
1328
1945
1977
1725
1547
1790
2291
2705
2983
2944
2740
2933
3578
4164
4126
2224
-1068
-3288
-3724
-2410
-157
654
-1154
-4467
-7245
-7505
-5562
-3719
-2780
-2955
-3700
-3681
-2565
-945
-97
-265
-170
1119
3081
4606
4953
4114
2789
2175
3014
4368
4769
3588
1549
118
-164
321
873
677
-647
-2262
-3116
-3059
-2708
-2920
-3350
-3470
-3237
-2505
-1778
-1505
-1690
-1953
-1505
-299
837
1152
725
278
218
624
1323
1768
1624
974
449
488
417
-44
-628
-1075
-932
-373
95
120
-551
-1568
-2043
-1506
-454
287
458
291
139
274
715
1169
1254
1074
1140
1750
2661
3238
3135
2619
2345
2719
3585
4235
4038
3180
2598
3079
4282
5130
3436
-1157
-5016
-6180
-4860
-1476
522
-1561
-5856
-9320
-9364
-6283
-3595
-2747
-3318
-4475
-4104
-1866
386
1129
213
-85
1850
4620
6536
6483
4588
2559
1929
3144
4819
4890
2972
466
-952
-811
-88
142
-434
-1661
-2887
-3217
-2710
-2541
-3121
-3583
-2998
-1552
-353
60
-205
-826
-1008
86
1824
2734
2085
509
-462
-478
3
572
578
-103
-1005
-1434
-1086
-884
-1600
-2373
-2393
-1721
-650
117
136
-434
-1195
-1126
88
1371
1745
1330
849
660
929
1467
1795
1494
759
538
1144
1990
2306
1898
1462
1447
1733
2191
2437
2160
1670
1490
1897
2439
2605
2750
2784
2881
2269
-1051
-4668
-5661
-5160
-2906
122
-275
-3982
-7678
-8772
-6251
-2893
-1168
-894
-1970
-2828
-1716
424
1988
1939
1313
2207
4016
5153
5177
3995
2346
1607
2197
3182
2952
872
-1828
-3243
-2731
-1325
-358
-443
-1407
-2756
-3499
-2760
-1582
-1009
-555
45
877
1515
1229
783
849
1178
2182
3264
3031
1447
-670
-1956
-1817
-1188
-756
-838
-1661
-2573
-3176
-3297
-2906
-2897
-2977
-2262
-1122
-205
68
-399
-849
-680
30
1326
2439
2359
1543
908
821
1245
1855
2258
2149
1530
956
919
1172
1455
1639
1682
1994
2465
2573
2145
1330
708
870
1800
2788
3106
2644
2015
1990
2941
2786
-717
-4514
-5957
-5651
-2721
673
-280
-4712
-8621
-9275
-6036
-2109
-339
-785
-2617
-3458
-1715
1231
3071
2866
2005
2480
4178
5389
5305
3925
2063
1516
2439
3190
2520
3
-3024
-4030
-2887
-1263
-346
-770
-2000
-3089
-3294
-2133
-785
-345
-135
297
959
1522
1322
867
838
1118
1833
2485
1908
65
-1924
-2767
-2379
-1685
-1382
-1856
-2817
-3687
-4028
-3496
-2730
-2399
-2123
-1526
-653
125
456
454
427
767
1707
2828
3357
2900
1991
1471
1501
1916
2383
2402
1798
899
263
122
220
505
933
1342
1848
2012
1633
1264
1075
1052
1408
2111
2421
2163
1926
1447
1118
1879
3054
4125
3624
-713
-5840
-7600
-6524
-3124
484
-205
-4632
-8780
-9576
-6408
-2745
-1144
-1356
-2461
-2205
-37
2121
2935
2024
949
2223
5121
6850
6359
4252
2037
1234
1858
2568
1978
-139
-2401
-3165
-2411
-1456
-1450
-2121
-2323
-2072
-1494
-438
-165
-878
-1036
-200
1388
2683
2256
1156
685
780
1383
1589
762
-913
-2708
-3038
-2275
-2074
-2404
-3088
-3777
-3574
-2842
-2214
-1872
-2025
-2056
-1238
185
1475
1861
1497
1294
1436
1883
2646
2948
2392
1811
1511
1301
1387
1343
853
285
-221
-369
-137
97
510
1005
1322
1807
2230
2026
1568
1474
1621
1928
2529
2648
1988
1530
1132
743
1532
2809
3677
3997
1368
-4059
-7692
-7895
-5525
-1452
609
-1885
-6525
-9351
-8260
-4769
-1652
-73
-107
-515
242
1738
2653
2505
1927
2430
4662
6884
7129
5459
3019
1133
798
1477
1567
306
-1747
-3294
-3650
-3211
-2633
-2458
-2374
-1912
-1440
-1073
-832
-1157
-1375
-584
755
2192
2782
1765
430
-175
-122
468
788
-47
-1578
-2874
-3437
-3175
-2732
-2883
-3409
-3481
-3053
-2319
-1443
-998
-936
-735
137
1641
2823
3170
2987
2596
2343
2532
2860
2776
2222
1567
1091
896
856
540
-103
-790
-1237
-1014
-311
239
675
1045
1121
1341
1973
2211
1889
1695
1618
1770
2184
1932
1178
665
141
156
1086
1771
1986
2346
2536
1087
-2788
-6370
-7208
-5867
-2593
563
-223
-4332
-7951
-8316
-5247
-1444
980
1588
634
-63
821
2287
3044
2965
3065
4337
6090
6814
5766
3173
486
-589
-69
757
647
-1106
-3559
-4782
-4430
-3337
-2211
-1640
-1375
-1187
-1213
-1097
-937
-939
-584
608
2126
2598
1636
281
-617
-653
129
732
291
-1288
-3167
-3850
-3421
-2953
-2563
-2439
-2532
-2177
-1444
-693
-158
-1
372
1326
2506
3582
3889
3266
2547
2237
2229
2402
2406
1853
983
210
-291
-606
-880
-1186
-1579
-1709
-1355
-922
-376
362
741
1042
1651
2044
2340
2508
2040
1681
1787
1852
1885
1710
1120
448
184
457
944
1464
1911
2126
2384
1637
-1613
-5054
-6081
-5374
-2998
16
-28
-3414
-6555
-7037
-4838
-1507
977
1611
720
-58
620
1976
2879
3166
3251
4011
5415
5996
4888
2588
140
-998
-424
427
137
-1584
-3876
-5303
-5173
-3961
-2674
-1849
-1397
-1396
-1718
-1874
-1711
-1231
-385
1001
2409
2471
1317
207
-484
-374
657
1324
686
-795
-2163
-2888
-3016
-2771
-2511
-2281
-1799
-1063
-343
-64
-316
-454
63
1110
2523
3659
3595
2616
1752
1427
1544
1937
2075
1586
875
250
-358
-846
-1142
-1324
-1333
-1097
-603
-275
-288
-17
496
969
1660
2251
2370
2210
1916
1726
1681
1667
1727
1649
1427
1074
680
690
796
838
1325
1892
2405
2869
1614
-1712
-4579
-5522
-4703
-2291
-42
-513
-3372
-5809
-5967
-4153
-1725
126
638
-21
-293
652
1857
2556
2771
2948
3637
4495
4517
3357
1512
-26
-454
-56
184
-554
-2274
-4082
-4918
-4452
-3340
-2364
-1786
-1621
-1743
-1858
-1605
-1060
-599
147
1352
2220
2269
1548
459
-158
90
823
1285
801
-551
-1968
-2719
-2646
-2091
-1592
-1407
-1320
-1120
-893
-645
-336
6
444
1166
2261
3018
2803
2201
1698
1312
1384
1855
1919
1237
387
-288
-830
-1148
-1190
-1113
-1127
-1088
-798
-501
-349
-85
371
901
1641
2474
2722
2355
1941
1584
1571
2047
2258
2025
1635
1005
621
861
1140
1138
1188
1460
1895
2498
2971
1772
-1843
-5121
-5774
-4422
-1810
413
-402
-3873
-6551
-6300
-3958
-1303
350
417
-318
-310
843
2106
2524
2321
2387
3183
4268
4534
3276
1107
-547
-774
-35
341
-569
-2702
-4904
-5723
-4839
-3174
-1925
-1620
-1949
-2363
-2512
-2083
-1066
-124
639
1678
2371
2034
1162
281
-197
340
1521
2139
1608
79
-1780
-2843
-2694
-1976
-1272
-916
-1048
-1315
-1318
-1011
-503
-2
467
1215
2132
2654
2657
2238
1531
1060
1138
1536
1767
1290
385
-275
-699
-824
-562
-356
-548
-844
-767
-421
-103
329
876
1358
1929
2462
2553
2289
1959
1762
1906
2202
2290
2128
1629
883
426
470
732
1012
1292
1519
1701
2038
2289
1147
-1801
-4391
-4945
-3832
-1612
190
-560
-3500
-6004
-6082
-4071
-1641
93
397
-542
-930
-35
1132
1887
2057
2005
2420
3215
3707
3179
1637
157
-468
-430
-359
-962
-2371
-3857
-4611
-4105
-2761
-1753
-1466
-1616
-1943
-1906
-1265
-537
192
921
1252
1531
1738
1166
427
434
831
1273
1534
958
-378
-1735
-2566
-2621
-2072
-1402
-1061
-1102
-1255
-1359
-1279
-913
-287
512
1213
1717
2099
2110
1780
1536
1459
1528
1708
1835
1680
1125
423
-232
-671
-702
-572
-607
-783
-900
-866
-579
82
793
1183
1541
2037
2396
2572
2560
2307
2056
2045
2209
2302
2160
1753
1321
1183
1242
1251
1144
962
993
1375
1871
1894
302
-2671
-4738
-4805
-3487
-1466
-287
-1555
-4298
-5785
-4948
-3119
-1433
-254
-309
-1069
-824
380
1247
1541
1661
1776
2200
2989
3397
2686
1175
-126
-722
-790
-646
-863
-1858
-2984
-3469
-3273
-2575
-1882
-1624
-1669
-1847
-1762
-1212
-588
-31
338
391
584
915
939
940
1045
836
448
178
-262
-888
-1288
-1494
-1624
-1552
-1268
-928
-666
-458
-269
-197
-100
299
774
1088
1484
1876
1884
1623
1422
1225
987
985
1087
870
473
86
-357
-595
-515
-441
-453
-399
-276
-78
293
828
1294
1577
1881
2236
2419
2435
2376
2221
2118
2254
2450
2410
2044
1386
675
279
302
446
495
567
683
935
1421
1701
1015
-807
-2734
-3632
-3331
-2155
-855
-723
-2178
-3863
-4433
-3903
-2754
-1467
-857
-1138
-1359
-775
273
1154
1603
1480
1068
1045
1502
2036
2251
1819
847
-164
-899
-1312
-1518
-1758
-2089
-2275
-2143
-1830
-1530
-1380
-1617
-1953
-1734
-1086
-454
108
310
-48
-506
-673
-512
-100
293
525
511
115
-373
-696
-926
-916
-565
-114
228
395
359
132
-159
-253
-156
-29
284
766
1042
1013
837
579
324
264
470
735
796
683
550
385
206
237
447
526
597
860
1050
1071
1151
1301
1423
1626
1936
2162
2197
2041
1751
1441
1232
1158
1155
1125
964
597
178
-31
-35
107
446
825
964
962
1066
1262
1428
1192
198
-1144
-2221
-2657
-2247
-1384
-882
-1232
-2176
-2927
-3097
-2857
-2318
-1813
-1728
-1611
-908
108
891
1062
503
-246
-451
97
1110
1989
2150
1438
156
-1008
-1561
-1659
-1498
-1169
-939
-828
-597
-426
-590
-1065
-1676
-1915
-1497
-795
-130
210
-172
-944
-1416
-1357
-823
-131
380
487
126
-232
-261
-273
-323
-207
-48
91
391
736
751
395
3
-262
-389
-227
130
335
345
312
273
274
361
469
538
604
698
838
974
1068
1144
1073
809
580
542
712
1044
1366
1505
1467
1330
1191
1109
1061
1003
949
982
1054
996
845
608
186
-225
-303
-80
213
543
730
563
304
344
740
1265
1813
2267
2057
1030
-40
-769
-1210
-1058
-547
-470
-931
-1539
-2053
-2357
-2441
-2446
-2566
-2730
-2567
-1926
-1086
-373
-73
-357
-836
-957
-633
-9
623
978
988
717
375
70
-231
-458
-539
-468
-163
279
596
676
385
-303
-1079
-1600
-1716
-1468
-1043
-709
-680
-943
-1279
-1419
-1311
-1075
-845
-632
-354
-110
86
228
111
-187
-311
-155
245
748
999
912
633
279
83
187
444
654
797
875
809
711
695
585
432
392
341
394
663
902
929
710
369
111
30
214
566
838
998
1033
934
858
828
782
757
721
621
585
686
725
569
270
-88
-314
-231
61
348
523
558
598
801
1063
1233
1295
1268
1296
1552
1926
1953
1327
253
-820
-1450
-1553
-1317
-1055
-1182
-1679
-2147
-2407
-2540
-2512
-2296
-2138
-2119
-1981
-1642
-1256
-927
-705
-601
-571
-526
-310
20
308
531
593
522
470
437
386
310
174
-47
-180
15
348
499
419
78
-476
-925
-1081
-1031
-885
-745
-659
-612
-559
-442
-384
-514
-683
-755
-739
-525
-136
124
162
115
56
68
192
348
491
602
619
567
544
526
488
415
304
201
110
159
391
596
684
675
592
501
479
587
688
659
561
411
299
372
535
665
731
603
374
204
63
-39
-132
-206
-196
-90
104
299
360
258
196
309
581
992
1327
1395
1295
1149
1055
1059
1084
1093
1018
849
761
810
917
1047
1057
839
399
-192
-729
-1103
-1336
-1402
-1317
-1220
-1219
-1297
-1454
-1638
-1797
-1932
-1945
-1810
-1597
-1338
-1070
-901
-857
-817
-690
-487
-308
-215
-158
-174
-204
-39
192
289
283
120
-137
-252
-170
63
318
408
302
45
-230
-368
-389
-329
-232
-158
-84
-61
-83
-85
-115
-180
-286
-447
-617
-756
-850
-879
-902
-1011
-1062
-907
-705
-533
-337
-262
-300
-238
6
364
671
826
881
861
851
974
1172
1318
1321
1224
1160
1093
933
769
657
529
420
370
275
118
-9
-88
-83
13
84
132
223
297
317
353
423
508
605
698
741
780
843
856
810
754
682
596
628
785
793
623
474
330
239
357
574
646
530
386
334
326
391
555
594
445
228
-80
-432
-678
-801
-789
-734
-799
-870
-985
-1271
-1520
-1666
-1844
-1974
-1943
-1854
-1706
-1415
-1122
-938
-836
-810
-749
-579
-321
-17
194
263
328
451
547
598
597
473
284
240
355
482
522
405
148
-175
-522
-818
-985
-1082
-1144
-1150
-1119
-1080
-1032
-972
-947
-976
-958
-846
-641
-341
-74
57
101
110
91
130
314
526
653
684
626
535
486
557
761
948
1028
1028
925
753
649
657
708
765
841
911
913
828
698
527
330
206
186
208
235
241
135
-55
-184
-169
-13
175
293
301
252
266
383
533
629
673
733
837
984
1136
1185
1104
992
954
1030
1116
1065
880
655
472
436
521
567
533
435
323
296
303
227
44
-306
-769
-1158
-1380
-1468
-1463
-1445
-1486
-1557
-1634
-1731
-1859
-2026
-2135
-2100
-1916
-1555
-1119
-802
-661
-621
-596
-541
-348
0
284
380
363
281
157
79
49
-6
-60
-90
-102
-57
-18
-20
-35
-128
-323
-535
-718
-874
-980
-989
-927
-884
-859
-826
-839
-888
-887
-856
-792
-637
-404
-131
90
208
279
356
482
650
816
926
938
910
925
1000
1084
1118
1086
1009
886
764
727
685
568
494
475
497
575
582
488
384
268
206
251
339
422
508
624
718
725
695
656
544
452
482
555
609
650
660
647
664
736
847
931
950
964
970
955
938
883
802
748
705
633
536
437
371
335
307
287
221
149
157
147
-21
-340
-801
-1292
-1591
-1667
-1614
-1532
-1567
-1747
-1920
-1998
-1990
-1996
-2092
-2172
-2144
-1934
-1503
-983
-588
-428
-453
-511
-465
-301
-29
291
499
557
517
406
245
25
-220
-413
-504
-471
-312
-106
-82
-301
-637
-973
-1118
-999
-743
-553
-547
-609
-654
-654
-474
-217
-159
-210
-186
-155
-68
150
322
298
175
117
174
362
586
721
716
618
590
708
910
1110
1200
1126
1019
992
995
1018
1039
947
770
672
693
764
776
657
447
203
30
34
152
236
253
246
246
334
546
768
844
768
648
601
680
827
960
975
859
778
797
858
935
968
852
691
602
588
635
648
584
435
253
170
206
256
276
254
182
145
144
54
-230
-773
-1456
-1995
-2201
-2067
-1751
-1556
-1612
-1816
-2052
-2200
-2178
-2107
-2069
-1965
-1765
-1463
-1087
-762
-587
-630
-766
-764
-548
-204
160
420
466
375
282
223
207
209
177
187
263
353
475
523
364
6
-446
-831
-1022
-1031
-914
-796
-815
-888
-913
-916
-876
-781
-730
-684
-469
-113
237
519
639
591
535
617
826
1063
1209
1233
1159
1032
968
978
948
836
727
661
628
651
720
750
686
621
605
616
641
678
648
507
357
245
180
177
196
212
239
307
430
584
675
661
573
479
474
580
753
902
915
807
697
631
624
633
590
509
422
399
451
500
512
484
416
362
400
488
555
570
548
530
564
576
365
-175
-957
-1744
-2291
-2442
-2266
-2055
-2057
-2304
-2634
-2883
-2952
-2806
-2530
-2214
-1864
-1422
-892
-368
-20
85
90
110
266
615
1002
1224
1168
879
510
151
-142
-317
-453
-567
-582
-497
-358
-265
-369
-645
-931
-1082
-947
-568
-180
35
-26
-333
-657
-802
-725
-464
-216
-90
-68
-189
-307
-312
-266
-153
59
314
570
832
1014
1061
986
849
795
883
1065
1281
1379
1276
1049
758
527
429
385
371
369
356
370
412
426
366
243
130
81
162
372
579
698
705
622
527
468
463
490
535
572
621
696
724
690
599
485
412
424
524
654
729
713
643
570
554
593
668
743
766
740
685
597
484
387
330
360
459
509
466
245
-263
-945
-1591
-2063
-2220
-2093
-1927
-1948
-2211
-2588
-2875
-2920
-2695
-2301
-1909
-1594
-1301
-986
-639
-307
-58
60
141
324
623
966
1167
1098
790
317
-131
-396
-538
-675
-817
-965
-1093
-1116
-1034
-977
-1016
-1113
-1168
-1044
-731
-331
22
178
144
24
-54
41
252
424
478
361
136
-79
-226
-262
-226
-183
-135
-54
37
140
262
347
415
516
695
985
1297
1525
1619
1544
1355
1222
1157
1131
1140
1076
918
719
502
287
100
-72
-213
-285
-286
-210
-91
-21
19
73
144
325
598
842
996
1047
1035
1046
1121
1227
1318
1304
1157
976
826
709
645
606
536
446
344
225
172
184
204
280
370
411
455
518
590
685
765
811
809
686
389
-138
-839
-1494
-1910
-2043
-1947
-1825
-1957
-2340
-2791
-3100
-3082
-2767
-2281
-1813
-1519
-1319
-1118
-899
-625
-303
-18
209
429
592
622
567
419
189
-30
-189
-307
-444
-606
-769
-898
-989
-1011
-949
-897
-862
-804
-748
-679
-529
-350
-186
-29
85
172
262
352
404
387
306
190
60
-34
-40
-10
46
132
166
146
165
202
252
365
477
567
654
692
737
829
913
984
1030
1007
945
868
784
718
662
594
545
517
450
349
242
129
45
48
143
292
476
589
593
567
517
509
588
711
851
988
1097
1171
1189
1133
1044
961
922
969
1047
1086
1033
858
622
393
228
173
209
247
270
280
248
250
280
264
250
252
276
349
397
323
42
-486
-1103
-1578
-1823
-1861
-1822
-1943
-2277
-2667
-2922
-2916
-2652
-2268
-1915
-1621
-1388
-1144
-853
-582
-367
-227
-115
-2
96
159
111
-82
-320
-489
-594
-659
-721
-876
-1089
-1206
-1181
-1012
-752
-523
-406
-388
-385
-319
-140
104
334
479
516
488
409
290
141
10
-103
-186
-161
-99
-92
-140
-216
-270
-212
27
352
616
755
750
700
724
863
1090
1299
1416
1423
1354
1247
1120
1001
857
689
555
427
287
151
-10
-161
-216
-163
-43
95
193
250
303
405
614
872
1052
1102
1057
967
924
991
1127
1232
1243
1158
1028
912
849
844
834
794
750
691
638
582
505
388
238
147
138
151
126
36
-89
-202
-227
-157
-77
-58
-108
-184
-215
-168
-109
-170
-467
-1014
-1616
-2043
-2223
-2180
-2082
-2119
-2284
-2472
-2545
-2408
-2133
-1874
-1659
-1467
-1285
-1009
-671
-392
-195
-94
-34
55
149
187
109
-87
-323
-522
-680
-796
-902
-1026
-1089
-999
-781
-499
-265
-183
-215
-269
-208
39
341
557
627
537
400
358
436
552
608
545
360
166
82
89
148
177
154
140
188
354
579
746
835
889
952
1053
1182
1259
1207
1063
893
768
713
667
577
400
175
17
-54
-46
-3
9
2
21
134
363
618
807
917
983
1040
1163
1313
1370
1299
1125
889
702
646
673
683
607
456
301
194
191
279
369
418
419
395
360
345
341
306
296
327
353
354
279
85
-157
-320
-335
-267
-218
-290
-496
-725
-852
-788
-626
-549
-691
-1088
-1580
-1935
-2027
-1894
-1705
-1649
-1765
-1955
-2060
-1949
-1669
-1336
-1040
-839
-700
-572
-445
-337
-280
-271
-252
-225
-240
-329
-504
-748
-969
-1072
-1071
-1013
-951
-919
-875
-769
-539
-202
142
403
553
636
731
873
1065
1224
1251
1152
988
826
717
658
547
309
20
-263
-457
-467
-368
-282
-247
-222
-164
-17
253
575
869
1091
1230
1321
1366
1372
1333
1243
1112
976
838
649
423
182
-63
-246
-308
-279
-247
-220
-204
-197
-124
44
283
530
724
843
898
940
1014
1111
1182
1179
1087
934
764
634
553
483
406
331
262
219
197
170
160
134
110
147
225
295
320
284
177
73
28
20
47
50
-16
-105
-173
-219
-245
-241
-240
-263
-253
-193
-141
-155
-314
-634
-1050
-1444
-1676
-1710
-1651
-1663
-1798
-2018
-2230
-2248
-2029
-1700
-1396
-1198
-1099
-1058
-961
-734
-483
-285
-152
-125
-180
-246
-313
-376
-426
-457
-478
-521
-596
-667
-707
-695
-575
-339
-63
205
441
605
726
856
1007
1157
1243
1265
1207
1075
961
870
798
703
536
317
79
-104
-187
-184
-152
-127
-86
-11
109
268
413
506
542
564
611
653
696
711
655
571
490
432
371
301
238
159
98
79
100
130
147
157
149
164
227
317
436
558
660
737
775
785
772
716
606
505
424
343
321
331
306
241
161
92
51
96
211
342
458
507
507
468
417
390
369
348
299
195
52
-97
-222
-299
-328
-342
-365
-398
-437
-457
-428
-370
-299
-217
-167
-163
-219
-379
-608
-862
-1088
-1205
-1266
-1342
-1471
-1673
-1903
-2067
-2073
-1921
-1701
-1507
-1384
-1323
-1260
-1126
-910
-675
-436
-240
-141
-110
-106
-132
-173
-188
-175
-131
-50
35
96
135
177
265
411
606
824
1001
1047
986
897
845
873
944
1010
997
871
721
590
490
433
377
264
81
-81
-192
-256
-255
-240
-214
-157
-67
51
153
205
227
272
344
473
633
716
706
627
526
432
356
316
279
206
116
28
-51
-81
-43
13
80
158
227
302
397
521
643
728
760
744
714
651
574
479
357
253
183
153
116
54
-20
-102
-122
-68
37
149
224
269
275
290
362
439
481
463
379
265
149
53
-32
-110
-190
-274
-318
-312
-269
-209
-182
-198
-222
-230
-185
-131
-140
-258
-513
-845
-1159
-1364
-1448
-1469
-1489
-1563
-1680
-1801
-1840
-1737
-1550
-1320
-1104
-960
-856
-763
-656
-507
-313
-116
28
104
107
43
-13
-6
37
109
179
196
170
137
136
202
321
457
597
709
778
812
819
816
810
813
796
729
625
509
373
263
190
120
48
-43
-148
-251
-328
-350
-316
-233
-123
4
130
234
316
393
450
491
540
602
667
699
689
599
441
287
156
70
23
1
-34
-97
-146
-183
-206
-190
-136
-51
53
180
316
412
472
503
504
504
525
541
498
396
254
109
21
19
79
141
156
123
91
95
141
249
354
409
438
429
401
376
351
301
226
167
130
108
72
17
-52
-143
-220
-255
-270
-277
-298
-330
-375
-407
-393
-373
-395
-468
-590
-767
-957
-1104
-1208
-1245
-1223
-1198
-1171
-1150
-1130
-1078
-992
-877
-737
-594
-463
-352
-261
-193
-161
-142
-113
-69
-6
62
123
164
197
244
281
310
335
335
318
313
333
361
383
381
347
303
254
207
176
158
177
213
256
299
321
325
300
285
302
324
351
331
248
107
-55
-163
-194
-153
-83
-48
-71
-129
-170
-166
-113
-15
76
139
177
191
204
219
239
272
286
282
272
231
180
130
109
106
99
116
134
159
196
246
320
400
498
587
614
585
502
404
321
270
263
237
192
108
9
-57
-93
-73
-21
45
96
124
150
168
186
203
220
212
174
126
73
28
-2
-35
-83
-137
-170
-188
-198
-196
-191
-184
-182
-146
-89
-38
17
28
5
-44
-115
-186
-266
-351
-452
-557
-639
-710
-767
-823
-887
-926
-939
-946
-924
-858
-773
-674
-557
-431
-323
-228
-134
-63
6
94
167
223
260
267
236
162
77
15
-23
-30
-10
-10
-44
-95
-144
-161
-140
-75
8
77
135
186
213
232
281
321
345
347
300
215
114
34
-17
-56
-83
-122
-191
-272
-338
-363
-331
-252
-146
-44
41
92
136
191
266
370
459
518
530
511
480
463
485
516
533
524
492
453
417
402
402
391
386
371
330
302
294
304
310
300
269
212
160
116
90
84
77
48
11
-17
-15
25
68
109
137
147
162
186
219
236
226
199
147
84
39
12
-5
-17
-22
-41
-67
-74
-84
-73
-41
-11
10
3
-7
-21
-36
-38
-38
-56
-106
-179
-272
-390
-496
-572
-619
-628
-620
-629
-668
-724
-757
-750
-703
-620
-536
-480
-456
-454
-462
-460
-439
-408
-367
-326
-297
-289
-307
-333
-345
-341
-321
-290
-267
-261
-252
-240
-208
-130
-28
69
144
188
194
193
200
201
209
211
187
154
109
74
44
23
22
16
16
26
41
67
84
118
160
207
263
313
354
374
370
359
339
334
341
334
314
270
213
155
126
134
157
191
211
222
235
240
255
274
284
311
343
372
391
400
385
358
351
348
334
312
269
199
128
90
73
72
72
48
25
4
-19
-19
-10
-5
9
28
32
24
22
12
-12
-2
27
67
116
150
163
168
172
185
208
224
234
236
210
176
153
135
103
77
29
-33
-76
-102
-116
-142
-180
-243
-307
-356
-386
-410
-443
-481
-537
-589
-624
-654
-665
-686
-728
-748
-767
-776
-773
-779
-779
-779
-758
-735
-711
-659
-608
-530
-440
-363
-268
-177
-97
-8
76
156
237
324
388
418
417
387
344
315
310
325
333
315
299
271
252
263
267
273
262
244
239
232
231
198
124
39
-31
-61
-66
-41
-25
-63
-123
-184
-206
-161
-80
13
85
121
141
164
202
268
361
434
474
503
504
488
481
474
471
467
452
425
382
328
268
210
168
160
160
136
91
36
-23
-66
-91
-97
-84
-86
-98
-116
-143
-157
-147
-126
-104
-63
-38
-23
8
33
76
134
188
237
266
287
292
308
338
367
392
393
363
322
271
233
202
171
145
97
51
22
-13
-39
-71
-140
-223
-302
-386
-457
-515
-585
-649
-721
-797
-855
-911
-960
-999
-1036
-1058
-1047
-1004
-945
-885
-825
-762
-688
-581
-466
-352
-239
-134
-49
33
116
193
264
305
332
343
359
382
406
430
438
435
428
414
415
424
443
460
450
433
402
375
350
302
246
176
98
29
-30
-72
-99
-137
-187
-233
-269
-287
-269
-220
-151
-68
-8
39
75
95
131
181
243
304
341
358
351
348
358
376
407
440
449
423
371
327
285
266
268
251
240
214
159
100
45
13
19
28
29
18
-20
-62
-90
-96
-79
-57
-27
-24
-21
-17
-14
15
32
47
64
66
81
81
89
120
148
190
223
245
271
285
293
284
277
267
245
221
180
137
101
49
-3
-61
-139
-216
-299
-379
-446
-515
-578
-646
-717
-785
-843
-871
-885
-910
-931
-946
-949
-912
-853
-779
-706
-657
-615
-562
-492
-396
-293
-206
-135
-78
-29
24
79
137
201
258
304
345
371
380
396
419
457
488
498
484
443
403
362
333
313
297
266
213
162
107
49
12
-15
-66
-109
-144
-182
-190
-190
-190
-176
-181
-182
-170
-160
-119
-67
-24
17
58
99
128
135
154
193
223
270
326
361
382
391
391
390
396
409
399
384
373
346
331
323
323
320
288
254
213
176
163
162
172
169
148
114
67
32
30
43
50
54
52
46
46
61
87
119
155
201
218
215
213
202
195
185
187
187
168
138
97
63
35
23
10
-15
-30
-53
-75
-95
-115
-139
-179
-231
-294
-348
-405
-456
-488
-535
-595
-655
-723
-763
-794
-815
-820
-830
-821
-810
-787
-737
-691
-644
-590
-534
-455
-370
-300
-222
-144
-80
-21
40
94
134
163
185
213
245
269
292
304
307
302
292
276
253
237
204
166
139
114
91
64
42
12
-35
-68
-94
-120
-129
-137
-156
-175
-199
-216
-207
-187
-174
-165
-149
-145
-127
-84
-48
13
65
95
143
182
230
270
317
381
436
495
539
564
582
584
593
615
652
685
688
676
629
573
521
474
455
422
375
310
228
166
112
77
60
37
18
-8
-33
-37
-48
-62
-63
-60
-54
-29
3
24
34
34
30
32
37
53
82
110
123
129
123
113
115
118
129
137
148
151
118
75
42
1
-39
-75
-122
-173
-239
-297
-354
-423
-482
-538
-593
-652
-704
-735
-768
-787
-808
-835
-839
-829
-821
-812
-787
-748
-703
-652
-581
-480
-381
-300
-232
-173
-101
-23
51
123
178
227
270
295
323
356
365
352
336
314
302
290
278
267
221
172
128
72
15
-29
-59
-91
-109
-130
-154
-168
-198
-206
-216
-223
-211
-208
-195
-187
-177
-150
-115
-63
4
66
122
171
222
275
335
410
486
558
607
639
655
659
664
677
694
698
710
691
651
623
582
534
495
444
391
336
282
229
173
113
41
-18
-65
-101
-118
-132
-149
-166
-176
-174
-160
-125
-98
-89
-83
-73
-53
-20
23
70
104
127
155
180
199
218
240
256
260
262
260
241
202
157
110
60
8
-31
-83
-153
-212
-295
-378
-439
-505
-568
-639
-708
-765
-812
-842
-855
-852
-854
-856
-843
-818
-776
-725
-683
-644
-604
-563
-504
-431
-355
-282
-225
-175
-123
-64
-6
58
127
176
209
242
271
286
304
309
303
296
285
272
253
222
199
167
117
83
48
18
2
-27
-51
-71
-93
-111
-135
-157
-155
-150
-133
-109
-87
-49
-20
0
40
102
174
245
300
349
388
405
433
469
513
566
601
616
621
608
582
566
554
547
547
525
479
428
378
329
285
264
240
202
175
125
78
52
25
15
11
0
-12
-27
-40
-48
-52
-43
-32
-30
-19
-10
-9
5
13
26
47
50
69
101
121
138
154
166
172
172
166
176
179
153
115
68
14
-39
-95
-165
-231
-286
-346
-414
-471
-512
-556
-601
-634
-661
-672
-677
-687
-686
-675
-666
-656
-638
-618
-597
-572
-537
-505
-463
-416
-370
-323
-277
-235
-194
-146
-107
-75
-38
1
35
67
101
123
133
154
161
145
156
154
142
147
123
119
111
78
62
45
39
41
42
51
56
47
30
21
20
24
36
46
43
52
56
53
62
82
105
131
156
178
209
233
258
288
310
351
382
396
413
417
406
404
398
392
398
398
390
370
347
319
300
287
260
245
233
213
207
200
194
198
182
177
173
143
125
118
91
68
57
33
14
0
-28
-44
-49
-48
-38
-31
-11
10
28
51
64
79
96
99
90
79
70
55
48
27
-3
-36
-79
-120
-153
-181
-212
-246
-282
-324
-369
-403
-429
-448
-462
-484
-500
-522
-550
-565
-583
-591
-585
-576
-569
-573
-573
-563
-561
-542
-507
-471
-421
-382
-346
-302
-264
-228
-185
-151
-108
-55
-23
17
61
89
113
134
144
166
181
186
193
191
195
179
149
137
115
92
74
48
35
20
-5
-23
-35
-38
-42
-41
-41
-46
-51
-49
-36
-24
5
28
55
83
99
131
157
188
235
265
303
347
373
409
432
440
457
457
451
455
458
467
467
455
436
408
377
360
358
354
348
336
305
273
239
209
197
177
160
152
127
102
82
65
44
26
21
6
4
7
-6
-14
-17
-15
-4
24
54
72
96
98
81
80
77
71
72
63
45
22
-6
-59
-110
-145
-198
-228
-243
-277
-309
-353
-401
-455
-497
-522
-545
-552
-576
-606
-625
-652
-665
-663
-658
-644
-620
-594
-568
-545
-510
-460
-409
-354
-294
-231
-179
-133
-95
-56
-9
38
82
121
138
152
160
149
156
163
165
166
144
127
106
78
71
54
41
39
24
3
-15
-32
-43
-44
-38
-31
-36
-28
-25
-31
-21
-11
21
54
71
107
138
163
197
227
263
300
340
384
413
453
487
508
521
528
537
540
548
551
538
524
487
443
410
367
340
318
284
249
211
167
124
92
76
60
49
34
15
-1
-15
-19
-27
-25
-5
6
24
49
69
92
113
134
146
161
178
181
181
173
162
146
133
108
66
32
0
-53
-103
-145
-195
-240
-289
-343
-389
-426
-468
-519
-562
-613
-653
-682
-703
-707
-711
-712
-717
-721
-721
-709
-684
-654
-610
-579
-539
-488
-443
-383
-330
-279
-216
-161
-105
-51
4
54
97
129
154
186
200
212
225
205
194
173
138
121
88
66
51
17
-19
-46
-74
-106
-120
-129
-120
-106
-96
-80
-72
-61
-48
-26
7
41
83
114
141
173
200
235
270
310
354
389
420
444
463
486
504
532
559
574
582
570
559
545
521
515
506
484
462
424
384
352
316
290
269
234
205
175
143
116
88
71
59
44
38
41
49
56
61
73
82
85
97
113
118
117
126
126
125
120
109
98
74
53
34
1
-31
-63
-116
-166
-211
-266
-300
-347
-413
-460
-516
-574
-615
-639
-656
-677
-679
-684
-697
-694
-699
-688
-662
-645
-615
-578
-540
-502
-477
-452
-416
-387
-357
-307
-272
-236
-190
-159
-117
-77
-37
15
55
93
126
156
162
171
187
180
177
185
180
164
143
114
92
65
43
35
29
31
38
33
44
56
55
81
109
122
153
188
211
243
275
294
332
362
383
416
434
455
477
483
495
503
499
501
495
480
466
444
415
390
363
340
315
296
283
255
226
197
175
157
140
133
123
118
106
92
89
84
82
86
92
97
89
77
80
77
65
59
54
50
39
17
-1
-9
-15
-24
-42
-43
-59
-86
-112
-154
-179
-214
-246
-277
-321
-353
-398
-448
-494
-529
-557
-593
-604
-617
-636
-637
-644
-648
-630
-615
-601
-572
-540
-517
-491
-453
-423
-394
-360
-320
-287
-262
-229
-195
-171
-149
-120
-97
-76
-46
-31
-23
-5
10
21
40
50
63
78
89
94
94
106
116
120
122
132
139
154
174
175
195
210
216
243
251
266
292
306
323
326
340
356
362
374
379
386
394
398
403
404
398
398
384
369
361
347
338
324
291
270
256
228
216
211
202
198
179
156
155
154
148
154
160
157
154
150
144
138
145
140
135
143
133
127
126
109
91
76
53
30
14
-5
-41
-76
-100
-139
-174
-198
-231
-253
-283
-320
-351
-383
-401
-423
-452
-460
-473
-501
-503
-514
-533
-524
-518
-511
-499
-482
-467
-462
-447
-435
-420
-390
-366
-346
-320
-305
-286
-265
-253
-228
-203
-181
-153
-137
-115
-99
-87
-75
-74
-49
-36
-31
-19
-17
-5
-11
-6
9
17
39
51
70
88
108
137
154
182
211
233
261
290
311
335
359
374
396
417
435
434
442
443
418
411
398
376
373
356
340
327
309
297
277
268
255
239
239
225
216
196
163
154
132
107
96
83
72
65
45
28
24
21
24
22
22
28
32
40
42
38
51
64
60
68
71
58
62
53
32
28
19
14
10
-14
-36
-60
-86
-111
-141
-164
-192
-212
-235
-273
-299
-320
-346
-370
-384
-399
-415
-418
-424
-437
-446
-442
-443
-438
-428
-417
-405
-387
-371
-352
-324
-308
-285
-261
-245
-235
-230
-207
-194
-185
-166
-149
-133
-117
-97
-80
-62
-42
-24
-3
6
18
41
47
66
83
86
110
125
121
134
144
146
157
167
182
189
196
215
219
226
244
268
291
308
331
350
357
372
385
382
388
388
378
373
358
354
347
334
315
288
272
252
226
210
198
189
172
150
135
116
99
86
81
72
57
58
52
40
31
32
44
47
49
49
51
55
44
40
43
39
39
30
5
-11
-19
-52
-70
-75
-96
-104
-107
-125
-138
-144
-162
-188
-203
-213
-229
-236
-240
-249
-254
-270
-283
-291
-304
-309
-319
-330
-340
-356
-364
-371
-378
-366
-362
-357
-353
-343
-334
-331
-319
-309
-291
-268
-263
-253
-235
-223
-218
-214
-194
-170
-160
-138
-114
-98
-79
-68
-57
-41
-27
-16
3
12
29
61
65
82
109
119
137
153
168
189
209
236
256
274
303
328
339
359
371
365
378
368
351
351
339
333
317
300
295
268
254
241
216
206
200
185
176
177
171
173
178
176
186
188
195
193
191
193
184
183
170
162
150
132
125
111
103
101
96
88
81
76
59
53
50
36
33
28
18
7
0
-7
-20
-20
-30
-37
-47
-61
-68
-94
-122
-133
-147
-158
-170
-175
-180
-206
-211
-226
-242
-242
-248
-246
-248
-245
-239
-245
-243
-241
-240
-232
-232
-218
-209
-217
-227
-234
-236
-249
-248
-248
-249
-248
-269
-275
-294
-303
-293
-311
-301
-288
-294
-277
-262
-245
-220
-196
-161
-120
-94
-62
-24
0
22
38
55
77
103
116
132
148
158
175
174
180
191
200
211
219
228
236
249
255
259
274
277
286
299
291
292
290
275
267
257
242
231
222
204
187
173
157
134
113
103
92
80
70
67
70
61
56
67
67
74
93
103
124
139
139
156
166
161
167
175
182
179
159
145
127
106
77
46
28
2
-21
-47
-83
-95
-105
-128
-144
-148
-152
-155
-164
-171
-171
-176
-180
-184
-181
-180
-177
-171
-170
-178
-184
-181
-201
-212
-218
-232
-235
-239
-247
-246
-244
-252
-255
-248
-240
-230
-221
-212
-198
-188
-188
-182
-162
-143
-131
-126
-120
-111
-116
-119
-117
-118
-111
-108
-113
-108
-109
-108
-102
-104
-85
-72
-60
-25
-5
17
37
59
79
101
137
164
189
220
248
262
275
289
296
302
304
293
287
283
276
264
245
237
221
208
200
175
166
158
142
131
125
134
138
142
154
158
157
159
165
165
162
158
152
144
137
120
109
100
75
66
56
40
34
30
28
26
21
13
19
20
21
34
31
32
46
40
44
37
23
36
24
9
1
-28
-36
-46
-88
-104
-111
-126
-139
-161
-171
-190
-199
-202
-220
-219
-218
-217
-218
-217
-212
-202
-197
-193
-178
-179
-183
-174
-164
-165
-168
-164
-162
-155
-165
-171
-166
-173
-182
-186
-193
-197
-199
-190
-185
-181
-170
-163
-144
-128
-113
-91
-69
-46
-28
-6
11
27
45
53
62
69
75
83
86
93
100
95
106
112
108
127
130
128
155
164
167
184
200
207
216
220
231
242
241
243
245
236
225
216
203
198
180
175
170
147
146
137
118
109
101
91
91
90
84
83
88
88
80
78
88
87
84
86
74
72
73
62
53
47
43
35
18
5
-8
-16
-25
-43
-46
-51
-66
-72
-85
-97
-101
-114
-117
-115
-122
-120
-117
-125
-132
-133
-139
-143
-151
-159
-158
-159
-168
-178
-178
-178
-185
-191
-197
-200
-202
-202
-208
-209
-209
-199
-192
-198
-189
-169
-161
-157
-148
-129
-120
-112
-96
-91
-82
-69
-58
-55
-45
-37
-32
-25
-18
-6
-4
8
16
21
35
48
74
85
102
127
131
140
153
158
161
171
175
177
173
171
178
172
164
165
163
155
160
164
155
161
166
166
166
167
171
179
186
175
175
180
177
173
163
156
154
139
128
126
111
105
98
86
80
79
70
76
72
54
53
38
24
25
19
10
4
4
-6
-19
-23
-29
-31
-37
-51
-48
-52
-66
-70
-75
-85
-89
-101
-109
-114
-129
-135
-150
-161
-165
-164
-162
-163
-157
-152
-152
-153
-158
-155
-148
-155
-154
-144
-148
-152
-160
-159
-159
-175
-174
-178
-186
-181
-193
-210
-206
-203
-207
-203
-202
-192
-181
-177
-165
-152
-144
-113
-94
-87
-67
-48
-31
-22
-4
4
17
38
52
62
72
94
103
110
118
127
145
157
168
180
195
205
204
213
228
230
228
237
245
230
232
236
226
226
221
220
208
205
198
188
188
174
166
159
157
152
138
135
135
131
118
115
111
101
104
96
88
97
95
96
100
94
95
101
90
84
87
74
58
37
25
7
-21
-25
-40
-63
-67
-75
-91
-100
-108
-111
-115
-123
-123
-122
-123
-125
-129
-134
-141
-147
-149
-154
-162
-164
-172
-180
-185
-197
-197
-195
-203
-197
-195
-198
-196
-188
-185
-186
-179
-166
-164
-158
-152
-149
-145
-146
-141
-129
-129
-126
-113
-106
-115
-117
-106
-100
-105
-96
-77
-79
-73
-52
-47
-52
-30
-16
-18
-2
9
23
39
42
64
79
89
110
117
131
149
146
153
162
163
169
173
182
185
182
192
186
183
191
180
180
177
175
171
162
163
156
149
149
141
141
147
143
136
132
130
123
112
102
96
82
73
67
50
40
39
31
26
14
11
18
13
7
9
15
11
17
20
9
24
18
2
1
-11
-17
-24
-40
-42
-50
-67
-68
-79
-90
-91
-96
-102
-109
-109
-107
-106
-113
-115
-112
-121
-125
-120
-124
-123
-113
-119
-119
-120
-123
-120
-129
-129
-124
-126
-119
-113
-107
-101
-96
-92
-90
-82
-83
-85
-69
-71
-74
-57
-54
-47
-32
-32
-24
-19
-15
-6
-9
2
15
18
21
29
41
43
52
62
61
84
88
94
109
108
129
132
124
134
135
137
140
139
144
153
152
149
153
152
145
146
143
137
139
136
128
125
127
114
100
100
93
86
69
64
62
48
44
41
33
27
23
17
-4
-12
-11
-29
-35
-41
-50
-54
-58
-67
-82
-78
-84
-95
-98
-106
-100
-101
-107
-114
-112
-109
-111
-112
-116
-106
-100
-107
-104
-109
-113
-103
-112
-126
-121
-124
-129
-127
-124
-119
-118
-108
-95
-93
-92
-85
-79
-69
-79
-78
-63
-62
-55
-57
-54
-44
-44
-46
-38
-42
-42
-29
-21
-22
-19
-8
-1
2
8
5
10
28
37
44
52
67
80
83
94
99
108
117
120
127
122
123
131
124
125
128
127
125
127
129
128
123
130
134
125
134
131
127
132
124
120
123
120
114
122
127
124
116
117
118
105
98
93
84
77
73
65
50
53
46
36
39
32
28
27
22
13
6
-3
-14
-17
-25
-33
-38
-42
-50
-55
-61
-70
-73
-80
-83
-93
-102
-101
-119
-127
-129
-141
-145
-151
-152
-146
-147
-147
-152
-136
-125
-134
-125
-114
-106
-102
-111
-101
-93
-95
-92
-88
-81
-73
-76
-72
-62
-56
-52
-51
-51
-43
-37
-44
-45
-40
-37
-36
-41
-36
-27
-26
-17
-13
-9
-2
9
13
7
18
19
14
20
20
22
23
29
32
38
47
50
60
68
74
79
79
80
91
97
87
94
105
101
103
105
104
105
105
101
92
98
91
77
79
74
63
53
49
52
48
41
37
38
35
30
25
19
15
16
3
-4
-3
-12
-13
-16
-20
-21
-22
-16
-21
-18
-14
-25
-25
-25
-35
-35
-45
-49
-45
-57
-65
-66
-70
-67
-65
-73
-72
-67
-61
-65
-76
-69
-69
-71
-77
-83
-75
-76
-85
-84
-80
-76
-72
-65
-61
-47
-43
-41
-31
-30
-13
-15
-16
1
5
12
12
19
30
32
36
39
44
49
48
46
45
45
47
40
44
50
44
48
50
47
51
48
50
51
49
46
41
49
40
31
46
41
30
42
42
34
46
44
35
43
41
33
35
31
24
31
19
10
22
17
12
10
12
15
8
6
10
13
4
1
1
-4
-10
-15
-22
-29
-30
-39
-46
-44
-58
-62
-56
-65
-67
-72
-75
-70
-73
-83
-84
-77
-80
-83
-79
-80
-77
-72
-76
-73
-70
-71
-66
-73
-69
-74
-78
-70
-80
-71
-70
-74
-66
-59
-54
-61
-55
-45
-41
-44
-40
-26
-26
-20
-15
-20
-4
-8
-4
14
1
13
28
17
31
40
34
48
57
51
60
65
66
72
70
72
78
83
85
83
85
96
92
92
94
97
111
105
103
108
112
109
103
104
99
103
102
84
86
87
79
71
59
59
50
45
46
31
34
40
32
37
34
30
47
35
28
30
15
20
9
-4
-3
-12
-17
-22
-30
-38
-42
-37
-53
-56
-47
-48
-51
-48
-40
-47
-49
-40
-51
-56
-51
-59
-65
-62
-71
-76
-69
-71
-81
-80
-67
-80
-77
-69
-80
-71
-70
-74
-73
-79
-71
-77
-82
-72
-77
-70
-58
-60
-55
-48
-49
-46
-46
-47
-43
-35
-36
-34
-22
-18
-15
-8
-1
-1
6
9
7
13
19
25
23
26
38
42
47
55
52
67
80
71
77
84
87
89
88
84
82
83
83
80
72
70
73
73
59
52
59
52
45
44
44
50
50
47
49
51
51
42
38
34
36
29
15
15
14
15
2
-8
-4
-10
-12
-23
-34
-31
-34
-33
-39
-45
-29
-35
-37
-31
-34
-40
-46
-39
-47
-57
-61
-63
-65
-69
-74
-83
-76
-60
-67
-70
-61
-55
-51
-57
-61
-56
-59
-66
-62
-65
-62
-61
-54
-47
-47
-40
-30
-29
-31
-20
-19
-24
-15
-8
-7
-7
1
8
-5
0
8
-2
-8
-9
0
-7
-2
1
1
16
20
24
26
35
48
49
57
57
62
68
69
71
71
72
73
78
80
80
79
81
88
86
82
80
84
92
84
83
92
88
91
90
93
89
75
83
79
61
58
60
48
46
51
42
37
39
39
29
26
18
6
7
-1
-6
-10
-19
-15
-17
-29
-24
-30
-39
-34
-41
-45
-54
-62
-54
-57
-71
-67
-63
-68
-65
-64
-70
-74
-70
-72
-84
-90
-89
-96
-103
-103
-106
-109
-111
-101
-96
-103
-95
-89
-83
-80
-75
-73
-71
-50
-51
-50
-38
-34
-28
-28
-33
-29
-25
-29
-25
-28
-24
-22
-19
-7
-7
-1
13
16
20
26
33
35
35
38
39
36
40
44
40
38
44
50
44
41
51
51
50
56
53
56
65
63
68
71
71
82
80
70
75
81
74
64
68
71
71
71
62
69
84
72
68
69
75
74
55
56
58
47
37
38
29
21
18
10
7
1
-5
-5
-12
-14
-12
-22
-22
-22
-27
-18
-30
-38
-24
-32
-37
-39
-43
-42
-52
-57
-52
-62
-67
-64
-67
-65
-68
-67
-65
-66
-65
-68
-65
-66
-66
-58
-60
-57
-53
-53
-46
-49
-51
-47
-47
-46
-50
-48
-41
-45
-39
-38
-36
-25
-31
-19
-18
-20
-4
-5
-7
2
10
11
13
19
18
18
29
31
25
35
41
38
42
44
43
45
49
48
50
54
53
60
63
57
63
61
58
63
56
57
62
54
55
60
56
59
54
56
62
57
59
56
51
56
53
49
44
40
43
40
31
29
23
21
24
14
13
17
11
7
12
2
-2
1
-9
-17
-15
-23
-35
-30
-35
-43
-36
-44
-46
-40
-47
-46
-51
-57
-51
-54
-60
-62
-70
-65
-65
-80
-82
-77
-74
-81
-78
-72
-76
-72
-70
-72
-70
-68
-66
-57
-60
-59
-45
-50
-49
-43
-49
-41
-39
-38
-40
-30
-20
-21
-19
-15
-5
-1
-6
-3
3
12
10
11
17
18
25
21
22
29
21
34
39
34
45
43
48
53
50
54
52
55
65
61
56
59
69
59
48
51
44
41
39
43
41
38
47
55
50
43
46
53
50
35
41
47
36
36
37
33
24
22
26
24
11
12
17
8
7
0
-10
-9
-12
-15
-22
-21
-17
-18
-19
-23
-23
-29
-32
-28
-38
-41
-44
-42
-39
-47
-53
-49
-47
-53
-54
-58
-57
-50
-57
-58
-51
-57
-57
-54
-54
-54
-55
-54
-47
-47
-53
-51
-43
-50
-50
-40
-41
-35
-28
-26
-17
-14
-16
-20
-16
-11
-17
-12
-13
-8
-1
-4
-1
-5
1
6
-3
6
9
11
22
24
30
35
36
46
48
50
52
58
64
59
62
57
54
56
41
41
46
40
41
43
48
51
47
46
52
49
41
46
43
41
42
43
39
36
33
25
29
23
12
17
16
20
15
5
10
9
4
0
-4
-2
-4
-5
-10
-13
-15
-15
-22
-32
-27
-29
-38
-36
-28
-35
-42
-34
-32
-40
-51
-45
-43
-49
-46
-57
-50
-48
-61
-61
-70
-66
-63
-71
-72
-69
-64
-65
-68
-64
-56
-47
-58
-48
-33
-41
-33
-29
-24
-24
-25
-15
-24
-29
-14
-13
-16
-13
-6
-9
-5
4
-10
-7
9
11
12
6
14
28
24
18
27
29
31
41
35
37
42
43
51
45
37
46
47
42
45
50
50
59
63
54
57
57
47
54
57
50
44
52
57
48
45
47
48
51
51
43
42
49
50
45
40
36
32
33
20
8
10
8
6
4
-6
-10
-4
-15
-26
-16
-19
-27
-16
-17
-17
-18
-29
-15
-16
-35
-28
-29
-37
-39
-43
-41
-46
-46
-46
-55
-52
-51
-58
-49
-47
-50
-44
-39
-49
-49
-36
-36
-45
-38
-30
-33
-39
-36
-32
-42
-36
-30
-39
-28
-28
-29
-13
-14
-16
-10
-2
-4
-9
0
-3
-2
3
7
7
0
6
10
7
11
16
21
21
28
31
23
24
39
35
33
44
39
48
55
45
46
55
56
41
41
47
37
36
38
42
42
33
45
43
37
40
39
51
50
44
55
51
45
45
40
39
37
29
24
29
15
17
19
3
8
10
6
-3
-4
9
7
0
3
10
6
-3
-6
-10
-10
-9
-20
-23
-14
-26
-37
-29
-31
-37
-38
-41
-34
-32
-40
-43
-30
-27
-38
-36
-29
-30
-40
-40
-34
-35
-38
-43
-37
-40
-45
-43
-41
-34
-31
-27
-17
-19
-18
-1
-7
-14
4
5
-6
3
2
-5
5
2
0
5
0
10
8
2
14
17
19
23
25
27
28
33
34
38
41
39
51
48
41
45
45
41
45
45
33
40
44
39
41
37
43
45
48
46
38
49
52
50
51
50
51
49
50
38
40
45
35
32
32
32
21
14
19
13
13
8
4
11
9
5
-3
5
8
-9
-4
-8
-17
-16
-22
-21
-23
-28
-24
-32
-36
-32
-42
-34
-35
-41
-28
-33
-37
-32
-36
-40
-35
-32
-38
-44
-37
-39
-47
-46
-48
-49
-45
-45
-51
-48
-41
-37
-32
-36
-33
-20
-25
-28
-24
-27
-20
-13
-23
-26
-13
-13
-23
-21
-14
-13
-11
-11
-13
2
3
-11
3
14
5
7
11
15
20
15
17
21
25
25
11
20
27
20
24
25
28
33
32
28
25
34
30
24
33
32
24
33
35
30
26
30
43
27
29
40
30
36
33
32
35
25
30
29
19
21
25
23
23
18
22
22
10
11
15
9
5
7
5
0
4
-5
-11
-4
-7
-12
-16
-14
-15
-16
-13
-22
-18
-16
-22
-18
-26
-24
-20
-28
-19
-25
-31
-21
-34
-36
-21
-34
-37
-24
-26
-29
-31
-31
-27
-25
-29
-29
-20
-22
-29
-16
-15
-18
-17
-18
-9
-13
-15
-14
-15
-7
-10
-12
-12
-15
-10
-8
-13
-8
-4
-4
5
-1
-1
8
1
3
13
13
9
12
24
23
20
21
21
20
24
22
9
14
22
18
15
12
14
19
17
11
11
16
21
19
20
14
16
23
7
11
13
4
18
13
4
11
11
10
5
2
1
1
-3
-7
-3
-5
-12
-6
-9
-9
-11
-18
-11
-9
-11
-17
-20
-6
-17
-26
-18
-29
-25
-26
-24
-25
-37
-18
-18
-32
-20
-22
-22
-16
-21
-21
-23
-19
-24
-30
-25
-30
-35
-32
-32
-30
-24
-21
-20
-14
-3
-1
-9
1
6
3
4
2
2
-3
-3
-3
-8
-7
-9
0
-1
-7
5
9
0
9
14
10
9
14
13
10
21
21
11
17
26
23
15
20
23
21
29
25
20
23
25
24
18
16
24
22
19
22
19
15
22
24
17
21
16
19
27
17
15
22
19
14
15
11
1
7
8
-1
2
1
0
3
-2
-7
-2
-4
-7
-5
-8
-8
-8
-14
-12
-12
-19
-20
-21
-16
-25
-29
-16
-22
-24
-19
-17
-18
-20
-20
-15
-16
-22
-19
-23
-27
-31
-38
-33
-38
-41
-31
-34
-37
-21
-22
-26
-12
-16
-13
-10
-14
-15
-17
-12
-18
-21
-22
-20
-14
-20
-21
-11
-7
-4
-3
0
0
0
4
6
-4
-9
7
5
-7
-1
-5
3
10
4
3
8
21
16
16
20
14
18
22
14
1
8
13
4
1
3
11
10
9
10
19
19
12
22
20
16
20
14
15
9
5
12
7
0
5
6
8
7
6
3
9
15
4
-2
4
5
0
-5
-6
-6
-9
