-6
-2
4
6
6
0
-9
-7
-9
-8
-2
4
8
3
-2
1
-3
-9
-4
-7
-8
-11
-9
-1
-10
-11
0
3
-7
-7
-5
-5
3
1
-1
1
-3
-1
-4
4
15
16
17
8
4
1
-10
-5
-4
-7
-5
-5
1
-2
1
7
6
8
10
9
0
-2
5
2
5
15
20
12
3
11
7
7
9
-4
-1
2
12
20
7
3
2
-1
3
2
11
11
-1
4
1
-9
-3
3
7
4
-2
-6
-8
-11
-11
-10
-11
-3
1
-4
0
-11
-19
-1
1
6
14
9
1
3
10
-5
-20
-13
-5
-6
-21
-21
-6
2
10
-10
-11
1
-3
1
3
12
6
12
26
2
-7
2
0
3
8
11
7
3
4
-3
1
10
14
13
5
-7
-9
-7
-4
4
16
15
6
-1
-1
-3
-5
12
12
12
17
2
13
8
-1
10
-5
-8
3
8
15
9
2
-4
-6
-1
1
3
17
13
-7
-5
6
10
6
8
11
4
-6
-19
-7
-5
-14
-11
-15
-16
-15
-2
-4
-13
-5
4
-1
-4
4
16
13
5
9
2
-6
0
-3
-11
-4
-1
-8
-3
-21
-22
-4
-15
-14
-6
0
0
-8
-1
1
-6
-1
-4
-7
-1
0
8
5
10
17
4
3
-3
-6
-1
-10
-12
-1
8
14
1
-1
8
6
10
14
20
21
11
-3
-7
-3
-3
5
11
19
14
3
6
4
-2
-3
1
-8
-20
-12
-8
-7
9
20
21
16
21
15
0
-1
0
1
-7
-8
6
19
18
20
25
14
10
-1
-12
-3
-9
-16
-11
-19
-13
1
9
24
31
28
15
5
-2
-14
-17
-15
-19
-14
-7
-11
-2
12
24
21
16
9
-3
-1
-15
-20
-17
-23
-22
-18
-3
15
24
21
19
12
-5
-10
-14
-18
-17
-13
-6
-8
1
12
21
26
18
11
9
2
-21
-26
-22
-27
-14
-10
-9
-2
16
34
28
15
5
-5
-8
-11
-27
-31
-10
3
0
19
33
24
21
16
5
-2
-4
-10
-18
-11
-2
7
16
20
24
27
21
13
7
3
2
-4
-4
-3
3
0
0
1
0
2
-1
0
2
-1
-8
-10
-6
-6
5
5
-3
5
-1
0
1
-3
-1
-5
-3
-1
-2
5
8
6
-2
-5
-10
-16
-16
-17
-14
-7
-4
-4
2
-1
-6
6
1
0
-4
-15
-5
-3
5
8
7
21
20
17
22
9
6
17
2
-14
-10
-17
-13
5
9
16
8
16
32
13
8
0
-10
-8
-9
-7
-3
2
10
17
16
17
10
1
6
-1
-9
-9
-14
-8
1
-1
-5
-2
1
-1
3
10
8
15
10
-5
5
-1
-19
-11
-4
1
6
18
10
1
2
-9
-19
-17
-13
-17
-20
-15
0
5
-1
3
16
16
5
4
-2
-2
-2
-9
-16
-19
-12
-1
-2
-5
5
13
5
3
5
0
-8
-17
-13
-16
-29
-17
-6
1
12
5
8
9
0
4
0
-8
-9
-11
-18
-19
-14
-6
-2
1
7
14
17
7
10
10
0
1
0
-9
-13
-4
-4
-1
12
17
22
23
20
5
-7
-1
-14
-23
-16
-20
-12
-4
9
33
33
32
43
37
22
20
1
-18
-22
-30
-24
-15
-1
12
21
24
27
20
13
1
-20
-28
-41
-39
-28
-27
-11
6
18
23
22
29
21
4
1
-18
-36
-32
-30
-26
-12
0
7
16
23
19
10
0
-3
-7
-18
-24
-23
-25
-10
-1
1
22
15
10
16
1
-3
-13
-25
-27
-27
-17
-15
-8
6
3
12
17
7
9
-5
-12
-5
-13
-13
-17
-17
-11
-10
0
5
8
9
-1
-2
8
-5
-10
-7
-14
-4
-14
-23
-12
-2
2
1
11
8
8
15
10
9
-4
-7
-1
-10
-17
-3
-1
-5
9
16
19
22
18
16
8
3
1
-6
-14
-12
-1
5
7
13
16
15
20
23
15
3
-1
-1
-11
-13
-16
-7
6
3
11
14
13
11
10
9
-1
-11
-20
-27
-24
-27
-27
-6
5
9
17
14
13
14
5
-2
-6
-13
-22
-24
-7
-10
1
28
15
17
26
13
10
-2
-16
-20
-28
-25
-18
-10
-2
5
7
17
23
10
7
0
0
-6
-16
-22
-27
-14
-4
-4
1
2
18
22
3
2
-3
-12
-13
-23
-32
-29
-18
-12
0
4
10
27
22
25
23
10
15
-3
-17
-16
-22
-18
-12
-3
6
16
24
29
37
22
8
9
-4
-15
-9
-7
-8
-1
8
9
16
20
12
14
11
1
-4
1
3
-6
-2
6
20
26
21
27
30
21
17
12
-5
-5
-11
-19
-10
-14
-7
8
11
21
25
12
5
4
-16
-19
-15
-24
-19
-7
-5
-9
-4
2
11
10
13
8
-5
-5
-12
-14
-17
-11
-6
-9
-2
3
-1
-3
3
-2
-6
-10
-12
-12
-18
-16
-13
-8
2
-1
-8
-5
-3
-11
-15
-12
-5
-4
-2
3
10
13
23
26
11
14
10
8
19
9
10
15
14
29
21
10
11
7
2
-11
0
9
2
1
7
7
7
15
16
15
6
5
7
-8
3
5
1
28
27
26
34
27
29
17
-5
-6
-17
-22
-22
-35
-19
-1
4
21
23
24
28
32
25
13
12
9
5
1
-2
-10
-5
-2
-8
-11
-15
-20
-24
-29
-31
-30
-28
-31
-25
-12
-7
-5
-3
3
9
17
15
2
12
16
3
-6
-14
-19
-29
-34
-30
-35
-41
-33
-22
-18
-9
-10
-8
17
12
2
6
-12
-15
-14
-13
-9
-8
8
19
13
24
28
20
17
7
-3
-9
-13
-1
16
27
29
46
50
46
46
30
23
3
-10
-8
-2
6
15
40
49
58
74
56
46
56
41
21
18
12
3
-5
2
7
7
19
19
17
29
34
32
25
8
4
-11
-23
-8
4
12
29
44
39
46
42
17
3
-25
-55
-79
-98
-100
-95
-87
-76
-43
-23
-31
-19
-26
-33
-25
-41
-42
-43
-45
-33
-23
-14
-11
-12
-14
-22
-31
-40
-37
-40
-39
-27
-19
-11
-5
-3
0
-2
-11
-16
-10
-22
-31
-30
-27
-18
-22
-16
6
15
31
41
43
45
39
41
35
17
3
-12
-10
1
-2
-11
-8
-7
-12
-15
-26
-36
-40
-44
-44
-31
-14
2
16
24
34
51
48
45
39
29
29
31
38
41
54
54
48
51
43
44
41
33
35
41
57
78
88
90
97
91
81
81
66
45
31
24
33
34
38
57
63
66
64
50
36
22
2
-17
-30
-36
-28
-9
22
60
100
133
149
153
141
105
54
-3
-50
-97
-134
-148
-147
-129
-86
-40
7
62
90
103
111
96
77
35
-12
-52
-100
-143
-190
-224
-250
-299
-343
-397
-447
-481
-528
-553
-551
-521
-460
-387
-284
-186
-103
-23
24
45
42
24
-10
-46
-61
-80
-80
-65
-47
-22
-15
3
0
-10
-5
3
25
50
93
139
183
237
278
305
313
307
291
264
243
221
201
197
200
195
191
191
181
175
169
171
186
221
277
330
395
460
501
514
512
498
463
419
370
329
283
234
210
208
228
282
351
428
485
516
516
470
396
310
257
277
384
606
899
1197
1430
1514
1362
866
58
-958
-2113
-3234
-4136
-4688
-4812
-4507
-3808
-2807
-1670
-547
454
1202
1648
1846
1826
1671
1487
1332
1246
1233
1264
1269
1178
946
522
-101
-871
-1712
-2519
-3166
-3541
-3576
-3241
-2543
-1544
-397
767
1826
2633
3086
3160
2892
2347
1619
849
153
-419
-818
-1022
-1091
-1097
-1087
-1111
-1172
-1270
-1389
-1429
-1367
-1149
-738
-199
451
1107
1657
2061
2256
2210
1950
1512
978
445
-18
-353
-545
-614
-578
-464
-324
-205
-128
-94
-83
-86
-60
23
159
342
557
793
1014
1197
1318
1368
1365
1323
1259
1199
1135
1073
1018
949
843
713
554
384
248
186
236
391
642
947
1211
1342
1216
766
-9
-1061
-2223
-3318
-4192
-4689
-4711
-4260
-3428
-2305
-1058
109
1068
1729
2068
2104
1935
1683
1408
1178
1011
892
780
598
328
-90
-666
-1335
-2058
-2737
-3280
-3591
-3619
-3324
-2691
-1806
-749
379
1434
2278
2833
3056
2915
2460
1805
1030
247
-447
-1036
-1500
-1856
-2132
-2337
-2519
-2653
-2695
-2623
-2386
-1950
-1315
-521
360
1247
2022
2583
2895
2937
2723
2299
1736
1135
560
69
-280
-490
-578
-563
-509
-444
-379
-320
-261
-169
-29
169
455
801
1183
1561
1859
2072
2165
2097
1923
1666
1369
1096
874
716
633
601
605
624
617
584
514
407
292
164
55
6
25
150
396
761
1223
1708
2149
2422
2393
1953
1084
-147
-1620
-3081
-4314
-5151
-5447
-5186
-4449
-3390
-2148
-908
142
924
1408
1626
1637
1552
1469
1417
1388
1344
1255
1037
647
97
-618
-1427
-2230
-2968
-3534
-3842
-3871
-3600
-3057
-2289
-1358
-340
667
1588
2349
2837
3003
2846
2368
1649
798
-132
-1026
-1807
-2432
-2856
-3083
-3100
-2945
-2654
-2252
-1778
-1220
-614
38
702
1337
1916
2351
2607
2655
2488
2156
1690
1137
550
-2
-455
-755
-891
-909
-821
-664
-491
-324
-158
22
223
459
728
1022
1347
1651
1908
2098
2178
2131
1964
1719
1434
1169
945
784
705
663
650
656
642
598
519
406
273
131
5
-41
21
192
489
942
1532
2200
2840
3314
3425
3006
2020
518
-1324
-3187
-4740
-5749
-6073
-5696
-4750
-3436
-1981
-608
504
1248
1629
1730
1645
1516
1446
1452
1490
1486
1360
1024
451
-344
-1301
-2315
-3263
-3989
-4433
-4546
-4280
-3708
-2909
-1951
-938
59
987
1791
2437
2865
3009
2847
2380
1669
798
-149
-1066
-1862
-2504
-2930
-3116
-3087
-2866
-2493
-2038
-1549
-1037
-492
96
701
1303
1857
2298
2571
2649
2515
2179
1656
984
245
-448
-985
-1315
-1397
-1248
-931
-536
-131
247
539
765
936
1041
1131
1220
1340
1488
1637
1765
1831
1818
1731
1585
1392
1187
1022
887
766
688
627
575
538
493
429
334
233
171
161
246
466
762
1140
1596
2085
2630
3105
3383
3289
2602
1320
-439
-2422
-4256
-5614
-6290
-6242
-5577
-4477
-3130
-1776
-561
449
1175
1658
1950
2121
2264
2374
2400
2301
1988
1431
666
-261
-1249
-2206
-3081
-3757
-4161
-4274
-4069
-3599
-2939
-2153
-1300
-415
488
1403
2281
3035
3545
3691
3396
2680
1634
407
-831
-1940
-2827
-3410
-3682
-3670
-3419
-3017
-2528
-2035
-1584
-1151
-697
-162
478
1176
1867
2420
2734
2779
2515
1953
1197
352
-480
-1168
-1600
-1717
-1589
-1277
-834
-394
-27
251
411
471
506
594
776
1073
1456
1876
2237
2457
2512
2382
2098
1745
1385
1097
934
888
936
1003
1021
955
792
561
316
121
39
79
215
461
751
1040
1313
1551
1821
2170
2628
3163
3576
3599
2968
1554
-500
-2863
-5078
-6699
-7464
-7284
-6325
-4867
-3170
-1508
-100
938
1581
1874
1944
1944
2033
2253
2508
2655
2524
2030
1152
-34
-1353
-2640
-3759
-4570
-4957
-4902
-4475
-3766
-2882
-1941
-995
-73
803
1651
2439
3135
3619
3692
3333
2540
1350
1
-1282
-2355
-3120
-3517
-3553
-3361
-2983
-2490
-2027
-1668
-1428
-1230
-970
-533
159
1024
1914
2641
3041
3037
2619
1900
1020
89
-704
-1210
-1384
-1258
-916
-460
-72
175
299
276
179
99
119
287
594
1040
1514
1897
2140
2215
2095
1844
1583
1335
1166
1131
1194
1324
1436
1435
1281
966
555
175
-104
-245
-228
-67
228
579
945
1305
1600
1872
2205
2663
3246
3822
4136
3805
2551
482
-2046
-4545
-6448
-7377
-7301
-6419
-5030
-3427
-1871
-544
510
1266
1732
2007
2248
2551
2922
3264
3352
3048
2276
1089
-305
-1723
-2993
-3975
-4617
-4898
-4816
-4419
-3809
-3103
-2388
-1682
-953
-103
934
2115
3291
4235
4651
4346
3349
1837
96
-1525
-2777
-3564
-3887
-3822
-3495
-3052
-2615
-2255
-2034
-1941
-1851
-1596
-1040
-163
928
2021
2851
3242
3135
2607
1800
846
-75
-815
-1275
-1401
-1232
-891
-549
-316
-218
-222
-235
-206
-95
124
439
844
1282
1685
1970
2054
1965
1760
1544
1443
1469
1582
1731
1838
1859
1779
1571
1244
851
462
141
-36
-45
79
292
517
690
781
826
885
1036
1351
1836
2491
3262
4011
4529
4523
3685
1881
-648
-3411
-5815
-7292
-7600
-6887
-5510
-3912
-2442
-1246
-343
322
799
1174
1566
2064
2710
3392
3891
3928
3353
2189
610
-1068
-2590
-3766
-4477
-4750
-4664
-4348
-3926
-3482
-3078
-2674
-2173
-1454
-424
927
2493
3993
5064
5376
4760
3325
1399
-570
-2211
-3284
-3719
-3655
-3286
-2818
-2445
-2279
-2357
-2588
-2801
-2801
-2360
-1417
-76
1443
2765
3587
3751
3261
2323
1192
121
-697
-1134
-1165
-883
-461
-101
51
-74
-398
-756
-997
-1019
-749
-217
476
1222
1870
2253
2267
1967
1512
1097
916
1024
1336
1731
2057
2227
2185
1924
1508
957
376
-106
-400
-411
-182
167
537
836
999
1053
1031
1018
1158
1488
2046
2823
3687
4430
4771
4380
2997
683
-2124
-4821
-6754
-7473
-7016
-5737
-4154
-2723
-1616
-838
-254
250
730
1272
1905
2674
3532
4187
4337
3810
2591
914
-835
-2314
-3333
-3879
-4037
-3940
-3731
-3518
-3364
-3273
-3174
-2923
-2360
-1358
98
1864
3633
5011
5610
5200
3847
1877
-253
-2051
-3179
-3597
-3455
-3006
-2562
-2330
-2397
-2729
-3182
-3555
-3621
-3157
-2124
-645
1019
2459
3356
3532
3019
2108
1096
225
-340
-586
-528
-262
58
268
214
-156
-764
-1360
-1692
-1600
-1073
-271
592
1334
1863
2125
2097
1825
1438
1134
1063
1295
1753
2242
2586
2645
2420
2004
1473
911
408
37
-173
-167
-9
195
357
438
456
434
469
633
935
1403
2028
2729
3434
4087
4548
4661
4199
2897
762
-1853
-4434
-6364
-7172
-6837
-5715
-4336
-3127
-2256
-1668
-1185
-657
-29
701
1547
2508
3500
4304
4628
4271
3223
1687
26
-1431
-2521
-3224
-3630
-3845
-3969
-4019
-4010
-3978
-3854
-3550
-2931
-1884
-415
1339
3083
4462
5150
4932
3869
2261
478
-1070
-2059
-2458
-2436
-2228
-2144
-2393
-2910
-3533
-4078
-4337
-4174
-3532
-2404
-893
735
2113
2955
3124
2711
2029
1375
935
721
684
754
824
845
701
278
-428
-1265
-1938
-2197
-1907
-1168
-227
670
1350
1775
1924
1834
1572
1236
1022
1089
1475
2076
2655
2987
2956
2600
2040
1430
876
421
130
0
-3
66
149
196
202
221
308
497
803
1196
1658
2162
2657
3116
3501
3785
3875
3606
2765
1192
-945
-3246
-5191
-6296
-6378
-5623
-4483
-3379
-2564
-2048
-1635
-1139
-493
276
1167
2134
3086
3907
4334
4153
3329
1986
441
-971
-2044
-2741
-3161
-3390
-3497
-3562
-3620
-3674
-3718
-3650
-3312
-2563
-1327
290
2000
3483
4456
4692
4128
2941
1423
-97
-1284
-1946
-2137
-2066
-2002
-2202
-2715
-3394
-4019
-4402
-4429
-4015
-3147
-1873
-339
1161
2311
2870
2825
2395
1870
1507
1343
1302
1292
1212
1057
795
333
-363
-1206
-1968
-2372
-2231
-1566
-623
294
988
1403
1589
1620
1512
1328
1190
1239
1585
2154
2754
3135
3140
2790
2188
1523
916
427
89
-94
-117
-42
66
180
297
415
549
746
984
1253
1597
1999
2447
2903
3309
3636
3838
3862
3554
2662
1020
-1221
-3582
-5506
-6494
-6413
-5572
-4443
-3456
-2791
-2351
-1926
-1365
-605
285
1255
2316
3358
4204
4563
4234
3223
1725
113
-1272
-2235
-2776
-3017
-3097
-3149
-3271
-3520
-3855
-4184
-4343
-4095
-3285
-1904
-78
1876
3568
4693
5008
4442
3173
1534
-56
-1190
-1748
-1842
-1663
-1607
-1932
-2593
-3445
-4275
-4860
-5007
-4645
-3703
-2200
-384
1352
2635
3255
3194
2733
2223
1836
1652
1627
1634
1629
1554
1294
730
-157
-1160
-1978
-2341
-2145
-1533
-757
-35
545
954
1192
1278
1178
1009
1011
1325
1957
2754
3414
3654
3433
2870
2129
1407
795
314
-31
-207
-217
-149
-56
-3
-6
-18
17
164
464
944
1588
2341
3068
3685
4142
4367
4315
3809
2596
663
-1683
-3937
-5552
-6156
-5814
-4951
-4040
-3394
-3073
-2882
-2558
-1950
-1057
32
1246
2458
3491
4154
4221
3630
2528
1201
9
-815
-1257
-1501
-1702
-1977
-2441
-3072
-3782
-4488
-4989
-5029
-4475
-3303
-1616
311
2125
3522
4287
4280
3537
2346
1070
24
-524
-599
-461
-390
-677
-1441
-2539
-3705
-4676
-5250
-5297
-4770
-3664
-2096
-354
1197
2225
2597
2449
2055
1734
1625
1672
1811
1952
2008
1920
1586
924
-14
-1006
-1780
-2129
-2008
-1533
-945
-438
-49
214
386
517
616
728
985
1487
2164
2869
3408
3587
3379
2909
2328
1762
1268
834
468
183
-15
-162
-305
-434
-491
-410
-175
197
651
1123
1641
2210
2766
3275
3711
4022
4153
4005
3356
1966
-47
-2262
-4245
-5477
-5718
-5229
-4398
-3631
-3144
-2893
-2675
-2272
-1673
-934
-51
940
2004
3034
3754
3890
3407
2477
1380
423
-290
-840
-1329
-1802
-2295
-2851
-3425
-4049
-4680
-5032
-4886
-4148
-2806
-1066
698
2186
3187
3552
3260
2476
1526
688
196
127
290
410
241
-384
-1440
-2695
-3881
-4775
-5201
-5049
-4273
-2981
-1399
114
1196
1720
1725
1432
1163
1129
1394
1863
2407
2862
3036
2826
2163
1125
-86
-1191
-1901
-2136
-1899
-1370
-812
-352
-96
-14
-21
-46
28
298
851
1682
2626
3475
4005
4071
3716
3096
2391
1717
1124
629
235
-48
-231
-383
-540
-644
-664
-587
-320
97
564
1117
1737
2339
2902
3395
3762
3956
3908
3449
2340
595
-1410
-3312
-4680
-5150
-4856
-4230
-3605
-3184
-3050
-2992
-2740
-2267
-1625
-795
237
1352
2449
3350
3721
3473
2785
1879
1001
320
-205
-682
-1153
-1631
-2152
-2718
-3325
-3947
-4414
-4519
-4125
-3237
-1972
-514
839
1889
2544
2694
2413
1934
1442
1088
954
966
899
567
-71
-1018
-2139
-3154
-3884
-4289
-4323
-3933
-3198
-2234
-1138
-200
369
639
709
724
900
1325
1857
2356
2752
2923
2751
2249
1465
459
-528
-1230
-1581
-1606
-1343
-1013
-799
-699
-628
-559
-471
-259
72
546
1276
2167
2988
3575
3796
3599
3139
2599
2041
1482
950
476
100
-102
-166
-224
-283
-301
-275
-147
121
469
877
1374
1939
2504
3046
3553
3884
3976
3771
2979
1529
-269
-2131
-3716
-4537
-4518
-4033
-3434
-2950
-2814
-2960
-3014
-2827
-2420
-1742
-742
460
1720
2902
3635
3661
3134
2291
1344
606
153
-209
-567
-890
-1238
-1731
-2334
-3051
-3860
-4447
-4542
-4109
-3171
-1844
-435
764
1642
2091
2048
1685
1248
908
803
966
1202
1246
939
233
-754
-1805
-2762
-3530
-4042
-4195
-3961
-3361
-2454
-1516
-765
-250
53
274
559
1005
1524
2020
2459
2732
2785
2593
2124
1365
477
-300
-861
-1132
-1140
-1058
-1034
-1067
-1093
-1064
-934
-695
-338
132
786
1608
2430
3074
3385
3345
3027
2605
2226
1893
1568
1262
988
722
495
303
57
-218
-362
-332
-162
154
565
964
1367
1845
2330
2727
3022
3195
3201
3046
2641
1741
322
-1281
-2759
-3816
-4174
-4004
-3674
-3393
-3230
-3168
-3082
-2796
-2333
-1783
-1047
-89
970
1998
2814
3166
3038
2599
1993
1381
863
414
-25
-415
-781
-1244
-1831
-2520
-3283
-3921
-4151
-3954
-3396
-2493
-1412
-342
604
1319
1632
1526
1258
997
860
988
1261
1363
1174
725
-44
-1015
-1956
-2834
-3588
-4008
-3971
-3520
-2707
-1707
-855
-339
-92
-2
49
249
636
1094
1555
1996
2342
2448
2238
1702
910
71
-583
-951
-1057
-962
-793
-664
-583
-528
-487
-448
-383
-233
69
552
1148
1727
2183
2433
2465
2376
2216
1973
1674
1353
1071
884
804
790
739
633
554
525
536
623
752
911
1204
1619
2016
2355
2604
2736
2766
2713
2455
1740
587
-720
-1983
-2943
-3320
-3290
-3179
-3068
-3016
-3046
-3027
-2785
-2369
-1905
-1297
-498
333
1096
1744
2065
2028
1873
1660
1389
1128
884
558
168
-189
-638
-1250
-1903
-2554
-3124
-3416
-3399
-3179
-2720
-2003
-1166
-323
403
831
926
835
721
685
779
974
1082
997
737
288
-334
-1022
-1723
-2416
-2933
-3109
-2961
-2494
-1802
-1156
-700
-410
-280
-261
-177
39
301
651
1133
1590
1904
2064
1962
1565
1048
552
148
-88
-120
-75
-77
-94
-149
-278
-408
-482
-466
-318
31
535
1089
1638
2083
2342
2422
2349
2111
1746
1373
1087
957
1023
1194
1317
1354
1279
1066
791
550
394
398
643
1058
1515
1955
2245
2312
2247
2112
1893
1601
1219
622
-178
-994
-1761
-2455
-2949
-3223
-3390
-3421
-3245
-2975
-2669
-2228
-1747
-1394
-1074
-700
-359
-12
484
1029
1418
1673
1761
1583
1275
956
549
63
-393
-829
-1262
-1597
-1837
-2094
-2351
-2505
-2515
-2308
-1828
-1203
-591
-64
293
430
389
248
48
-155
-225
-125
40
211
302
164
-188
-645
-1184
-1695
-1995
-2050
-1873
-1451
-942
-559
-345
-310
-435
-567
-582
-472
-254
114
613
1142
1579
1839
1836
1560
1183
818
519
357
304
291
286
313
323
282
203
95
14
31
205
497
828
1168
1443
1606
1692
1683
1597
1473
1362
1333
1370
1478
1567
1575
1537
1424
1307
1234
1205
1229
1287
1381
1437
1470
1501
1455
1372
1351
1402
1467
1518
1428
984
211
-744
-1787
-2696
-3211
-3350
-3274
-3012
-2692
-2510
-2469
-2478
-2529
-2595
-2497
-2100
-1477
-657
323
1152
1649
1885
1867
1600
1247
933
618
333
177
71
-122
-414
-817
-1342
-1860
-2224
-2379
-2337
-2101
-1717
-1308
-972
-788
-814
-1003
-1200
-1251
-1086
-731
-263
177
482
642
639
477
160
-237
-612
-909
-1038
-1004
-909
-831
-793
-785
-788
-771
-720
-646
-535
-318
27
438
847
1158
1307
1318
1268
1224
1154
1072
992
877
784
734
711
684
599
469
334
265
292
422
612
792
943
1062
1161
1256
1341
1390
1375
1323
1267
1248
1276
1352
1458
1541
1595
1601
1556
1479
1358
1210
1081
1002
1008
1077
1165
1282
1419
1557
1637
1572
1293
723
-59
-901
-1716
-2373
-2813
-3085
-3228
-3282
-3245
-3162
-3079
-2929
-2699
-2453
-2150
-1744
-1328
-893
-386
135
631
1090
1496
1745
1841
1860
1692
1332
865
325
-231
-684
-975
-1199
-1395
-1552
-1733
-1937
-2093
-2172
-2196
-2156
-2002
-1752
-1448
-1084
-733
-469
-243
-25
161
295
401
457
430
348
192
-57
-317
-525
-681
-733
-707
-681
-663
-642
-584
-487
-389
-299
-242
-209
-101
118
394
662
868
982
1000
975
965
948
903
833
754
689
657
646
612
559
517
509
517
545
608
679
788
955
1125
1275
1379
1410
1372
1319
1303
1300
1298
1318
1340
1337
1358
1371
1337
1330
1361
1398
1458
1544
1587
1555
1508
1454
1384
1343
1348
1306
1178
969
566
-67
-819
-1637
-2440
-3052
-3403
-3571
-3585
-3427
-3232
-3084
-2908
-2742
-2657
-2520
-2209
-1756
-1185
-479
236
798
1254
1613
1777
1761
1655
1460
1184
941
706
378
-2
-431
-917
-1340
-1631
-1778
-1798
-1732
-1629
-1549
-1509
-1508
-1578
-1673
-1705
-1655
-1475
-1181
-861
-555
-333
-226
-195
-195
-221
-293
-324
-274
-186
-29
183
345
412
423
382
265
163
128
91
112
258
432
567
689
772
732
641
594
534
462
460
485
492
551
642
672
642
607
565
519
582
736
867
995
1122
1212
1292
1376
1434
1430
1404
1384
1364
1368
1383
1366
1309
1254
1228
1217
1233
1244
1238
1213
1188
1192
1187
1176
1149
1099
1076
1061
1047
1040
974
850
655
322
-164
-756
-1403
-2027
-2519
-2839
-3011
-3076
-3038
-2930
-2792
-2574
-2328
-2152
-2049
-1978
-1906
-1744
-1440
-1005
-473
56
578
1031
1305
1419
1353
1091
729
368
53
-171
-272
-296
-315
-348
-403
-497
-648
-832
-1051
-1319
-1596
-1861
-2097
-2258
-2320
-2258
-2065
-1754
-1357
-948
-595
-327
-163
-103
-110
-147
-170
-144
-7
250
581
943
1274
1496
1564
1496
1291
995
686
404
218
175
243
376
533
672
738
712
650
540
373
220
90
-11
-23
73
243
458
698
918
1093
1212
1270
1279
1266
1244
1233
1261
1331
1410
1495
1583
1634
1625
1562
1432
1264
1103
960
856
814
880
1000
1099
1191
1197
1066
863
624
389
211
133
136
161
219
244
106
-175
-541
-1000
-1493
-1894
-2203
-2478
-2667
-2760
-2823
-2826
-2707
-2536
-2377
-2186
-1963
-1776
-1603
-1383
-1176
-995
-754
-443
-82
318
721
1054
1251
1314
1253
1058
787
479
160
-113
-301
-398
-453
-516
-603
-751
-965
-1245
-1556
-1848
-2108
-2263
-2280
-2198
-2009
-1744
-1452
-1136
-797
-457
-159
57
200
272
302
348
415
499
624
802
1002
1221
1426
1555
1594
1536
1395
1196
994
843
745
734
816
931
1024
1078
1042
892
682
451
193
-34
-162
-214
-181
-48
174
444
714
968
1151
1251
1292
1276
1213
1154
1121
1107
1141
1237
1358
1497
1659
1756
1751
1664
1462
1163
833
528
287
159
141
186
257
339
411
433
409
354
252
83
-104
-294
-543
-809
-1097
-1443
-1782
-2059
-2279
-2438
-2511
-2545
-2551
-2493
-2420
-2370
-2332
-2304
-2260
-2149
-1909
-1549
-1121
-623
-121
323
690
944
1058
1034
931
783
630
523
424
308
189
73
-49
-174
-284
-424
-600
-772
-939
-1114
-1299
-1457
-1594
-1689
-1692
-1617
-1480
-1266
-1005
-729
-452
-205
-65
-32
-39
-82
-123
-85
21
162
375
638
896
1163
1405
1557
1623
1650
1636
1565
1451
1296
1098
900
747
630
548
488
443
391
337
290
210
92
-27
-123
-188
-169
-72
72
265
500
750
971
1185
1355
1430
1457
1453
1420
1387
1384
1361
1309
1269
1217
1164
1139
1126
1119
1077
1002
903
772
638
496
358
249
194
193
228
287
336
331
268
151
-34
-293
-586
-909
-1290
-1671
-2007
-2320
-2592
-2769
-2815
-2760
-2611
-2371
-2109
-1863
-1648
-1464
-1309
-1204
-1103
-984
-825
-576
-257
101
430
696
858
884
787
618
416
202
13
-135
-243
-310
-356
-413
-464
-521
-609
-715
-825
-938
-1035
-1123
-1179
-1202
-1230
-1246
-1238
-1179
-1060
-894
-670
-435
-220
-36
112
205
236
255
286
367
553
781
1020
1273
1491
1621
1653
1616
1493
1313
1129
971
833
744
703
624
539
468
378
279
190
117
51
-8
-26
1
24
65
132
193
270
388
524
647
780
907
999
1079
1141
1158
1143
1119
1082
1043
1028
1027
1001
985
983
978
1009
1044
1063
1053
1000
921
822
691
534
376
215
70
-36
-127
-187
-266
-379
-506
-711
-967
-1239
-1537
-1800
-2007
-2141
-2189
-2178
-2133
-2064
-1962
-1815
-1660
-1527
-1402
-1294
-1211
-1119
-1013
-921
-823
-705
-560
-378
-156
111
353
532
639
661
600
455
264
64
-120
-222
-246
-229
-171
-115
-113
-178
-303
-484
-678
-842
-964
-1038
-1078
-1098
-1097
-1039
-910
-719
-485
-239
-22
158
298
368
389
376
327
289
326
418
571
776
1010
1248
1422
1541
1561
1480
1345
1142
936
736
537
376
239
139
85
64
73
99
128
154
155
126
34
-99
-203
-286
-304
-231
-93
144
430
739
1047
1268
1410
1452
1422
1370
1296
1234
1210
1208
1252
1328
1382
1412
1377
1284
1145
952
756
549
339
167
16
-106
-207
-293
-347
-384
-386
-346
-298
-293
-357
-501
-702
-946
-1222
-1501
-1773
-1999
-2161
-2239
-2238
-2185
-2103
-1997
-1864
-1742
-1635
-1566
-1545
-1533
-1525
-1481
-1355
-1177
-963
-675
-335
8
331
597
778
836
797
698
536
346
172
47
-35
-66
-41
-6
32
66
63
16
-83
-226
-401
-597
-788
-964
-1099
-1170
-1144
-1020
-806
-515
-221
54
290
449
533
562
559
552
577
647
766
954
1199
1426
1636
1804
1888
1877
1768
1589
1342
1053
758
455
171
-47
-189
-278
-311
-311
-298
-279
-266
-267
-299
-338
-369
-381
-317
-161
47
311
606
894
1177
1435
1605
1685
1701
1650
1557
1456
1351
1235
1115
1013
922
830
771
713
632
587
559
526
488
409
278
100
-83
-245
-401
-519
-573
-568
-513
-440
-399
-444
-569
-781
-1081
-1418
-1773
-2109
-2389
-2565
-2631
-2591
-2481
-2337
-2170
-2005
-1836
-1686
-1548
-1435
-1350
-1254
-1150
-997
-819
-627
-397
-148
128
413
664
872
1026
1110
1118
1052
898
681
440
197
1
-155
-261
-304
-318
-284
-243
-235
-276
-396
-568
-756
-916
-1025
-1052
-976
-793
-513
-201
127
421
629
779
858
897
928
948
982
1021
1082
1175
1250
1299
1320
1302
1282
1258
1191
1070
911
727
507
272
20
-218
-416
-571
-626
-578
-443
-255
-40
164
321
433
470
453
409
368
376
453
597
788
1020
1243
1420
1539
1561
1521
1435
1301
1165
1033
910
795
688
594
497
416
332
266
227
185
158
106
46
-15
-115
-230
-343
-464
-604
-726
-820
-901
-969
-1059
-1172
-1311
-1482
-1678
-1899
-2121
-2320
-2489
-2597
-2616
-2541
-2391
-2175
-1899
-1609
-1342
-1110
-914
-771
-663
-550
-439
-305
-149
16
214
403
576
722
797
816
785
728
660
558
423
267
112
-38
-172
-276
-337
-345
-299
-225
-131
-49
-14
-21
-80
-149
-214
-263
-273
-242
-148
17
224
441
645
800
911
975
998
1011
1013
1012
1033
1058
1088
1097
1068
1021
949
864
792
727
644
537
416
289
146
-6
-143
-255
-320
-350
-327
-245
-141
0
132
241
332
389
448
502
557
618
695
787
866
939
996
1024
1015
980
920
843
794
736
651
567
488
421
357
303
270
226
192
155
85
10
-89
-205
-322
-449
-573
-701
-837
-979
-1130
-1269
-1401
-1534
-1653
-1758
-1851
-1921
-1971
-2000
-2019
-2005
-1942
-1851
-1727
-1570
-1408
-1243
-1088
-932
-791
-684
-584
-466
-333
-193
-28
135
280
412
510
570
605
607
589
581
562
542
512
449
376
290
191
108
38
-15
-51
-89
-113
-138
-186
-228
-270
-299
-295
-281
-235
-149
-51
69
198
307
389
454
511
556
619
711
785
846
903
951
983
965
902
811
695
614
552
511
503
474
436
371
274
178
56
-71
-144
-174
-155
-80
14
121
217
285
327
334
321
297
303
332
393
493
579
671
743
775
810
810
790
766
739
724
717
689
635
552
458
376
290
204
119
31
-39
-102
-172
-232
-301
-399
-501
-595
-691
-795
-893
-979
-1063
-1128
-1187
-1266
-1347
-1459
-1581
-1679
-1767
-1807
-1802
-1750
-1647
-1515
-1358
-1194
-1043
-914
-805
-700
-592
-479
-338
-174
19
219
399
548
658
731
775
782
745
687
611
542
479
413
354
278
196
99
8
-68
-140
-200
-248
-261
-250
-244
-232
-224
-228
-218
-170
-102
-9
115
226
343
460
526
562
553
523
510
509
538
572
610
663
698
720
716
674
606
538
487
433
382
329
261
172
74
-12
-111
-191
-242
-260
-228
-175
-118
-58
-13
-8
7
34
55
91
148
236
346
464
571
663
727
770
812
841
858
854
832
807
781
733
666
591
502
419
367
324
280
238
190
135
72
2
-91
-203
-318
-450
-590
-731
-879
-1019
-1159
-1280
-1379
-1461
-1519
-1592
-1635
-1644
-1661
-1641
-1585
-1506
-1398
-1260
-1095
-928
-769
-617
-494
-384
-247
-107
20
154
277
389
486
540
570
564
540
503
432
382
346
292
251
218
167
99
49
11
-19
-19
-5
8
33
52
50
30
-7
-71
-141
-186
-192
-152
-63
42
155
269
329
360
363
345
338
349
410
493
589
684
733
750
741
695
612
526
455
383
344
295
237
181
88
2
-92
-196
-270
-317
-319
-274
-201
-133
-79
-31
17
68
101
156
216
272
354
453
551
637
708
760
813
851
867
857
825
795
746
704
684
651
606
550
491
424
353
269
154
37
-68
-164
-250
-335
-424
-507
-609
-726
-848
-984
-1114
-1246
-1357
-1432
-1476
-1499
-1501
-1483
-1451
-1403
-1351
-1286
-1216
-1123
-1006
-885
-751
-630
-528
-429
-338
-258
-204
-145
-62
31
145
251
341
422
471
487
486
466
419
367
319
267
214
179
139
91
67
33
21
33
35
33
33
10
-22
-48
-99
-144
-164
-150
-85
9
125
244
348
431
490
525
530
532
527
529
561
592
606
619
617
579
550
497
434
375
294
226
165
95
11
-73
-151
-212
-234
-231
-206
-180
-141
-82
-35
-4
20
45
82
141
216
311
395
473
568
653
722
765
779
779
756
726
703
664
628
609
586
576
566
527
486
429
350
272
166
46
-78
-200
-314
-416
-490
-561
-641
-720
-811
-902
-993
-1098
-1191
-1258
-1312
-1350
-1370
-1374
-1362
-1339
-1314
-1270
-1213
-1132
-1026
-911
-777
-645
-524
-415
-320
-236
-152
-69
-2
68
156
235
305
367
390
380
359
327
292
254
209
155
110
82
57
52
48
44
42
37
44
36
25
-2
-42
-67
-89
-91
-63
-12
54
129
208
287
341
364
380
392
409
435
468
506
545
584
610
616
591
566
532
481
429
383
334
272
217
150
78
10
-66
-122
-159
-147
-104
-63
0
52
90
136
170
181
192
224
264
321
409
500
585
674
756
809
833
823
775
713
653
598
548
524
527
540
550
545
528
477
393
285
167
45
-84
-187
-286
-383
-455
-538
-628
-724
-844
-949
-1045
-1136
-1211
-1260
-1278
-1287
-1293
-1303
-1305
-1298
-1296
-1273
-1191
-1068
-934
-788
-648
-521
-432
-376
-338
-327
-305
-257
-179
-64
57
165
239
280
295
262
213
167
122
97
92
109
130
143
143
132
114
97
68
23
-3
-33
-75
-98
-113
-137
-145
-119
-69
-10
66
170
259
332
408
474
520
557
589
608
616
617
615
603
590
583
568
567
555
519
496
452
382
304
203
90
-31
-130
-189
-218
-209
-161
-99
-23
67
131
179
222
239
257
278
308
349
395
447
511
581
640
706
757
790
804
782
746
696
628
564
513
474
437
414
401
363
307
239
144
25
-101
-215
-317
-402
-482
-557
-624
-692
-773
-856
-934
-1012
-1060
-1090
-1112
-1120
-1126
-1136
-1145
-1163
-1185
-1190
-1161
-1107
-1014
-873
-730
-604
-501
-444
-431
-445
-476
-502
-499
-459
-377
-276
-172
-76
-2
39
55
65
46
27
28
17
33
45
51
66
70
84
100
127
162
180
196
218
221
222
228
227
241
260
297
362
402
458
522
552
590
635
662
664
673
674
644
620
590
542
504
463
435
420
402
381
349
308
255
184
125
59
7
-8
-16
4
40
67
100
130
148
178
210
244
297
341
390
435
452
465
463
459
459
475
508
543
590
613
635
639
598
539
470
405
347
294
247
210
166
94
12
-77
-186
-292
-382
-458
-512
-576
-647
-707
-786
-864
-937
-997
-1019
-1029
-1021
-982
-933
-893
-884
-894
-904
-929
-947
-940
-917
-859
-780
-717
-658
-616
-622
-635
-643
-668
-675
-642
-605
-547
-473
-407
-356
-328
-314
-304
-286
-268
-237
-190
-136
-65
3
60
113
165
201
237
280
323
379
431
475
524
570
611
651
679
702
719
723
739
753
767
779
787
802
808
813
806
783
746
694
649
598
551
518
479
456
438
401
365
317
249
191
139
101
92
99
118
138
153
159
157
138
131
152
167
207
274
339
402
456
497
495
467
439
408
406
400
402
420
402
386
356
286
216
128
40
-27
-92
-140
-192
-248
-303
-363
-415
-468
-512
-545
-569
-587
-599
-611
-636
-656
-678
-700
-714
-735
-736
-728
-716
-693
-683
-665
-658
-674
-683
-686
-677
-685
-690
-685
-705
-711
-714
-732
-723
-719
-705
-667
-631
-598
-570
-535
-511
-497
-480
-455
-411
-358
-294
-211
-121
-45
23
83
135
183
225
284
335
394
470
528
583
628
656
690
726
757
782
791
814
829
826
837
829
802
782
767
759
739
721
709
667
619
580
522
463
404
338
278
232
203
167
127
116
99
80
90
98
111
112
98
100
101
98
105
120
143
179
226
277
320
340
360
357
317
287
245
198
178
149
132
107
75
56
16
-41
-96
-138
-182
-234
-277
-314
-347
-390
-434
-473
-501
-508
-519
-522
-517
-506
-481
-480
-474
-457
-473
-493
-514
-533
-539
-547
-551
-541
-538
-531
-516
-517
-521
-537
-565
-588
-611
-630
-627
-614
-597
-556
-516
-472
-432
-403
-376
-364
-350
-346
-336
-309
-277
-233
-191
-141
-83
-21
36
82
130
161
210
279
329
394
459
500
529
554
587
629
657
691
736
768
800
833
838
800
752
705
646
593
540
488
455
432
410
393
374
335
288
242
200
160
114
79
52
32
7
-23
-30
-26
-21
3
33
59
94
125
153
178
185
180
168
167
166
175
193
218
258
285
299
313
303
269
208
125
52
-6
-61
-109
-146
-164
-176
-190
-204
-227
-264
-316
-354
-381
-397
-392
-393
-391
-379
-369
-354
-366
-383
-393
-405
-403
-409
-423
-430
-449
-474
-502
-533
-563
-580
-579
-569
-547
-526
-508
-488
-478
-480
-483
-478
-465
-449
-427
-391
-345
-297
-262
-230
-201
-179
-150
-118
-93
-71
-48
-16
23
61
96
133
179
216
269
346
407
468
518
558
600
626
636
638
643
655
675
692
703
719
718
710
691
667
632
578
532
473
415
371
321
282
237
201
174
135
103
69
35
-5
-47
-73
-96
-120
-142
-149
-132
-117
-102
-74
-51
-19
11
34
63
66
78
91
72
73
64
57
63
57
68
77
70
73
62
42
25
-9
-31
-55
-88
-97
-112
-117
-120
-124
-128
-139
-138
-134
-138
-144
-140
-141
-148
-164
-198
-224
-260
-294
-309
-327
-337
-336
-337
-351
-366
-395
-427
-457
-492
-515
-523
-513
-486
-461
-436
-418
-394
-375
-371
-358
-348
-335
-298
-266
-244
-212
-188
-169
-150
-128
-98
-56
-22
15
60
85
113
130
141
158
165
188
246
310
377
436
481
543
584
592
599
591
591
595
601
624
639
653
651
637
632
595
549
499
437
394
340
285
242
191
151
122
87
53
16
-22
-55
-83
-104
-122
-138
-137
-128
-122
-109
-100
-104
-109
-118
-129
-128
-116
-110
-102
-84
-69
-67
-66
-64
-74
-82
-82
-79
-65
-54
-63
-70
-58
-64
-75
-77
-79
-67
-49
-28
-11
-1
4
0
-13
-29
-55
-75
-87
-101
-103
-113
-117
-130
-168
-195
-226
-254
-279
-303
-307
-320
-325
-323
-334
-354
-365
-369
-377
-353
-336
-321
-284
-250
-222
-196
-173
-169
-164
-151
-143
-116
-86
-70
-50
-29
-17
-4
10
23
37
57
77
102
124
140
151
144
152
169
192
228
265
313
362
408
441
470
486
472
466
464
462
468
472
488
501
501
499
480
440
388
344
293
232
179
133
98
72
55
41
14
-14
-35
-65
-118
-145
-171
-208
-213
-222
-215
-191
-185
-172
-165
-170
-171
-172
-171
-168
-171
-173
-164
-158
-157
-162
-171
-177
-169
-148
-121
-93
-61
-34
-18
2
11
8
2
-4
-2
13
36
61
65
68
79
70
47
15
-18
-47
-69
-91
-109
-113
-124
-143
-154
-165
-172
-177
-191
-192
-175
-155
-149
-153
-155
-156
-143
-139
-135
-122
-107
-81
-48
-26
-7
0
-9
-7
-12
-18
-11
-22
-25
-15
-5
10
32
44
46
61
86
106
120
122
122
131
135
143
174
195
217
253
292
342
374
399
419
411
405
409
389
364
350
332
322
320
314
293
264
241
205
155
97
38
-14
-55
-90
-113
-128
-139
-156
-160
-167
-198
-217
-238
-262
-275
-281
-278
-279
-281
-287
-289
-290
-288
-289
-295
-284
-262
-235
-207
-195
-183
-173
-178
-163
-151
-144
-105
-72
-23
32
69
105
118
115
98
83
80
65
59
62
72
68
63
59
36
14
-15
-46
-52
-58
-70
-72
-72
-70
-74
-85
-100
-108
-106
-94
-77
-52
-20
1
10
30
33
20
5
0
2
6
24
41
54
75
89
92
80
70
49
16
8
-8
-4
4
0
26
40
54
66
70
76
74
80
86
95
121
142
158
194
220
241
271
282
294
299
306
312
302
292
275
250
221
191
161
142
129
116
113
96
74
46
6
-35
-84
-134
-166
-193
-208
-205
-213
-225
-233
-244
-271
-303
-312
-325
-334
-327
-328
-332
-331
-332
-343
-354
-360
-350
-321
-286
-247
-198
-158
-123
-90
-79
-72
-61
-51
-33
0
43
91
141
185
210
222
227
217
197
177
158
135
132
132
124
126
114
90
79
64
46
29
9
-1
6
5
-3
-14
-22
-21
-29
-26
-18
-3
25
46
64
76
73
66
53
22
-9
-17
-18
-19
-17
-5
11
19
9
-9
-35
-77
-112
-127
-143
-150
-138
-108
-83
-56
-15
-1
8
23
22
26
40
53
67
101
125
153
185
191
204
205
201
206
207
204
199
196
188
172
132
101
79
40
19
1
-4
2
-12
-20
-29
-64
-98
-121
-166
-203
-216
-228
-230
-232
-242
-241
-245
-257
-261
-269
-280
-282
-287
-282
-266
-272
-269
-246
-231
-202
-164
-124
-82
-41
1
41
76
97
100
125
156
169
193
221
247
275
286
297
298
282
262
237
205
180
160
137
121
111
100
93
81
73
60
42
42
43
35
33
38
41
36
43
51
33
21
27
29
28
31
32
32
27
9
-11
-47
-87
-114
-135
-156
-166
-154
-149
-142
-132
-133
-138
-154
-167
-176
-184
-180
-170
-144
-116
-78
-47
-37
-11
3
15
25
33
56
68
98
112
113
121
120
124
116
112
128
144
157
176
175
168
163
131
96
66
32
21
27
33
43
45
58
56
27
1
-34
-81
-111
-134
-155
-167
-176
-168
-171
-184
-181
-185
-191
-208
-210
-181
-178
-175
-142
-131
-108
-67
-50
-26
12
49
88
123
161
196
218
241
248
248
252
229
211
209
200
196
188
166
158
152
128
97
70
47
25
4
-1
-4
-10
-13
-15
-4
0
3
12
13
25
36
34
39
37
17
-9
-30
-50
-68
-78
-84
-80
-81
-85
-91
-110
-141
-175
-212
-242
-261
-271
-260
-228
-207
-184
-142
-125
-116
-110
-113
-108
-100
-89
-72
-48
-22
0
19
28
27
43
50
49
77
83
100
125
117
110
99
84
68
64
67
78
102
133
168
179
172
166
151
123
92
66
52
50
41
45
49
30
8
-11
-43
-73
-115
-153
-159
-170
-180
-178
-176
-172
-167
-163
-151
-131
-117
-96
-58
-19
14
50
83
114
129
147
167
178
200
211
217
235
240
243
230
201
178
142
110
79
42
15
9
4
-6
-9
-9
-14
-20
-26
-31
-42
-37
-32
-42
-36
-24
-9
-10
-15
0
2
-2
7
1
-6
-11
-32
-58
-84
-111
-139
-162
-180
-180
-185
-182
-159
-153
-147
-140
-136
-135
-151
-144
-125
-115
-116
-100
-71
-49
-35
-25
-2
12
18
29
40
55
54
49
49
39
38
36
45
58
65
91
106
112
135
145
134
122
122
125
127
128
144
156
161
163
158
150
133
110
79
54
35
13
-8
-35
-61
-77
-90
-123
-145
-157
-186
-182
-180
-187
-172
-156
-149
-139
-122
-114
-97
-78
-58
-9
23
51
102
130
150
176
173
158
140
127
124
108
99
102
97
103
104
91
67
46
28
-6
-31
-31
-38
-48
-48
-44
-19
-4
0
17
24
33
39
48
58
58
50
33
25
9
-1
-1
-15
-21
-19
-29
-38
-37
-54
-74
-93
-109
-122
-142
-152
-148
-136
-125
-112
-93
-72
-66
-54
-44
-43
-33
-36
-32
-22
-20
-9
-2
3
14
25
29
31
40
32
35
49
43
41
36
34
36
39
56
57
71
94
100
112
123
119
120
115
92
79
65
51
42
20
12
9
3
-5
-26
-49
-73
-97
-120
-145
-171
-189
-195
-196
-196
-178
-159
-146
-126
-108
-83
-77
-64
-36
-27
-22
-10
6
16
30
58
75
87
107
116
115
115
106
87
70
50
33
29
29
26
32
41
39
35
38
34
33
42
48
46
56
72
77
82
81
69
71
83
86
88
91
100
112
107
89
68
56
26
-6
-17
-35
-53
-57
-55
-58
-63
-70
-79
-91
-96
-109
-126
-134
-132
-124
-120
-109
-99
-84
-70
-65
-52
-58
-42
-36
-42
-29
-32
-24
-20
-24
-12
-4
-1
0
1
20
37
32
33
36
37
39
29
28
39
45
55
75
86
87
95
100
81
68
53
23
7
-4
-9
-18
-26
-19
-24
-43
-55
-70
-84
-96
-98
-105
-114
-105
-87
-75
-78
-76
-66
-63
-50
-37
-29
-13
11
29
42
49
40
36
32
28
21
11
11
19
29
33
36
38
28
22
19
21
24
10
12
28
36
43
46
55
61
61
79
101
108
106
113
129
127
118
111
104
95
82
87
78
68
67
46
38
19
-8
-22
-52
-67
-73
-87
-94
-97
-98
-101
-102
-111
-119
-118
-127
-130
-117
-111
-97
-83
-75
-65
-58
-53
-59
-57
-48
-52
-44
-36
-31
-21
-22
-12
-6
-20
-23
-16
-14
-10
1
14
30
31
40
47
43
46
50
51
43
43
52
53
57
51
44
50
36
19
14
8
10
4
-11
-12
-8
-23
-27
-31
-43
-35
-35
-28
-19
-24
-15
-4
-4
-9
-8
-8
-3
-6
-7
0
8
9
4
2
-9
-17
-20
-25
-25
-31
-22
-12
-22
-20
-12
-14
-13
-10
-13
-8
1
17
32
48
63
73
85
85
88
97
95
99
97
104
113
107
106
104
98
89
72
55
39
20
12
9
-8
-11
-17
-34
-35
-47
-68
-70
-77
-83
-81
-82
-74
-71
-62
-54
-64
-60
-58
-74
-71
-62
-60
-62
-61
-55
-50
-48
-48
-47
-52
-49
-47
-52
-58
-57
-52
-56
-50
-40
-25
-18
-8
10
20
30
40
36
29
33
34
36
40
38
50
61
60
68
68
56
57
51
40
31
16
6
4
1
6
5
3
7
8
9
11
10
10
5
-6
-5
-4
-13
-3
-1
-7
1
-8
-10
-6
-15
-28
-29
-24
-36
-42
-42
-42
-33
-29
-32
-35
-31
-16
-11
-15
3
12
17
32
34
44
50
49
62
60
54
62
63
53
52
53
52
51
44
32
22
12
4
-4
-22
-29
-26
-33
-31
-19
-12
-7
-7
-12
-13
-25
-34
-40
-47
-41
-37
-24
-14
-4
6
4
4
-1
-13
-32
-45
-44
-52
-49
-38
-40
-34
-23
-16
-12
-17
-19
-18
-15
-22
-28
-22
-17
-18
-15
-6
7
14
9
10
27
39
33
28
25
31
29
21
27
24
24
27
36
38
36
42
47
40
31
31
18
6
20
14
7
2
-2
12
3
0
1
-8
-17
-26
-15
-22
-35
-32
-32
-30
-36
-38
-31
-28
-24
-24
-11
0
-6
0
7
6
11
9
9
23
33
32
41
52
57
63
60
55
47
33
35
30
29
27
18
17
14
18
13
9
12
-1
2
3
-14
-14
-9
-25
-27
-26
-37
-33
-27
-28
-24
-20
-18
-25
-35
-35
-40
-50
-48
-53
-53
-43
-44
-42
-28
-29
-26
-25
-27
-22
-27
-20
-15
-18
-5
0
-9
-12
-4
0
2
-1
-6
3
9
4
1
4
3
4
6
3
1
7
16
30
33
36
47
43
44
55
53
44
44
46
51
66
64
63
71
67
67
53
34
28
17
4
-7
-11
-8
-4
-10
-14
-12
-15
-20
-24
-34
-36
-26
-36
-34
-21
-31
-25
-10
-7
-11
-4
8
8
15
19
17
15
10
17
19
11
7
5
7
14
10
12
20
5
4
13
10
9
10
6
2
11
17
12
8
11
10
14
17
10
5
4
5
1
2
-3
-16
-22
-22
-22
-30
-25
-33
-43
-31
-41
-50
-42
-46
-54
-48
-44
-45
-31
-23
-24
-23
-13
-11
-18
-22
-18
-19
-20
-21
-24
-23
-27
-19
-17
-20
-20
-22
-21
-18
-16
-21
-22
-22
-27
-18
-13
-8
1
3
22
31
33
36
44
54
41
37
41
33
32
25
29
36
23
25
23
18
21
6
-2
-7
-13
-20
-26
-25
-30
-18
-18
-23
-11
-13
-11
3
0
3
0
-5
8
8
4
5
3
9
13
22
22
10
12
14
5
-2
1
-10
-14
-11
-11
1
4
1
9
10
14
22
18
17
20
22
29
24
22
24
29
33
29
39
37
37
36
25
24
20
7
-6
-6
-16
-28
-18
-20
-23
-19
-19
-24
-31
-37
-33
-32
-42
-53
-44
-40
-41
-33
-42
-37
-31
-39
-36
-43
-41
-30
-37
-36
-35
-40
-33
-35
-42
-32
-32
-42
-28
-20
-11
2
-8
10
17
6
18
16
12
19
25
30
38
46
52
53
57
56
46
43
33
17
16
25
16
10
18
12
16
19
6
5
3
-5
-11
-7
-10
-15
-7
-16
-12
-10
-6
2
0
-2
5
10
3
1
-6
-19
-24
-28
-28
-28
-16
-18
-23
-12
-21
-22
-23
-32
-36
-48
-35
-26
-27
-18
-13
6
10
7
15
15
25
29
26
31
44
52
45
37
44
52
50
43
43
47
48
45
33
35
28
16
16
4
-5
-10
