-5
-1
3
3
-8
-5
3
-2
-3
0
7
6
-1
-12
-9
1
-5
-12
-5
2
-5
-10
-9
-2
9
2
-3
0
-2
6
4
4
4
2
7
-1
2
-1
-10
-2
-3
5
8
8
13
7
4
2
5
7
8
5
3
2
1
-4
-4
13
14
2
0
5
5
10
6
7
4
-8
-3
-3
-6
-7
2
13
9
4
8
8
2
7
8
6
4
-7
-1
3
-3
-4
-4
1
-7
-8
2
-9
-13
-15
-15
-8
-6
-2
2
5
-2
-4
0
-2
-8
-11
-2
2
-4
-4
-4
-5
3
5
-6
4
4
4
6
-4
-6
2
8
1
7
4
2
5
4
6
-12
-6
8
3
9
7
3
4
2
3
-1
2
2
-3
-4
-8
-3
3
2
8
4
1
1
9
10
0
5
8
7
6
4
8
7
1
4
8
2
-7
1
-2
1
15
11
7
5
-2
-5
6
10
0
4
4
-8
-10
-6
-16
-17
-11
-8
-4
-9
-15
-12
-13
-9
-12
-15
-7
-7
-10
-9
-7
-9
-8
-1
-7
-6
8
10
-3
-9
-5
-2
-2
-1
2
-3
-1
9
15
10
5
6
7
7
5
6
8
6
8
8
11
7
5
14
8
7
1
6
13
-5
-4
3
7
4
5
8
-3
-1
5
4
10
8
2
4
4
-3
-6
-2
1
-4
-3
1
-5
-3
3
-4
-2
-1
-3
1
-1
-3
0
1
-4
-6
-4
-9
-8
-13
-17
1
1
-6
-2
-8
-8
-5
-12
-6
-2
-6
-4
-7
-8
3
4
-10
-11
-7
-8
-3
-3
-5
1
-6
-6
-1
7
2
-3
11
8
-2
0
5
9
4
9
13
1
0
1
-6
-4
4
11
9
2
-2
-2
-4
3
2
-2
0
0
2
4
2
-3
-2
4
3
-4
-6
-2
-1
6
8
3
7
6
-3
-1
8
7
-6
-6
-1
-4
-9
-4
3
1
-1
5
4
-5
-3
-6
-12
-5
3
2
-1
5
15
8
7
8
-3
2
6
-3
-7
-6
-3
-5
3
5
2
-1
1
4
-8
-1
2
2
1
-8
-3
-10
-10
-7
-9
-10
-7
-1
-12
-12
-9
-9
-10
-8
-3
-3
-13
-9
-3
-4
-2
-2
2
-5
-5
3
-4
-11
-9
-4
-14
-16
-12
-13
-5
-10
-7
-3
-6
-10
-7
7
3
8
9
3
14
11
13
12
4
7
-5
-4
7
6
5
6
12
9
3
2
5
10
8
6
14
18
5
4
2
5
9
5
13
12
13
11
-3
12
10
2
19
19
16
5
5
10
9
16
13
7
1
-4
1
-5
-6
8
6
3
2
2
2
-5
-4
5
7
1
-4
-6
2
5
-8
-5
-9
-12
-9
-8
3
-1
1
-7
-12
2
-5
-7
-8
-4
2
-2
3
2
-1
-6
-6
-1
-16
-13
-4
-3
4
-2
-7
-6
-7
-4
0
0
-2
3
4
-1
-1
1
5
-3
-12
-5
-3
-8
0
-9
-10
-3
-9
-5
-12
-7
0
-6
-2
1
-3
-7
-6
-7
3
3
5
9
0
6
-1
-7
6
-2
-4
7
5
8
12
6
8
16
8
8
15
8
7
8
7
8
11
11
9
12
11
7
9
20
14
0
-1
0
-1
-8
3
9
0
3
2
-3
9
6
-5
3
3
4
10
-1
-3
3
-6
-8
-1
-2
1
2
-9
-8
-1
-4
-8
-5
1
2
-2
1
1
-8
-2
4
-4
-12
-7
-5
-16
-20
-13
-8
-19
-8
1
-12
-5
1
-9
-13
-6
-2
-6
-6
-10
-11
-3
-11
-9
0
-9
-3
4
1
-2
-4
4
5
-1
1
15
0
-6
9
6
6
7
11
3
-5
10
7
-5
3
7
8
12
10
10
7
13
11
-1
-1
-1
10
16
3
6
13
7
5
1
-2
-2
-2
7
7
8
8
0
0
9
11
4
8
5
-4
4
4
2
1
1
10
1
-2
2
-3
0
-10
-15
-7
-8
0
2
-7
-5
-5
-6
-4
-4
2
-5
-12
-6
-1
5
-4
-7
2
3
1
-4
-8
-10
-6
-10
-12
-3
6
1
-2
-7
-10
-1
1
2
0
1
1
-4
8
1
-9
-3
-13
-11
-6
-11
-10
-12
-4
-2
6
6
-5
-1
-21
-18
0
-13
-8
-1
-2
9
7
2
2
-3
-10
-10
-4
-6
-5
7
1
-11
-1
6
-5
-5
5
0
3
10
-1
3
6
1
3
9
10
7
9
9
8
3
-6
-2
4
5
5
6
7
6
5
5
7
11
7
8
12
16
7
4
7
-3
-2
3
-1
-1
8
11
5
7
13
6
-1
-1
-3
-7
-5
-10
-13
2
-2
-4
-3
-9
-13
-16
-2
-3
-13
-5
-5
-3
-5
-8
-4
3
3
-2
3
6
6
7
2
-2
3
10
0
-3
-1
3
1
-6
2
6
6
1
-9
-3
-5
-15
-11
-4
-1
5
2
-3
9
9
-5
5
7
7
9
1
6
5
-8
-3
-1
1
3
1
5
-1
0
6
6
5
-2
-2
-2
-10
-12
-2
-7
-5
4
-10
-5
9
6
0
-1
-6
-11
-16
-14
-7
-9
-2
-6
-2
4
-6
4
-1
-8
-5
-2
0
-6
-5
1
2
-2
4
9
7
11
-2
-5
6
0
3
2
1
-3
-8
-10
-20
-7
-5
-11
-2
0
-1
-1
-3
-5
-3
3
0
0
2
-6
-3
0
-2
7
12
6
2
-1
4
13
14
5
6
6
-4
2
9
9
5
11
14
7
11
9
17
20
15
12
7
9
7
9
9
7
6
6
-1
-4
4
3
5
6
-1
-2
6
4
2
5
-5
-9
-7
-4
-8
-14
-8
-8
-13
-8
-2
-10
-11
-7
-11
-5
-6
-15
-13
-5
-4
-6
4
-2
-10
3
-4
-8
-1
-7
-9
-7
-5
12
17
7
9
12
11
9
1
9
15
8
14
14
13
19
17
17
13
8
8
15
18
10
8
28
14
6
15
11
23
23
22
22
14
14
14
20
18
11
-2
-10
7
9
8
12
5
4
8
5
2
-2
2
3
-5
-4
-1
-3
0
-7
-9
-9
-19
-14
-14
-14
-13
-17
-16
-23
-29
-25
-25
-26
-27
-19
-13
-12
-12
-11
-18
-16
-13
-15
-6
-11
-15
-21
-17
-9
-17
-13
-13
-15
-5
-11
-15
-16
-22
-12
-19
-24
-13
-30
-31
-34
-36
-24
-34
-31
-27
-32
-29
-40
-38
-43
-57
-44
-46
-47
-42
-54
-42
-42
-58
-48
-42
-42
-47
-45
-33
-34
-41
-34
-25
-18
-10
-14
-15
2
9
17
33
29
36
48
45
58
61
66
75
75
78
77
83
81
82
86
80
79
82
83
85
80
78
88
81
79
87
81
83
81
82
93
93
89
91
90
95
94
89
92
94
95
95
95
92
77
81
80
74
82
74
71
72
65
62
51
44
49
51
42
38
38
30
15
11
7
1
-10
-30
-42
-58
-77
-92
-117
-142
-160
-182
-215
-236
-261
-283
-299
-325
-337
-354
-367
-375
-383
-389
-394
-383
-384
-375
-364
-359
-336
-319
-298
-277
-264
-237
-203
-174
-143
-115
-86
-51
-15
12
38
74
100
125
138
154
189
199
210
223
228
240
235
233
228
217
214
206
196
187
175
172
168
166
160
151
153
159
169
172
174
194
218
217
230
257
268
287
315
333
356
372
386
411
433
458
490
501
523
550
559
574
583
591
589
572
560
541
512
470
417
349
284
200
89
-15
-129
-236
-327
-438
-558
-679
-799
-887
-963
-1028
-1086
-1147
-1181
-1186
-1170
-1146
-1118
-1076
-1009
-929
-844
-750
-654
-545
-427
-318
-212
-109
-15
80
171
253
342
404
445
491
518
527
529
516
505
480
438
406
361
290
225
170
97
13
-52
-117
-190
-253
-319
-389
-444
-499
-539
-568
-598
-605
-610
-606
-585
-559
-523
-482
-430
-379
-315
-232
-150
-70
11
82
163
247
316
380
428
472
526
572
621
645
654
677
678
669
667
652
627
609
586
555
534
509
470
444
413
373
354
325
302
293
273
269
262
252
246
244
246
252
269
287
320
351
360
380
415
439
461
486
505
517
524
527
504
482
438
369
302
212
115
14
-96
-217
-353
-497
-659
-796
-917
-1048
-1155
-1265
-1366
-1428
-1466
-1481
-1486
-1502
-1500
-1458
-1399
-1317
-1217
-1112
-1001
-882
-757
-637
-530
-431
-320
-200
-84
23
127
220
280
326
375
406
430
466
482
491
498
474
447
424
382
323
263
207
153
105
52
-11
-74
-132
-183
-229
-280
-308
-309
-306
-298
-283
-254
-215
-175
-132
-81
-17
51
126
208
272
338
402
447
484
522
567
591
612
637
639
639
639
625
611
599
586
575
564
562
551
527
510
494
477
459
440
427
412
406
398
376
366
361
354
359
361
382
418
449
476
511
551
579
619
648
674
706
719
725
703
665
603
515
408
271
136
-12
-173
-336
-515
-720
-940
-1141
-1316
-1486
-1638
-1764
-1872
-1942
-1969
-1982
-1988
-1976
-1935
-1858
-1749
-1616
-1469
-1312
-1142
-971
-810
-650
-505
-365
-224
-80
67
196
303
389
463
510
543
568
575
586
596
590
563
549
517
456
407
335
259
201
139
81
31
-36
-100
-168
-237
-299
-368
-417
-445
-452
-436
-419
-400
-363
-326
-275
-225
-166
-81
18
117
209
293
377
458
528
589
626
670
715
756
810
841
857
859
842
829
811
797
783
774
770
767
756
734
709
678
635
588
561
551
544
527
509
485
456
426
389
371
353
343
351
373
408
423
440
459
473
492
518
551
576
599
602
596
556
478
382
247
107
-29
-178
-331
-503
-690
-912
-1139
-1339
-1517
-1689
-1846
-1969
-2048
-2084
-2097
-2100
-2087
-2063
-2015
-1927
-1794
-1643
-1465
-1285
-1113
-926
-760
-609
-463
-320
-176
-44
79
204
321
405
449
477
487
486
505
523
518
506
493
484
465
427
370
288
214
154
122
92
43
-3
-64
-128
-196
-263
-320
-380
-408
-408
-385
-332
-291
-255
-216
-186
-142
-73
12
106
215
319
418
509
580
630
665
682
692
733
780
824
858
856
831
800
769
732
687
650
630
629
634
644
643
611
574
532
508
510
529
562
578
601
623
633
629
614
596
572
580
627
685
742
775
786
788
791
802
817
842
844
832
832
824
784
680
518
319
116
-77
-259
-434
-647
-896
-1153
-1395
-1622
-1837
-2046
-2258
-2428
-2522
-2546
-2516
-2495
-2486
-2462
-2405
-2286
-2131
-1950
-1736
-1528
-1304
-1048
-810
-592
-408
-251
-111
33
204
371
513
614
667
687
701
699
689
677
632
587
579
577
575
541
448
355
275
212
176
128
73
17
-45
-88
-133
-185
-250
-339
-412
-426
-398
-349
-291
-262
-238
-204
-161
-88
-11
57
124
217
332
450
557
622
642
652
664
691
743
801
839
863
864
861
873
862
827
778
740
740
773
814
834
828
771
712
687
662
662
667
662
656
651
675
677
641
586
514
475
484
557
638
667
669
654
644
649
668
687
677
680
700
718
715
651
500
266
23
-168
-302
-434
-621
-882
-1175
-1429
-1644
-1845
-2068
-2307
-2506
-2600
-2589
-2534
-2489
-2493
-2524
-2505
-2404
-2218
-1999
-1797
-1591
-1386
-1161
-907
-683
-505
-392
-294
-145
37
252
428
513
530
518
534
557
566
544
496
452
466
534
563
544
461
344
289
271
278
281
239
184
136
112
93
46
-50
-166
-243
-260
-212
-143
-99
-78
-65
-26
16
84
168
219
291
397
530
664
767
825
819
790
778
788
828
869
908
930
919
908
880
827
770
698
628
620
664
730
792
800
754
683
625
623
655
707
755
790
839
879
906
890
802
692
623
631
709
815
883
879
839
783
752
752
748
740
724
730
774
793
739
569
280
-43
-300
-467
-611
-794
-1043
-1357
-1669
-1929
-2159
-2400
-2662
-2900
-3037
-3040
-2949
-2830
-2783
-2799
-2786
-2699
-2506
-2256
-2015
-1773
-1541
-1279
-974
-700
-486
-353
-260
-144
22
241
414
517
554
530
511
515
519
491
433
374
336
358
399
404
368
285
214
173
142
138
107
42
17
-8
-38
-59
-122
-199
-258
-293
-292
-239
-159
-71
32
137
227
311
401
484
584
709
814
926
1058
1150
1206
1232
1211
1178
1161
1146
1159
1174
1168
1162
1139
1096
1027
945
870
819
815
826
837
842
816
776
744
699
671
675
685
708
721
730
734
711
672
622
608
623
649
682
683
670
669
667
681
701
698
686
689
709
710
630
444
184
-94
-302
-439
-593
-803
-1091
-1434
-1741
-1983
-2194
-2425
-2690
-2911
-3006
-2963
-2839
-2755
-2749
-2790
-2793
-2687
-2480
-2205
-1946
-1728
-1494
-1254
-1006
-768
-604
-497
-407
-278
-75
169
392
533
555
510
469
463
470
458
420
360
347
393
450
469
401
290
206
153
131
137
131
99
72
48
12
-34
-75
-115
-165
-199
-209
-175
-81
61
201
298
361
405
482
591
712
839
949
1047
1164
1275
1336
1355
1314
1241
1187
1138
1127
1143
1149
1141
1098
1029
935
825
748
704
679
683
701
725
745
748
721
679
626
592
613
654
670
676
669
672
699
715
711
684
640
604
603
636
690
755
786
787
790
806
816
781
647
401
99
-191
-364
-448
-563
-775
-1129
-1569
-1957
-2227
-2449
-2698
-2974
-3218
-3316
-3236
-3050
-2922
-2955
-3065
-3123
-3004
-2712
-2355
-1994
-1698
-1458
-1198
-913
-639
-431
-308
-218
-101
101
380
642
805
839
769
672
630
651
667
643
581
516
517
568
590
538
415
272
150
102
114
110
72
7
-41
-51
-22
28
33
-13
-76
-98
-32
122
295
448
546
576
627
722
825
901
929
941
982
1079
1205
1299
1320
1251
1139
1048
994
966
951
946
941
927
907
899
876
802
702
589
488
448
446
489
543
560
554
536
532
536
534
519
484
482
553
700
869
973
970
860
720
667
741
891
1052
1159
1231
1319
1405
1390
1070
382
-453
-1116
-1314
-1034
-634
-529
-842
-1425
-2052
-2521
-2853
-3217
-3635
-3956
-3971
-3604
-3018
-2508
-2324
-2492
-2796
-2928
-2693
-2148
-1525
-1023
-739
-591
-470
-372
-310
-290
-282
-167
167
697
1218
1484
1388
1007
561
250
159
220
322
419
500
528
450
209
-216
-719
-1210
-1575
-1735
-1750
-1667
-1583
-1540
-1469
-1307
-1004
-573
-100
352
783
1215
1659
2111
2491
2708
2756
2689
2564
2445
2335
2165
1926
1656
1385
1169
1042
982
928
804
645
497
406
426
520
599
640
672
723
791
818
730
512
213
-12
-89
-83
-35
-1
18
89
251
474
650
747
806
912
1169
1593
2008
2265
2303
2086
1809
1644
1615
1653
1671
1650
1606
1606
1488
965
-227
-2055
-3957
-5314
-5737
-5191
-4163
-3289
-2847
-2759
-2827
-2811
-2605
-2250
-1749
-1152
-439
380
1023
1213
800
-173
-1357
-2238
-2477
-2110
-1505
-1110
-1174
-1619
-2149
-2454
-2406
-2031
-1373
-397
865
2151
3108
3372
2834
1798
731
-5
-319
-362
-367
-525
-865
-1320
-1845
-2335
-2633
-2663
-2348
-1705
-963
-289
204
382
371
353
381
603
1049
1511
1827
1943
1780
1438
1130
911
829
903
1019
1113
1192
1174
1037
899
764
686
802
1045
1337
1642
1796
1687
1394
1006
633
491
609
855
1140
1341
1384
1318
1147
890
652
457
397
499
607
649
578
377
219
191
269
460
667
828
974
1103
1209
1302
1329
1254
1134
994
974
1132
1310
1495
1645
1679
1761
1796
1398
445
-1221
-3304
-4881
-5515
-5151
-4013
-2911
-2391
-2312
-2484
-2658
-2529
-2183
-1711
-1142
-596
-35
420
511
194
-584
-1657
-2536
-2873
-2545
-1744
-1101
-1046
-1543
-2370
-2951
-2870
-2264
-1285
-115
1053
2208
3143
3504
3168
2223
1076
267
-70
-48
86
-52
-515
-1168
-1928
-2501
-2693
-2574
-2082
-1383
-824
-342
-35
-17
-3
14
41
329
824
1305
1721
1852
1557
1203
948
836
1056
1374
1571
1728
1728
1491
1227
964
681
639
827
1041
1315
1560
1565
1356
1019
559
250
307
603
1029
1437
1605
1517
1287
963
621
343
178
169
260
375
424
318
142
-18
-48
173
532
977
1403
1588
1662
1675
1535
1534
1587
1407
1373
1484
1418
1556
1792
1725
1873
2142
1826
1082
-362
-2832
-5031
-6179
-6398
-5363
-3767
-2762
-2320
-2248
-2511
-2592
-2238
-1646
-843
-31
598
955
907
586
-93
-1134
-2055
-2577
-2560
-1864
-993
-707
-1112
-2006
-2933
-3191
-2603
-1483
-165
1111
2228
3045
3375
3062
2081
807
-159
-601
-648
-507
-599
-1184
-1968
-2661
-3198
-3317
-2867
-2163
-1345
-388
262
315
282
140
-255
-46
514
847
1451
1925
1682
1337
1040
518
460
915
1255
1684
2011
1862
1600
1316
903
608
551
611
854
1177
1376
1388
1080
606
153
-149
-53
367
927
1513
1956
2082
1909
1624
1294
1008
925
1034
1056
996
932
572
202
67
-115
-60
374
741
1138
1627
1634
1509
1508
1154
983
1023
873
999
1268
1360
1428
1423
1437
1735
1864
1485
323
-2180
-4761
-6194
-6611
-5516
-3577
-2488
-2129
-1991
-2324
-2384
-1775
-1176
-395
466
971
1259
1114
599
-67
-1018
-1909
-2345
-2398
-1886
-1017
-788
-1335
-2350
-3515
-3871
-3178
-1941
-554
621
1516
2307
2856
2828
2192
1104
124
-301
-374
-315
-557
-1276
-2106
-2788
-3107
-3023
-2592
-1888
-1139
-508
-1
82
-171
-123
-60
103
827
1308
1459
1730
1499
816
493
247
139
749
1281
1450
1607
1363
985
875
779
733
880
1042
1260
1525
1594
1557
1298
846
581
378
338
677
1115
1487
1816
2038
1962
1676
1486
1241
920
958
1120
943
895
819
289
121
289
300
648
1121
1223
1410
1553
1327
1365
1414
1224
1349
1310
1078
1175
1215
1152
1270
1432
1721
2087
1870
796
-1417
-4282
-6071
-6527
-5777
-3899
-2521
-2290
-2350
-2616
-2942
-2511
-1706
-930
95
870
1145
998
476
-162
-911
-1602
-1965
-2050
-1789
-1133
-845
-1387
-2321
-3422
-3981
-3402
-2163
-828
303
1183
1864
2382
2601
2311
1562
796
425
176
-80
-485
-1354
-2286
-2907
-3176
-3030
-2551
-1969
-1422
-1076
-908
-694
-610
-347
249
630
955
1341
1456
1375
1321
1032
582
467
549
862
1307
1467
1405
1182
938
874
942
982
1068
1214
1235
1312
1401
1363
1276
1128
896
636
581
700
999
1424
1736
1980
2104
2123
2028
1815
1557
1288
1138
1060
999
848
659
495
385
549
761
956
1170
1220
1316
1523
1644
1702
1651
1205
808
755
707
1133
1719
1785
2062
2377
1928
1130
-448
-3392
-5666
-6289
-6005
-4370
-2542
-2188
-2536
-2815
-3095
-2829
-1814
-818
75
850
1112
848
170
-453
-958
-1396
-1490
-1511
-1540
-1270
-983
-1351
-2236
-3250
-4052
-3798
-2525
-1083
-72
461
867
1305
1837
2137
1809
1099
603
382
88
-327
-1178
-2260
-2932
-3257
-3084
-2443
-1989
-1735
-1302
-1255
-1497
-1030
-631
-380
602
1207
1031
1179
1323
976
1091
1267
833
769
1028
1116
1259
1311
1087
823
730
765
845
886
1033
1186
1149
1245
1396
1402
1456
1497
1311
1035
974
1083
1329
1819
2298
2426
2308
2136
1826
1630
1543
1226
1059
1028
852
828
737
373
393
816
1025
1311
1614
1374
1307
1658
1713
1700
1840
1698
1447
1611
1831
1715
1894
2356
2164
1448
256
-2378
-5147
-5995
-5776
-4916
-3367
-2922
-3672
-3813
-3313
-2667
-1568
-590
-151
94
293
390
55
-376
-560
-975
-1376
-1460
-1751
-1958
-1626
-1624
-2094
-2530
-3153
-3248
-2294
-1209
-434
74
338
826
1717
2394
2365
1690
821
333
196
62
-464
-1469
-2440
-3020
-3028
-2642
-2337
-2201
-2221
-2267
-1949
-1395
-945
-370
105
239
545
840
930
1266
1603
1613
1502
1295
999
946
1007
967
982
907
806
842
865
857
922
1023
1025
1145
1410
1628
1838
1878
1655
1367
1191
1130
1307
1649
1878
2054
2036
1810
1655
1604
1497
1256
1158
1088
974
1061
938
490
455
797
1026
1608
1993
1562
1555
1727
1465
1691
1895
1466
1474
1821
1744
1802
1890
1791
1819
1498
539
-1630
-4412
-5632
-5365
-4429
-2998
-2827
-4273
-4856
-4221
-3155
-1407
-292
-334
-472
-598
-618
-434
-338
-238
-160
-414
-822
-1451
-2099
-1990
-1700
-1660
-1756
-2383
-2891
-2467
-1661
-1026
-513
-205
343
1441
2270
2323
1643
682
206
369
599
247
-689
-1881
-2689
-2689
-2301
-1991
-2046
-2583
-3005
-2635
-1977
-1266
-372
-133
-253
50
322
570
1201
1718
1846
1929
1800
1544
1422
1265
1191
1097
858
718
629
556
647
733
632
573
638
865
1354
1715
1773
1678
1496
1396
1527
1826
2043
2152
2208
2110
1972
1971
1875
1538
1329
1209
1086
1253
1251
847
642
653
794
1284
1691
1789
1900
1862
1799
1886
1787
1744
1840
1776
1877
2003
1800
1841
1964
1393
491
-1094
-3534
-4830
-4581
-3928
-3087
-3026
-4363
-5469
-5074
-3667
-1849
-395
-69
-624
-1288
-1422
-1155
-736
-111
125
-276
-822
-1509
-2189
-2212
-1799
-1595
-1618
-1971
-2419
-2321
-1761
-1092
-552
-182
308
1032
1700
1896
1575
1025
681
732
826
559
-310
-1474
-2216
-2280
-1902
-1454
-1353
-1999
-2820
-2940
-2644
-2005
-949
-277
-216
-95
73
142
598
1196
1470
1622
1654
1498
1399
1430
1381
1312
1182
831
566
515
533
631
727
679
674
875
1108
1407
1592
1492
1435
1416
1449
1760
2121
2259
2257
2089
1791
1697
1619
1439
1312
1138
1038
966
809
622
481
501
770
1171
1403
1621
1770
1796
2014
2234
2306
2217
2058
2044
2152
2242
2419
2680
2296
1419
168
-2172
-4107
-4147
-3370
-2666
-2445
-3727
-5703
-6019
-4625
-2641
-895
-444
-1135
-1975
-2120
-1370
-416
175
313
-119
-926
-1480
-1792
-1817
-1357
-972
-1090
-1773
-2610
-2908
-2434
-1370
-375
-5
28
308
737
1186
1516
1327
1090
1126
1166
1027
296
-812
-1708
-2113
-1795
-1216
-1303
-1915
-2638
-3375
-3109
-2070
-1382
-704
-375
-722
-762
-281
247
973
1685
1764
1559
1318
1094
1172
1330
1472
1484
1129
630
304
167
178
437
637
578
636
873
1043
1242
1502
1472
1334
1457
1605
1809
2088
2145
2035
1895
1803
1783
1724
1525
1274
1097
1009
1011
958
956
1005
1010
1132
1152
1158
1469
1875
2189
2438
2494
2354
2395
2511
2477
2511
2568
2457
2002
1053
-691
-2698
-3570
-3239
-2526
-2236
-3164
-5040
-6101
-5132
-2958
-1014
-434
-1221
-2321
-2707
-1790
-429
346
590
247
-615
-1335
-1634
-1671
-1260
-822
-982
-1638
-2627
-3173
-2730
-1666
-587
-99
-312
-618
-340
338
1083
1475
1281
1087
965
783
459
-180
-791
-1090
-1108
-1056
-1216
-1852
-2532
-2945
-3269
-2830
-2054
-1621
-1123
-946
-1124
-769
140
778
1370
1764
1344
1096
1219
1242
1376
1479
1219
756
407
68
-1
123
176
352
315
119
146
474
944
1499
1960
1792
1509
1567
1820
2280
2657
2610
2194
1895
1677
1492
1458
1300
1179
1053
904
838
738
788
992
1251
1441
1531
1478
1448
1665
1950
2436
2719
2539
2426
2331
2176
2412
2969
2827
2043
892
-1143
-2785
-2739
-1875
-1466
-1889
-3350
-5306
-5620
-3932
-1965
-886
-1134
-2320
-3245
-2809
-1350
42
591
170
-637
-1381
-1511
-1012
-476
-168
-333
-1073
-2048
-2649
-2608
-1887
-877
-430
-661
-1141
-1306
-808
125
915
998
549
158
153
379
497
248
-333
-723
-856
-898
-978
-1405
-1886
-1990
-2024
-2339
-2400
-2244
-2144
-1520
-827
-721
-663
-188
431
1078
1708
1791
1498
1315
1333
1541
1643
1418
973
537
221
129
115
-21
-86
-52
29
180
283
365
681
1123
1358
1526
1707
1845
2124
2446
2455
2184
1965
1812
1717
1728
1595
1243
935
812
796
920
1157
1284
1256
1310
1400
1350
1536
1966
2240
2457
2575
2490
2354
2382
2723
3119
2941
2126
936
-895
-2215
-1847
-1229
-1371
-2150
-3893
-5619
-5309
-3350
-1644
-1069
-1920
-3333
-3828
-2935
-1197
181
315
-484
-1217
-1519
-1130
-142
409
248
-350
-1204
-1941
-2090
-1607
-881
-328
-459
-1097
-1687
-1687
-778
280
769
541
-151
-569
-190
504
753
533
-163
-890
-1067
-936
-828
-1074
-1553
-1876
-2197
-2579
-2539
-2304
-2204
-1654
-1195
-1350
-1279
-690
88
916
1654
1777
1459
1447
1778
2189
2449
2370
1814
1174
828
571
507
473
205
-4
-119
-272
-180
147
345
632
955
1057
1326
1744
2054
2328
2405
2083
1784
1800
1756
1707
1655
1192
667
582
660
743
998
1015
772
852
1091
1384
1877
2155
2098
2088
2264
2597
2925
3067
3214
3150
2613
1883
537
-1233
-1776
-1124
-892
-1517
-2956
-4970
-5679
-4063
-1959
-1192
-1954
-3456
-4303
-3533
-1610
24
216
-726
-1558
-1734
-1177
-90
667
551
-78
-799
-1414
-1625
-1286
-615
-151
-295
-896
-1485
-1494
-676
429
857
323
-577
-1146
-930
-107
490
271
-481
-1174
-1508
-1276
-770
-739
-1251
-1755
-2212
-2616
-2407
-1954
-1843
-1728
-1659
-1845
-1790
-1109
-255
419
937
1014
841
956
1419
1981
2381
2420
2051
1610
1411
1486
1571
1429
1073
541
130
-3
58
176
208
170
74
104
420
979
1526
1809
1859
1665
1492
1636
1892
2000
1915
1660
1247
1033
1153
1294
1352
1345
1244
1107
1222
1441
1466
1531
1708
1850
2041
2389
2613
2655
2791
2948
2948
2698
2202
1235
-111
-876
-866
-894
-1452
-2584
-4097
-4972
-4234
-2789
-2064
-2396
-3323
-4018
-3734
-2427
-1098
-650
-1012
-1513
-1643
-1225
-283
459
433
-33
-557
-957
-1020
-660
-239
-91
-226
-602
-1074
-1185
-575
250
651
510
-186
-918
-915
-311
144
90
-526
-1380
-1768
-1455
-870
-687
-1130
-1814
-2402
-2684
-2390
-1927
-1861
-1894
-1973
-2147
-1963
-1335
-594
-9
367
480
460
691
1269
1877
2230
2285
2026
1705
1675
1875
2035
1913
1512
1043
724
679
796
780
558
297
29
-18
291
707
1099
1362
1385
1250
1199
1313
1546
1713
1713
1652
1407
1245
1342
1384
1372
1434
1491
1405
1448
1581
1545
1582
1704
1825
1882
1991
2242
2345
2404
2617
2848
2774
2348
1452
36
-773
-472
-93
-555
-1978
-3811
-4807
-4023
-2416
-1664
-2400
-3910
-4706
-4079
-2508
-1057
-799
-1682
-2442
-2272
-1342
-119
581
411
-168
-636
-673
-398
-77
227
372
104
-404
-779
-774
-103
733
911
376
-488
-1028
-729
65
425
13
-894
-1758
-1951
-1474
-881
-875
-1531
-2254
-2646
-2588
-2281
-1961
-1938
-2147
-2174
-2166
-2081
-1664
-941
-220
172
275
148
182
780
1579
2092
2149
1828
1457
1497
1949
2283
2239
1860
1297
989
1172
1458
1467
1149
659
329
319
538
830
953
863
890
1028
1059
1198
1401
1400
1301
1239
1105
1000
1195
1499
1646
1625
1463
1286
1315
1640
1899
1877
1760
1639
1663
1931
2289
2412
2220
2161
2381
2559
2482
1908
668
-482
-530
9
-99
-1190
-2875
-4172
-3974
-2559
-1625
-2246
-3809
-4933
-4669
-3252
-1860
-1486
-2194
-3058
-2999
-1947
-697
72
125
-405
-830
-663
-231
180
448
450
277
12
-315
-372
135
821
1156
837
-64
-782
-650
127
723
440
-618
-1688
-2034
-1471
-620
-495
-1297
-2335
-2990
-2859
-2119
-1783
-2132
-2522
-2702
-2432
-1803
-1449
-1373
-1173
-667
-61
304
387
420
699
1257
1850
2080
1831
1559
1621
1934
2231
2294
2029
1591
1414
1546
1624
1457
1122
841
767
916
1118
1125
964
914
1087
1212
1200
1161
1005
913
1064
1175
1062
935
951
1087
1395
1705
1695
1461
1399
1578
1884
2250
2396
2196
1950
1933
2155
2411
2508
2409
2190
1956
1697
1221
415
-259
-401
-353
-693
-1648
-2829
-3486
-3123
-2173
-1782
-2561
-3904
-4611
-4132
-2903
-1925
-2004
-2861
-3452
-3074
-1872
-676
-277
-677
-1208
-1259
-663
145
535
398
53
-163
-157
-22
186
484
771
775
412
-137
-446
-156
425
601
55
-910
-1600
-1514
-857
-415
-729
-1647
-2528
-2725
-2263
-1781
-1736
-2097
-2512
-2553
-2122
-1572
-1216
-1028
-890
-727
-494
-193
129
531
978
1274
1382
1375
1416
1628
1941
2114
1997
1726
1474
1470
1741
1893
1677
1224
797
632
862
1147
1144
1009
865
862
1048
1207
1289
1272
1139
1050
1058
1058
1143
1277
1274
1270
1297
1255
1234
1293
1428
1703
1996
2053
1989
1977
2110
2423
2647
2648
2417
2062
1938
2116
2231
2006
1398
374
-512
-605
-282
-389
-1302
-2619
-3528
-3406
-2509
-1945
-2496
-3848
-4807
-4580
-3539
-2573
-2339
-2881
-3500
-3310
-2314
-1277
-786
-893
-1184
-1193
-768
-138
305
414
348
275
146
4
94
491
887
925
552
-32
-346
-61
485
653
99
-772
-1303
-1208
-707
-370
-699
-1608
-2336
-2416
-2047
-1630
-1588
-1992
-2416
-2448
-2046
-1494
-1134
-1023
-1030
-1015
-759
-293
190
657
1017
1195
1283
1422
1662
1975
2285
2361
2106
1781
1673
1784
1961
2038
1788
1339
1047
934
935
1033
1071
993
901
796
778
913
1087
1214
1157
922
766
837
1082
1355
1406
1153
881
849
1086
1422
1666
1699
1609
1652
1804
1948
2065
2173
2284
2345
2289
2038
1713
1611
1850
2087
1885
1199
221
-537
-567
-150
-191
-1160
-2539
-3472
-3414
-2567
-1958
-2480
-3826
-4770
-4609
-3647
-2677
-2457
-3004
-3520
-3292
-2400
-1437
-925
-958
-1127
-1036
-644
-157
235
469
564
554
400
148
17
258
713
836
458
-152
-564
-421
147
453
9
-821
-1360
-1361
-968
-611
-775
-1377
-1840
-1883
-1638
-1369
-1353
-1611
-1877
-1934
-1743
-1431
-1167
-981
-858
-781
-642
-353
90
607
1030
1270
1360
1448
1680
2058
2398
2453
2183
1818
1653
1800
2075
2194
1949
1416
970
835
917
1038
1022
813
571
454
548
771
975
1070
1003
860
808
928
1122
1278
1320
1190
1094
1168
1339
1518
1636
1606
1519
1563
1692
1834
1931
1947
1887
1829
1867
1884
1771
1608
1532
1534
1493
1306
809
77
-449
-539
-476
-725
-1530
-2557
-3158
-3050
-2521
-2313
-2937
-4003
-4624
-4364
-3556
-2882
-2855
-3322
-3585
-3204
-2343
-1493
-1077
-1146
-1243
-1025
-589
-79
310
452
479
479
383
225
202
381
610
606
237
-234
-437
-212
176
212
-272
-965
-1318
-1102
-652
-436
-660
-1151
-1519
-1460
-1156
-1038
-1222
-1564
-1755
-1605
-1303
-1099
-1036
-1002
-785
-380
-125
-59
75
410
991
1584
1819
1694
1573
1717
2085
2430
2434
2150
1877
1807
1976
2126
1960
1558
1150
857
780
841
815
687
572
528
551
623
723
827
903
921
908
856
876
1061
1296
1479
1459
1289
1171
1209
1442
1673
1723
1537
1297
1298
1521
1763
1803
1663
1485
1411
1520
1613
1490
1257
1120
1082
1022
754
175
-477
-833
-788
-682
-1073
-2013
-2940
-3300
-3010
-2533
-2601
-3430
-4344
-4579
-4022
-3189
-2706
-2806
-3162
-3209
-2736
-1960
-1313
-1013
-920
-852
-689
-418
-114
162
362
452
377
85
-248
-247
125
489
528
124
-465
-707
-407
86
241
-143
-734
-1062
-975
-635
-381
-490
-881
-1201
-1268
-1163
-1056
-1033
-1051
-1004
-911
-849
-787
-693
-477
-73
261
343
336
443
772
1266
1667
1789
1685
1588
1722
2036
2263
2278
2138
1906
1693
1616
1547
1373
1172
1005
866
718
614
587
570
592
652
660
627
629
707
800
866
897
873
857
887
978
1060
1108
1154
1168
1195
1275
1332
1362
1432
1485
1491
1484
1435
1394
1412
1472
1489
1380
1196
1045
964
936
945
862
605
264
-114
-444
-645
-754
-894
-1266
-1868
-2487
-2891
-2949
-2820
-2844
-3179
-3642
-3901
-3769
-3337
-2883
-2651
-2630
-2611
-2448
-2106
-1670
-1327
-1111
-1004
-984
-926
-752
-515
-298
-132
-105
-182
-165
-22
190
366
356
149
-81
-155
-48
87
19
-270
-518
-537
-377
-199
-249
-561
-833
-861
-669
-431
-341
-406
-517
-509
-369
-215
-102
-59
-11
121
309
475
587
698
851
1092
1371
1526
1546
1553
1612
1729
1862
1864
1669
1452
1334
1297
1289
1251
1162
1031
923
873
815
764
795
834
791
703
604
533
552
650
723
697
620
585
637
750
872
955
969
955
965
1025
1101
1162
1201
1196
1126
1033
1008
1015
1002
997
967
864
761
760
796
800
763
634
428
253
140
26
-187
-528
-863
-1107
-1304
-1509
-1773
-2103
-2410
-2563
-2605
-2649
-2688
-2759
-2868
-2923
-2896
-2807
-2673
-2523
-2427
-2345
-2182
-1933
-1667
-1454
-1312
-1212
-1084
-869
-635
-466
-335
-252
-225
-165
-33
103
163
153
111
86
147
269
301
185
30
-60
-48
43
156
153
29
-50
-26
95
267
354
286
169
152
252
406
503
496
439
403
468
593
693
738
716
692
717
802
896
958
993
1031
1087
1154
1241
1284
1275
1247
1192
1135
1053
963
891
798
730
665
592
551
515
480
471
495
540
595
656
697
717
753
813
876
916
895
846
847
928
1024
1070
1028
914
834
833
868
896
852
734
613
514
468
466
434
342
234
164
130
156
150
55
-39
-129
-237
-378
-582
-831
-1056
-1236
-1389
-1591
-1938
-2319
-2562
-2662
-2641
-2606
-2698
-2878
-2930
-2793
-2559
-2324
-2241
-2272
-2234
-2048
-1731
-1447
-1321
-1298
-1256
-1111
-864
-610
-420
-315
-276
-203
-35
150
292
377
373
327
309
330
395
458
497
516
495
489
540
612
649
667
682
692
747
803
825
843
840
813
767
705
648
563
479
435
434
465
502
508
473
489
591
707
761
756
723
689
716
777
777
736
685
633
611
610
610
605
591
595
601
601
622
644
664
699
714
700
706
721
748
842
924
920
849
786
776
801
829
789
705
610
584
623
611
552
470
366
305
342
413
433
428
398
319
256
217
160
95
28
-66
-133
-167
-226
-299
-407
-545
-682
-838
-970
-1063
-1161
-1251
-1359
-1525
-1698
-1834
-1944
-2043
-2163
-2303
-2420
-2481
-2455
-2363
-2272
-2234
-2245
-2203
-2052
-1843
-1634
-1484
-1389
-1249
-1027
-792
-606
-473
-386
-280
-104
96
251
383
492
582
703
797
821
835
857
883
945
1021
1025
984
969
973
956
948
960
968
970
982
982
958
958
963
910
811
692
555
439
366
290
203
103
-3
-70
-85
-43
3
15
46
118
206
300
363
366
383
450
512
543
571
598
624
701
779
806
817
850
885
902
901
854
802
773
776
790
765
700
577
465
441
483
528
529
475
426
425
459
522
504
394
279
176
126
122
96
22
-85
-180
-225
-236
-272
-325
-338
-303
-225
-131
-82
-104
-148
-147
-129
-139
-215
-374
-585
-769
-881
-959
-1047
-1213
-1466
-1703
-1857
-1929
-1960
-1998
-2089
-2206
-2236
-2160
-2060
-1983
-1953
-1955
-1874
-1670
-1447
-1279
-1182
-1095
-931
-714
-493
-336
-276
-217
-60
178
396
532
606
650
719
856
1010
1121
1165
1189
1260
1347
1425
1474
1445
1348
1265
1224
1164
1079
1000
883
747
658
591
500
398
313
216
89
-22
-113
-190
-220
-245
-296
-355
-418
-416
-309
-182
-84
-32
2
79
188
319
436
501
534
570
626
674
723
767
779
798
837
858
843
835
853
885
931
940
878
791
721
687
682
652
555
428
310
229
202
193
133
56
-10
-45
-38
-14
10
14
3
-1
26
67
90
101
71
17
2
15
53
77
46
4
-18
3
26
1
-69
-181
-288
-360
-441
-558
-679
-798
-915
-1025
-1134
-1261
-1426
-1577
-1668
-1706
-1731
-1813
-1934
-2023
-2063
-2056
-2016
-1997
-2010
-1990
-1869
-1666
-1429
-1210
-1026
-856
-639
-353
-75
157
373
580
773
970
1116
1171
1197
1239
1300
1341
1339
1310
1281
1309
1351
1352
1278
1155
1072
1018
984
936
833
703
576
472
394
312
203
52
-96
-191
-270
-336
-385
-438
-485
-514
-520
-531
-532
-502
-459
-399
-298
-171
-54
69
212
325
429
550
644
719
791
835
879
905
908
915
892
861
836
799
748
707
695
668
611
536
471
438
399
351
290
213
161
144
133
98
52
21
33
67
73
58
56
73
101
146
147
84
5
-75
-114
-125
-156
-205
-262
-277
-206
-111
-43
-20
-40
-27
36
84
73
9
-99
-218
-333
-476
-677
-918
-1146
-1336
-1484
-1589
-1687
-1801
-1871
-1891
-1895
-1857
-1801
-1764
-1704
-1600
-1467
-1315
-1157
-1000
-869
-751
-603
-442
-258
-56
117
268
400
523
640
763
901
986
1031
1047
1043
1053
1078
1123
1119
1082
1036
971
936
897
850
805
746
665
560
453
375
294
175
51
-80
-210
-289
-320
-337
-365
-389
-433
-477
-445
-372
-309
-265
-231
-170
-78
29
135
216
292
376
481
591
658
705
766
804
829
835
797
752
713
688
674
644
592
518
449
420
434
450
422
377
335
309
318
340
332
250
150
86
37
3
-57
-137
-199
-251
-234
-170
-129
-100
-74
-31
15
53
64
52
60
86
92
51
-36
-128
-194
-227
-250
-295
-351
-404
-440
-426
-401
-423
-480
-517
-550
-606
-650
-702
-779
-814
-826
-871
-923
-976
-1013
-1027
-1020
-1020
-1067
-1110
-1110
-1068
-985
-912
-878
-870
-846
-761
-621
-466
-353
-274
-173
-20
160
319
427
460
488
576
677
763
785
732
669
640
650
660
632
598
549
510
535
560
544
500
430
374
351
349
313
238
145
56
11
5
-11
-70
-142
-168
-157
-129
-95
-95
-119
-139
-132
-85
-26
15
24
22
72
148
214
290
326
362
460
592
699
755
769
764
772
796
811
770
687
600
523
476
444
398
320
265
243
227
209
187
156
133
154
167
143
106
42
-32
-67
-89
-131
-202
-287
-371
-427
-442
-459
-478
-511
-567
-607
-613
-582
-546
-522
-491
-464
-420
-338
-235
-136
-36
50
107
163
226
282
328
345
324
284
232
164
83
-12
-112
-241
-379
-483
-589
-686
-762
-842
-904
-934
-966
-1003
-1012
-996
-980
-949
-908
-878
-840
-775
-693
-604
-515
-445
-413
-338
-210
-98
3
86
136
187
279
381
473
535
565
590
636
700
760
790
784
747
717
705
680
618
522
418
297
177
79
-16
-115
-209
-299
-387
-431
-442
-444
-417
-360
-301
-234
-141
-45
37
127
229
328
421
494
548
594
653
712
745
768
766
747
745
756
768
766
751
701
645
614
586
539
467
381
292
209
130
60
-19
-92
-157
-227
-297
-366
-439
-487
-510
-542
-570
-575
-546
-485
-414
-341
-306
-263
-177
-80
31
117
169
198
235
302
360
375
366
357
336
340
357
343
303
250
220
210
207
190
135
94
52
0
-49
-121
-197
-268
-322
-370
-447
-532
-628
-717
-786
-837
-890
-950
-986
-1017
-1026
-1012
-998
-994
-997
-967
-883
-770
-672
-590
-507
-402
-293
-178
-78
-20
41
99
154
191
209
219
194
189
183
160
132
101
94
94
103
96
84
81
83
105
132
155
147
138
145
149
163
168
167
161
157
162
155
164
194
220
256
313
343
351
378
414
448
478
523
537
551
586
585
595
591
563
537
486
448
410
348
282
193
111
33
-56
-105
-127
-146
-153
-156
-130
-90
-57
-18
17
54
101
142
178
216
243
260
263
251
241
244
260
264
247
220
183
167
173
173
170
156
130
102
90
80
63
39
24
4
-40
-79
-119
-151
-169
-193
-230
-277
-307
-310
-296
-289
-295
-329
-357
-362
-364
-339
-312
-306
-290
-276
-277
-283
-297
-327
-355
-393
-419
-449
-489
-543
-618
-664
-708
-751
-778
-815
-844
-854
-846
-828
-807
-764
-715
-662
-593
-513
-415
-333
-247
-148
-63
37
136
213
282
344
404
455
502
547
578
601
630
664
683
696
688
656
630
616
615
597
560
508
453
403
349
297
233
144
69
28
4
-22
-51
-72
-81
-72
-37
-2
29
70
121
168
215
256
287
315
344
390
429
452
457
441
448
471
490
494
458
413
372
344
339
305
251
174
109
85
71
63
29
-12
-51
-88
-111
-124
-132
-145
-163
-185
-202
-205
-214
-217
-206
-191
-179
-179
-170
-139
-107
-61
-26
-14
18
44
74
114
128
111
71
48
30
10
-3
-56
-120
-182
-243
-302
-364
-422
-493
-547
-600
-662
-719
-763
-791
-811
-813
-817
-828
-819
-778
-709
-641
-591
-564
-542
-490
-410
-331
-269
-236
-215
-185
-146
-96
-47
-11
30
72
111
160
207
255
301
330
340
346
366
389
405
408
379
316
264
243
244
245
214
175
149
142
161
167
169
160
134
141
153
177
199
205
231
249
265
298
333
379
422
444
452
451
442
454
466
480
488
452
412
385
369
361
346
317
285
254
222
208
212
207
188
172
166
162
147
149
154
144
128
102
88
76
80
102
100
78
46
17
-6
-4
12
7
-11
-53
-88
-96
-99
-97
-122
-162
-194
-222
-213
-205
-219
-252
-299
-352
-396
-413
-438
-462
-489
-537
-573
-603
-614
-611
-608
-591
-588
-590
-578
-561
-518
-466
-441
-420
-392
-365
-327
-278
-242
-216
-187
-170
-147
-120
-83
-33
-10
-19
-35
-46
-44
-32
-27
-28
-49
-84
-97
-101
-94
-84
-88
-80
-73
-64
-34
-11
4
16
14
5
9
18
39
63
70
80
90
108
143
168
216
262
273
286
306
320
342
370
389
396
382
368
357
347
339
315
296
272
242
231
236
234
235
232
219
222
228
252
285
308
321
321
330
347
384
427
459
486
502
515
544
565
581
584
554
536
521
510
498
468
428
372
321
279
242
217
177
122
69
-1
-60
-112
-179
-237
-311
-388
-447
-505
-564
-614
-651
-679
-707
-730
-746
-744
-714
-672
-645
-616
-596
-574
-516
-452
-383
-337
-322
-303
-279
-242
-193
-162
-157
-156
-167
-172
-165
-172
-182
-204
-223
-235
-242
-236
-249
-254
-238
-233
-235
-225
-208
-198
-181
-174
-181
-180
-184
-185
-174
-167
-160
-170
-178
-159
-144
-121
-95
-79
-54
-25
13
46
89
127
146
174
207
228
249
281
285
275
264
232
215
209
208
204
188
165
131
111
109
111
116
103
92
95
106
134
166
186
205
226
258
305
354
391
425
458
471
486
498
505
518
524
517
517
507
479
462
454
464
454
424
407
384
369
366
352
325
273
216
181
149
117
61
-21
-99
-172
-220
-253
-286
-337
-387
-420
-448
-446
-441
-440
-435
-425
-406
-389
-365
-351
-337
-310
-292
-282
-283
-292
-290
-283
-287
-292
-312
-328
-329
-328
-307
-290
-291
-289
-278
-253
-217
-193
-167
-148
-141
-121
-107
-95
-82
-85
-91
-93
-106
-110
-113
-120
-136
-162
-166
-168
-152
-123
-101
-85
-90
-81
-58
-39
-13
3
-4
-17
-21
-16
-17
-15
-16
-27
-37
-40
-26
-13
-2
1
4
4
-10
2
37
60
69
66
66
84
98
125
165
188
217
241
251
283
310
322
333
334
343
348
344
348
348
348
343
322
308
312
314
324
348
350
351
346
341
363
367
372
368
331
299
273
259
247
224
181
148
114
79
74
48
28
5
-26
-44
-59
-62
-64
-73
-85
-98
-117
-122
-124
-127
-127
-149
-172
-203
-232
-245
-241
-243
-270
-299
-321
-328
-314
-306
-297
-303
-300
-284
-267
-234
-208
-199
-208
-220
-218
-209
-195
-191
-187
-198
-218
-215
-214
-201
-175
-155
-135
-131
-116
-91
-72
-52
-44
-37
-47
-59
-62
-68
-61
-60
-75
-88
-93
-78
-62
-45
-21
-16
-22
-25
-13
17
44
51
39
27
12
10
5
3
17
20
24
39
56
82
101
108
112
109
121
139
151
163
162
159
141
119
111
111
109
104
105
99
87
98
125
146
153
159
156
156
161
172
181
179
171
158
156
155
144
139
132
116
96
81
72
67
81
86
74
58
48
44
52
56
66
66
44
34
20
17
18
4
-5
-26
-37
-45
-47
-33
-29
-33
-32
-31
-18
13
21
19
20
12
11
-9
-5
-4
-24
-39
-68
-88
-111
-132
-137
-142
-136
-144
-155
-149
-146
-147
-144
-146
-155
-161
-177
-183
-170
-169
-190
-199
-196
-191
-168
-144
-120
-92
-73
-52
-18
3
27
51
44
41
34
21
13
-1
-14
-24
-24
-24
-19
-17
-21
-15
-16
-2
13
24
36
55
64
56
55
32
15
3
-15
-25
-34
-32
-41
-40
-23
-14
1
17
28
45
59
71
90
114
131
142
137
126
121
114
103
90
72
47
28
21
23
23
-3
-18
-30
-51
-56
-58
-65
-60
-56
-60
-55
-61
-62
-62
-64
-56
-52
-43
-35
-26
-12
6
29
30
36
53
64
85
106
111
112
123
135
143
147
153
159
153
149
152
142
135
147
153
147
133
127
120
105
103
95
81
58
30
12
-7
-23
-44
-68
-90
-103
-88
-88
-76
-71
-79
-63
-59
-49
-30
-19
-10
-9
-11
-20
-29
-30
-34
-43
-46
-53
-68
-64
-48
-43
-33
-31
-21
-1
13
28
40
39
38
32
24
20
6
0
-12
-30
-41
-52
-62
-66
-67
-67
-66
-57
-41
-38
-35
-15
-3
6
2
-3
4
3
-3
-8
-17
-31
-43
-49
-60
-65
-65
-84
-99
-111
-123
-122
-125
-131
-135
-134
-138
-151
-155
-162
-166
-163
-168
-155
-149
-145
-121
-110
-99
-98
-88
-67
-66
-47
-25
-17
-4
-3
12
32
46
64
74
73
80
93
100
126
145
158
171
169
182
178
171
170
165
170
157
145
140
117
96
80
63
61
58
54
55
73
94
104
129
136
134
149
162
177
182
173
165
162
146
131
120
89
63
39
11
-10
-10
-18
-27
-27
-33
-19
-17
-24
-12
-21
-38
-41
-49
-56
-55
-62
-78
-94
-118
-137
-143
-148
-144
-130
-131
-123
-99
-78
-54
-46
-35
-26
-22
-6
5
27
37
32
30
25
20
18
17
6
4
-10
-30
-39
-45
-55
-60
-62
-83
-103
-124
-137
-134
-147
-154
-140
-137
-137
-136
-131
-120
-124
-116
-107
-106
-98
-99
-85
-70
-73
-80
-90
-79
-57
-37
-17
-8
-6
-4
12
42
79
97
97
102
105
108
118
125
128
121
113
101
98
95
93
90
75
63
47
47
53
61
70
65
65
65
82
105
117
132
133
123
122
142
160
147
127
115
90
69
58
45
31
21
19
10
8
14
9
23
31
29
37
34
27
27
23
19
11
-21
-50
-68
-85
-95
-114
-132
-140
-145
-132
-114
-109
-102
-96
-98
-92
-68
-50
-25
-10
-11
-12
-22
-19
-16
-22
-24
-22
-32
-51
-62
-54
-44
-48
-66
-85
-93
-104
-112
-110
-118
-120
-119
-116
-109
-101
-86
-100
-108
-99
-102
-89
-78
-73
-69
-79
-91
-93
-87
-85
-72
-57
-43
-32
-18
16
51
82
100
119
127
134
154
159
174
181
172
178
176
165
157
141
126
107
87
85
81
74
71
64
57
50
56
65
76
94
96
81
87
97
106
120
119
122
115
91
80
70
61
55
43
41
38
35
31
24
31
37
42
47
54
63
66
75
75
62
42
26
17
3
-22
-51
-85
-112
-132
-142
-135
-137
-148
-151
-155
-147
-125
-107
-86
-74
-70
-46
-36
-34
-32
-23
-17
-25
-15
-14
-23
-16
-25
-38
-39
-51
-63
-64
-67
-73
-79
-84
-93
-91
-83
-79
-73
-85
-93
-88
-95
-94
-101
-112
-122
-140
-150
-161
-166
-164
-161
-155
-150
-139
-121
-93
-71
-52
-24
1
16
32
54
70
81
90
89
89
103
116
116
103
98
95
89
93
102
107
105
103
100
99
98
111
123
123
122
113
112
114
115
129
132
134
125
122
134
127
127
129
112
97
95
101
97
95
85
65
58
69
73
85
102
97
80
69
62
63
59
50
41
4
-27
-35
-59
-73
-76
-98
-115
-123
-118
-111
-100
-91
-95
-87
-83
-67
-49
-39
-24
-36
-47
-39
-29
-16
-2
4
-14
-35
-43
-41
-30
-40
-37
-33
-44
-35
-33
-31
-23
-31
-22
-25
-35
-27
-33
-36
-47
-68
-82
-102
-117
-128
-140
-144
-153
-167
-161
-151
-136
-115
-101
-89
-75
-56
-37
-7
6
18
35
30
35
39
26
31
35
29
28
18
10
15
16
28
26
18
21
20
34
38
44
42
30
36
26
21
30
22
21
17
15
33
47
49
48
47
43
50
53
55
72
74
80
77
77
100
99
112
128
137
141
130
122
119
119
116
105
90
70
45
20
-1
-32
-51
-62
-74
-92
-96
-89
-94
-102
-103
-103
-96
-77
-71
-64
-53
-50
-45
-38
-23
1
3
0
7
1
1
9
18
30
32
36
51
58
63
69
59
62
76
76
75
67
59
49
32
20
8
-4
-22
-43
-79
-100
-98
-109
-115
-119
-130
-130
-129
-115
-98
-92
-91
-95
-73
-36
-6
15
16
7
11
31
62
80
79
73
60
75
92
96
107
94
76
65
61
71
51
22
8
-6
-26
-45
-44
-53
-66
-73
-78
-78
-83
-82
-77
-74
-71
-70
-71
-62
-35
-10
-20
-12
11
20
52
81
97
109
106
111
117
124
132
121
109
99
88
77
53
26
-2
-30
-49
-58
-67
-84
-104
-133
-145
-147
-163
-172
-167
-165
-174
-181
-171
-160
-157
-141
-125
-117
-106
-91
-76
-51
-22
-12
-8
19
47
68
89
99
95
105
113
119
136
132
125
112
98
92
81
72
46
13
-5
-34
-50
-52
-67
-71
-75
-76
-71
-73
-53
-39
-29
0
20
28
46
66
76
74
77
84
97
100
97
108
102
100
105
101
101
105
116
115
106
94
76
58
42
37
19
1
-4
-28
-50
-55
-63
-75
-86
-92
-90
-85
-83
-82
-71
-65
-47
-31
-20
-3
2
28
55
70
91
92
95
116
125
137
133
118
113
91
82
84
72
43
11
-5
-29
-37
-43
-64
-76
-100
-121
-119
-124
-117
-119
-130
-135
-152
-141
-127
-125
-105
-105
-105
-106
-96
-66
-52
-47
-41
-35
-33
-6
27
25
26
31
18
32
55
58
71
53
34
44
32
32
23
3
-16
-42
-54
-57
-69
-78
-88
-91
-83
-85
-73
-60
-59
-40
-21
-4
15
25
44
55
57
65
65
73
83
88
96
101
107
111
113
112
111
112
107
109
113
101
88
72
59
47
33
21
1
-22
-38
-46
-48
-53
-60
-72
-83
-88
-84
-85
-90
-83
-78
-73
-63
-48
-27
-18
-2
19
21
34
51
70
89
94
105
97
93
96
89
87
75
52
38
27
17
15
3
-13
-31
-48
-56
-63
-61
-78
-99
-101
-107
-117
-117
-121
-114
-115
-135
-131
-124
-113
-98
-88
-75
-66
-58
-40
-18
-2
11
29
44
56
73
82
93
99
95
88
83
80
74
59
39
21
9
-6
-27
-37
-47
-59
-62
-67
-76
-75
-62
-59
-50
-43
-41
-30
-24
-17
-10
9
22
27
41
49
60
71
89
101
109
127
135
140
143
150
150
137
130
117
104
94
86
70
44
30
9
-18
-18
-29
-43
-59
-86
-91
-93
-99
-103
-108
-104
-110
-111
-93
-77
-60
-39
-25
-12
-1
13
35
48
59
63
59
53
68
78
69
72
58
32
32
35
35
31
16
-1
-7
-8
-9
-16
-35
-59
-80
-93
-90
-92
-102
-105
-114
-124
-119
-117
-117
-112
-105
-97
-88
-63
-42
-43
-35
-16
5
12
17
45
56
63
66
65
73
70
66
52
42
25
0
-7
-27
-38
-43
-63
-67
-64
-76
-72
-64
-69
-60
-55
-35
-13
-13
-15
-18
-18
-16
-8
-2
-11
-8
3
13
24
34
46
63
80
87
94
111
124
123
123
133
128
120
109
88
80
74
64
49
26
25
22
0
-14
-31
-47
-56
-68
-69
-73
-78
-83
-84
-75
-67
-57
-38
-28
-6
9
12
42
51
53
64
66
63
61
69
56
42
47
41
28
29
30
24
30
16
4
11
5
-1
-16
-17
-32
-45
-50
-76
-88
-86
-91
-100
-102
-98
-95
-95
-95
-91
-81
-68
-62
-52
-40
-29
-14
-7
14
31
36
45
52
55
61
77
81
70
59
45
37
21
3
-4
-21
-42
-43
-38
-46
-51
-49
-45
-45
-32
-13
-9
-6
-7
-14
-8
2
-2
-4
-3
-12
-3
1
7
24
32
45
59
74
81
84
94
99
98
103
96
89
85
74
65
54
44
28
16
13
2
-4
-7
-25
-36
-34
-44
-56
-69
-63
-59
-57
-42
-35
-22
-14
-1
13
21
43
42
43
60
51
52
52
31
23
17
5
-2
-4
-1
-2
-1
7
8
10
17
20
21
23
16
6
4
-5
-10
-20
-41
-48
-54
-46
-45
-57
-56
-63
-65
-57
-39
-25
-23
-20
-25
-24
-5
7
13
32
34
28
34
44
46
47
48
29
19
18
1
-10
-23
-44
-62
-70
-75
-73
-72
-62
-52
-45
-38
-23
-4
5
14
4
5
11
15
15
2
9
-6
-18
-13
-16
-7
0
7
21
28
32
52
58
63
80
70
70
71
66
74
69
64
73
62
54
54
44
33
23
21
7
-13
-17
-20
-39
-41
-30
-38
-33
-23
-25
-23
-4
15
17
23
38
34
31
36
28
17
1
-7
-13
-18
-18
-19
-16
-18
-15
-2
8
19
23
29
25
18
28
17
18
18
-1
-13
-24
-17
-18
-31
-31
-49
-59
-45
-52
-48
-36
-40
-44
-34
-34
-38
-24
-11
-7
-3
10
23
38
46
36
36
37
35
30
13
9
3
-17
-24
-29
-30
-31
-32
-26
-26
-25
-15
1
6
-5
-5
4
0
-6
-8
-12
-19
-28
-34
-38
-27
-28
-37
-18
-11
-8
8
10
17
28
33
33
43
46
41
45
47
55
57
58
66
56
54
59
43
27
17
10
-4
-12
-18
-29
-36
-37
-25
-20
-22
-13
-4
6
20
31
43
56
54
44
47
41
25
14
10
4
-1
0
-3
-10
-4
0
-2
-1
2
6
4
-3
-2
-2
-3
-8
-13
-12
-22
-27
-28
-38
-35
-31
-34
-44
-49
-37
-32
-42
-40
-30
-32
-27
-16
-11
-1
8
8
20
32
38
48
46
39
37
31
28
21
4
-7
-8
-14
-35
-31
-21
-38
-44
-45
-44
-42
-46
-42
-33
-34
-37
-33
-21
-15
-26
-17
-9
-13
-7
-6
6
10
14
21
9
13
20
18
11
10
20
16
17
18
24
32
36
45
41
42
40
32
36
24
9
8
6
1
-10
-21
-28
-32
-32
-32
-24
-22
-17
-7
-1
6
13
22
24
33
34
31
42
40
39
33
33
34
32
26
12
11
14
6
-2
-4
-10
-22
-20
-18
-27
-25
-14
-15
-20
-24
-22
-26
-32
-30
-31
-36
-38
-38
-43
-40
-36
-44
-43
-37
-34
-23
-16
-14
2
4
1
15
24
29
30
29
26
28
35
30
25
26
17
16
15
10
5
-3
-9
-20
-28
-22
-20
-17
-14
-23
-20
-15
-18
-11
-11
-14
-9
-8
-7
0
3
2
4
-2
-4
-2
2
10
7
5
18
26
18
20
29
25
32
26
25
39
30
27
30
28
17
15
20
14
13
5
-1
-10
-16
-17
-23
-15
-22
-22
-16
-15
-3
-2
2
9
19
23
22
30
35
36
33
29
22
17
15
6
0
0
-3
-5
-9
-8
-1
-1
-3
6
-2
-1
9
-8
-10
-9
-20
-16
-23
-25
-29
-38
-27
-33
-41
-32
-36
-38
-31
-28
-21
-19
-24
-16
-8
-7
3
1
5
11
7
14
16
19
10
4
1
-3
-3
-8
-10
-16
-25
-16
-14
-24
-10
-8
-11
-2
-6
0
1
-10
-9
-9
-13
-19
-25
-19
-17
-6
-4
-11
5
8
7
12
16
18
22
19
19
19
14
8
5
-1
-13
-8
-5
-5
5
-2
3
6
0
8
6
-2
-2
-4
-10
-4
-8
-16
-17
-11
-7
-10
-4
10
5
4
11
8
21
22
10
12
10
12
10
15
10
-1
9
11
15
15
12
13
10
10
10
2
3
2
-16
-19
-21
-22
-15
-27
-27
-26
-25
-23
-19
-5
-9
-7
-12
-12
1
-9
-7
4
2
6
11
12
18
20
10
11
17
11
6
7
6
-1
-8
-5
-6
-10
-12
-7
-4
-1
9
9
9
18
19
13
7
4
-3
-5
-10
-13
-14
-18
-18
-15
-17
-5
11
16
15
19
37
38
29
32
27
28
29
13
6
10
2
-13
-18
-13
-19
-25
-21
-19
-22
-25
-14
-18
-24
-22
-20
-14
-9
-13
-8
-9
-17
-1
4
1
2
4
6
-4
-1
8
0
-2
-5
-7
0
3
11
12
1
6
16
10
13
16
2
-2
0
-5
-5
-9
-19
-32
-29
-29
-35
-24
-28
-24
-25
-24
-22
-20
-9
-15
-18
-11
-11
-14
-10
-9
-6
3
6
9
17
27
23
24
26
21
15
14
10
5
-2
-10
-9
-17
-15
-5
-16
-14
-4
-1
6
7
16
30
20
18
18
7
14
2
-9
-2
-6
-5
-3
0
7
7
17
25
21
28
39
43
37
40
48
41
38
37
37
27
18
16
13
20
11
7
14
3
4
3
-6
-11
-15
-4
-13
-22
-13
-10
-4
-11
-15
-8
3
-4
-15
-4
-5
-5
2
-4
-8
1
2
-5
-2
4
6
7
7
14
24
17
17
15
1
6
7
0
0
-5
-8
-16
-17
-9
-16
-23
-16
-20
-22
-21
-14
-8
-23
-31
-23
-22
-26
-23
-20
-20
-11
-6
-5
0
11
10
8
16
7
14
26
17
14
6
0
-1
0
-4
-7
-9
-17
-12
-10
-9
1
-5
-3
-2
-7
0
-4
-13
-4
-8
-18
-13
-13
-8
-14
-16
-14
-14
-6
-11
-4
10
7
17
28
25
31
38
33
32
41
30
22
25
27
25
14
8
4
0
-9
-6
-5
-16
-13
-7
-7
-16
-12
0
-8
-6
-2
-15
-9
1
0
-8
-11
-2
4
0
-3
15
10
4
5
-9
7
14
-4
2
10
9
3
2
10
11
-1
-1
6
3
-1
4
4
-3
0
0
-18
-24
-18
-23
-27
-24
-21
-22
-12
-9
-7
9
6
3
7
11
19
23
11
9
19
12
6
12
18
10
-5
-7
-3
3
8
2
0
2
-2
-8
-4
-2
-15
-12
-11
-21
-8
-2
-4
6
5
1
9
1
6
12
-1
8
6
-3
2
0
-1
-5
-8
-2
0
-2
10
20
14
13
18
18
12
20
20
2
8
6
-1
-2
-11
-6
-6
-21
-20
-9
-12
-6
-2
-4
-5
-10
-8
-9
-3
0
-2
2
-4
1
2
-1
3
-3
-8
-10
-18
-8
-4
-10
-16
-18
-18
-16
-11
-17
-19
-11
-2
-1
4
11
8
10
5
3
3
-4
1
-4
-12
-13
-15
-12
-7
-10
-13
-7
-11
-6
-2
-4
-1
10
14
6
-2
0
4
-3
3
1
-3
0
-1
10
3
0
12
4
8
7
0
13
10
9
13
