13
21
16
16
20
20
9
7
10
3
-3
1
5
-1
-10
-1
9
2
-2
-4
-12
-13
-10
-6
-10
-17
-11
-8
-12
-8
-6
-12
-12
-19
-28
-10
-15
-26
-18
-29
-28
-29
-35
-23
-34
-33
-24
-25
-18
-22
-26
-27
-26
-29
-27
-14
-17
-15
-7
-16
-9
-2
-11
-3
1
-8
2
-4
-6
3
0
3
1
4
2
-2
13
10
12
8
6
21
23
20
16
19
8
5
17
16
23
22
20
20
10
16
12
9
20
12
15
16
5
12
7
9
13
9
16
2
3
10
5
5
5
1
1
6
-1
-3
7
2
-1
3
-4
-10
-5
-5
-5
2
1
-11
-13
-9
-8
-14
-7
-12
-18
-11
-23
-26
-23
-22
-17
-20
-16
-21
-27
-12
1
-2
-21
-24
-13
-18
-16
-11
-11
-15
-19
-13
-12
-12
-7
-14
-16
-7
-5
-2
2
-10
-6
3
-6
-5
-2
-3
-5
-6
-8
-9
-5
-10
-14
-1
7
5
5
6
-4
-6
12
11
11
16
13
13
13
10
6
12
15
18
16
7
12
11
5
6
11
8
12
20
15
20
18
4
13
15
7
3
2
9
15
11
8
10
17
14
5
0
-4
4
0
-7
0
1
1
0
-5
1
-6
-8
-8
-11
2
-6
-14
-8
-3
1
-15
-15
-10
-9
-11
-8
-6
-16
-8
-6
-10
-11
-14
-12
-13
-8
-10
-13
-10
-8
-7
-10
-6
1
-6
-3
-1
-14
-5
-2
-3
13
4
4
7
1
8
10
9
3
3
8
9
14
-2
-2
10
-1
0
1
-8
4
3
-2
6
6
10
6
9
3
-7
10
7
9
15
6
14
13
15
15
2
9
5
10
15
7
13
6
6
12
5
-2
-2
-2
-4
-1
-1
-1
-2
1
2
-5
-12
-13
-16
-14
-5
-4
-5
-8
-12
-14
-9
-4
-8
-6
-5
-9
-14
-17
-14
-15
-18
-12
-12
-10
-3
-2
-6
-14
-17
-17
-8
-5
-14
-11
-11
-12
-4
-5
-10
-12
-8
-10
-17
-17
-14
-11
-7
-3
-5
-5
-2
3
-3
0
11
5
5
5
5
7
11
5
-4
3
11
16
8
10
6
3
16
19
13
13
21
17
8
18
19
10
11
14
12
16
18
16
16
14
8
11
12
4
7
10
7
7
13
8
11
20
8
7
13
5
8
12
9
8
4
4
6
11
11
0
-1
6
4
3
5
6
-3
-6
-2
-7
-4
-10
-11
-1
-10
-11
-12
-18
-8
-14
-15
-12
-15
-13
-26
-20
-11
-23
-14
-14
-22
-22
-24
-17
-20
-22
-12
-24
-35
-29
-24
-9
-4
-14
-12
-15
-16
-16
-16
-8
-13
-9
-3
-6
-5
-8
-3
0
3
5
0
6
7
-6
-4
4
-2
4
9
7
12
14
5
-2
12
11
6
8
5
15
8
7
14
15
24
24
21
15
16
25
19
21
19
23
24
9
17
25
9
13
13
1
9
9
3
5
6
9
5
-1
8
1
-7
10
8
-16
-13
-3
-1
-2
-4
2
7
-3
-6
1
4
2
0
6
1
-9
-11
-7
-14
-22
-19
-17
-16
-20
-18
-6
-12
-15
-11
-14
-9
-6
-6
-1
-8
-6
-1
-5
-11
-18
1
-1
-20
-16
-15
-12
-9
-8
-5
-2
-4
-2
7
2
-1
0
-3
0
3
14
15
10
14
5
5
11
6
9
14
10
18
16
7
14
9
2
14
14
11
15
20
18
12
13
13
13
11
8
12
10
1
6
11
9
20
17
14
20
4
4
17
11
10
11
4
7
4
5
13
13
15
15
17
15
4
8
9
6
11
7
-1
4
2
-3
8
7
0
0
-5
6
12
0
13
10
-2
5
0
-3
-7
-12
-6
-10
-13
-5
-11
-16
-10
-18
-19
-13
-8
-13
-22
-10
-17
-32
-19
-14
-18
-13
-13
-18
-15
-15
-7
-2
-2
-4
-18
-13
-8
-10
-8
-7
-12
-15
-11
-5
-12
-20
-14
-11
-1
0
-2
4
4
11
9
-5
-4
10
10
6
16
17
12
5
14
18
7
12
16
20
21
19
21
19
24
20
13
12
9
11
5
9
14
10
12
14
15
10
4
7
0
6
10
-1
3
7
3
8
7
11
13
7
4
5
6
-1
4
3
-4
0
-4
-4
-5
-3
5
-4
-14
-4
-2
-5
1
-10
-18
-15
-16
-15
-13
-11
-12
-16
-16
-15
-8
-4
-9
-8
-6
-7
-19
-16
-17
-20
-6
-6
-10
-8
-7
-9
-9
-6
-7
-2
0
1
0
-4
-6
-3
-8
-10
-6
-5
-1
0
5
0
4
14
7
8
6
4
6
6
13
9
3
5
2
8
10
9
11
13
11
14
9
6
18
10
2
2
8
15
3
5
19
17
13
15
14
10
18
11
4
9
12
16
9
10
13
6
2
6
3
-2
0
-8
-12
-1
2
0
-2
-2
0
-1
-4
-4
-5
-5
-5
-2
0
-5
-1
-8
-18
-14
-18
-13
-10
-12
-8
-6
-7
-10
-7
-4
-7
-12
-14
-16
-15
-11
-11
-14
-16
-8
-3
-10
-7
-6
-11
-14
-16
-15
-9
-15
-14
-15
-15
-8
-7
-7
-10
-3
-5
-4
-1
-9
-5
-4
-12
-16
-12
5
3
2
5
3
3
-8
-8
-3
-4
1
-2
6
17
10
4
6
11
14
10
0
3
6
4
11
16
17
17
19
18
13
7
6
6
12
18
12
13
13
11
15
14
10
2
1
-3
-8
0
10
14
15
22
20
16
10
1
3
10
11
-11
-21
-17
-22
-11
4
17
22
2
-14
-13
-10
-7
10
18
4
-3
-10
-22
-23
-8
3
6
22
21
4
8
5
-4
-4
-7
-11
-12
-13
-4
-6
-16
-24
-27
-18
-6
9
8
-5
-11
-15
-3
5
-7
-16
-18
-11
1
2
-1
-9
-21
-14
-2
4
-5
-28
-35
-47
-42
-18
-4
6
8
6
10
17
18
16
20
13
3
2
-5
-15
-4
4
-1
-13
-23
-11
15
29
33
22
-4
-12
-11
-2
8
13
12
-2
-4
-9
-7
2
-1
4
4
-13
-15
-8
-9
-9
-2
1
0
-5
-11
-14
-10
-6
-9
-1
12
21
26
14
-2
-31
-55
-45
-33
-17
10
13
8
29
34
24
15
-4
-12
-25
-33
-14
-5
2
1
-18
-23
-22
-4
17
17
18
3
-13
6
21
20
4
-17
-31
-41
-25
-6
-8
-10
-22
-33
-23
-9
-5
-10
-7
-5
4
37
54
54
55
48
27
5
-8
-12
4
31
50
53
37
13
-16
-20
-10
13
37
44
62
58
35
16
-5
8
41
74
102
89
49
34
47
59
53
20
-24
-38
-25
10
46
50
36
31
43
67
66
42
15
3
26
49
53
31
-14
-22
0
27
52
50
41
32
38
55
27
-19
-53
-72
-57
-42
-51
-94
-144
-149
-126
-101
-101
-131
-178
-192
-152
-102
-84
-100
-127
-146
-156
-157
-154
-159
-154
-133
-120
-92
-26
83
200
228
23
-447
-924
-1079
-658
209
1018
1302
896
89
-628
-886
-639
-195
76
39
-152
-224
-48
264
489
465
215
-80
-220
-119
179
511
678
567
229
-138
-304
-136
203
418
296
-146
-601
-710
-355
213
576
505
86
-347
-457
-190
240
569
696
678
586
458
264
37
-133
-150
16
260
448
461
293
23
-288
-530
-619
-519
-243
110
370
399
237
10
-112
-88
-44
-83
-175
-188
8
375
685
718
387
-148
-576
-685
-466
-132
83
98
-8
-90
-112
-124
-201
-330
-462
-548
-531
-423
-239
-17
128
103
-83
-320
-496
-489
-305
-87
46
13
-108
-159
-85
54
121
36
-152
-309
-324
-185
18
176
255
264
241
208
148
71
5
16
125
290
420
440
338
197
86
2
-50
-98
-149
-133
-31
118
270
340
302
200
92
19
6
62
148
242
311
352
376
388
392
389
380
343
321
347
424
534
603
582
497
391
290
269
332
417
492
500
426
287
99
-125
-369
-617
-867
-1092
-1264
-1334
-1304
-1271
-1292
-1406
-1587
-1741
-1816
-1775
-1636
-1462
-1289
-1095
-849
-563
-259
-8
135
148
101
128
255
470
700
875
960
899
730
479
210
16
-76
-62
-21
36
116
178
209
142
-15
-194
-300
-204
65
397
646
739
713
651
664
717
759
772
779
917
1162
1418
1607
1637
1604
1561
1532
1555
1565
1602
1700
1878
2143
2395
2568
2654
2682
2513
2019
1028
-431
-1749
-2549
-2731
-2549
-2523
-2783
-3142
-3373
-3492
-3724
-4245
-4901
-5304
-5155
-4318
-3105
-1984
-1131
-625
-209
334
785
1066
1095
1058
1355
2029
2935
3710
4026
3826
3270
2575
1867
1241
605
24
-371
-556
-389
-140
-121
-434
-1214
-2126
-2919
-3533
-3826
-3809
-3532
-3042
-2357
-1632
-964
-500
-387
-427
-538
-462
-45
489
1145
1835
2509
3108
3400
3323
2892
2269
1657
1238
1052
1064
1294
1518
1723
1903
1889
1733
1341
833
490
331
435
713
1079
1557
2080
2622
3084
3432
3466
3004
1884
95
-1566
-2625
-2948
-2716
-2641
-2762
-2959
-3070
-3023
-3231
-3898
-4922
-5816
-6061
-5410
-4124
-2786
-1654
-885
-203
575
1155
1505
1410
1058
988
1321
2114
3035
3696
3938
3810
3503
3078
2541
1656
596
-314
-877
-795
-411
13
350
378
270
-130
-895
-1862
-2863
-3598
-3864
-3569
-2906
-2024
-1209
-697
-372
-356
-482
-741
-1192
-1378
-1198
-452
767
1892
2698
3026
2955
2634
2188
1602
916
401
123
380
1033
1712
2301
2398
2193
1919
1546
1216
812
404
186
334
902
1754
2639
3259
3795
4032
3788
3037
1244
-925
-2722
-3799
-3814
-3559
-3433
-3343
-3258
-3004
-2793
-3105
-4058
-5180
-6087
-6153
-5266
-4078
-2700
-1517
-444
896
1997
2770
2936
2344
1682
1318
1489
2158
2869
3283
3472
3546
3555
3487
2810
1567
176
-1137
-1737
-1769
-1588
-1150
-789
-425
-91
-130
-567
-1434
-2545
-3452
-3843
-3671
-2961
-2000
-1107
-208
517
998
1192
844
278
-230
-377
52
691
1354
1924
2359
2648
2655
2332
1654
869
177
-302
-393
-238
69
443
778
1204
1627
1801
1625
1160
632
347
464
908
1623
2388
3101
4017
4905
5436
5171
3445
1034
-1073
-2454
-2892
-3298
-3910
-4229
-4080
-3335
-2547
-2510
-3285
-4500
-5649
-6048
-5715
-5192
-4563
-4003
-3141
-1454
371
1909
2647
2337
1894
1637
1713
2063
2121
1977
1949
2282
3053
3818
3888
3182
2091
948
307
-85
-586
-949
-1253
-1063
-449
-32
50
-548
-1484
-2287
-2855
-3049
-3135
-3188
-3141
-2781
-1996
-1054
-271
-59
-172
-236
-30
520
827
837
739
811
1328
1863
2263
2257
1950
1775
1661
1794
1883
1714
1480
1290
1554
2101
2513
2570
2255
1936
1810
1945
2073
2102
2138
2236
2887
3705
4176
3922
2283
205
-1467
-2534
-3028
-3853
-4914
-5590
-5536
-4745
-3847
-3536
-3989
-4740
-5394
-5363
-4763
-4306
-3952
-3811
-3226
-1606
268
1916
2726
2676
2647
2822
3171
3438
3195
2580
2123
2102
2580
3218
3203
2541
1592
774
562
385
-98
-748
-1417
-1533
-1180
-881
-963
-1544
-2339
-2873
-2989
-2864
-2655
-2689
-2832
-2593
-1981
-1099
-419
-292
-397
-323
243
1086
1672
1759
1625
1671
2012
2467
2588
2330
1943
1672
1761
2029
2255
2199
1906
1727
1811
2199
2364
2051
1467
968
983
1253
1533
1640
1614
1793
2266
3141
3782
3738
2628
564
-1157
-2363
-3019
-3719
-5007
-5934
-6105
-5317
-4144
-3598
-3736
-4344
-4850
-4833
-4399
-4074
-4107
-4169
-3904
-2540
-569
1136
2326
2631
2986
3605
4119
4470
4033
3183
2486
2235
2651
3171
3288
2802
2138
1733
1692
1682
1034
25
-1024
-1611
-1524
-1434
-1581
-2240
-3033
-3327
-3227
-2884
-2812
-3123
-3467
-3478
-2899
-2130
-1506
-1245
-1145
-718
92
1180
1963
2115
1954
1839
2114
2534
2658
2403
1934
1708
1911
2277
2536
2431
2039
1823
1941
2312
2534
2191
1528
1031
945
1210
1442
1381
1290
1408
1883
2867
3670
3887
3280
1584
50
-1089
-2022
-2909
-4507
-5895
-6414
-6014
-4862
-3997
-3743
-3803
-3921
-3716
-3236
-3066
-3451
-4013
-4356
-3650
-2088
-634
631
1311
2048
3199
4109
4790
4641
3762
2853
2103
1977
2131
2041
1625
1102
1039
1428
1890
1812
1196
403
-216
-411
-715
-1301
-2233
-3217
-3618
-3555
-3151
-2843
-2895
-2864
-2651
-2065
-1405
-1100
-1034
-1159
-1044
-535
156
752
974
1083
1370
2013
2723
3009
2861
2411
2110
2089
2100
2125
1911
1587
1550
1796
2344
2781
2743
2388
2045
1927
1951
1895
1550
1281
1211
1422
2192
2963
3468
3384
2210
995
-20
-1033
-2068
-3854
-5566
-6493
-6622
-6021
-5411
-5112
-4854
-4556
-4099
-3323
-2847
-2966
-3397
-3953
-3732
-2709
-1698
-670
-39
746
2102
3375
4532
4988
4701
4193
3607
3253
3036
2536
1729
913
480
669
1195
1406
1313
1028
871
1007
813
218
-954
-2293
-3213
-3767
-3879
-3956
-4046
-3928
-3488
-2583
-1593
-855
-544
-514
-386
-89
308
413
254
85
248
960
1737
2333
2486
2451
2578
2747
2972
2793
2336
1798
1341
1400
1589
1811
1814
1566
1570
1742
2065
2235
2070
1832
1682
1748
1950
2418
2829
3009
2647
1557
731
-60
-825
-1837
-3511
-4771
-5552
-5707
-5447
-5448
-5407
-5394
-5223
-4590
-3840
-3338
-3280
-3469
-3514
-2904
-2092
-1441
-884
-605
177
1215
2292
3411
3817
3957
3946
3938
4162
3948
3329
2435
1568
1214
1167
1191
1122
1002
981
1242
1491
1446
990
-90
-1104
-1991
-2771
-3295
-4038
-4555
-4659
-4365
-3464
-2605
-1944
-1427
-1033
-446
161
483
490
253
0
130
460
870
1232
1329
1635
2115
2660
3208
3261
3109
2911
2707
2720
2582
2307
1919
1525
1389
1568
1807
1939
1965
1947
2198
2464
2750
3104
3237
3216
2625
1477
509
-461
-1357
-2421
-3849
-4896
-5534
-5579
-5315
-5166
-5063
-5029
-4897
-4468
-3886
-3592
-3601
-3811
-3857
-3328
-2588
-1801
-1119
-704
61
1021
2124
3221
3691
3889
3817
3806
3960
3770
3307
2551
1793
1406
1304
1315
1212
1028
967
1247
1665
1740
1363
470
-445
-1275
-2138
-2826
-3784
-4554
-4955
-4937
-4163
-3382
-2641
-2031
-1524
-683
78
537
610
301
37
35
258
546
762
827
1116
1788
2467
3183
3406
3421
3528
3388
3449
3217
2788
2396
1793
1523
1505
1503
1575
1465
1465
1816
2234
2629
2975
3195
3304
3117
2178
1191
151
-950
-1900
-3313
-4450
-5224
-5619
-5414
-5286
-5106
-4809
-4648
-4240
-3738
-3397
-3222
-3396
-3597
-3505
-3104
-2528
-1961
-1601
-1008
-48
1051
2253
3015
3462
3742
3826
3979
3883
3525
2953
2129
1573
1342
1255
1143
881
862
1162
1646
2024
1860
1359
741
15
-776
-1665
-2766
-3881
-4760
-5176
-4874
-4346
-3760
-3153
-2593
-1636
-629
110
560
461
264
202
207
384
352
190
233
657
1467
2316
2957
3330
3706
4037
4290
4322
3895
3332
2625
2032
1713
1428
1167
869
753
1000
1510
2059
2411
2728
3047
3347
3268
2401
1373
148
-962
-1960
-3276
-4372
-5346
-5794
-5720
-5526
-5118
-4766
-4462
-4021
-3449
-2946
-2717
-2851
-3174
-3245
-3090
-2734
-2323
-2117
-1564
-766
280
1573
2464
3154
3548
3795
4180
4261
4029
3418
2557
1911
1537
1285
1071
922
978
1347
1847
2308
2542
2373
1916
1246
341
-669
-1919
-3240
-4391
-5192
-5379
-5275
-4944
-4457
-3787
-2771
-1686
-684
-11
239
335
354
405
382
152
-82
-155
207
875
1621
2368
2985
3597
4192
4635
4838
4686
4249
3647
3019
2417
1835
1216
637
396
459
796
1186
1547
2121
2749
3355
3608
3046
2226
1233
97
-985
-2453
-3867
-5120
-5966
-6109
-5974
-5661
-5294
-4970
-4437
-3560
-2742
-2217
-2164
-2479
-2644
-2664
-2559
-2395
-2542
-2470
-2001
-1140
205
1357
2355
3142
3776
4548
5015
4986
4473
3517
2628
1988
1470
1049
579
329
574
1102
1787
2324
2352
2142
1676
1006
243
-909
-2265
-3709
-4934
-5450
-5591
-5547
-5249
-4812
-3915
-2670
-1442
-317
351
751
1106
1276
1410
1295
857
457
282
501
997
1464
1965
2500
3117
3904
4497
4725
4575
4119
3629
3048
2375
1628
685
-13
-320
-301
53
488
1056
1773
2554
3390
3772
3423
2833
1843
786
-284
-1814
-3357
-4858
-5851
-6147
-6222
-6032
-5678
-5310
-4457
-3326
-2405
-1781
-1748
-1898
-1973
-2101
-2169
-2452
-2866
-2848
-2500
-1649
-378
750
1851
2791
3735
4797
5338
5365
4909
3985
3220
2505
1750
1117
436
123
282
709
1421
1875
1901
1904
1694
1333
724
-473
-1792
-3213
-4376
-4966
-5481
-5683
-5628
-5321
-4387
-3170
-1860
-672
87
759
1371
1756
1994
1779
1229
826
545
622
877
966
1336
1779
2486
3419
3969
4388
4464
4289
4151
3695
3097
2292
1205
440
-36
-216
-76
116
461
1222
2146
3133
3778
3524
3149
2393
1475
490
-1270
-3105
-4888
-6198
-6708
-7027
-7053
-6764
-6314
-5297
-3977
-2790
-1914
-1605
-1592
-1552
-1524
-1559
-1828
-2426
-2670
-2446
-1747
-603
351
1311
2267
3306
4585
5393
5625
5327
4564
3977
3416
2707
1863
861
234
104
333
764
1009
990
1035
1057
971
645
-245
-1372
-2633
-3749
-4380
-4942
-5383
-5554
-5468
-4768
-3677
-2481
-1350
-514
394
1332
2023
2423
2378
2050
1727
1426
1264
1142
974
998
1156
1640
2406
3052
3536
3817
3975
4121
4025
3567
2858
1829
1008
477
56
-14
-88
68
622
1416
2433
3123
3148
2923
2432
1769
988
-483
-2206
-3952
-5328
-5989
-6491
-6819
-6840
-6647
-5869
-4613
-3448
-2425
-1911
-1614
-1219
-970
-768
-992
-1647
-2023
-1992
-1540
-736
-137
520
1338
2305
3614
4587
5055
5079
4666
4339
4029
3394
2530
1446
640
369
233
303
298
113
169
274
315
237
-387
-1216
-2065
-2869
-3260
-3824
-4473
-4890
-5103
-4683
-3940
-3102
-2121
-1313
-390
761
1726
2478
2761
2564
2389
2190
1956
1725
1189
861
816
996
1681
2265
2727
3120
3394
3837
4102
3868
3351
2496
1709
1267
756
376
50
-137
143
755
1565
2318
2426
2270
2136
1784
1368
212
-1419
-3043
-4461
-5291
-6000
-6650
-7013
-7105
-6685
-5611
-4462
-3458
-2766
-2322
-1651
-1051
-634
-599
-1109
-1461
-1437
-1185
-671
-276
142
798
1611
2806
3863
4410
4630
4512
4427
4439
4086
3364
2388
1472
1006
735
547
320
-140
-400
-356
-288
-229
-559
-1193
-1791
-2377
-2679
-3122
-3848
-4428
-4801
-4710
-4223
-3640
-2950
-2245
-1377
-206
923
1826
2347
2474
2530
2651
2644
2459
2019
1542
1459
1548
1926
2352
2550
2886
3196
3569
3942
3919
3641
3058
2389
1949
1449
979
465
93
44
369
971
1489
1940
1861
1844
1785
1476
956
-375
-1768
-3143
-4220
-5004
-5872
-6535
-6925
-6844
-6266
-5371
-4453
-3626
-2929
-2251
-1484
-815
-501
-551
-873
-945
-729
-523
-228
-83
321
991
1810
2827
3512
3952
4173
4257
4424
4387
3951
3143
2275
1592
1112
649
104
-395
-856
-926
-771
-707
-688
-963
-1305
-1614
-1924
-2244
-2849
-3567
-4099
-4354
-4262
-3969
-3605
-3040
-2244
-1263
-162
865
1678
2228
2524
2765
2890
2728
2373
1957
1654
1502
1481
1546
1693
1936
2317
2739
3116
3382
3432
3296
2994
2650
2167
1609
1003
473
203
169
283
478
870
1406
1936
2058
2096
1957
1442
689
-480
-1721
-3019
-4217
-5239
-6054
-6556
-6688
-6489
-5977
-5066
-4140
-3194
-2349
-1670
-1001
-537
-298
-308
-559
-702
-743
-784
-621
-329
97
652
1320
2185
3026
3610
4002
4183
4228
4115
3622
2942
2169
1416
783
251
-122
-392
-578
-604
-487
-392
-354
-515
-856
-1310
-1810
-2289
-2954
-3651
-4144
-4373
-4361
-4120
-3643
-2934
-2074
-1134
-116
814
1604
2140
2395
2571
2578
2405
2089
1727
1493
1307
1286
1399
1595
1932
2364
2803
3119
3362
3464
3430
3139
2733
2220
1587
1092
672
439
405
532
823
1326
1919
2507
2687
2639
2478
1848
1055
-127
-1441
-2830
-4167
-5180
-5998
-6509
-6699
-6486
-6010
-5087
-4073
-3088
-2152
-1483
-841
-474
-279
-269
-600
-909
-1064
-1148
-1009
-732
-330
308
1064
2014
2881
3464
3874
4048
4014
3838
3409
2791
2086
1366
861
481
239
132
-7
11
188
275
267
39
-394
-913
-1558
-2141
-2822
-3620
-4197
-4527
-4550
-4305
-3874
-3249
-2477
-1567
-519
428
1141
1688
1987
2132
2179
1985
1688
1308
953
823
782
911
1192
1499
1997
2572
3062
3432
3578
3564
3350
2898
2411
1826
1163
623
265
150
280
528
939
1532
2161
2814
2959
2796
2531
1887
1084
-176
-1684
-3159
-4463
-5383
-6037
-6459
-6482
-6161
-5643
-4654
-3569
-2633
-1879
-1423
-981
-651
-564
-684
-1126
-1529
-1523
-1454
-1243
-858
-403
260
988
1917
2872
3451
3763
3900
3908
3917
3628
2932
2210
1564
1167
882
563
426
299
267
499
648
644
474
-36
-623
-1191
-1742
-2359
-3268
-4013
-4314
-4413
-4246
-3890
-3434
-2744
-1973
-1025
-19
708
1223
1481
1593
1762
1732
1411
1054
709
604
696
808
1069
1322
1713
2337
2863
3256
3513
3491
3355
3091
2715
2289
1541
875
499
302
361
529
809
1271
1899
2592
3216
3303
3031
2546
1788
1025
-182
-1679
-3144
-4403
-5227
-5773
-6086
-6115
-5948
-5477
-4536
-3589
-2774
-2174
-1831
-1506
-1245
-1041
-1090
-1482
-1826
-1833
-1670
-1364
-974
-569
37
770
1727
2719
3369
3716
3816
3891
3981
3775
3188
2441
1784
1348
1093
921
756
540
482
669
863
896
713
238
-401
-982
-1492
-2152
-3076
-3920
-4450
-4592
-4464
-4191
-3787
-3273
-2554
-1656
-623
219
684
857
1068
1398
1528
1379
1061
795
684
823
1078
1292
1490
1752
2199
2750
3225
3470
3403
3141
2925
2738
2442
1863
1108
584
416
513
636
801
1120
1509
2051
2712
3267
3203
2669
2127
1530
857
-267
-1654
-3041
-4171
-4807
-5208
-5448
-5607
-5530
-5136
-4355
-3451
-2751
-2271
-2041
-1797
-1490
-1242
-1267
-1677
-2050
-2012
-1802
-1551
-1217
-796
-245
378
1284
2275
2948
3251
3388
3623
3845
3844
3465
2919
2423
2091
1909
1719
1536
1235
974
1010
1140
1083
792
277
-317
-868
-1300
-1833
-2702
-3542
-4051
-4233
-4296
-4223
-3968
-3639
-3182
-2469
-1525
-696
-161
179
562
1071
1401
1396
1239
1103
1036
1013
1096
1222
1234
1317
1608
2061
2475
2723
2858
2831
2841
2901
2825
2490
1928
1528
1340
1247
1167
1090
1166
1355
1660
2139
2682
2957
2711
2380
2205
1851
1071
-99
-1298
-2455
-3439
-4156
-4764
-5276
-5660
-5658
-5249
-4565
-3843
-3338
-2889
-2448
-1954
-1482
-1313
-1489
-1887
-2120
-2079
-2043
-2062
-1961
-1647
-1146
-366
690
1695
2415
2969
3650
4320
4636
4588
4194
3711
3249
2754
2343
1861
1366
989
835
956
1084
1008
839
628
324
-16
-493
-1181
-2090
-2996
-3636
-4091
-4519
-4762
-4764
-4565
-4038
-3303
-2402
-1589
-927
-227
396
920
1196
1162
1016
847
616
447
365
307
383
563
1010
1662
2209
2749
3271
3666
3949
4019
3876
3574
3031
2491
1986
1454
1132
876
807
996
1327
1805
2299
2751
3133
3225
3000
2656
1967
1035
-72
-1398
-2660
-3797
-4691
-5375
-5930
-6137
-5934
-5560
-5000
-4310
-3656
-3009
-2544
-2184
-1914
-1850
-1922
-2194
-2429
-2408
-2307
-2146
-1792
-1220
-440
455
1400
2403
3225
3835
4321
4609
4739
4636
4251
3718
3230
2852
2496
2090
1771
1614
1563
1641
1672
1625
1499
1207
792
265
-340
-1110
-2069
-3009
-3760
-4362
-4860
-5188
-5280
-5125
-4737
-4145
-3433
-2714
-2022
-1380
-837
-313
40
170
176
139
167
189
263
371
565
947
1477
2046
2594
3170
3639
3986
4254
4432
4402
4123
3742
3366
2953
2511
2102
1753
1589
1550
1632
1814
2027
2251
2412
2557
2614
2388
1836
1163
380
-563
-1611
-2738
-3834
-4762
-5388
-5819
-6124
-6194
-5996
-5604
-5093
-4463
-3863
-3359
-2930
-2553
-2196
-1927
-1800
-1805
-1793
-1580
-1262
-970
-609
-72
563
1250
2051
2875
3574
4031
4398
4738
4910
4891
4615
4173
3730
3335
2942
2512
2090
1732
1438
1245
1129
908
585
237
-224
-764
-1279
-1952
-2818
-3687
-4408
-4961
-5517
-5928
-6054
-6007
-5739
-5249
-4559
-3770
-3008
-2249
-1451
-643
35
484
738
1025
1293
1436
1594
1748
1963
2247
2632
3158
3632
4094
4553
4919
5238
5444
5451
5181
4727
4252
3761
3137
2407
1727
1174
809
575
437
436
500
566
695
887
991
706
158
-330
-894
-1576
-2427
-3355
-4197
-4911
-5332
-5538
-5655
-5631
-5430
-5044
-4448
-3750
-3132
-2675
-2307
-1907
-1493
-1154
-987
-995
-956
-713
-378
-26
390
898
1441
2049
2838
3628
4160
4497
4747
4983
5084
4916
4573
4062
3525
3041
2584
2124
1627
1115
675
413
176
-95
-503
-1004
-1487
-2001
-2471
-3057
-3836
-4599
-5180
-5595
-5912
-6129
-6171
-6054
-5768
-5136
-4308
-3512
-2773
-1977
-1068
-151
627
1234
1723
2082
2456
2813
3114
3346
3437
3563
3815
4149
4435
4598
4667
4721
4746
4763
4647
4252
3744
3215
2702
2180
1601
973
361
-201
-527
-641
-752
-867
-973
-908
-725
-539
-417
-433
-618
-911
-1172
-1450
-1808
-2407
-3081
-3600
-3919
-4031
-4138
-4237
-4208
-3959
-3470
-2878
-2328
-1851
-1414
-995
-519
-78
242
409
419
519
805
1110
1319
1477
1733
2137
2563
2982
3366
3582
3666
3668
3674
3590
3251
2750
2178
1648
1212
767
207
-328
-730
-1007
-1197
-1420
-1672
-1950
-2203
-2462
-2766
-3082
-3457
-3909
-4326
-4538
-4631
-4729
-4785
-4623
-4214
-3728
-3102
-2388
-1672
-915
-133
693
1449
2059
2539
2906
3259
3589
3791
3857
3861
3853
3888
3946
3915
3787
3654
3555
3456
3244
2992
2734
2348
1939
1579
1238
825
336
-83
-412
-700
-964
-1196
-1391
-1521
-1587
-1546
-1426
-1316
-1232
-1107
-875
-682
-624
-605
-617
-719
-877
-1057
-1274
-1558
-1854
-2029
-2160
-2259
-2232
-2117
-1920
-1641
-1298
-884
-452
-67
283
585
838
991
1030
1060
1013
873
736
662
627
570
583
737
937
1108
1321
1535
1707
1802
1776
1689
1500
1208
848
428
3
-428
-852
-1190
-1451
-1689
-1871
-1930
-1958
-2012
-2032
-2020
-2072
-2194
-2297
-2415
-2620
-2828
-2914
-2913
-2857
-2748
-2457
-1996
-1455
-811
-122
646
1367
1991
2553
3037
3409
3568
3569
3495
3360
3123
2865
2613
2340
2113
1991
1936
1867
1818
1794
1753
1637
1488
1313
1020
617
163
-285
-717
-1146
-1566
-1861
-2022
-2073
-1966
-1731
-1348
-930
-504
26
554
979
1245
1375
1399
1290
1072
779
355
-133
-547
-863
-1115
-1310
-1427
-1453
-1369
-1225
-1003
-788
-660
-564
-503
-436
-427
-524
-657
-785
-877
-942
-938
-869
-782
-653
-420
-98
205
466
684
877
1040
1137
1174
1103
939
774
609
443
265
72
-85
-197
-251
-268
-285
-319
-398
-474
-541
-640
-817
-1065
-1315
-1566
-1792
-1962
-2095
-2195
-2227
-2152
-1941
-1653
-1341
-1008
-634
-186
300
747
1106
1413
1684
1925
2137
2265
2296
2237
2164
2080
1998
1895
1708
1487
1292
1170
1075
930
727
527
383
297
224
133
19
-75
-153
-199
-172
-154
-191
-257
-265
-161
-15
91
194
336
524
777
1030
1234
1363
1381
1340
1276
1151
904
506
43
-398
-769
-1095
-1424
-1707
-1944
-2024
-1940
-1813
-1658
-1507
-1329
-1148
-970
-772
-670
-707
-776
-808
-817
-835
-909
-960
-920
-822
-637
-397
-121
147
404
719
1042
1283
1402
1424
1396
1315
1162
965
692
368
90
-131
-312
-498
-654
-749
-807
-846
-837
-842
-917
-998
-1064
-1098
-1171
-1299
-1399
-1461
-1456
-1409
-1323
-1160
-950
-699
-365
21
416
747
1037
1351
1610
1770
1853
1865
1783
1657
1522
1343
1142
933
759
612
495
426
380
357
343
365
417
477
500
476
469
481
451
367
306
265
214
170
198
272
337
421
594
814
990
1182
1348
1472
1554
1564
1510
1350
1121
826
470
88
-332
-733
-1094
-1419
-1680
-1876
-1973
-2004
-2007
-1934
-1785
-1634
-1511
-1363
-1224
-1120
-1050
-1020
-1000
-1000
-1002
-994
-974
-929
-881
-808
-675
-517
-343
-163
20
197
377
553
692
785
835
893
925
897
852
809
752
658
545
471
408
298
178
60
-13
-78
-190
-281
-371
-475
-562
-637
-720
-821
-925
-974
-993
-1021
-986
-927
-866
-751
-580
-361
-179
-18
167
330
457
554
600
617
581
504
436
386
342
273
211
232
332
413
545
716
849
1023
1203
1357
1459
1482
1490
1487
1404
1298
1188
1052
909
777
717
681
637
625
651
721
799
844
893
930
901
851
789
672
480
238
1
-225
-482
-744
-1007
-1269
-1476
-1630
-1731
-1826
-1928
-1953
-1912
-1840
-1761
-1684
-1584
-1486
-1376
-1248
-1124
-1020
-958
-890
-792
-682
-588
-513
-428
-320
-178
1
189
346
486
651
821
944
1019
1040
1015
959
875
786
671
504
343
234
161
100
25
-28
-47
-68
-87
-94
-137
-223
-336
-463
-605
-772
-947
-1133
-1304
-1438
-1496
-1489
-1431
-1334
-1181
-942
-665
-376
-89
158
361
538
665
762
784
728
697
669
637
637
658
720
820
974
1171
1359
1529
1678
1794
1863
1916
1885
1761
1604
1416
1219
1007
811
588
363
212
108
32
-30
-84
-138
-166
-137
-109
-123
-147
-173
-160
-138
-120
-89
-86
-84
-86
-68
-43
-54
-118
-216
-290
-353
-442
-557
-673
-786
-871
-923
-945
-953
-982
-1002
-985
-945
-898
-873
-899
-916
-909
-896
-892
-902
-907
-897
-852
-770
-660
-546
-424
-284
-140
54
252
393
503
603
707
785
830
843
821
771
719
685
641
567
476
364
283
248
168
47
-85
-208
-340
-490
-636
-789
-946
-1088
-1197
-1252
-1250
-1227
-1177
-1085
-923
-697
-468
-262
-64
156
377
547
671
768
830
862
869
870
876
863
848
868
919
987
1031
1084
1169
1227
1247
1228
1178
1085
956
781
577
388
201
24
-127
-214
-252
-253
-205
-132
-14
125
262
376
469
555
612
618
598
556
508
435
337
288
231
154
103
60
38
-10
-83
-153
-244
-364
-521
-694
-854
-1030
-1214
-1362
-1484
-1567
-1613
-1611
-1564
-1490
-1371
-1245
-1110
-975
-837
-716
-651
-584
-496
-423
-368
-312
-227
-93
44
200
396
583
750
907
1060
1187
1253
1249
1198
1128
1034
885
708
524
349
182
19
-109
-240
-357
-449
-551
-634
-709
-780
-875
-988
-1059
-1108
-1161
-1198
-1195
-1130
-1046
-931
-761
-555
-327
-119
77
295
509
644
747
854
913
948
968
984
1002
992
999
1034
1069
1100
1138
1167
1175
1173
1160
1123
1048
948
828
694
553
404
262
120
-12
-138
-234
-278
-331
-388
-406
-388
-376
-357
-306
-259
-231
-191
-133
-70
-22
11
46
84
119
150
165
165
153
128
108
82
36
-33
-106
-172
-248
-320
-412
-510
-603
-697
-764
-834
-910
-972
-1015
-1028
-1010
-967
-928
-889
-833
-738
-637
-556
-480
-418
-341
-250
-160
-74
-5
69
150
246
365
468
534
600
660
707
747
740
689
604
487
383
252
90
-66
-235
-382
-481
-553
-613
-656
-663
-653
-611
-541
-498
-472
-439
-407
-378
-344
-317
-298
-259
-196
-95
26
141
274
413
558
718
843
936
991
1014
1035
1032
1004
962
902
851
816
794
782
766
738
709
687
669
622
521
409
293
182
66
-65
-176
-265
-321
-331
-312
-277
-218
-142
-65
35
109
153
176
170
163
146
116
66
10
-21
-24
-16
-4
18
37
47
53
54
32
-50
-163
-287
-413
-545
-695
-838
-962
-1051
-1078
-1078
-1058
-999
-927
-838
-728
-637
-548
-479
-460
-433
-400
-366
-351
-350
-302
-224
-122
-21
97
232
336
436
520
566
577
531
457
376
283
172
41
-56
-138
-202
-235
-262
-266
-273
-288
-293
-319
-353
-398
-463
-530
-576
-600
-610
-601
-557
-451
-319
-165
27
225
412
594
749
881
982
1030
1036
1024
1002
963
910
862
830
810
808
828
834
837
836
821
788
720
623
509
367
213
79
-52
-182
-278
-343
-376
-381
-362
-319
-263
-210
-162
-127
-89
-75
-100
-124
-141
-163
-180
-174
-146
-112
-61
16
109
192
266
322
355
361
322
262
168
46
-86
-223
-350
-452
-526
-581
-603
-627
-609
-555
-529
-510
-502
-497
-509
-536
-574
-614
-655
-690
-697
-681
-631
-567
-504
-415
-308
-200
-96
-19
37
84
117
138
130
106
82
53
30
19
22
27
35
59
92
127
144
156
164
157
143
124
95
75
48
15
6
16
32
54
89
142
207
267
324
391
447
492
528
547
562
566
548
514
483
452
406
364
307
257
229
199
177
154
158
159
160
183
201
219
219
217
219
221
205
173
151
113
80
48
18
-4
-32
-42
-47
-38
-10
6
11
16
39
62
52
25
0
-28
-67
-126
-186
-228
-281
-341
-377
-379
-388
-403
-404
-402
-383
-381
-396
-414
-446
-476
-508
-539
-568
-615
-623
-613
-597
-541
-482
-420
-349
-263
-172
-108
-71
-42
-25
-21
-32
-53
-71
-101
-116
-118
-105
-70
-39
2
65
133
192
243
282
296
291
281
262
219
161
111
70
33
0
-16
-15
-19
3
52
88
113
143
180
211
232
238
233
232
231
231
242
251
256
277
306
350
379
390
412
431
441
446
438
427
410
391
376
360
352
339
327
318
316
322
311
290
272
252
220
177
140
96
41
-1
-46
-81
-108
-159
-201
-231
-260
-293
-324
-361
-406
-428
-449
-460
-458
-463
-444
-415
-364
-315
-277
-238
-217
-192
-181
-185
-182
-203
-235
-243
-252
-259
-250
-237
-225
-207
-165
-124
-108
-93
-99
-106
-122
-164
-201
-247
-288
-317
-342
-348
-336
-312
-279
-238
-186
-127
-83
-31
14
30
48
57
64
55
41
62
84
100
148
209
270
324
382
442
468
481
477
447
404
343
267
188
114
61
16
-15
-14
-6
29
68
102
141
166
186
184
171
154
114
85
57
25
12
19
35
63
111
159
222
284
338
377
385
388
377
343
288
222
162
97
45
-6
-51
-69
-96
-110
-102
-89
-78
-91
-98
-101
-120
-153
-184
-217
-260
-291
-306
-299
-294
-289
-262
-228
-180
-139
-105
-74
-67
-52
-42
-60
-71
-100
-131
-147
-164
-165
-171
-170
-155
-147
-133
-120
-118
-121
-132
-141
-150
-156
-165
-179
-182
-174
-159
-135
-117
-81
-48
-22
14
33
55
70
66
67
75
84
89
97
102
111
137
152
162
176
178
187
197
202
197
177
163
144
126
106
62
35
15
-12
-33
-52
-60
-77
-84
-62
-41
-13
18
58
105
153
199
228
251
274
279
275
282
264
229
210
179
156
144
127
111
99
94
101
108
92
69
60
42
15
-12
-47
-84
-113
-142
-160
-163
-165
-166
-153
-122
-87
-54
-31
-6
15
18
26
17
-7
-25
-45
-65
-78
-79
-73
-73
-58
-28
1
25
25
23
21
-8
-51
-110
-167
-231
-294
-342
-374
-393
-403
-386
-342
-295
-243
-187
-128
-77
-40
-11
4
10
10
3
-14
-16
-5
-2
12
50
88
136
183
215
247
274
291
279
245
214
168
116
55
3
-34
-72
-103
-108
-86
-72
-60
-32
-4
9
10
11
-7
-51
-88
-112
-142
-173
-186
-179
-160
-131
-85
-32
20
78
119
150
180
192
187
181
162
137
124
106
99
100
99
120
133
149
177
191
202
200
191
185
165
140
117
79
53
30
6
4
-3
-12
-4
1
10
18
10
2
-14
-33
-53
-89
-114
-144
-163
-169
-178
-170
-145
-111
-86
-52
-9
18
43
51
48
40
26
-3
-41
-63
-84
-96
-103
-96
-78
-65
-42
-14
22
43
45
55
56
48
46
14
-9
-20
-50
-45
-46
-65
-55
-49
-41
-38
-33
-29
-44
-43
-42
-61
-73
-86
-98
-112
-130
-138
-152
-160
-155
-152
-144
-128
-106
-89
-74
-41
-14
1
10
20
31
22
19
18
0
-8
0
2
12
41
63
84
104
130
159
170
177
180
179
173
175
172
159
148
126
117
109
90
76
55
32
23
4
-9
-7
-16
-14
-3
5
19
28
32
27
15
5
-7
-21
-37
-46
-45
-36
-24
0
22
49
82
101
119
128
125
116
113
102
72
63
56
46
51
63
71
78
87
80
79
75
49
14
-24
-60
-96
-143
-175
-210
-250
-267
-271
-266
-257
-244
-221
-191
-157
-123
-93
-66
-52
-37
-26
-32
-37
-46
-64
-70
-72
-80
-73
-53
-29
-8
23
56
79
99
96
88
81
54
15
-27
-52
-78
-107
-122
-134
-131
-118
-109
-97
-76
-60
-63
-64
-56
-55
-63
-63
-57
-45
-31
-6
33
60
87
124
152
174
195
221
223
217
225
217
209
195
174
160
128
100
89
68
44
19
0
2
-1
-8
-2
17
29
28
39
47
49
50
31
13
5
-3
-9
-24
-28
-22
-23
-12
1
4
10
21
28
30
26
23
16
3
-4
-13
-23
-27
-39
-49
-53
-56
-55
-65
-71
-57
-56
-57
-53
-63
-67
-65
-69
-78
-91
-104
-107
-101
-103
-93
-64
-43
-17
3
30
54
55
54
39
10
-16
-55
-103
-143
-174
-202
-212
-198
-186
-170
-137
-99
-79
-58
-31
-29
-41
-46
-61
-79
-91
-95
-85
-64
-45
-7
40
78
123
167
201
215
219
222
207
189
164
134
122
108
95
107
116
119
137
164
181
189
193
187
168
142
102
55
12
-34
-86
-116
-136
-154
-141
-118
-92
-50
-8
35
78
111
120
126
131
104
68
39
12
-18
-36
-44
-44
-14
10
42
79
110
141
149
148
140
113
71
28
-17
-64
-97
-123
-140
-146
-136
-122
-97
-64
-55
-36
-18
-31
-49
-68
-88
-115
-147
-172
-190
-201
-199
-188
-166
-154
-126
-88
-67
-36
-21
-16
-8
-14
-14
-29
-53
-71
-83
-94
-110
-108
-107
-100
-85
-72
-49
-22
4
24
44
54
59
59
47
41
31
19
12
9
5
8
29
46
70
91
115
142
154
168
181
181
163
150
150
130
110
94
78
72
67
63
71
74
67
74
90
97
100
102
99
90
82
62
46
28
7
-11
-30
-36
-42
-41
-34
-19
13
34
51
72
85
97
96
76
61
43
12
-19
-47
-67
-85
-89
-93
-86
-65
-64
-50
-34
-42
-43
-38
-57
-86
-104
-133
-157
-164
-173
-180
-175
-162
-140
-115
-96
-70
-43
-34
-28
-15
-20
-31
-47
-70
-80
-96
-103
-112
-126
-120
-115
-95
-81
-69
-51
-35
-29
-27
-16
-24
-33
-31
-40
-41
-44
-47
-27
-1
15
49
78
98
128
150
159
159
155
145
136
117
95
82
81
86
84
92
112
125
138
150
143
135
137
122
94
65
37
25
12
3
4
8
23
35
49
60
77
88
85
86
75
67
51
35
32
24
27
30
33
37
48
61
56
57
57
57
51
16
-5
-13
-38
-59
-73
-83
-92
-97
-89
-86
-86
-64
-48
-48
-48
-47
-52
-64
-81
-93
-115
-141
-152
-169
-180
-181
-177
-157
-127
-109
-84
-50
-40
-23
-5
-9
-10
-16
-28
-44
-61
-71
-77
-69
-60
-47
-26
-11
7
23
43
52
55
52
35
35
26
-1
-12
-11
-22
-31
-19
-16
-19
-12
-4
2
20
27
20
24
21
16
19
16
5
6
11
5
10
16
16
34
57
65
76
97
114
125
134
135
148
152
135
127
120
105
93
79
68
57
49
41
40
41
33
41
47
51
59
45
34
29
16
-2
-27
-42
-65
-88
-95
-111
-116
-112
-112
-97
-80
-71
-55
-34
-24
-17
-12
-11
-12
-22
-29
-38
-53
-55
-60
-69
-69
-68
-66
-60
-43
-30
-22
-2
9
12
25
21
19
19
9
-1
-14
-27
-33
-41
-46
-35
-29
-24
-3
13
28
58
59
47
66
58
32
18
-6
-30
-49
-65
-71
-78
-79
-62
-44
-27
-7
28
52
60
76
79
79
77
61
46
27
19
-1
-15
-13
-10
-5
6
24
49
81
103
116
138
156
157
146
131
110
80
43
7
-16
-45
-74
-84
-79
-73
-66
-47
-26
-5
11
15
14
3
-6
-23
-44
-63
-82
-88
-88
-88
-66
-42
-27
-3
30
48
56
72
66
61
58
36
16
-8
-20
-35
-53
-56
-63
-62
-53
-58
-53
-46
-44
-29
-35
-32
-30
-46
-40
-49
-63
-66
-78
-82
-81
-82
-80
-71
-50
-44
-26
1
7
23
35
40
55
47
39
41
28
21
15
10
2
-1
7
8
3
13
10
2
16
16
10
12
11
13
10
9
12
11
6
6
8
1
-4
5
-5
-8
1
4
10
19
23
30
44
40
38
44
35
23
15
9
-1
-9
-13
-10
-11
-3
3
5
28
29
27
35
35
34
30
22
10
16
7
-2
3
-4
-5
6
10
3
5
12
17
26
26
28
35
48
52
46
47
45
44
32
21
9
-8
-14
-32
-46
-48
-52
-53
-52
-44
-35
-33
-21
-12
-5
-4
-10
-9
-17
-22
-33
-50
-49
-55
-62
-57
-54
-53
-38
-22
-9
10
19
23
37
36
25
13
6
-7
-26
-36
-48
-50
-44
-43
-26
-8
12
32
45
53
53
51
35
15
-13
-37
-58
-86
-92
-100
-99
-84
-65
-30
-11
12
36
48
58
51
39
24
3
-27
-49
-67
-79
-78
-69
-64
-43
-2
17
43
65
72
92
93
79
63
35
12
-9
-31
-55
-58
-55
-47
-27
-11
19
52
72
87
103
106
97
73
44
26
-9
-40
-60
-75
-75
-75
-58
-31
-7
28
57
81
95
94
96
78
50
27
-1
-27
-50
-68
-79
-77
-62
-46
-18
-9
5
38
42
42
35
24
26
11
-9
-11
-16
-17
-9
3
24
34
48
62
61
67
67
56
42
27
16
0
-21
-24
-24
-27
-15
-6
6
20
24
29
32
29
19
0
-17
-44
-72
-89
-107
-126
-125
-118
-105
-82
-58
-26
-1
23
50
56
62
49
29
21
-20
-36
-47
-69
-67
-65
-43
-21
3
39
65
88
100
100
95
77
43
9
-23
-57
-81
-109
-119
-116
-112
-90
-72
-46
-12
7
21
36
41
32
25
10
-13
-28
-42
-52
-56
-56
-46
-29
-1
16
35
67
88
100
98
100
97
75
59
36
15
4
-17
-28
-17
-16
-8
16
25
38
61
74
70
57
52
44
20
-2
-18
-42
-53
-49
-53
-51
-40
-14
8
12
30
48
51
55
54
48
35
20
12
-2
-18
-25
-32
-26
-23
-29
-17
-3
-2
6
15
17
20
21
12
2
-3
-14
-22
-36
-44
-39
-42
-49
-40
-31
-23
-7
-6
3
11
7
11
6
-1
-8
-21
-22
-26
-36
-42
-41
-37
-28
-24
-21
-12
-5
-9
-7
2
-11
-19
-17
-21
-30
-32
-36
-37
-26
-22
-13
-10
3
22
27
33
33
35
40
38
22
14
11
5
0
-6
-3
1
12
28
33
44
58
65
69
65
52
37
21
4
-25
-40
-47
-66
-61
-55
-50
-18
-1
20
44
57
82
84
73
66
49
33
6
-12
-29
-50
-41
-36
-32
-10
15
32
56
83
87
84
87
83
61
31
9
-14
-34
-55
-63
-63
-62
-43
-29
-23
3
20
20
30
27
11
4
-19
-42
-59
-75
-89
-90
-87
-74
-53
-40
-16
21
34
43
60
62
50
30
14
-5
-36
-57
-66
-75
-72
-63
-54
-26
1
21
46
70
74
68
69
50
23
4
-22
-47
-59
-69
-75
-68
-55
-32
-1
12
36
59
68
70
57
45
33
12
-8
-33
-48
-48
-52
-50
-32
-17
4
32
42
58
72
68
63
58
51
24
4
-4
-24
-32
-36
-35
-31
-24
-2
9
13
28
41
43
45
50
39
32
25
9
4
-7
-23
-16
-19
-27
-15
-15
-8
6
9
19
24
26
23
23
25
3
-10
-9
-17
-33
-47
-46
-48
-51
-52
-57
-38
-34
-36
-24
-22
-13
-16
-10
-5
-8
-2
-3
-8
-12
-12
-13
-15
-15
-19
-8
-3
-2
6
13
28
35
44
53
51
44
41
30
13
5
-10
-24
-28
-38
-41
-32
-22
-11
6
24
33
43
51
38
35
28
4
-4
-21
-40
-48
-49
-47
-44
-24
-3
15
33
43
58
66
67
62
51
42
30
12
-4
-18
-25
-18
-25
-25
-9
-5
5
16
17
29
32
27
27
20
16
1
-5
-11
-24
-24
-28
-26
-22
-17
-12
-7
4
4
3
1
6
3
-16
-23
-25
-33
-47
-45
-39
-40
-30
-23
-18
-14
-12
-6
-10
-17
-20
-24
-34
-45
-49
-45
-37
-34
-28
-12
0
2
8
14
8
6
14
4
-13
-12
-15
-13
-8
-8
10
12
20
27
20
19
10
5
-1
-12
-18
-26
-34
-27
-25
-26
-7
3
8
22
23
19
20
18
10
5
3
-7
-13
-10
-11
-10
0
11
20
33
38
44
50
47
50
45
40
34
22
13
4
-1
-11
-14
2
7
3
19
38
36
29
47
48
33
31
9
-5
-17
-37
-47
-57
-56
-44
-32
-25
-9
7
16
27
34
32
23
15
8
-11
-28
-35
-35
-32
-25
-16
-8
5
15
21
21
24
20
10
-2
-21
-29
-33
-43
-48
-32
-22
-19
-6
-3
4
17
10
4
-1
-7
-22
-45
-50
-60
-65
-58
-62
-47
-34
-29
-11
3
15
27
34
33
31
20
9
7
-17
-26
-21
-33
-35
-22
-19
-4
19
33
55
63
64
67
67
56
34
19
8
-11
-26
-34
-37
-25
-14
4
28
40
54
63
75
69
58
53
32
14
0
-19
-33
-32
-30
-23
-8
3
14
22
34
47
46
40
35
25
9
3
-17
-28
-25
-28
-18
-26
-17
-3
-1
20
25
27
38
29
33
30
9
4
0
-5
-11
-20
-18
-17
-21
-5
8
2
9
21
23
13
7
-2
-13
-15
-27
-50
-58
-53
-63
-62
-54
-52
-35
-26
-27
-18
-12
0
-11
-16
-4
-10
-12
-25
-22
-7
-13
-11
-5
-2
10
17
11
18
24
24
31
27
23
29
29
28
32
28
26
23
21
22
16
11
6
9
4
-9
0
2
-4
2
-2
1
3
-3
3
7
7
10
4
2
10
3
3
6
7
4
3
9
-1
-2
11
11
11
18
16
14
16
12
9
12
7
9
7
-3
1
-3
0
1
5
9
2
4
-2
-2
-10
-13
-6
-22
-16
-14
-25
-20
-25
-20
-14
-16
-15
-21
-19
-30
-36
-25
-32
-34
-28
-26
-27
-27
-24
-21
-17
-15
-12
-16
-17
-13
-13
-14
-12
-6
-4
3
8
10
7
13
17
16
18
13
20
23
13
15
18
16
15
15
23
16
18
21
14
20
19
17
18
19
22
18
12
6
3
6
5
5
3
5
8
4
9
20
18
27
25
19
24
14
3
7
2
2
6
2
7
7
11
18
21
29
32
30
28
21
6
9
2
-7
-5
-10
-10
-14
-17
-10
-9
-3
3
-3
-8
-5
-11
-23
-26
-35
-39
-30
-42
-53
-47
-43
-42
-40
-35
-29
-25
-27
-30
-29
-31
-33
-27
-29
-41
-38
-36
-37
-30
-25
-14
-9
-7
5
9
9
13
16
14
12
5
2
-1
-18
-21
-12
-17
-17
-14
-14
-1
9
2
9
19
19
17
11
5
6
-1
-4
-10
-17
-8
-9
-10
1
5
9
11
20
19
22
36
33
28
36
39
38
41
40
41
43
42
30
29
29
22
20
14
21
27
17
24
32
30
37
38
36
40
28
16
11
4
-11
-13
-12
-25
-26
-21
-15
-13
-10
0
8
12
15
14
7
5
-1
-11
-22
-28
-34
-46
-48
-52
-54
-41
-33
-22
-13
-9
10
14
10
9
9
0
-8
-17
-44
-40
-43
-52
-42
-40
-32
-10
-4
9
19
16
29
27
14
5
-14
-25
-28
-43
-51
-44
-44
-45
-27
-11
-10
7
24
23
21
17
8
4
-2
-23
-33
-38
-45
-37
-35
-30
-10
3
13
34
48
56
64
62
56
50
34
23
20
6
-3
-3
-4
-1
1
11
29
44
48
53
59
55
51
30
25
24
7
2
-11
-22
-25
-25
-19
-7
7
8
15
23
15
16
16
7
6
3
-8
-19
-20
-23
-18
-10
-13
-3
8
14
14
9
11
13
6
3
3
-10
-12
-8
-15
-16
-8
-2
-2
-1
6
-1
-2
8
-8
-5
-2
-14
-20
-28
-23
-17
-22
-20
-19
-20
-12
-9
-10
-9
-2
3
-7
-10
-15
-23
-24
-25
-24
-29
-25
-20
-20
-14
-5
4
9
15
19
17
16
10
7
3
-1
-2
-3
-5
-3
5
8
14
13
16
26
28
17
18
26
14
4
4
4
-2
-1
2
5
-1
-1
0
-6
-4
0
8
-2
-10
1
-4
-6
-7
-5
3
-1
-4
-4
-5
-4
-4
-3
-2
-7
0
3
2
11
6
8
11
17
14
6
16
12
5
1
3
6
-8
-1
-1
-10
5
1
3
8
0
11
12
12
8
7
16
2
-8
-10
-17
-18
-16
-23
-28
-23
-15
-9
-9
-8
9
14
15
16
13
10
5
-10
-13
-17
-29
-30
-28
-23
-17
-15
-3
14
23
29
32
32
34
34
23
6
-3
-12
-16
-21
-25
-15
-17
-12
6
9
6
23
35
30
24
14
3
-8
-8
-21
-34
-37
-41
-33
-31
-36
-23
-8
-3
11
15
7
15
17
8
-8
-14
-17
-29
-31
-37
-34
-22
-24
-9
6
14
26
32
40
38
37
30
12
3
-8
-14
-24
-26
-22
-28
-12
1
6
14
25
45
42
32
31
22
11
2
-12
-22
-19
-30
-30
-20
-17
-4
10
14
21
36
37
30
32
21
13
7
-2
-18
-18
-18
-20
-5
-8
-5
17
28
24
32
45
36
33
30
21
10
-3
-9
-7
-10
-17
-9
-5
3
10
14
25
32
32
26
27
15
3
-4
-17
-20
-26
-30
-34
-29
-19
-19
-3
3
-3
12
21
10
-5
-7
-8
-25
-32
-34
-37
-37
-34
-27
-26
-12
2
4
14
16
12
13
13
5
-5
-17
-11
-17
-28
-22
-20
-9
-3
-10
-2
7
12
17
16
9
7
5
-5
-7
-14
-18
-10
-12
-16
-16
-11
-5
6
10
12
15
12
9
4
-2
-2
-3
-11
-14
-9
-8
-9
1
15
25
32
31
30
31
20
20
22
-2
-7
-2
-15
-15
-10
-11
5
20
21
27
36
41
31
33
31
11
4
-10
-14
-13
-31
-33
-25
-19
-4
2
-2
21
30
23
30
21
17
13
3
-12
-30
-35
-42
-44
-35
-33
-36
-17
1
5
20
28
40
41
29
26
10
-4
-13
-28
-34
-37
-45
-46
-31
-17
-9
10
23
39
50
43
37
32
23
10
-9
-25
-31
-35
-46
-48
-37
-26
-12
-1
10
29
39
36
36
30
20
16
4
-13
-23
-27
-30
-33
-35
-24
-7
8
12
25
42
42
42
43
39
32
15
4
4
-9
-27
-22
-21
-20
-11
-10
7
21
27
28
30
32
26
23
15
1
-1
-9
-25
-23
-24
-31
-19
-12
-8
-1
-2
3
9
5
4
4
-5
-2
-7
-14
-10
-13
-11
-11
-7
-10
-8
-1
-5
-4
-7
-11
-14
-12
-10
-14
-9
4
2
-4
6
10
7
8
8
6
-2
-16
-15
-25
-33
-21
-23
-23
-13
-5
1
5
16
20
28
34
10
7
9
-11
-17
-35
-36
-30
-39
-30
-31
-16
7
15
29
37
40
52
45
34
30
9
-3
-13
-29
-34
-41
-37
-27
-13
2
20
34
44
63
61
59
51
33
28
6
-16
-26
-42
-46
-36
-36
-32
-11
11
19
30
46
50
45
42
35
22
-7
-20
-23
-42
-49
-47
-44
-32
-20
-9
8
19
35
40
41
42
29
18
4
-5
-25
-41
-41
-41
-39
-42
-29
-10
-2
8
23
33
29
29
25
14
4
-11
-23
-29
-33
-39
-43
-36
-25
-14
-5
-3
8
18
20
14
10
9
1
-10
-19
-16
-20
-34
-15
-7
-13
-11
0
12
5
10
20
15
11
-2
-7
1
-11
-11
-2
-1
4
3
3
6
17
21
20
18
11
11
3
-8
-4
-12
-12
-5
-8
3
9
5
12
21
28
19
17
27
11
-3
-6
-12
-15
-22
-20
-14
-10
0
-1
10
28
25
27
28
32
20
9
9
-9
-22
-21
-27
-28
-20
-10
-12
-7
15
21
23
31
29
23
18
8
-1
-15
-23
-20
-35
-41
-32
-33
-22
-3
6
6
9
15
18
15
8
6
7
-7
-26
-28
-34
-41
-29
-17
-12
-9
-9
4
11
14
24
21
25
19
2
-3
-20
-18
-11
-22
-22
-20
-17
-3
2
3
18
29
25
20
22
13
3
6
-3
-16
-18
-14
-18
-17
-8
-5
3
5
5
17
16
9
8
7
11
0
-15
-2
-3
-10
-3
-1
-7
1
11
11
7
3
13
7
-1
7
2
-3
3
6
-3
4
1
4
16
11
14
10
4
10
2
-6
-1
-4
-7
-6
-8
-8
-4
-4
-2
9
8
4
7
-2
2
4
-6
-4
-9
-14
-16
-16
-15
-10
-6
-2
-1
-1
6
-2
0
12
6
2
-5
-6
0
-4
-9
-6
-7
2
8
0
8
7
7
10
3
1
7
7
0
-4
-5
3
7
-2
7
10
9
15
6
7
6
-2
3
-11
-16
-10
-7
-2
-6
-2
0
6
19
20
9
17
18
3
1
-6
-16
-16
-14
-13
-14
-10
0
5
11
17
19
24
31
31
17
4
-6
-6
-12
-23
-21
-14
-18
-11
-2
-2
11
26
31
20
22
29
17
0
-6
-18
-31
-33
-35
-33
-32
-25
-6
-1
6
17
21
32
31
19
16
3
-12
-23
-39
-44
-49
-45
-31
-23
-16
-1
7
19
33
44
37
34
29
7
-3
-22
-31
-33
-43
-36
-37
-31
-15
-5
16
25
25
41
40
34
33
15
4
-11
-22
-28
-41
-28
-28
-25
-10
-13
3
16
25
34
37
38
27
17
8
0
-11
-12
-18
-21
-16
-19
-9
1
9
16
24
32
32
30
27
23
15
7
0
-5
-12
-12
-5
-9
-6
6
11
15
16
22
27
21
20
12
6
3
-11
-10
-13
-17
-7
-18
-8
4
-3
0
11
17
9
11
12
3
-6
-6
-11
-23
-16
-15
-13
