3
-1
1
12
6
4
6
3
11
4
-2
-6
-7
3
6
10
9
4
2
-3
-13
-11
4
3
2
3
1
0
-2
0
-9
-11
-6
-9
-10
-8
-8
-4
-3
-10
-13
-6
-8
-9
-4
-8
-13
-14
-6
5
9
-1
-4
-3
-11
-4
-5
-11
2
6
-3
-8
-6
-5
-3
-10
-7
-6
-6
-1
-3
1
-3
0
-3
-3
-5
-9
3
-13
-14
4
1
0
8
1
4
7
1
11
4
-5
-3
2
10
14
17
9
13
16
14
15
12
19
19
18
19
10
13
11
4
1
0
4
6
5
4
9
9
3
5
0
5
10
1
3
10
7
11
11
0
-3
0
2
-5
-6
-4
-4
3
-2
10
8
-9
3
0
-5
-3
-8
-9
-11
-3
-2
-1
-8
-6
5
-4
0
5
-5
-9
-6
1
0
-1
3
2
-1
0
3
0
-2
-10
-10
-6
-11
-15
-6
6
-1
-2
-3
-10
-2
-2
-3
-7
-8
-4
2
6
-6
-6
1
0
-2
0
2
-1
1
6
11
8
10
19
12
5
16
15
8
15
10
7
12
7
3
1
4
7
4
5
5
8
6
4
2
4
11
11
14
13
10
11
7
9
12
7
3
10
10
0
3
-1
-8
1
4
8
4
-3
-3
-5
-7
-10
-5
-6
-4
-1
-7
-11
-17
-18
-8
-8
-12
-10
-13
-6
-4
-8
-1
-7
-10
-3
-13
-14
-11
-16
-9
-5
-9
-14
-17
-10
-5
-8
-7
-4
5
5
-5
4
2
-9
-4
-12
-16
-12
-14
-11
-12
-10
-2
-4
-4
1
-4
-9
-5
-7
-6
2
8
7
-8
-7
7
-1
-5
2
-1
0
-8
-14
-5
-4
-1
7
5
5
5
0
3
3
5
14
17
20
21
19
14
5
6
8
8
9
8
12
8
7
12
9
-4
-7
7
1
-13
-3
4
5
4
8
18
9
2
-2
-6
2
5
-6
-6
-5
-13
-11
-12
-14
-7
-7
-9
-12
-11
-12
-7
1
1
-4
-5
-3
-14
-9
-7
-15
-3
-9
-16
-3
0
4
10
7
5
-2
-7
-7
-8
-2
-8
-5
-8
-14
-12
-14
-9
-13
-2
0
-10
1
-1
-3
4
1
-1
-2
-4
-1
-2
7
12
3
8
7
8
-1
-9
7
-7
-6
8
-1
6
4
-1
4
0
-3
7
7
-2
0
-1
-5
9
6
-3
6
8
6
4
5
16
17
7
13
6
-5
-4
0
9
6
-1
-7
0
5
-8
-7
-5
-1
4
3
2
-1
1
6
11
4
-6
-12
-9
-6
-3
1
-10
-8
0
-12
-6
3
-8
-6
3
3
-11
-16
-11
-15
-15
-22
-23
-15
-24
-21
-18
-18
-13
-21
-16
-16
-19
-12
-8
-1
-3
-4
-10
-1
3
-17
-15
-2
4
3
5
5
-4
5
3
-3
8
1
0
3
4
10
12
12
11
12
19
19
9
7
3
0
9
7
12
17
11
10
15
16
11
16
23
16
14
12
7
9
6
1
10
6
1
5
0
2
9
10
19
12
5
13
5
-3
-4
-1
-2
-1
-1
-9
0
9
6
4
11
10
5
-4
-5
7
1
-7
-1
4
-2
-7
-4
-11
-14
-5
0
0
1
3
-3
-6
-7
-2
3
-5
-16
-13
-1
-4
-7
5
-2
-4
-1
-10
-3
-4
-11
-5
-10
-13
-8
-19
-16
-13
-13
-11
-18
-10
-1
-1
0
-12
-15
-9
-10
-11
-4
5
7
5
7
2
2
10
13
9
4
6
15
14
15
17
11
11
6
4
12
5
10
17
-1
0
1
-3
10
3
0
6
6
13
11
5
8
6
10
4
-4
2
-3
1
12
4
4
10
9
3
-5
3
6
2
13
10
1
0
-8
3
5
2
5
-1
1
5
-1
-14
-12
-7
-11
-3
-4
-9
-10
-12
-9
-9
-14
-11
-11
-23
-17
-9
-12
-12
-8
-5
-5
-17
-19
-12
-17
-18
-17
-15
-13
-12
-9
-2
-4
-11
-6
-10
-6
1
-7
-10
-4
-12
-19
-4
-1
-5
7
2
2
11
2
2
-2
-3
11
9
5
1
2
14
14
11
2
2
8
13
29
21
16
12
15
19
13
23
17
9
21
19
11
17
9
-3
5
11
23
17
6
17
12
16
29
12
16
24
19
18
10
15
9
12
18
9
11
7
-1
1
-2
-1
3
-1
-6
-16
-24
-15
-7
-9
-1
-8
-13
-4
-10
-7
-4
-8
-3
-9
-18
-7
-7
-6
-7
-16
-10
-23
-30
-15
-18
-24
-24
-24
-20
-16
-16
-10
-15
-16
-9
-18
-23
-16
-16
-18
-11
-12
-18
-19
-18
-12
-12
-20
-16
-22
-22
-13
-19
-7
-6
-9
-3
-1
0
8
15
6
8
6
5
11
-2
4
10
2
4
8
21
18
9
18
5
6
21
17
17
14
8
14
15
16
6
0
10
12
8
8
19
21
5
12
18
3
4
7
5
11
10
12
18
3
0
6
-1
0
4
5
-2
2
13
3
2
1
-9
-2
-1
1
5
-5
-1
-5
-11
9
-2
-3
3
-4
12
7
4
14
16
20
9
-3
6
9
-2
-4
-3
-2
-2
5
9
-7
-14
-4
-1
3
9
0
-6
3
11
0
-12
-6
3
2
0
-7
-6
-13
-4
7
-9
-5
3
-6
-1
12
9
9
12
11
14
8
9
12
9
12
9
3
9
7
6
16
10
8
10
0
3
1
-3
-3
-6
-5
-9
-4
-6
-11
1
3
-6
-9
-13
-7
0
-5
-4
-5
-5
-5
-12
-3
-6
-17
-18
-13
-13
-13
-8
-14
-15
-9
-8
1
1
-5
-1
-2
-4
2
-6
-7
-4
-5
-6
-6
1
-12
-18
-9
-14
-17
-20
-18
-11
-10
-3
-1
-8
-2
-3
-9
-7
-6
-6
-11
3
-4
-10
3
-1
-6
-8
2
4
-2
3
-9
-7
5
-3
2
5
-3
-2
-7
-8
-3
-9
-10
-7
-7
2
-3
-7
7
0
4
8
8
20
6
12
25
18
18
13
7
15
14
9
10
9
11
3
5
19
11
6
12
0
-9
-11
-8
1
-2
-10
-11
-10
-11
-16
-20
-22
-19
-7
-10
-16
-11
-8
-6
-3
3
3
7
5
-3
1
5
-1
-2
-12
-12
1
-6
-5
-4
-7
-7
-4
1
-6
-8
-7
0
0
9
15
7
11
9
14
25
14
5
9
15
19
30
32
24
33
34
43
48
32
34
36
36
35
26
19
14
12
6
-6
-6
-12
-18
-13
-10
-9
-3
-6
-7
1
11
12
8
12
7
11
22
19
12
10
14
3
-8
-11
-20
-23
-27
-39
-45
-53
-66
-71
-71
-78
-90
-94
-106
-121
-125
-133
-133
-121
-115
-123
-120
-105
-98
-93
-79
-65
-62
-53
-38
-38
-22
-16
-13
2
6
0
3
8
6
5
6
6
-1
1
10
7
13
17
20
27
34
43
43
52
68
75
94
120
120
126
145
155
165
181
197
212
221
234
242
245
251
255
253
254
253
238
232
219
195
189
173
159
149
130
119
114
106
101
99
87
78
79
68
67
55
34
35
30
15
9
2
-22
-46
-66
-77
-90
-120
-141
-163
-187
-204
-232
-263
-295
-328
-355
-379
-405
-431
-454
-485
-504
-503
-503
-501
-500
-490
-466
-455
-432
-397
-374
-344
-312
-286
-250
-217
-201
-183
-154
-135
-115
-90
-82
-69
-51
-31
-1
17
31
41
62
84
93
104
117
129
139
154
169
175
175
190
209
233
262
281
304
326
353
386
418
460
481
503
546
559
579
607
619
641
656
660
654
646
643
628
598
568
542
512
483
453
421
387
355
339
321
305
290
276
272
259
255
245
235
229
214
211
193
165
157
134
101
67
4
-67
-130
-209
-296
-401
-522
-630
-749
-876
-988
-1099
-1196
-1277
-1342
-1383
-1397
-1370
-1336
-1288
-1200
-1100
-993
-859
-730
-611
-474
-354
-246
-135
-49
18
84
141
186
228
244
250
265
254
226
172
101
25
-63
-159
-258
-363
-442
-501
-551
-576
-570
-536
-480
-396
-321
-230
-126
-34
71
146
210
282
320
362
405
434
462
491
517
542
568
583
599
612
610
602
581
559
526
501
506
491
477
499
533
572
617
674
739
798
858
912
943
967
991
1000
996
982
950
909
876
821
767
715
648
590
530
476
420
364
305
246
202
155
95
23
-47
-135
-245
-358
-497
-660
-831
-1003
-1163
-1305
-1447
-1564
-1636
-1672
-1666
-1628
-1556
-1473
-1377
-1252
-1120
-991
-878
-762
-652
-560
-458
-358
-265
-164
-58
44
133
228
313
372
406
420
401
355
283
184
68
-62
-203
-357
-492
-611
-718
-802
-876
-909
-914
-911
-864
-802
-738
-643
-539
-420
-300
-189
-70
33
118
201
279
344
404
462
500
534
574
607
632
652
661
664
652
642
618
588
579
565
557
571
594
645
721
799
887
982
1082
1174
1246
1297
1332
1351
1351
1335
1306
1252
1194
1144
1085
1026
970
914
843
764
681
588
484
381
287
175
87
20
-46
-75
-104
-126
-144
-176
-223
-299
-403
-544
-719
-914
-1138
-1352
-1545
-1735
-1877
-1964
-2001
-1981
-1911
-1817
-1682
-1519
-1363
-1195
-1061
-953
-847
-766
-688
-634
-590
-537
-472
-392
-312
-216
-115
-28
61
127
170
178
142
83
-6
-129
-262
-415
-570
-704
-835
-939
-1015
-1063
-1074
-1048
-984
-894
-767
-633
-479
-297
-138
23
182
322
447
545
633
696
750
797
837
872
888
918
942
954
964
968
961
935
907
866
821
773
737
714
699
727
768
825
910
1005
1119
1234
1338
1414
1469
1506
1498
1475
1430
1354
1282
1209
1137
1058
985
922
854
798
743
684
634
552
474
413
343
277
220
181
149
118
102
65
1
-95
-232
-401
-605
-828
-1074
-1346
-1598
-1836
-2025
-2154
-2252
-2294
-2267
-2189
-2074
-1919
-1750
-1588
-1443
-1303
-1167
-1047
-947
-868
-793
-704
-598
-474
-335
-199
-73
60
193
305
375
405
382
334
258
145
6
-171
-335
-488
-641
-756
-856
-932
-993
-1036
-1030
-1015
-979
-927
-864
-763
-661
-550
-412
-273
-137
12
177
323
456
587
693
792
870
925
967
974
972
968
944
917
885
837
791
760
729
705
697
702
720
761
813
879
961
1046
1128
1206
1291
1355
1410
1456
1476
1484
1464
1454
1427
1372
1334
1289
1236
1182
1113
1040
953
865
782
686
600
513
428
381
356
358
372
376
388
394
387
348
229
53
-166
-428
-723
-1061
-1412
-1750
-2063
-2311
-2474
-2576
-2629
-2613
-2524
-2374
-2177
-1982
-1810
-1657
-1518
-1385
-1248
-1135
-1054
-970
-872
-719
-545
-383
-203
-29
150
319
461
551
571
545
475
364
236
67
-142
-334
-518
-675
-809
-929
-1028
-1119
-1164
-1174
-1162
-1133
-1095
-1030
-912
-766
-623
-459
-286
-120
66
268
448
603
727
834
931
1004
1073
1124
1140
1153
1157
1169
1166
1130
1099
1054
1009
976
928
876
835
823
832
869
921
978
1050
1127
1225
1325
1410
1468
1498
1524
1537
1539
1524
1492
1448
1396
1359
1320
1274
1206
1106
1011
930
846
755
664
577
506
474
469
465
466
447
419
374
276
119
-117
-411
-744
-1104
-1491
-1882
-2251
-2562
-2780
-2909
-2946
-2909
-2807
-2621
-2385
-2130
-1855
-1618
-1426
-1253
-1121
-993
-885
-814
-744
-653
-512
-338
-155
42
227
391
546
670
725
699
616
463
273
63
-195
-440
-679
-910
-1096
-1246
-1354
-1445
-1514
-1538
-1529
-1492
-1432
-1359
-1270
-1151
-999
-818
-623
-420
-214
5
237
454
640
811
944
1035
1127
1191
1223
1231
1218
1197
1173
1153
1119
1069
1012
950
908
873
837
808
791
795
834
897
964
1040
1121
1207
1320
1422
1513
1591
1631
1668
1696
1703
1695
1670
1633
1585
1531
1463
1370
1264
1145
1022
903
802
705
611
556
520
520
546
567
591
598
569
503
362
149
-135
-497
-880
-1294
-1733
-2130
-2505
-2805
-2975
-3053
-3044
-2963
-2811
-2567
-2300
-2023
-1751
-1539
-1358
-1203
-1081
-982
-921
-865
-791
-678
-512
-333
-130
83
285
491
654
750
772
711
592
423
219
-23
-293
-551
-790
-980
-1118
-1234
-1311
-1368
-1388
-1376
-1360
-1336
-1333
-1315
-1255
-1193
-1092
-962
-813
-601
-360
-109
162
413
660
890
1064
1192
1276
1310
1292
1231
1148
1069
980
879
793
710
666
660
654
668
678
701
762
819
889
965
1037
1131
1227
1324
1419
1512
1600
1685
1760
1833
1896
1920
1936
1927
1883
1826
1748
1638
1502
1359
1201
1042
888
735
595
478
403
371
369
386
419
467
520
544
521
430
253
19
-274
-632
-1037
-1478
-1914
-2314
-2647
-2874
-3011
-3058
-3012
-2900
-2671
-2380
-2113
-1845
-1610
-1418
-1247
-1120
-1034
-972
-932
-885
-786
-653
-488
-293
-81
152
388
585
716
764
725
616
446
222
-54
-359
-658
-914
-1114
-1268
-1366
-1428
-1455
-1437
-1404
-1372
-1357
-1353
-1365
-1373
-1351
-1306
-1236
-1125
-944
-706
-411
-62
288
625
953
1248
1467
1627
1692
1663
1598
1482
1336
1193
1039
916
819
763
763
777
818
871
923
1007
1079
1129
1180
1219
1253
1305
1373
1462
1560
1664
1779
1892
2006
2118
2206
2262
2285
2273
2221
2132
2001
1829
1641
1437
1224
1023
833
662
522
419
361
356
382
438
517
597
662
684
648
526
297
-17
-422
-883
-1382
-1912
-2420
-2887
-3269
-3503
-3623
-3626
-3516
-3310
-2998
-2639
-2275
-1931
-1650
-1415
-1239
-1127
-1039
-1001
-983
-922
-825
-663
-457
-227
41
309
558
760
878
897
793
591
314
-29
-409
-794
-1154
-1451
-1677
-1811
-1869
-1859
-1792
-1705
-1588
-1475
-1395
-1336
-1319
-1323
-1298
-1266
-1191
-1056
-887
-636
-309
74
481
874
1224
1505
1736
1849
1861
1807
1633
1405
1168
918
685
485
365
306
319
418
544
711
891
1058
1234
1394
1523
1632
1717
1781
1851
1926
2009
2107
2197
2282
2371
2468
2544
2565
2569
2533
2437
2318
2147
1931
1700
1432
1156
918
712
520
376
296
271
311
412
534
650
767
854
862
783
582
253
-191
-728
-1304
-1909
-2523
-3097
-3575
-3898
-4064
-4055
-3909
-3679
-3329
-2899
-2457
-2013
-1648
-1397
-1190
-1062
-997
-947
-943
-931
-868
-750
-527
-256
21
308
563
786
931
946
831
573
215
-204
-653
-1101
-1533
-1889
-2133
-2240
-2213
-2095
-1907
-1687
-1440
-1195
-996
-873
-842
-869
-929
-994
-1032
-1038
-973
-820
-560
-200
231
700
1128
1515
1841
2051
2139
2073
1872
1598
1256
897
584
318
119
27
55
195
427
681
942
1200
1422
1612
1745
1819
1845
1852
1867
1891
1953
2039
2149
2291
2450
2610
2733
2806
2813
2762
2650
2465
2227
1955
1671
1384
1123
890
691
539
410
329
330
367
418
508
609
708
793
862
858
738
505
148
-308
-868
-1485
-2144
-2822
-3418
-3888
-4213
-4373
-4356
-4174
-3858
-3433
-2926
-2416
-1945
-1523
-1207
-975
-820
-751
-699
-676
-659
-580
-434
-226
13
266
510
690
801
816
683
406
38
-406
-902
-1378
-1803
-2145
-2341
-2388
-2291
-2074
-1774
-1424
-1078
-748
-470
-292
-220
-254
-354
-492
-634
-739
-777
-732
-588
-329
23
429
834
1191
1483
1657
1712
1642
1435
1143
806
465
171
-40
-153
-162
-55
165
444
756
1078
1353
1573
1743
1854
1918
1943
1951
1974
2036
2143
2282
2447
2626
2784
2903
2964
2939
2842
2650
2379
2078
1760
1462
1197
980
825
725
688
698
720
739
770
787
814
844
867
917
965
1014
1068
1058
944
713
325
-183
-817
-1573
-2376
-3216
-3987
-4622
-5071
-5274
-5257
-5005
-4550
-3940
-3210
-2450
-1732
-1106
-625
-276
-42
67
96
63
20
14
60
178
324
472
593
650
629
485
197
-220
-738
-1308
-1857
-2321
-2683
-2902
-2931
-2777
-2447
-1999
-1484
-951
-460
-35
287
467
518
421
239
34
-176
-320
-392
-403
-330
-143
109
370
623
802
893
887
788
626
405
158
-63
-217
-260
-196
-38
221
526
866
1229
1542
1791
1960
2041
2070
2088
2084
2090
2131
2210
2337
2489
2659
2788
2852
2855
2763
2587
2336
2013
1663
1333
1071
898
826
849
953
1124
1318
1502
1642
1694
1658
1545
1379
1195
1042
938
894
935
1016
1123
1168
1047
736
198
-543
-1512
-2592
-3710
-4828
-5728
-6334
-6579
-6428
-5924
-5111
-4065
-2914
-1755
-701
140
733
1020
1080
961
695
415
141
-55
-119
-82
49
208
323
335
187
-139
-634
-1268
-1985
-2697
-3316
-3724
-3862
-3724
-3301
-2645
-1814
-889
19
803
1401
1748
1844
1738
1437
1019
547
54
-349
-652
-855
-945
-983
-980
-958
-937
-926
-950
-989
-1016
-993
-889
-703
-421
-43
388
844
1317
1738
2051
2235
2281
2205
2037
1812
1569
1354
1215
1179
1264
1452
1707
1987
2243
2444
2563
2577
2489
2317
2091
1840
1621
1467
1389
1419
1532
1717
1964
2219
2455
2609
2665
2610
2435
2184
1856
1482
1125
858
714
674
776
982
1206
1411
1521
1416
1028
341
-623
-1790
-3095
-4383
-5507
-6377
-6877
-6910
-6465
-5631
-4505
-3220
-1925
-743
217
881
1229
1281
1075
741
399
101
-89
-157
-116
-11
84
105
-13
-344
-902
-1615
-2416
-3187
-3823
-4253
-4379
-4159
-3606
-2757
-1707
-611
404
1235
1821
2138
2161
1929
1516
1022
572
213
-55
-211
-324
-448
-584
-800
-1134
-1597
-2138
-2641
-3022
-3167
-3036
-2626
-1922
-969
146
1294
2330
3125
3607
3739
3558
3114
2451
1705
1020
494
195
133
299
637
1056
1485
1846
2059
2112
2019
1808
1551
1336
1225
1268
1490
1857
2328
2796
3217
3520
3623
3555
3267
2822
2313
1798
1354
1044
903
864
952
1116
1279
1427
1506
1511
1433
1324
1201
1061
926
767
488
38
-571
-1336
-2223
-3227
-4206
-5080
-5788
-6120
-6047
-5573
-4738
-3669
-2489
-1329
-266
601
1158
1414
1409
1173
826
483
156
-106
-310
-486
-656
-854
-1108
-1485
-1954
-2487
-3036
-3482
-3760
-3806
-3592
-3115
-2400
-1544
-606
330
1105
1655
1954
2003
1826
1506
1128
738
407
188
30
-110
-245
-500
-865
-1380
-2046
-2736
-3430
-3951
-4195
-4070
-3542
-2698
-1549
-254
1053
2263
3198
3741
3882
3667
3162
2512
1817
1174
675
377
296
358
517
702
832
893
863
754
627
570
637
862
1256
1772
2374
3000
3560
3974
4179
4129
3857
3438
2955
2491
2088
1815
1694
1708
1825
1969
2084
2066
1853
1479
987
483
52
-210
-220
6
467
1103
1779
2360
2638
2384
1577
304
-1268
-2985
-4690
-6061
-6977
-7349
-6981
-6021
-4704
-3208
-1784
-638
133
534
587
349
10
-275
-438
-349
-52
304
646
827
694
192
-617
-1600
-2669
-3643
-4338
-4686
-4579
-3997
-3055
-1937
-812
160
840
1223
1334
1177
855
512
243
156
281
531
822
1064
1165
990
482
-292
-1275
-2319
-3266
-4016
-4495
-4594
-4251
-3550
-2588
-1470
-405
491
1278
1913
2322
2576
2673
2625
2576
2537
2422
2203
1901
1472
924
383
-138
-635
-954
-1021
-882
-507
81
771
1500
2247
2893
3299
3536
3634
3590
3533
3457
3316
3173
3092
3065
3030
2957
2791
2469
2116
1787
1411
1109
893
731
710
739
804
876
923
1063
1222
1384
1575
1791
2074
2319
2423
2167
1374
171
-1245
-2764
-4320
-5690
-6713
-7316
-7201
-6373
-5220
-3871
-2474
-1330
-446
202
508
485
370
310
240
260
399
467
447
363
-45
-827
-1735
-2669
-3525
-4083
-4295
-4283
-3971
-3231
-2293
-1340
-465
113
429
633
756
778
711
672
700
806
992
1083
973
739
385
-90
-699
-1450
-2159
-2752
-3134
-3228
-3218
-3095
-2831
-2377
-1733
-1119
-492
86
561
1198
1880
2388
2783
3013
3029
2915
2671
2204
1494
796
206
-354
-686
-781
-760
-483
42
598
1052
1506
1940
2248
2595
2899
2990
3085
3293
3506
3673
3774
3706
3430
3132
2900
2548
2086
1712
1353
1066
1003
1045
1054
1081
1215
1258
1151
1070
938
799
859
1090
1364
1698
2195
2680
2926
2875
2241
866
-854
-2608
-4362
-5953
-7071
-7630
-7696
-7007
-5704
-4412
-3194
-2064
-1322
-887
-489
-178
-56
190
664
989
1218
1462
1332
810
135
-853
-2108
-3172
-3819
-4171
-4162
-3717
-3206
-2688
-1962
-1315
-968
-743
-592
-526
-283
267
829
1307
1804
2111
2084
1865
1385
637
-127
-808
-1413
-1891
-2176
-2319
-2381
-2376
-2439
-2627
-2760
-2701
-2390
-1801
-1034
-172
757
1704
2560
3172
3453
3362
2981
2475
1921
1400
952
602
340
143
12
-87
-100
0
190
487
844
1277
1831
2424
2975
3410
3606
3623
3588
3500
3376
3229
3009
2739
2528
2380
2144
1852
1626
1328
1043
1011
1047
1068
1284
1535
1557
1507
1517
1376
1200
1298
1383
1330
1591
2004
2102
2018
1593
352
-1304
-2763
-4173
-5555
-6348
-6589
-6597
-5931
-4650
-3594
-2789
-1948
-1458
-1316
-924
-400
-99
362
1065
1446
1465
1390
883
-67
-946
-1831
-2859
-3548
-3670
-3532
-3182
-2613
-2211
-2053
-1831
-1569
-1442
-1263
-922
-490
188
1068
1783
2161
2207
1947
1447
792
70
-641
-1123
-1257
-1180
-1029
-1040
-1313
-1718
-2140
-2565
-2999
-3277
-3327
-3019
-2178
-1132
-161
705
1310
1719
2038
2204
2223
2167
2178
2193
2101
1980
1715
1259
834
428
-43
-385
-459
-279
164
785
1323
1633
1887
2166
2372
2529
2658
2717
2815
3101
3406
3461
3342
3089
2658
2288
2044
1751
1523
1473
1536
1651
1765
1838
1743
1545
1368
1116
885
846
983
1290
1690
2062
2369
2545
2533
2249
1465
135
-1493
-3012
-4167
-5018
-5552
-5783
-5853
-5607
-4946
-4215
-3643
-3081
-2501
-1969
-1210
-199
609
1142
1594
1706
1349
832
187
-668
-1379
-1745
-2131
-2557
-2710
-2768
-2870
-2843
-2799
-2926
-2918
-2504
-1887
-1139
-258
497
1032
1505
1841
1824
1566
1218
801
465
292
126
-89
-254
-442
-724
-1096
-1658
-2316
-2777
-2958
-2934
-2742
-2450
-2139
-1695
-1042
-432
38
471
859
1287
1831
2360
2664
2758
2742
2506
2105
1679
1125
528
152
-45
-185
-232
-164
-25
207
564
887
1093
1406
1826
2230
2652
3000
3155
3203
3282
3278
3118
2963
2818
2691
2667
2650
2475
2168
1841
1574
1420
1316
1233
1131
1054
1087
1154
1213
1207
1174
1239
1355
1570
1940
2265
2341
2070
1260
-143
-1718
-2978
-3949
-4722
-5129
-5338
-5491
-5185
-4440
-3890
-3595
-3232
-2861
-2413
-1474
-303
423
839
1197
1143
736
417
5
-659
-1067
-1152
-1462
-1887
-2090
-2392
-2814
-2918
-2855
-2909
-2731
-2137
-1471
-847
-147
382
536
668
860
862
803
861
888
764
670
596
316
-43
-319
-705
-1266
-1790
-2180
-2511
-2687
-2625
-2576
-2602
-2363
-1843
-1254
-555
195
750
1181
1777
2379
2683
2836
2863
2588
2240
2020
1655
1085
619
253
-116
-253
-133
-20
135
471
783
965
1202
1487
1668
1901
2286
2641
2991
3396
3640
3590
3362
3087
2821
2642
2547
2431
2245
2023
1867
1785
1649
1427
1193
963
756
709
805
839
856
1003
1114
1141
1361
1740
1976
2020
1698
662
-866
-2192
-3084
-3751
-4189
-4507
-4985
-5264
-4920
-4345
-3962
-3680
-3409
-3105
-2410
-1196
-80
475
689
673
383
154
118
-54
-372
-588
-782
-1153
-1545
-1789
-2096
-2434
-2507
-2422
-2315
-2036
-1625
-1308
-1121
-904
-624
-363
-58
304
550
647
763
879
840
683
532
389
214
96
7
-361
-989
-1524
-1920
-2262
-2384
-2335
-2413
-2425
-2035
-1488
-987
-375
224
623
1111
1833
2395
2624
2720
2600
2187
1839
1650
1327
959
787
630
422
362
365
249
181
272
414
645
1051
1521
1896
2246
2621
2919
3138
3279
3251
3043
2839
2801
2893
2972
2932
2721
2351
1991
1795
1665
1472
1270
1101
954
897
904
837
716
676
724
832
1102
1524
1950
2234
2095
1262
-127
-1595
-2652
-3145
-3312
-3483
-3883
-4392
-4663
-4561
-4242
-3996
-3885
-3658
-3152
-2300
-1186
-312
-26
-171
-485
-795
-838
-520
-161
-46
-162
-496
-1044
-1487
-1644
-1744
-1856
-1859
-1806
-1731
-1548
-1353
-1355
-1461
-1434
-1264
-958
-498
-76
148
236
263
265
318
436
580
733
832
777
571
196
-338
-857
-1223
-1460
-1587
-1576
-1570
-1640
-1631
-1485
-1286
-987
-499
15
468
983
1463
1757
1949
2038
1936
1771
1694
1683
1652
1597
1464
1208
963
828
794
843
963
1130
1279
1370
1398
1376
1383
1493
1706
1976
2185
2307
2412
2510
2586
2614
2581
2474
2350
2350
2399
2328
2134
1827
1428
1070
872
786
693
615
600
570
587
739
885
973
1076
1179
1207
1093
777
178
-625
-1327
-1752
-2005
-2194
-2432
-2828
-3234
-3431
-3381
-3227
-3079
-2900
-2711
-2511
-2251
-2028
-1973
-2046
-2110
-2095
-1965
-1667
-1273
-974
-855
-872
-1017
-1213
-1221
-1047
-864
-711
-607
-604
-721
-889
-1105
-1371
-1533
-1508
-1383
-1235
-1113
-1057
-1014
-880
-648
-421
-195
84
354
591
788
849
769
602
402
211
76
30
31
15
-101
-308
-497
-546
-390
-131
102
252
317
372
499
629
674
685
706
801
1011
1250
1468
1619
1702
1751
1765
1738
1700
1676
1627
1536
1441
1335
1227
1180
1181
1164
1163
1246
1353
1429
1505
1571
1575
1606
1712
1770
1811
1899
1943
1916
1852
1756
1601
1463
1426
1363
1227
1130
1083
1060
1117
1206
1153
997
875
754
652
655
639
436
127
-241
-587
-736
-698
-694
-910
-1291
-1698
-1981
-2050
-2094
-2341
-2734
-3086
-3252
-3167
-3024
-3031
-3173
-3340
-3373
-3261
-3082
-2890
-2740
-2563
-2335
-2090
-1828
-1618
-1493
-1404
-1362
-1392
-1376
-1255
-1121
-1014
-950
-948
-944
-811
-602
-490
-409
-284
-138
101
399
556
555
555
612
699
835
981
1014
945
895
837
739
665
602
503
412
389
415
468
487
420
302
191
209
310
410
538
631
735
895
1059
1186
1240
1245
1268
1303
1311
1298
1234
1127
1045
1046
1109
1183
1271
1324
1314
1321
1359
1409
1480
1560
1627
1665
1731
1814
1834
1792
1729
1652
1593
1614
1635
1593
1575
1562
1492
1390
1279
1152
1048
1012
1008
970
944
918
833
753
705
638
535
428
260
-22
-267
-396
-507
-698
-1005
-1447
-1936
-2263
-2414
-2609
-2913
-3179
-3388
-3470
-3370
-3267
-3308
-3436
-3478
-3405
-3271
-3090
-2960
-2920
-2874
-2751
-2590
-2436
-2260
-2066
-1856
-1624
-1395
-1160
-949
-767
-600
-458
-342
-229
-104
-24
29
95
174
268
384
491
511
515
578
636
649
629
591
535
521
583
637
648
673
717
722
722
776
817
800
805
839
827
836
932
1014
1039
1073
1097
1036
967
953
910
824
802
830
803
790
832
841
815
872
996
1071
1185
1351
1430
1472
1559
1631
1637
1651
1663
1602
1574
1622
1650
1611
1532
1458
1414
1449
1537
1567
1528
1461
1411
1395
1365
1312
1216
1079
979
927
881
822
773
722
642
584
578
575
522
373
95
-248
-508
-646
-784
-1068
-1481
-1911
-2233
-2345
-2373
-2525
-2768
-2989
-3121
-3128
-3091
-3167
-3374
-3568
-3639
-3605
-3539
-3467
-3426
-3396
-3259
-3037
-2785
-2487
-2129
-1759
-1419
-1094
-823
-599
-362
-184
-93
-34
12
63
135
213
226
214
242
287
342
382
397
374
358
445
550
651
785
884
939
987
1068
1147
1223
1329
1369
1351
1338
1329
1320
1312
1285
1162
971
810
686
593
529
443
317
202
174
244
344
460
544
574
637
738
847
969
1067
1110
1139
1171
1179
1172
1164
1119
1029
955
921
899
914
968
983
994
1067
1142
1206
1280
1313
1287
1306
1403
1447
1413
1359
1264
1191
1202
1216
1160
1043
937
867
817
782
691
530
380
286
219
145
19
-194
-446
-661
-783
-856
-972
-1176
-1451
-1741
-1989
-2164
-2333
-2582
-2876
-3108
-3256
-3318
-3323
-3397
-3565
-3714
-3751
-3657
-3461
-3188
-2914
-2683
-2407
-2102
-1796
-1497
-1246
-1024
-825
-630
-418
-226
-72
27
65
63
68
119
209
300
346
380
420
463
552
670
776
880
1005
1127
1239
1338
1414
1475
1541
1598
1609
1574
1515
1451
1375
1276
1154
993
823
696
618
555
467
352
246
184
170
208
278
351
436
536
622
696
732
711
665
605
566
527
478
459
446
434
448
465
475
483
525
599
682
804
922
994
1053
1122
1180
1231
1298
1344
1344
1341
1349
1323
1276
1227
1155
1056
964
879
797
719
639
546
462
412
387
401
412
387
361
362
388
405
366
238
36
-175
-332
-516
-795
-1140
-1558
-1927
-2130
-2269
-2462
-2722
-2990
-3168
-3206
-3129
-3071
-3112
-3156
-3136
-3032
-2860
-2697
-2603
-2519
-2380
-2176
-1943
-1718
-1515
-1329
-1130
-936
-760
-591
-438
-311
-222
-161
-101
-24
106
271
404
510
623
729
844
932
963
996
1063
1166
1259
1309
1321
1307
1316
1331
1308
1257
1206
1182
1204
1235
1223
1151
1058
1018
1016
989
963
917
836
760
694
598
460
338
260
200
172
167
133
88
92
96
81
125
213
283
350
437
517
585
664
731
752
767
799
851
903
946
977
935
887
876
838
807
783
764
768
783
800
790
766
742
738
764
790
811
829
858
884
909
922
869
773
691
613
548
462
312
130
-41
-176
-302
-465
-668
-889
-1089
-1213
-1282
-1403
-1567
-1755
-1944
-2036
-2057
-2107
-2209
-2354
-2496
-2579
-2581
-2555
-2573
-2633
-2679
-2670
-2600
-2490
-2386
-2303
-2198
-2049
-1837
-1569
-1300
-1042
-832
-645
-432
-232
-64
50
121
177
242
357
484
587
646
682
714
765
852
943
999
1006
1031
1090
1161
1268
1337
1350
1392
1455
1526
1609
1667
1668
1617
1563
1479
1351
1209
1071
912
707
514
329
148
61
45
8
-39
-58
-25
49
137
183
157
125
139
175
183
184
181
155
175
223
246
263
272
286
292
293
308
317
371
462
530
566
594
649
730
822
901
939
958
1009
1085
1119
1101
1050
979
903
841
774
665
546
434
317
215
124
38
-40
-63
-36
-18
-8
20
48
70
115
125
80
-13
-166
-333
-489
-621
-773
-980
-1222
-1496
-1736
-1894
-2019
-2173
-2351
-2516
-2648
-2684
-2640
-2618
-2607
-2604
-2605
-2534
-2401
-2250
-2104
-1977
-1854
-1702
-1506
-1275
-1057
-880
-717
-587
-468
-321
-190
-76
40
141
238
381
568
736
861
981
1091
1192
1327
1456
1528
1568
1608
1612
1606
1607
1551
1471
1412
1371
1330
1300
1281
1246
1221
1209
1178
1107
998
903
815
721
641
547
431
320
201
106
36
-47
-133
-224
-322
-402
-444
-474
-492
-485
-486
-454
-363
-243
-105
13
131
260
396
544
672
783
887
949
969
961
923
856
775
719
653
573
509
442
389
353
330
312
303
321
375
453
527
586
605
586
570
567
586
600
583
533
452
384
346
299
214
95
-42
-159
-224
-248
-299
-404
-536
-674
-777
-838
-893
-974
-1118
-1296
-1445
-1550
-1615
-1686
-1815
-1971
-2125
-2227
-2272
-2319
-2385
-2479
-2584
-2618
-2550
-2432
-2313
-2180
-2019
-1823
-1576
-1283
-999
-760
-504
-248
-16
206
377
504
601
685
768
818
854
905
956
1016
1103
1195
1235
1250
1288
1327
1373
1422
1443
1422
1404
1421
1444
1452
1442
1384
1296
1213
1148
1076
964
833
668
487
331
190
41
-100
-212
-322
-403
-426
-430
-409
-363
-300
-228
-169
-100
14
110
158
204
208
193
195
206
203
172
159
133
105
110
128
171
229
284
327
373
436
511
564
591
611
639
690
754
811
843
825
778
744
693
629
568
486
412
358
302
267
227
178
143
135
160
189
220
239
225
217
231
246
257
233
169
101
22
-53
-148
-295
-475
-669
-829
-941
-1053
-1190
-1343
-1515
-1665
-1758
-1816
-1871
-1943
-2018
-2058
-2044
-1983
-1930
-1922
-1938
-1940
-1892
-1782
-1635
-1514
-1424
-1320
-1179
-983
-758
-570
-434
-337
-218
-45
138
296
420
499
570
674
787
879
969
1036
1074
1130
1199
1233
1252
1255
1224
1181
1120
1069
1035
1001
965
919
882
859
845
835
824
790
714
630
547
466
385
288
165
31
-77
-146
-200
-262
-306
-356
-402
-388
-366
-351
-326
-300
-256
-182
-94
-9
78
174
283
378
468
553
611
666
703
707
687
656
633
607
586
553
511
494
500
507
494
473
459
467
509
539
541
532
513
483
476
483
463
422
388
355
317
270
209
138
70
14
-31
-58
-76
-96
-127
-151
-146
-127
-93
-77
-84
-90
-98
-101
-113
-162
-247
-371
-492
-577
-658
-752
-890
-1063
-1196
-1283
-1350
-1409
-1492
-1620
-1717
-1744
-1747
-1727
-1712
-1720
-1701
-1645
-1546
-1424
-1301
-1177
-1069
-953
-805
-650
-501
-366
-268
-189
-98
3
102
205
296
363
424
490
578
686
776
824
855
873
901
947
960
944
913
892
893
895
885
865
828
781
757
715
659
621
569
490
406
307
223
170
112
55
0
-45
-57
-44
-36
-33
-66
-114
-107
-81
-67
-47
-46
-41
4
77
151
197
241
303
355
408
450
469
471
454
436
405
372
367
360
350
337
311
292
296
308
310
306
303
315
343
369
388
389
388
391
396
413
407
393
378
340
306
275
255
231
207
207
193
161
158
144
120
102
74
64
75
102
118
118
106
71
39
-5
-69
-172
-304
-421
-525
-642
-791
-959
-1147
-1320
-1427
-1510
-1605
-1697
-1779
-1821
-1811
-1783
-1755
-1746
-1726
-1674
-1599
-1499
-1383
-1273
-1157
-1025
-899
-768
-640
-516
-387
-277
-167
-75
4
98
186
258
333
400
472
572
673
732
784
837
868
917
957
989
1017
1016
1028
1038
1022
999
971
938
882
837
800
759
719
645
563
496
431
388
350
306
261
224
206
189
172
147
99
58
39
22
-4
-26
-52
-60
-53
-49
-34
-7
19
43
100
163
203
254
287
299
313
307
287
272
248
219
175
132
118
108
113
104
73
53
39
34
25
21
4
-12
-6
9
40
71
105
136
171
216
252
294
325
349
373
376
359
332
302
270
238
202
165
137
117
108
104
97
86
80
60
28
-2
-54
-120
-194
-303
-418
-524
-632
-737
-856
-980
-1097
-1200
-1276
-1344
-1418
-1485
-1528
-1557
-1558
-1558
-1566
-1548
-1504
-1431
-1331
-1231
-1153
-1063
-940
-795
-651
-522
-404
-310
-201
-76
23
98
151
212
288
383
504
602
686
755
803
872
941
989
1033
1069
1089
1107
1106
1092
1084
1056
1007
959
906
849
799
735
645
543
453
379
324
284
229
175
122
81
71
50
21
-3
-21
-45
-68
-95
-139
-184
-224
-245
-267
-281
-255
-234
-220
-210
-210
-184
-149
-121
-103
-99
-86
-75
-59
-28
-9
-18
-21
-4
21
60
82
97
107
122
156
184
183
177
206
238
280
347
406
449
498
546
590
632
664
694
700
688
686
682
666
639
597
541
509
491
476
463
428
393
357
333
308
282
235
168
94
-4
-107
-223
-362
-491
-630
-773
-898
-1020
-1140
-1262
-1382
-1491
-1593
-1669
-1712
-1756
-1781
-1768
-1747
-1696
-1616
-1530
-1433
-1310
-1174
-1034
-878
-727
-589
-454
-328
-216
-123
-50
15
73
132
181
219
269
311
363
437
497
556
621
667
738
815
869
935
985
1003
1020
1027
1012
990
946
890
830
757
682
610
520
412
301
195
99
14
-73
-147
-213
-255
-270
-283
-281
-267
-248
-215
-175
-147
-122
-97
-89
-82
-64
-50
-51
-58
-74
-76
-65
-79
-83
-58
-31
2
43
73
108
138
180
222
257
314
364
422
456
479
526
550
559
557
540
537
528
521
535
531
519
513
510
516
532
546
543
542
548
546
542
540
511
470
435
402
379
338
280
223
155
92
32
-29
-74
-133
-208
-276
-334
-391
-440
-501
-573
-636
-690
-729
-767
-828
-908
-987
-1065
-1133
-1208
-1301
-1375
-1448
-1499
-1528
-1554
-1568
-1555
-1514
-1459
-1370
-1256
-1147
-1017
-864
-705
-562
-423
-297
-171
-46
54
142
214
277
327
359
385
394
404
423
449
473
493
522
540
558
577
591
617
638
655
685
719
751
772
783
785
768
743
710
651
574
479
365
257
171
80
3
-69
-136
-159
-183
-188
-178
-180
-151
-114
-76
-26
20
58
89
134
169
209
251
277
325
356
360
357
352
357
345
329
295
259
244
229
227
226
210
193
195
206
217
241
261
272
274
275
286
287
296
295
264
246
225
202
204
212
207
191
185
179
183
197
193
182
162
158
166
173
174
155
129
109
83
51
23
-32
-87
-129
-188
-238
-282
-336
-384
-428
-480
-540
-592
-634
-676
-721
-775
-827
-873
-917
-968
-1036
-1100
-1156
-1189
-1211
-1236
-1255
-1267
-1262
-1236
-1200
-1163
-1108
-1034
-953
-855
-744
-640
-527
-412
-292
-169
-69
29
118
191
265
335
396
443
466
486
498
500
496
493
518
540
543
562
585
609
628
631
636
636
640
659
665
656
637
619
611
600
583
568
547
532
512
491
485
459
424
411
384
357
337
321
304
273
256
248
237
249
263
276
281
288
306
298
296
289
272
254
231
217
186
161
138
104
84
66
41
27
5
-14
-22
-43
-72
-98
-117
-136
-155
-163
-167
-170
-159
-137
-104
-69
-32
7
38
72
123
177
216
239
250
257
273
277
278
270
231
198
161
136
121
61
-9
-70
-134
-188
-251
-328
-413
-494
-553
-603
-646
-692
-741
-775
-829
-873
-907
-952
-979
-1019
-1051
-1072
-1109
-1134
-1151
-1175
-1187
-1194
-1202
-1171
-1133
-1097
-1032
-966
-885
-795
-691
-574
-471
-371
-266
-170
-70
22
105
188
257
322
387
430
471
512
539
570
597
625
656
671
697
721
729
746
773
805
830
848
856
874
890
898
891
867
864
861
860
853
827
806
780
768
749
711
687
657
625
582
525
494
463
425
397
364
343
327
310
282
236
190
141
99
61
33
0
-44
-85
-130
-157
-163
-174
-179
-190
-200
-193
-188
-185
-192
-196
-196
-214
-225
-216
-214
-205
-198
-204
-191
-184
-168
-148
-139
-131
-126
-105
-86
-79
-62
-56
-55
-48
-35
-19
-3
6
5
3
-4
-28
-69
-105
-149
-209
-265
-329
-413
-486
-559
-641
-705
-756
-792
-821
-852
-868
-890
-903
-898
-901
-899
-889
-881
-854
-835
-828
-806
-794
-773
-731
-698
-651
-602
-552
-496
-441
-365
-299
-240
-179
-117
-53
4
63
116
166
225
279
321
377
437
489
548
597
636
684
728
769
803
828
848
863
873
880
883
881
875
870
863
850
830
811
785
748
712
676
652
634
596
566
542
517
498
479
466
464
469
471
465
466
465
458
431
396
374
335
299
270
231
186
117
71
38
-21
-70
-108
-158
-215
-266
-311
-356
-390
-411
-435
-457
-469
-465
-453
-467
-484
-481
-476
-456
-447
-450
-449
-457
-447
-430
-423
-415
-415
-401
-387
-388
-379
-363
-349
-347
-342
-331
-312
-284
-274
-255
-228
-228
-212
-190
-187
-201
-222
-240
-252
-271
-301
-332
-364
-393
-409
-413
-423
-430
-435
-446
-436
-423
-416
-409
-396
-393
-401
-395
-395
-379
-368
-374
-360
-345
-322
-282
-232
-193
-160
-113
-71
-38
9
57
100
143
184
229
282
324
345
383
415
434
471
495
512
528
535
536
539
543
563
575
573
591
602
612
648
675
699
720
738
764
773
784
785
778
764
748
748
723
703
679
646
619
588
559
538
517
490
465
441
408
374
346
322
291
249
208
184
138
81
41
-5
-43
-91
-144
-201
-268
-339
-409
-466
-529
-599
-651
-704
-742
-761
-797
-825
-845
-855
-852
-848
-844
-841
-828
-823
-806
-782
-761
-735
-720
-686
-657
-635
-612
-591
-550
-508
-485
-450
-402
-358
-308
-249
-197
-150
-113
-62
-21
8
47
60
65
64
64
62
55
56
44
41
43
43
55
69
87
93
93
96
93
98
92
86
80
66
63
61
52
43
29
13
16
12
8
3
-11
-8
-2
-4
17
34
53
84
113
161
210
255
302
339
380
420
448
476
492
514
521
516
531
541
534
529
526
513
507
506
507
513
513
536
552
555
574
580
582
592
584
574
578
570
546
530
517
488
456
419
380
341
295
251
204
148
107
70
26
-10
-48
-79
-103
-143
-186
-215
-250
-277
-317
-370
-417
-495
-568
-622
-682
-747
-816
-877
-933
-973
-1000
-1012
-1024
-1033
-1017
-1002
-980
-931
-885
-850
-810
-774
-730
-681
-634
-587
-553
-528
-506
-478
-445
-414
-381
-343
-295
-248
-202
-148
-100
-45
29
84
132
195
260
315
351
391
414
412
436
451
451
448
432
425
393
372
348
312
305
277
251
234
215
211
203
198
194
201
215
225
229
229
229
228
226
219
206
192
176
167
168
168
161
145
152
164
168
190
208
233
259
275
312
337
357
381
397
411
411
414
417
406
396
378
355
338
326
317
291
262
245
232
218
212
201
184
182
176
170
170
152
145
139
128
123
97
67
41
4
-27
-67
-132
-186
-226
-283
-328
-364
-399
-423
-448
-470
-478
-482
-487
-478
-484
-500
-498
-515
-530
-547
-569
-596
-632
-639
-648
-673
-688
-694
-685
-667
-652
-646
-616
-587
-559
-502
-463
-425
-373
-327
-271
-217
-156
-99
-73
-30
9
21
53
81
106
135
153
179
204
228
256
284
312
333
360
404
432
447
464
474
488
490
489
487
478
466
438
410
387
346
301
270
245
213
169
138
123
103
99
99
99
115
128
135
139
147
166
178
176
173
172
167
157
147
131
103
73
63
54
44
37
13
-3
-2
2
9
17
35
49
52
77
102
100
124
140
128
132
116
87
71
48
20
-10
-46
-74
-90
-113
-126
-130
-131
-117
-115
-103
-73
-57
-32
1
14
21
28
30
7
-11
-37
-79
-108
-137
-163
-193
-220
-254
-276
-277
-296
-295
-293
-299
-288
-295
-279
-266
-277
-261
-259
-250
-230
-238
-248
-254
-259
-255
-264
-279
-280
-294
-294
-278
-280
-257
-230
-208
-190
-170
-121
-74
-31
9
40
66
94
124
158
178
182
196
217
234
236
235
242
235
240
253
247
252
261
262
271
289
308
324
342
348
364
381
375
378
374
348
322
301
283
251
211
179
137
105
80
55
48
28
18
16
22
42
41
43
46
51
58
59
58
53
39
21
0
-29
-57
-83
-119
-151
-180
-216
-238
-253
-260
-259
-262
-249
-224
-210
-193
-162
-136
-117
-102
-89
-78
-76
-71
-56
-66
-87
-92
-108
-115
-117
-116
-113
-113
-99
-87
-65
-43
-25
3
36
62
75
96
113
120
132
124
112
116
101
74
59
41
29
20
-7
-25
-32
-45
-50
-50
-61
-67
-71
-68
-59
-58
-53
-51
-53
-43
-44
-46
-47
-60
-68
-77
-85
-91
-101
-113
-130
-143
-149
-152
-134
-109
-100
-82
-57
-28
-4
23
53
79
101
122
135
149
162
160
163
165
162
150
133
134
126
117
115
112
114
110
117
127
137
160
173
180
185
199
207
203
209
213
201
184
172
146
126
111
85
67
53
24
4
-9
-30
-36
-40
-37
-27
-26
-31
-39
-46
-52
-65
-78
-82
-103
-138
-149
-172
-205
-223
-241
-263
-282
-289
-298
-304
-287
-273
-266
-253
-234
-210
-199
-182
-139
-112
-98
-64
-46
-29
-14
-7
9
16
30
31
36
65
76
75
88
103
112
120
130
144
149
152
163
177
180
180
183
167
159
160
143
135
121
91
63
51
23
-7
-21
-53
-83
-102
-113
-119
-132
-125
-114
-114
-102
-98
-92
-83
-90
-73
-70
-78
-58
-68
-72
-69
-82
-87
-89
-87
-85
-77
-66
-61
-52
-44
-31
-10
9
25
45
61
83
107
123
141
156
156
165
169
172
172
165
162
156
146
132
130
121
113
106
94
92
89
94
95
97
100
86
89
96
79
65
64
54
28
15
-4
-31
-51
-73
-91
-114
-133
-146
-175
-194
-205
-217
-226
-237
-245
-242
-238
-242
-230
-224
-229
-214
-196
-190
-176
-160
-151
-151
-131
-109
-91
-61
-55
-48
-23
-4
20
49
76
101
109
126
154
164
178
197
206
216
223
231
241
237
241
254
243
228
233
230
216
208
203
190
174
161
150
135
121
110
99
75
53
41
22
-3
-25
-39
-52
-68
-82
-91
-102
-113
-128
-134
-137
-152
-157
-156
-166
-177
-188
-195
-190
-185
-192
-177
-164
-162
-141
-123
-112
-95
-76
-64
-46
-37
-26
-15
-16
-5
6
3
6
23
38
36
44
52
56
71
77
89
96
104
118
111
113
124
121
129
129
116
111
100
89
74
62
50
24
6
-3
-21
-35
-45
-54
-59
-74
-81
-82
-94
-104
-112
-115
-119
-122
-139
-160
-158
-158
-174
-183
-190
-193
-189
-196
-193
-178
-169
-163
-155
-139
-116
-93
-76
-53
-29
-9
4
29
54
66
85
104
123
153
157
164
191
195
217
238
233
241
242
244
253
253
251
247
251
260
248
243
244
236
237
219
207
200
190
177
144
136
121
84
71
52
29
7
-21
-36
-50
-67
-89
-108
-110
-116
-131
-143
-146
-149
-151
-145
-143
-144
-150
-152
-142
-146
-144
-144
-145
-132
-130
-136
-127
-111
-114
-107
-82
-78
-68
-57
-49
-33
-29
-14
1
1
30
39
33
39
44
53
52
51
44
40
49
43
27
25
26
28
31
20
16
21
15
14
6
10
3
-4
-1
-26
-36
-35
-38
-45
-69
-70
-78
-100
-109
-118
-124
-135
-146
-152
-153
-147
-150
-144
-142
-138
-121
-111
-102
-96
-90
-73
-56
-53
-46
-21
-22
-17
1
1
16
27
35
48
53
66
72
86
101
109
123
130
143
164
174
187
201
201
207
211
203
205
198
187
182
164
149
144
126
114
109
92
74
61
51
44
30
21
10
-8
-7
-17
-31
-27
-30
-42
-51
-57
-64
-68
-75
-82
-82
-97
-113
-112
-118
-123
-123
-119
-116
-123
-114
-102
-107
-100
-85
-80
-73
-66
-71
-71
-53
-52
-60
-54
-48
-37
-34
-28
-21
-28
-23
-17
-9
-1
2
11
16
12
9
10
15
17
18
19
20
18
13
17
17
18
8
-1
1
3
1
-8
-9
-2
-2
-9
-18
-17
-16
-19
-17
-17
-18
-24
-31
-21
-24
-32
-24
-30
-40
-40
-44
-33
-30
-27
-19
-29
-21
-8
-10
-3
9
21
29
37
49
58
70
71
76
86
91
94
99
106
109
107
105
103
91
85
87
79
88
84
69
73
79
77
75
78
76
76
75
69
59
54
52
41
37
24
9
-6
-18
-11
-30
-42
-35
-46
-49
-49
-60
-63
-60
-62
-58
-55
-57
-56
-59
-56
-62
-72
-78
-79
-80
-85
-90
-92
-107
-103
-95
-103
-88
-82
-79
-72
-73
-65
-56
-49
-38
-29
-24
-27
-25
-12
-18
-18
-5
-4
-1
0
-4
-4
-12
-18
-11
-5
-4
-1
10
14
15
20
18
24
33
29
38
40
29
26
25
25
31
36
27
28
35
21
19
13
15
24
14
19
16
14
20
18
24
28
39
53
52
55
59
52
58
55
42
45
38
31
24
21
16
5
3
1
-4
-7
-5
-3
-9
-9
2
10
14
10
26
43
32
28
33
30
26
30
25
8
7
6
-8
-20
-24
-22
-22
-20
-22
-25
-14
-13
-10
3
3
6
14
15
22
33
35
40
31
17
17
8
5
-4
-13
-19
-37
-37
-32
-45
-47
-37
-32
-40
-41
-37
-32
-20
-19
-17
-13
-14
-9
-17
-21
-16
-14
-17
-23
-27
-37
-44
-44
-47
-55
-48
-42
-48
-40
-39
-36
-26
-23
-23
-14
-15
-11
2
-2
-4
-3
0
10
9
8
15
11
17
22
14
19
22
24
32
29
35
49
49
49
56
82
94
86
88
91
85
84
79
60
52
62
55
40
39
34
25
16
14
11
6
15
4
-4
5
-2
-4
-6
-13
-16
-19
-22
-33
-37
-42
-45
-47
-51
-49
-64
-67
-61
-77
-73
-59
-59
-52
-43
-38
-32
-28
-20
-20
-17
-3
6
9
8
12
18
17
13
8
11
11
3
2
-6
-6
-6
0
6
-2
-3
7
14
7
8
20
15
14
19
5
-2
-1
-17
-26
-25
-26
-38
-49
-48
-56
-56
-55
-58
-59
-60
-58
-65
-52
-42
-53
-52
-44
-46
-48
-40
-36
-34
-32
-28
-25
-35
-37
-30
-20
-8
-8
-4
1
2
15
27
31
49
57
60
62
67
75
82
92
100
99
99
98
94
90
86
81
83
82
79
78
66
61
68
58
60
64
56
63
66
54
50
56
49
37
28
20
10
-4
-20
-35
-42
-56
-65
-62
-70
-77
-83
-78
-75
-72
-60
-58
-56
-46
-37
-33
-26
-26
-26
-17
-22
-22
-13
-16
-25
-18
-19
-25
-11
-11
-19
-12
-7
2
7
13
22
38
53
58
62
70
76
72
73
61
56
57
45
40
20
18
10
-5
3
-3
-16
-17
-18
-21
-28
-28
-21
-18
-29
-29
-26
-38
-37
-40
-58
-50
-54
-72
-71
-77
-85
-92
-91
-87
-95
-93
-87
-78
-64
-64
-53
-37
-36
-22
-14
-8
4
2
10
21
25
40
47
43
47
61
56
47
56
54
49
65
61
58
64
66
74
81
79
79
85
83
83
86
80
78
69
56
42
39
35
20
10
2
-10
-26
-34
-39
-49
-49
-39
-40
-50
-50
-52
-53
-49
-49
-37
-31
-36
-41
-38
-39
-51
-44
-48
-54
-47
-53
-56
-44
-32
-31
-27
-16
-3
6
15
23
37
49
54
63
70
69
72
76
69
64
57
58
60
50
55
54
57
52
45
54
36
39
52
37
36
30
16
18
20
10
3
-13
-22
-33
-52
-48
-64
-78
-65
-78
-95
-90
-89
-89
-95
-100
-86
-83
-90
-86
-92
-92
-80
-77
-76
-79
-78
-59
-61
-55
-45
-47
-32
-38
-30
-12
-13
-11
-12
-10
2
10
15
32
41
52
61
65
67
62
77
84
87
98
84
78
81
82
72
68
75
74
72
56
52
51
40
44
46
43
45
49
45
42
40
34
29
24
18
10
1
-5
-7
-13
-20
-39
-34
-24
-36
-35
-30
-36
-32
-22
-25
-21
-17
-28
-22
-11
-20
-18
-7
-5
-8
-12
-13
-9
-3
-12
-12
-2
1
4
1
8
27
36
40
44
52
61
61
58
57
56
51
48
46
39
30
22
14
11
7
-7
-6
-3
-8
-1
0
-10
-14
-6
-7
-16
-13
-14
-19
-27
-40
-45
-44
-51
-58
-65
-72
-68
-71
-83
-90
-86
-82
-83
-78
-73
-62
-65
-59
-46
-47
-41
-32
-18
-13
-15
3
5
0
6
12
5
5
4
1
4
-1
-1
1
4
2
4
19
22
22
37
49
55
61
69
62
65
81
73
74
66
53
49
33
21
11
2
11
10
-1
-5
-4
-5
-2
14
21
15
29
33
31
32
28
30
25
23
18
9
0
-1
-12
-17
-14
-30
-21
-23
-38
-33
-27
-21
-24
-20
-17
-10
2
6
17
27
20
16
24
25
19
15
11
2
-1
1
-14
-15
-18
-22
-12
-15
-22
-17
-7
-7
2
8
8
22
21
13
13
21
25
20
13
9
5
-1
-7
-12
-9
-13
-16
-15
-23
-27
-21
-20
-9
0
1
11
6
3
15
11
16
11
15
25
21
16
6
-1
-9
-12
-15
-22
-20
-27
-25
-24
-34
-31
-24
-20
-12
-12
-13
0
6
2
-1
8
16
4
7
0
-4
-2
-15
-16
-21
-29
-29
-30
-35
-28
-16
-16
-6
-1
2
10
20
31
30
30
31
30
30
22
22
28
19
9
15
15
6
14
8
4
11
9
8
1
-1
3
3
3
9
9
1
1
7
3
-6
0
-6
-13
-21
-34
-29
-29
-25
-29
-42
-40
-37
-32
-35
-36
-34
-34
-32
-32
-25
-25
-23
-18
-25
-21
-21
-26
-18
-22
-21
-13
-19
-11
-3
-6
-6
-4
5
11
21
18
27
37
33
47
45
41
40
30
38
34
38
39
25
31
30
34
40
34
37
36
39
37
42
48
36
33
41
32
23
9
5
18
11
-2
-10
-24
-17
-7
-19
-32
-40
-42
-46
-46
-47
-49
-47
-40
-31
-23
-24
-30
-26
-20
-19
-26
-21
-17
-32
-40
-47
-52
-41
-41
-51
-48
-41
-36
-27
-14
-7
-7
5
15
23
38
52
56
50
54
61
57
53
47
48
39
20
14
4
-2
-5
-16
-12
-3
2
9
11
16
20
13
27
30
24
34
23
21
19
-3
-6
-14
-25
-24
-30
-44
-50
-55
-64
-81
-87
-82
-75
-64
-61
-55
-47
-39
-25
-20
-12
-3
2
8
8
7
3
6
2
-11
-19
-20
-16
-10
-10
-15
-17
-10
-1
7
12
24
33
41
54
67
68
76
82
78
89
89
82
72
59
52
35
23
23
12
9
5
-10
-1
1
-14
-14
-5
-3
5
7
11
27
17
5
9
4
-3
-4
-6
-12
-30
-45
-54
-74
-77
-81
-95
-87
-95
-88
-73
-68
-52
-52
-39
-17
-11
1
10
23
24
17
19
22
31
24
20
22
20
20
7
5
9
3
15
29
29
43
54
49
60
75
80
84
90
97
100
97
88
78
68
59
55
38
27
25
18
12
3
-10
-24
-26
-18
-22
-23
-22
-23
-20
-16
-17
-18
-11
-15
-19
-20
-23
-26
-48
-54
-59
-73
-80
-86
-79
-77
-74
-70
-70
-65
-61
-50
-39
-26
-17
-17
-9
6
10
12
10
14
23
33
37
21
15
12
15
24
9
15
22
16
25
25
32
36
41
56
59
56
63
65
55
53
52
41
33
31
20
20
17
-5
-10
-17
-28
-36
-40
-45
-53
-52
-46
-41
-42
-44
-47
-32
-26
-29
-26
-33
-37
-37
-43
-43
-49
-58
-53
-58
-62
-63
-67
-46
-44
-46
-35
-34
-16
-8
-12
-4
4
14
25
30
37
34
37
51
47
42
50
45
33
33
36
33
39
36
41
44
28
41
58
51
49
54
57
55
57
51
48
49
36
30
19
11
7
3
2
-12
-24
-28
-40
-42
-40
-46
-44
-44
-46
-44
-46
-44
-39
-38
-40
-38
-33
-34
-39
-45
-40
-40
-40
-37
-55
-54
-42
-33
-29
-38
-32
-19
-21
-18
-4
4
13
21
24
26
27
43
55
57
51
53
57
51
55
44
45
51
43
45
46
35
32
27
31
41
32
30
30
30
32
36
35
25
17
14
7
5
2
-8
-1
-10
-16
-19
-32
-40
-47
-39
-37
-43
-38
-32
-35
-39
-46
-41
-31
-43
-38
-32
-36
-29
-30
-38
-37
-28
-21
-24
-25
-20
-19
-13
-5
-3
1
4
7
9
13
16
13
10
12
17
19
20
27
28
23
26
18
18
22
26
32
33
45
37
31
40
28
25
27
22
29
27
19
18
10
2
4
0
0
-7
-7
-11
-9
1
-15
-12
-13
-21
-19
-11
-8
-12
-19
-12
-8
-18
-14
-11
-18
-16
-21
-28
-24
-26
-31
-27
-21
-21
-23
-22
-24
-19
-12
-3
-2
-5
2
7
14
17
13
16
19
23
22
6
9
20
20
15
5
1
-4
-5
-1
7
9
11
22
21
18
22
23
22
19
22
16
19
29
15
13
8
-2
-8
-8
5
-15
-20
-6
-14
-16
-27
-29
-21
-15
-10
-19
-21
-10
-3
-7
-6
-7
-14
-8
-3
-19
-33
-29
-26
-29
-29
-27
-26
-30
-29
-30
-30
-25
-25
-25
-18
-9
3
1
-9
0
8
9
13
15
18
18
15
8
11
18
12
9
14
11
11
8
15
28
27
26
26
30
29
23
26
34
33
27
26
32
32
26
23
19
15
16
10
8
0
-14
-7
-11
-21
-20
-20
-20
-20
-16
-19
-21
-14
-13
-19
-19
-12
-16
-20
-21
-29
-32
-27
-23
-35
-36
-33
-37
-33
-35
-30
-30
-26
-17
-17
-13
-7
2
1
0
1
7
21
18
12
18
16
16
12
10
16
18
17
9
14
18
16
17
18
19
13
15
12
17
23
12
14
26
18
12
14
2
10
11
-2
1
-8
-16
-19
-23
-22
-20
-29
-30
-22
-25
-26
-24
-27
-23
-25
-20
-19
-21
-13
-15
-19
-22
-21
-13
-9
-11
-11
-14
-16
-12
-10
-9
-14
-15
-11
-10
-7
3
5
4
9
15
23
23
21
23
26
32
30
31
28
18
26
30
24
24
16
12
13
14
17
11
16
17
8
13
13
21
19
2
7
12
9
7
5
9
1
-11
-10
-14
-20
-15
-16
-22
-16
-22
-32
-23
-31
-34
-31
-36
-26
-26
-34
-25
-22
-28
-28
-24
-17
-9
-9
-10
-9
-18
-17
-13
-16
-6
-3
-10
-18
-15
-2
-6
-2
12
12
15
17
11
23
24
21
28
26
36
24
16
21
20
16
9
14
7
11
19
11
9
4
2
8
5
9
4
0
4
0
15
13
8
9
0
5
1
-3
-4
-5
-6
1
-1
-17
-18
-31
-22
-14
-18
-7
-3
-11
-12
3
4
3
11
9
8
13
10
3
2
5
4
3
1
-6
-2
-6
-13
-3
-5
0
12
6
5
17
19
12
14
17
11
19
24
20
20
16
15
18
16
9
7
10
15
5
7
8
6
7
-5
-5
-2
-1
2
3
12
17
11
-1
4
10
9
8
1
3
1
-8
-12
-9
-14
-18
-26
-31
-19
-16
-17
-15
-13
-4
-16
-17
3
4
-4
-1
6
-4
4
7
2
4
5
3
-7
2
-1
-7
3
8
0
-6
7
5
5
9
0
-1
2
9
21
18
17
21
16
23
15
15
20
4
10
17
9
10
3
-2
0
-4
-2
0
7
13
11
6
14
19
10
8
4
14
17
12
11
0
1
6
-3
-3
0
-5
0
2
-12
-6
3
-11
-12
-5
-7
3
-5
-9
-12
-17
-5
-10
-14
-8
-11
-12
-5
-2
-7
-11
-15
-12
-2
0
-13
-10
0
-12
-6
-9
-14
0
3
9
8
12
20
9
14
18
12
4
13
25
19
20
11
9
12
7
4
13
19
20
14
2
6
4
6
6
7
10
4
6
3
3
2
-3
-4
-1
-4
-2
-1
-19
-24
-13
-9
-13
-15
-11
-11
-9
-8
-12
-17
-19
-13
-6
-12
-10
-3
-4
-3
-4
-9
-10
-8
-1
-4
0
2
-5
0
-5
-13
-1
4
5
5
12
20
13
13
12
2
9
13
7
15
15
16
13
5
10
10
11
16
21
14
5
17
14
5
1
-2
11
10
7
13
5
3
0
-4
1
1
-3
-4
-9
-10
-5
-5
-19
-19
-16
-19
-9
-16
-14
-14
-26
-16
-22
-21
-12
-12
-6
-7
-2
-1
-4
-3
-10
-6
2
2
8
-3
-8
0
1
4
8
9
3
17
25
19
21
19
19
17
21
27
26
30
23
16
11
8
15
18
15
13
3
5
8
-6
-4
2
6
4
2
6
0
-1
2
-8
-12
-8
-15
-13
-2
-8
-15
-17
-21
-15
-17
-24
-16
-9
-18
-19
-13
-16
-17
-18
-19
-12
-9
-4
-2
-5
-4
-8
0
3
-6
-5
3
1
-10
-9
-2
2
0
-3
1
-4
0
10
7
1
5
10
9
15
15
12
9
13
17
15
16
9
7
7
4
9
5
2
1
0
-2
-13
0
-3
-6
2
-6
7
-2
-14
-5
0
2
-8
-2
4
-7
-10
-8
-14
-20
-19
-12
-15
-24
-19
-18
-30
-20
-11
-16
-10
-7
-2
0
-1
11
4
1
11
11
7
11
10
2
0
2
4
2
5
2
3
13
7
3
9
10
19
19
19
25
20
21
14
13
21
18
15
13
9
2
5
4
-1
3
-6
-15
-9
-8
-5
-8
-10
-8
-4
-7
-8
0
-2
-4
-4
3
4
-6
2
-4
-12
-9
-14
-22
-20
-16
-25
-20
-13
-24
-21
-15
-18
-14
-5
-5
-3
4
10
10
9
9
0
7
16
8
13
5
-7
2
1
-11
-5
-1
-7
-3
-1
-2
-5
11
15
1
9
15
20
23
15
15
14
14
13
10
9
6
-5
-1
-3
-8
-10
-16
-13
-12
-6
-2
-9
-9
-4
2
6
3
7
11
9
8
4
0
-6
-9
-13
-19
-21
-20
-24
-25
-27
-31
-24
-24
-26
