-7
-12
-15
-11
-8
-1
-6
-5
2
-8
-11
0
0
-3
-8
-10
-6
-3
-3
3
11
4
3
-2
-12
-5
6
10
5
6
15
10
1
3
6
4
5
1
2
2
5
9
4
7
8
11
16
4
7
13
10
11
9
10
8
3
5
4
6
3
-3
5
10
15
11
2
8
-7
-9
9
0
0
6
3
1
-4
4
-2
-8
-1
-10
-3
11
-3
-6
-2
-4
-5
-10
-6
-8
-6
-4
-7
6
-2
-10
-6
-8
-1
1
-4
-7
-2
-4
-11
-2
-10
-9
-4
-12
0
5
-8
-4
3
0
-3
-12
-10
4
-7
-10
-2
4
7
-5
-10
-5
4
3
-5
-8
-14
-13
-6
-7
-7
-6
-1
1
-3
10
7
-1
4
12
14
2
8
11
8
5
-1
5
8
3
5
9
10
10
9
4
3
6
4
3
15
7
4
9
6
12
0
9
20
-2
2
14
12
10
12
12
2
0
2
5
7
1
1
8
-7
-9
3
-10
-20
-6
0
-7
-7
-4
-3
-6
-9
-7
-9
-9
-12
-17
-8
-1
1
-2
-6
-3
-3
-4
-3
-7
-3
-3
-1
9
11
4
-6
0
1
-7
-3
-3
-4
-6
-13
-13
-15
-2
7
-3
8
9
-2
3
-5
-6
2
-3
0
0
2
-2
0
3
-8
2
11
8
4
-3
-2
-2
-5
-5
0
2
-3
1
1
1
-5
-7
7
6
9
13
4
8
13
5
10
9
-3
2
2
0
2
-1
-1
8
10
9
12
4
-1
6
10
1
-8
1
4
-6
3
3
-1
9
1
-2
4
6
16
14
6
6
8
-2
-5
5
0
-1
-2
-2
1
-9
-9
-9
-4
0
0
-4
-13
-3
0
0
-1
-2
-5
-12
-4
-2
-5
-6
-14
-5
-1
-9
-8
-13
-9
0
-1
1
7
2
1
0
-6
8
3
-9
4
3
-3
0
-1
1
9
4
1
-2
-9
-1
-2
-9
-3
1
-2
3
15
4
1
5
0
3
11
19
10
3
6
0
1
7
3
1
7
7
5
5
6
4
1
9
10
7
11
3
6
18
12
6
3
1
2
-3
-5
-7
-11
-9
-5
-6
-3
-6
-5
5
-7
-10
-8
-5
1
-9
-1
4
-7
0
1
-14
-13
-14
-7
0
-12
-1
5
-4
-2
2
-3
-15
-10
-10
-12
-3
-10
-11
-1
-3
-3
1
-4
-3
1
-5
-3
3
-4
-11
-9
9
4
-12
-1
-6
-4
5
-4
1
2
1
-9
-19
0
1
-3
3
0
3
7
-2
0
1
1
7
-1
-2
-2
-7
-7
2
10
4
-7
0
11
9
9
12
11
7
8
11
4
9
9
-1
3
9
10
5
0
1
3
6
13
14
4
0
-4
2
1
-3
8
0
-1
4
-4
-6
-5
-3
-2
-1
-2
-5
-7
-14
-14
-8
-4
-5
-7
-13
-10
-6
-4
-2
5
-1
-2
-4
-18
-7
-2
-12
-10
-12
-17
-10
-14
-11
-6
-11
-3
5
6
2
-6
-11
-5
-7
-16
-12
-7
0
8
5
1
-5
0
-3
-8
1
1
3
1
-5
-4
8
12
10
12
5
9
9
1
16
11
7
16
11
12
10
8
13
3
8
12
5
9
6
2
2
4
-1
-6
1
-5
-7
0
-3
9
10
3
7
2
-5
-4
0
7
9
4
-1
-9
0
2
-6
-13
-18
-13
-1
-4
-7
-2
-8
3
-4
-11
2
-6
-3
8
-5
-6
-2
-5
-1
3
1
-6
-11
-7
-6
-3
7
1
-6
8
6
-1
3
-5
-4
-6
-11
-5
-2
-3
-2
-4
-8
-5
-2
1
2
1
7
0
-1
-4
-5
9
3
1
-8
-16
-11
-14
-2
6
-1
-4
-1
7
2
-5
-1
0
1
-3
-7
-2
-4
-5
9
6
-4
1
-3
-3
5
1
5
14
6
2
0
-2
4
2
-3
1
5
-5
-5
3
9
13
12
12
6
-7
-6
0
3
-1
2
0
-5
2
1
-6
-6
-9
-3
6
7
14
8
0
-2
-3
-5
-4
0
2
10
12
5
-5
-7
-7
-11
-5
4
7
7
3
-1
0
-5
-5
0
-1
3
7
7
8
4
8
16
9
5
3
-10
0
1
-5
4
-1
-1
-5
1
2
-15
-7
-6
-2
3
-4
6
9
13
18
5
-6
-10
-7
-5
-1
2
9
3
-5
7
3
-5
-1
-6
0
16
22
16
13
8
5
6
3
-4
-5
6
15
16
2
1
1
-1
13
15
6
-2
2
4
0
7
-9
-11
-4
-4
3
-3
-7
-11
-11
6
4
-9
-10
-5
-5
-1
4
4
4
4
-9
-21
-17
-10
-4
1
-6
-11
-15
-14
-4
5
-3
-8
-7
-10
-4
1
-5
-10
-8
0
6
13
12
3
6
3
0
6
-1
8
5
-5
-3
-9
-2
-11
-8
4
-6
5
4
-4
0
-6
-12
-10
6
10
6
8
1
2
3
-1
2
5
-1
-2
5
6
6
11
7
-3
0
5
5
7
4
-2
8
14
7
15
7
8
10
-9
-9
-6
-3
5
10
3
-2
-1
-3
-1
2
0
4
-1
6
20
11
6
-2
-10
-4
-5
-4
3
-7
-11
6
8
12
9
1
-1
-4
-1
7
9
0
-2
3
-2
-7
1
0
-1
-2
-10
-4
0
-5
-8
-16
-9
-12
-20
-14
-10
-8
-3
-6
-9
-1
-5
-7
-3
-11
-7
-3
-1
12
3
-6
0
-3
-6
-3
-4
1
5
3
0
-2
2
0
-1
6
1
3
6
5
7
5
6
4
-5
-2
3
-2
-4
-6
-5
1
7
8
1
-1
-4
2
3
0
9
4
0
8
-3
-5
5
4
-9
-13
-2
-4
-2
11
11
2
-2
-3
0
-1
-4
-4
2
3
6
2
-4
0
5
11
4
-5
10
12
5
12
8
8
12
4
0
-4
-4
-4
-1
-1
-5
4
2
-8
-8
-6
-3
2
-6
-6
0
-10
-2
7
1
0
1
6
4
-5
-1
-2
-6
-2
-10
-6
-4
-7
1
-4
-5
2
3
1
-9
-9
-5
-8
-5
-3
2
14
15
9
1
6
12
5
-2
-9
0
7
-7
1
4
-6
12
15
2
6
5
0
5
3
5
10
2
-5
1
1
-2
-4
0
14
15
8
12
15
6
12
5
4
8
-3
3
1
-5
5
12
8
7
-3
-15
-2
0
-3
-5
-7
-4
-4
0
2
-9
-8
1
-10
-18
-18
-12
-13
-22
-9
-2
-5
-3
-10
-7
2
-1
-6
-6
-6
-9
-12
-10
-2
-4
-5
-4
-3
-2
-2
2
6
4
-13
-12
-1
3
-3
-13
-1
6
-7
-5
2
3
3
3
8
1
0
5
2
1
3
-3
-6
-3
-8
-7
-3
-2
9
15
8
11
3
-2
0
0
0
5
13
11
15
17
5
1
-1
2
1
-8
-3
11
12
8
6
10
13
5
5
4
7
12
10
7
7
9
5
14
7
-6
-3
-11
-10
-8
0
5
-6
2
6
0
3
3
5
6
7
2
1
11
7
4
3
-4
-2
-2
-5
-2
-2
-7
0
2
-2
3
-4
-12
-6
-2
-3
-7
-10
-10
-13
-13
-3
-2
-4
-4
-5
-3
-9
-8
-11
-1
3
-9
2
7
0
-1
-8
-14
-10
-3
-7
-15
-12
3
-1
-12
0
2
-2
3
-1
-4
-3
-7
-8
-10
-6
3
0
3
1
-8
-6
-2
-1
-3
-6
5
15
7
2
5
2
2
3
0
4
-2
-5
1
4
3
10
17
14
26
21
3
9
8
5
6
8
12
11
12
13
5
3
7
-3
-14
-6
-6
-6
0
-1
3
13
1
-7
-11
-22
-17
-17
-10
-2
-7
1
1
-5
-10
-17
-11
-18
-18
-8
-4
3
-1
-1
-3
-9
-9
-13
-11
1
9
-1
4
14
-5
-3
-2
-12
-5
1
12
9
14
20
5
9
8
1
-1
-9
-9
-14
2
16
0
4
2
-5
-5
-16
-15
-15
-13
-6
-5
-8
1
22
18
15
15
-13
-23
-34
-49
-36
-10
24
47
51
53
35
14
0
-19
-27
-9
4
25
47
62
76
57
37
12
-15
-35
-49
-49
-27
10
31
45
53
48
30
-6
-40
-64
-74
-58
-19
17
41
57
58
48
15
-17
-41
-61
-55
-43
-17
34
69
98
113
91
51
-14
-96
-168
-219
-212
-130
-17
99
196
208
167
96
-25
-126
-178
-173
-94
12
123
194
195
147
55
-31
-112
-164
-169
-135
-65
4
56
79
80
54
10
-34
-69
-90
-107
-89
-35
30
95
124
121
98
36
-43
-113
-147
-130
-79
1
78
131
150
123
82
34
-18
-60
-76
-84
-95
-132
-186
-201
-171
-87
-3
32
58
39
1
-17
-40
-26
43
146
245
282
249
156
29
-78
-138
-129
-85
-20
47
90
104
59
2
-42
-74
-71
-50
-25
-18
-16
-5
3
19
56
84
95
77
28
-34
-101
-139
-131
-97
-30
34
65
80
59
18
-19
-55
-61
-40
-14
14
15
6
13
10
25
48
38
38
24
-6
-8
-20
-6
29
47
55
33
-20
-91
-154
-173
-158
-110
-58
-24
-7
-21
-62
-79
-52
6
97
207
287
300
239
141
47
-20
-46
-33
12
71
115
115
82
27
-40
-89
-118
-126
-115
-103
-79
-56
-47
-39
-43
-57
-80
-112
-130
-138
-134
-99
-36
39
105
147
156
124
48
-22
-62
-75
-39
28
106
153
178
187
138
76
20
-28
-57
-79
-74
-48
-4
49
83
101
104
72
12
-54
-110
-132
-115
-63
14
67
103
114
64
-13
-82
-129
-131
-75
4
93
178
228
222
169
100
19
-49
-81
-89
-78
-59
-19
24
27
22
-11
-66
-113
-162
-193
-189
-177
-154
-122
-94
-68
-61
-79
-102
-114
-110
-97
-69
-28
12
37
55
59
37
19
0
-11
-1
18
49
76
108
132
125
99
52
6
-29
-70
-75
-57
-29
15
51
89
104
91
67
27
-9
-34
-36
-27
-17
-1
29
42
37
13
-18
-35
-48
-55
-58
-46
-26
-8
1
-13
-31
-48
-70
-88
-90
-73
-54
-20
8
23
31
27
48
67
86
127
162
202
223
231
244
252
258
270
277
266
243
224
210
190
178
195
220
256
306
336
353
353
326
304
282
267
252
236
229
200
142
64
-54
-197
-347
-516
-677
-820
-931
-1020
-1083
-1128
-1164
-1164
-1160
-1158
-1146
-1107
-1038
-962
-842
-690
-547
-404
-254
-121
8
132
242
356
450
529
602
656
704
751
775
773
774
751
702
646
581
503
426
356
308
275
244
220
190
163
148
141
149
164
191
241
302
380
473
560
640
692
731
775
825
898
998
1145
1340
1551
1744
1868
1854
1644
1241
677
66
-470
-925
-1316
-1638
-1892
-2077
-2220
-2395
-2581
-2788
-3054
-3301
-3472
-3507
-3337
-3016
-2615
-2145
-1607
-1040
-507
-32
369
726
1028
1261
1493
1746
2039
2294
2471
2597
2687
2731
2676
2553
2405
2233
2035
1803
1552
1299
991
565
42
-465
-906
-1304
-1683
-1989
-2179
-2289
-2330
-2340
-2338
-2328
-2336
-2363
-2354
-2208
-1913
-1547
-1126
-655
-155
351
749
1026
1228
1354
1431
1466
1518
1627
1765
1909
1996
2007
1980
1891
1694
1413
1093
781
485
223
45
-33
-39
-21
25
87
160
279
420
599
827
1082
1284
1281
1063
678
195
-269
-706
-1111
-1462
-1724
-1868
-1923
-1889
-1828
-1822
-1919
-2110
-2290
-2325
-2224
-2062
-1860
-1592
-1222
-772
-281
190
614
976
1249
1418
1526
1653
1770
1796
1757
1715
1729
1793
1806
1753
1685
1625
1557
1471
1409
1341
1148
741
189
-360
-838
-1316
-1808
-2232
-2520
-2617
-2614
-2590
-2534
-2504
-2526
-2602
-2671
-2610
-2414
-2147
-1815
-1382
-797
-150
408
855
1218
1503
1682
1720
1709
1742
1820
1887
1930
2018
2151
2248
2230
2095
1920
1722
1431
1068
723
466
343
313
357
512
760
1030
1299
1588
1865
2041
1940
1494
824
115
-511
-1047
-1542
-1987
-2297
-2470
-2534
-2493
-2417
-2389
-2512
-2766
-3015
-3119
-3049
-2912
-2775
-2559
-2128
-1531
-884
-235
354
843
1177
1346
1454
1593
1736
1772
1705
1655
1718
1893
2059
2158
2231
2299
2321
2278
2222
2136
1943
1538
958
419
-16
-440
-948
-1486
-1902
-2142
-2277
-2406
-2502
-2550
-2586
-2655
-2730
-2679
-2484
-2245
-2013
-1709
-1257
-714
-243
68
325
586
794
915
975
1098
1296
1473
1600
1730
1926
2126
2211
2171
2069
1984
1856
1612
1335
1143
1084
1082
1115
1208
1395
1638
1827
2006
2194
2315
2169
1621
839
55
-617
-1250
-1939
-2599
-3115
-3432
-3544
-3492
-3325
-3184
-3216
-3383
-3507
-3448
-3243
-3049
-2949
-2817
-2458
-1851
-1109
-328
427
1084
1562
1906
2225
2556
2785
2746
2475
2189
2068
2112
2181
2232
2292
2371
2478
2563
2613
2553
2197
1495
610
-205
-855
-1432
-2033
-2572
-2845
-2814
-2603
-2327
-2080
-1898
-1825
-1857
-1877
-1820
-1702
-1620
-1570
-1372
-911
-297
270
700
1035
1323
1529
1611
1608
1586
1522
1360
1205
1159
1223
1310
1315
1269
1269
1316
1283
1096
835
614
453
331
312
468
767
1115
1474
1894
2317
2501
2274
1671
901
167
-542
-1307
-2107
-2779
-3237
-3463
-3434
-3200
-2898
-2755
-2803
-2885
-2839
-2672
-2596
-2700
-2827
-2768
-2428
-1864
-1179
-447
260
852
1359
1855
2332
2663
2632
2290
1938
1733
1679
1682
1680
1757
1942
2215
2538
2821
2942
2709
2075
1238
437
-249
-909
-1607
-2223
-2555
-2552
-2297
-1917
-1498
-1145
-965
-921
-947
-976
-1032
-1232
-1467
-1546
-1355
-925
-433
45
471
844
1165
1407
1589
1666
1566
1308
997
780
730
753
766
782
818
900
1000
1072
1122
1129
1060
970
947
1054
1291
1558
1816
1970
1914
1673
1240
699
113
-557
-1273
-1949
-2487
-2845
-3022
-3041
-2975
-2856
-2747
-2662
-2526
-2318
-2114
-2027
-1993
-1868
-1617
-1267
-869
-435
37
476
857
1243
1642
1993
2136
2019
1802
1598
1453
1281
1044
885
824
849
929
1055
1218
1234
962
479
-13
-413
-841
-1394
-1976
-2361
-2449
-2332
-2085
-1756
-1380
-1043
-824
-617
-320
-13
126
67
3
104
361
606
788
998
1257
1519
1714
1858
2023
2130
2072
1892
1743
1693
1614
1375
1030
756
646
615
551
473
488
598
738
967
1292
1597
1634
1279
727
191
-251
-759
-1493
-2311
-2986
-3420
-3632
-3639
-3505
-3294
-3099
-2942
-2649
-2198
-1722
-1472
-1512
-1543
-1361
-980
-543
-166
208
654
1150
1649
2207
2743
3043
2967
2604
2252
2015
1761
1348
816
418
288
346
486
651
766
712
413
-28
-433
-822
-1391
-2179
-2923
-3302
-3253
-2990
-2681
-2281
-1746
-1145
-568
-69
347
613
628
440
327
487
760
952
1048
1236
1654
2154
2544
2774
2889
2873
2664
2345
2068
1869
1620
1205
725
417
332
313
209
72
57
174
360
591
855
1080
1082
737
186
-351
-840
-1419
-2133
-2838
-3335
-3580
-3705
-3724
-3604
-3392
-3168
-2990
-2768
-2413
-1976
-1593
-1357
-1110
-719
-252
164
484
824
1263
1727
2168
2572
2959
3267
3334
3160
2919
2687
2377
1895
1300
802
540
465
441
420
450
446
295
24
-313
-709
-1239
-1938
-2688
-3249
-3523
-3626
-3646
-3519
-3148
-2582
-1973
-1399
-882
-414
-29
176
286
434
619
750
802
921
1196
1579
1955
2253
2523
2822
3064
3136
3080
2973
2807
2523
2123
1691
1326
1037
752
503
395
457
613
775
962
1233
1524
1652
1410
851
145
-659
-1504
-2394
-3252
-3928
-4427
-4737
-4771
-4468
-3958
-3487
-3150
-2869
-2511
-2099
-1777
-1633
-1579
-1437
-1183
-827
-358
241
907
1513
2071
2654
3271
3784
3957
3756
3383
3010
2621
2128
1579
1110
803
650
603
704
939
1093
979
633
218
-185
-725
-1506
-2394
-3157
-3675
-3979
-4082
-3926
-3492
-2901
-2331
-1776
-1161
-552
-102
90
141
212
315
379
390
510
793
1134
1453
1776
2198
2686
3052
3204
3236
3242
3167
2900
2470
2005
1573
1151
748
461
411
552
724
909
1196
1607
1991
2140
1919
1397
708
-139
-1074
-2007
-2886
-3673
-4333
-4773
-4904
-4714
-4354
-4025
-3745
-3426
-2985
-2505
-2136
-1917
-1816
-1700
-1509
-1222
-832
-341
214
767
1374
2094
2871
3525
3880
3913
3758
3572
3301
2865
2289
1711
1256
948
810
832
950
1063
1027
853
657
408
-30
-761
-1655
-2473
-3072
-3460
-3719
-3805
-3651
-3291
-2834
-2288
-1643
-991
-467
-176
-1
174
349
441
397
381
506
732
988
1260
1621
2070
2474
2767
2991
3185
3281
3159
2819
2381
1969
1536
1063
618
338
305
401
592
957
1458
1959
2249
2160
1766
1171
359
-618
-1693
-2766
-3728
-4535
-5115
-5340
-5182
-4792
-4343
-3904
-3423
-2865
-2329
-1925
-1724
-1649
-1574
-1492
-1368
-1153
-801
-317
234
859
1602
2417
3133
3596
3790
3834
3767
3517
3063
2467
1870
1384
1019
782
694
757
870
885
828
754
613
282
-320
-1081
-1803
-2387
-2865
-3273
-3491
-3428
-3151
-2749
-2240
-1620
-951
-371
28
299
550
746
790
697
615
635
706
787
936
1244
1712
2167
2509
2792
3024
3144
3060
2767
2361
1910
1386
798
291
22
-12
92
305
679
1203
1730
2025
1983
1703
1211
479
-458
-1552
-2645
-3619
-4435
-5017
-5260
-5103
-4716
-4263
-3750
-3132
-2426
-1798
-1383
-1201
-1119
-1044
-1014
-989
-895
-675
-336
86
649
1400
2234
2946
3390
3605
3724
3722
3472
2972
2336
1719
1200
770
483
387
432
486
472
440
426
336
-9
-588
-1246
-1859
-2378
-2860
-3272
-3486
-3431
-3197
-2830
-2287
-1621
-929
-348
83
480
830
1047
1083
1011
976
990
990
986
1058
1291
1657
2030
2362
2694
2976
3122
3082
2884
2595
2177
1597
926
336
-57
-268
-329
-220
135
672
1216
1622
1752
1631
1271
645
-172
-1132
-2183
-3239
-4187
-4893
-5212
-5125
-4808
-4385
-3837
-3137
-2356
-1588
-980
-631
-492
-499
-572
-635
-653
-591
-440
-182
270
927
1692
2422
2988
3360
3575
3656
3527
3143
2571
1898
1237
684
273
12
-99
-117
-100
-37
58
97
-40
-386
-851
-1335
-1805
-2277
-2716
-3029
-3131
-3026
-2754
-2332
-1768
-1124
-492
81
590
1034
1353
1462
1413
1316
1217
1117
1018
980
1073
1342
1698
2042
2427
2802
3078
3187
3101
2886
2537
2030
1404
790
311
-3
-174
-176
44
434
813
999
997
842
517
0
-775
-1734
-2739
-3692
-4513
-5093
-5355
-5333
-5090
-4675
-4039
-3198
-2268
-1423
-821
-401
-94
93
141
94
38
42
153
400
815
1370
1968
2495
2908
3273
3571
3660
3469
3041
2520
1992
1466
956
487
134
-115
-299
-389
-368
-325
-388
-599
-886
-1151
-1415
-1748
-2156
-2545
-2776
-2854
-2801
-2582
-2207
-1716
-1179
-643
-104
435
875
1131
1239
1278
1312
1288
1185
1074
1049
1160
1342
1561
1836
2152
2442
2617
2691
2683
2579
2325
1927
1484
1088
791
566
459
512
685
842
826
697
487
162
-314
-1007
-1851
-2715
-3513
-4214
-4762
-5071
-5167
-5086
-4830
-4353
-3634
-2796
-2010
-1381
-851
-322
161
462
603
675
725
833
1009
1280
1671
2081
2418
2692
2989
3282
3424
3317
3013
2632
2259
1891
1460
997
588
212
-131
-407
-588
-713
-915
-1195
-1486
-1684
-1800
-1992
-2253
-2487
-2614
-2633
-2582
-2433
-2184
-1834
-1416
-962
-449
107
623
985
1216
1427
1616
1731
1696
1563
1478
1469
1520
1598
1713
1902
2101
2249
2360
2407
2379
2206
1880
1533
1211
933
692
507
470
580
748
826
755
593
316
-92
-635
-1335
-2136
-2986
-3804
-4484
-4928
-5122
-5142
-5010
-4662
-4062
-3279
-2419
-1667
-1081
-584
-164
180
395
504
584
646
778
1046
1428
1877
2295
2645
2924
3177
3363
3334
3093
2703
2268
1866
1488
1113
747
420
122
-131
-316
-453
-598
-856
-1193
-1504
-1763
-1980
-2206
-2452
-2638
-2687
-2616
-2467
-2235
-1916
-1504
-1044
-588
-121
333
705
977
1168
1344
1522
1606
1574
1512
1509
1595
1719
1821
1929
2075
2234
2359
2412
2414
2344
2158
1883
1586
1319
1101
877
712
709
832
958
906
692
389
15
-445
-1062
-1811
-2626
-3408
-4095
-4632
-4920
-5004
-4954
-4764
-4356
-3739
-2995
-2231
-1618
-1119
-637
-197
149
348
457
549
679
876
1176
1575
1985
2331
2587
2837
3089
3203
3104
2803
2410
2060
1740
1414
1055
695
372
72
-140
-262
-375
-565
-872
-1214
-1498
-1697
-1904
-2207
-2528
-2723
-2753
-2668
-2465
-2156
-1759
-1283
-775
-243
295
757
1051
1201
1309
1420
1498
1469
1368
1313
1378
1536
1698
1876
2069
2240
2385
2474
2504
2439
2244
1934
1585
1283
1024
791
615
545
637
844
1004
981
793
484
58
-457
-1095
-1849
-2679
-3504
-4209
-4689
-4898
-4927
-4850
-4644
-4216
-3547
-2779
-2042
-1420
-924
-507
-135
156
344
473
525
584
779
1118
1546
1949
2274
2540
2808
3060
3174
3091
2826
2483
2124
1773
1451
1121
774
422
107
-110
-245
-382
-619
-945
-1273
-1540
-1774
-2025
-2308
-2572
-2735
-2790
-2727
-2550
-2280
-1922
-1491
-991
-452
84
529
872
1153
1388
1567
1630
1593
1506
1438
1464
1555
1664
1800
1955
2129
2316
2473
2579
2541
2352
2064
1717
1390
1071
778
545
438
499
645
799
807
663
414
50
-376
-943
-1682
-2503
-3324
-4003
-4471
-4730
-4823
-4782
-4581
-4149
-3493
-2726
-1946
-1305
-814
-382
-5
293
472
530
537
583
734
1020
1383
1753
2085
2372
2661
2923
3065
3019
2795
2484
2140
1827
1530
1188
858
541
230
-14
-218
-427
-678
-997
-1319
-1591
-1831
-2058
-2315
-2562
-2696
-2716
-2651
-2495
-2258
-1937
-1523
-1066
-583
-98
327
666
929
1177
1395
1499
1501
1442
1411
1470
1577
1685
1782
1899
2052
2220
2373
2462
2436
2283
2038
1759
1517
1288
1032
808
681
717
859
1008
1010
853
619
253
-191
-714
-1384
-2182
-3019
-3746
-4263
-4557
-4697
-4718
-4598
-4256
-3674
-2958
-2216
-1563
-1046
-606
-222
88
297
405
418
418
531
793
1157
1509
1816
2099
2384
2660
2833
2836
2671
2407
2109
1821
1575
1331
1076
819
562
346
192
1
-298
-663
-1034
-1363
-1681
-2010
-2324
-2613
-2810
-2871
-2841
-2717
-2484
-2177
-1806
-1350
-842
-342
100
453
734
1015
1254
1378
1389
1357
1354
1399
1497
1620
1742
1869
1993
2147
2333
2466
2470
2308
2043
1767
1493
1224
944
665
481
441
520
694
861
893
795
589
272
-121
-657
-1390
-2243
-3077
-3736
-4175
-4446
-4571
-4541
-4326
-3885
-3257
-2537
-1821
-1230
-764
-364
7
316
479
524
503
520
672
941
1248
1547
1862
2168
2465
2726
2878
2856
2649
2355
2042
1759
1509
1228
928
666
464
312
164
-26
-281
-598
-936
-1278
-1642
-2019
-2378
-2708
-2957
-3078
-3081
-2966
-2746
-2423
-1974
-1439
-857
-290
214
646
994
1255
1411
1472
1461
1414
1375
1376
1441
1560
1692
1829
2009
2215
2403
2507
2482
2320
2067
1771
1431
1087
762
469
263
181
260
453
674
822
813
725
557
252
-198
-848
-1633
-2436
-3143
-3704
-4112
-4354
-4468
-4409
-4118
-3600
-2930
-2231
-1600
-1083
-625
-184
174
380
453
439
419
482
644
890
1170
1445
1726
2033
2372
2644
2762
2718
2558
2364
2153
1917
1632
1331
1053
801
602
439
275
49
-243
-559
-899
-1246
-1619
-2050
-2497
-2869
-3117
-3264
-3299
-3223
-3041
-2713
-2256
-1735
-1165
-586
-71
367
719
1001
1209
1290
1287
1277
1302
1371
1457
1559
1719
1937
2184
2423
2608
2717
2698
2543
2306
2010
1677
1329
976
662
459
393
438
533
638
733
741
671
515
214
-197
-743
-1426
-2137
-2786
-3351
-3808
-4137
-4309
-4277
-4053
-3654
-3144
-2583
-1995
-1440
-924
-456
-49
226
366
446
508
620
756
912
1083
1266
1513
1795
2085
2334
2508
2586
2567
2491
2362
2195
1983
1717
1459
1229
1011
802
581
354
93
-220
-560
-950
-1384
-1819
-2254
-2669
-3021
-3291
-3469
-3527
-3432
-3192
-2839
-2385
-1856
-1279
-687
-114
387
773
1048
1240
1367
1455
1488
1483
1492
1557
1721
1924
2148
2351
2491
2593
2656
2646
2528
2301
1957
1554
1186
856
574
331
126
10
19
144
301
406
402
307
137
-128
-494
-993
-1618
-2294
-2908
-3387
-3717
-3906
-3985
-3938
-3696
-3240
-2663
-2055
-1477
-972
-508
-79
270
512
640
656
625
632
709
831
966
1101
1275
1520
1792
2056
2234
2318
2343
2302
2226
2104
1919
1673
1398
1130
868
621
369
61
-278
-612
-937
-1249
-1582
-1962
-2358
-2700
-2969
-3157
-3235
-3233
-3125
-2893
-2538
-2049
-1477
-880
-320
179
634
1034
1357
1578
1686
1737
1752
1752
1765
1790
1834
1894
1969
2066
2197
2314
2363
2321
2189
1996
1762
1439
1057
676
318
48
-132
-187
-115
32
222
413
571
640
605
404
39
-434
-1015
-1675
-2337
-2927
-3432
-3778
-3957
-3992
-3827
-3485
-3007
-2447
-1847
-1257
-749
-317
11
219
321
351
325
279
297
379
511
694
948
1263
1620
1989
2297
2553
2718
2770
2757
2665
2492
2240
1902
1525
1154
807
468
146
-191
-536
-844
-1150
-1454
-1767
-2121
-2481
-2799
-3065
-3271
-3383
-3397
-3304
-3088
-2725
-2244
-1706
-1120
-524
35
570
1044
1406
1629
1728
1766
1764
1719
1669
1626
1606
1654
1776
1924
2066
2170
2220
2204
2112
1949
1698
1371
1011
673
401
211
104
85
157
321
560
814
990
1043
981
790
491
83
-455
-1094
-1774
-2402
-2927
-3307
-3534
-3646
-3623
-3435
-3066
-2594
-2093
-1606
-1196
-818
-476
-222
-55
15
37
45
79
200
387
587
805
1072
1393
1731
2035
2268
2405
2464
2465
2381
2231
2012
1726
1421
1115
839
598
363
122
-109
-347
-584
-837
-1141
-1481
-1830
-2155
-2440
-2688
-2891
-2996
-2991
-2874
-2614
-2262
-1824
-1335
-850
-357
126
552
880
1086
1200
1277
1295
1282
1268
1233
1214
1244
1314
1398
1508
1610
1648
1658
1653
1609
1531
1393
1199
993
814
670
556
489
471
491
561
698
887
1070
1172
1159
1054
866
589
223
-246
-813
-1412
-1954
-2409
-2773
-3046
-3210
-3256
-3178
-2948
-2611
-2226
-1839
-1469
-1114
-770
-461
-249
-124
-69
-48
4
82
184
317
476
680
930
1236
1542
1777
1954
2090
2167
2190
2124
1975
1786
1557
1301
1053
821
594
373
173
-15
-204
-416
-666
-938
-1245
-1553
-1850
-2147
-2417
-2645
-2801
-2865
-2823
-2688
-2456
-2127
-1737
-1284
-806
-344
83
445
746
975
1110
1161
1156
1120
1085
1062
1070
1118
1180
1298
1460
1624
1781
1899
1971
1993
1950
1859
1714
1511
1285
1083
934
838
805
847
939
1080
1276
1468
1555
1515
1359
1071
679
189
-396
-1075
-1773
-2371
-2862
-3230
-3463
-3559
-3493
-3289
-2968
-2566
-2141
-1750
-1421
-1136
-904
-747
-669
-659
-687
-686
-613
-479
-284
-48
230
569
953
1337
1682
1964
2173
2301
2367
2368
2291
2160
1980
1782
1604
1442
1290
1135
986
838
692
534
322
50
-298
-717
-1153
-1600
-2057
-2486
-2879
-3215
-3439
-3520
-3472
-3303
-3041
-2692
-2267
-1801
-1317
-847
-424
-53
252
467
626
751
825
865
905
970
1079
1224
1397
1597
1810
2012
2191
2334
2421
2460
2427
2317
2173
1988
1797
1617
1434
1302
1213
1170
1182
1231
1318
1391
1414
1353
1203
979
653
242
-266
-844
-1441
-2032
-2571
-3037
-3394
-3650
-3808
-3833
-3730
-3513
-3208
-2853
-2490
-2128
-1768
-1434
-1157
-943
-780
-642
-514
-359
-159
80
360
675
1048
1474
1918
2345
2702
2974
3162
3268
3283
3196
3013
2738
2413
2065
1730
1409
1094
813
548
303
78
-142
-388
-698
-1060
-1460
-1892
-2352
-2820
-3258
-3645
-3945
-4113
-4149
-4039
-3788
-3419
-2954
-2410
-1801
-1197
-643
-137
294
639
906
1085
1201
1283
1353
1454
1573
1724
1919
2138
2373
2605
2800
2937
3023
3026
2950
2820
2623
2394
2133
1857
1610
1409
1251
1122
1029
989
964
939
917
837
693
477
169
-199
-620
-1088
-1575
-2058
-2523
-2933
-3258
-3504
-3670
-3762
-3770
-3684
-3535
-3321
-3041
-2728
-2382
-2024
-1639
-1221
-817
-438
-70
284
628
952
1250
1527
1776
1990
2198
2386
2531
2652
2745
2793
2803
2786
2734
2633
2483
2285
2050
1776
1453
1094
713
309
-95
-508
-920
-1309
-1682
-2010
-2309
-2596
-2856
-3094
-3304
-3475
-3618
-3720
-3763
-3767
-3687
-3517
-3274
-2937
-2540
-2086
-1560
-993
-396
203
758
1271
1724
2127
2486
2748
2927
3044
3100
3138
3168
3172
3153
3105
3052
3011
2971
2909
2796
2643
2452
2224
1968
1672
1328
944
556
196
-141
-427
-666
-880
-1031
-1110
-1122
-1093
-1084
-1125
-1193
-1259
-1345
-1475
-1655
-1897
-2162
-2398
-2575
-2689
-2749
-2759
-2694
-2507
-2201
-1821
-1399
-975
-561
-146
252
627
922
1117
1244
1335
1418
1485
1526
1536
1543
1563
1626
1740
1840
1914
1947
1946
1952
1925
1823
1626
1363
1059
719
369
-11
-412
-783
-1135
-1442
-1678
-1897
-2097
-2256
-2399
-2507
-2582
-2676
-2794
-2903
-3015
-3105
-3143
-3151
-3109
-2971
-2726
-2375
-1915
-1369
-741
-62
632
1342
2003
2577
3053
3411
3655
3790
3799
3691
3499
3245
2981
2716
2453
2220
2013
1852
1734
1631
1522
1379
1223
1017
752
461
129
-239
-633
-1006
-1319
-1561
-1730
-1821
-1825
-1735
-1545
-1287
-984
-668
-389
-177
-27
52
43
-75
-291
-567
-874
-1155
-1404
-1608
-1728
-1743
-1646
-1458
-1172
-805
-404
-15
348
685
953
1147
1249
1259
1203
1105
992
880
780
694
659
699
787
907
1045
1183
1277
1318
1316
1239
1077
834
503
113
-288
-702
-1102
-1452
-1755
-1969
-2098
-2145
-2098
-2012
-1890
-1769
-1650
-1543
-1499
-1504
-1571
-1679
-1797
-1902
-1969
-1983
-1916
-1756
-1476
-1082
-579
14
618
1218
1806
2340
2784
3094
3266
3281
3164
2958
2674
2331
1956
1590
1270
1014
832
732
676
640
636
622
593
530
391
187
-78
-374
-663
-944
-1212
-1419
-1553
-1600
-1532
-1359
-1105
-801
-446
-64
305
638
910
1080
1136
1100
980
800
567
295
27
-228
-428
-558
-628
-627
-575
-473
-321
-147
22
164
253
289
280
212
106
-26
-180
-322
-441
-519
-543
-520
-452
-355
-223
-68
80
209
290
336
343
278
167
23
-164
-358
-540
-703
-829
-920
-957
-934
-871
-776
-661
-549
-444
-368
-339
-340
-380
-475
-603
-740
-865
-981
-1054
-1064
-1012
-901
-741
-504
-232
57
364
648
920
1144
1312
1439
1509
1516
1481
1405
1291
1166
1034
880
738
609
469
334
216
103
-14
-122
-225
-325
-404
-463
-500
-513
-506
-463
-393
-288
-152
-16
132
289
446
622
793
942
1097
1265
1417
1549
1662
1750
1792
1765
1676
1536
1335
1081
775
428
64
-296
-619
-907
-1153
-1344
-1470
-1530
-1535
-1493
-1419
-1329
-1241
-1172
-1116
-1089
-1085
-1104
-1136
-1151
-1162
-1142
-1072
-968
-804
-594
-364
-107
149
378
583
743
846
894
886
832
740
621
504
394
297
222
166
125
108
105
87
46
-3
-76
-193
-334
-494
-659
-845
-1027
-1172
-1288
-1340
-1345
-1316
-1224
-1096
-929
-737
-542
-335
-156
-5
131
234
310
367
408
428
447
471
483
495
514
527
529
532
535
529
531
523
513
519
520
544
600
655
717
786
867
933
989
1062
1106
1124
1134
1119
1098
1081
1069
1036
998
972
956
958
933
894
846
754
634
491
311
96
-166
-460
-740
-1003
-1250
-1461
-1629
-1759
-1826
-1828
-1775
-1657
-1521
-1375
-1203
-1034
-858
-690
-585
-509
-446
-405
-352
-308
-269
-229
-179
-87
27
162
293
414
544
656
755
834
871
855
805
727
616
481
322
147
-39
-194
-311
-424
-505
-559
-595
-609
-605
-584
-578
-595
-633
-673
-740
-835
-919
-1039
-1151
-1227
-1275
-1268
-1219
-1120
-969
-771
-536
-265
5
243
451
621
757
847
884
871
821
756
704
667
642
634
657
704
779
900
1009
1104
1181
1236
1278
1265
1228
1149
1020
886
759
640
509
402
329
260
243
272
300
363
434
499
580
644
697
733
703
629
530
390
225
35
-182
-393
-596
-778
-923
-1047
-1139
-1198
-1214
-1192
-1159
-1115
-1069
-1025
-985
-956
-935
-940
-952
-950
-938
-900
-835
-752
-635
-487
-312
-109
106
309
495
647
768
853
896
894
836
745
648
534
424
322
219
137
80
41
16
-8
-44
-95
-152
-223
-313
-415
-532
-658
-775
-886
-979
-1043
-1096
-1127
-1129
-1114
-1066
-1000
-943
-870
-790
-699
-593
-480
-353
-227
-84
78
246
427
600
749
875
990
1072
1119
1139
1137
1110
1075
1039
996
971
962
953
974
992
1011
1029
1010
975
910
815
693
544
384
225
85
-26
-105
-149
-145
-103
-19
96
214
338
447
538
586
590
556
469
336
181
11
-165
-328
-473
-586
-657
-700
-711
-700
-671
-634
-609
-599
-595
-610
-648
-699
-757
-811
-852
-879
-896
-875
-825
-753
-652
-551
-429
-288
-158
-31
93
200
293
371
433
472
491
500
485
451
414
364
299
221
146
73
-1
-61
-111
-165
-206
-240
-287
-337
-390
-452
-527
-621
-718
-814
-902
-989
-1050
-1084
-1108
-1062
-976
-876
-734
-555
-358
-149
74
287
477
639
768
862
915
946
938
910
876
816
783
772
752
732
734
747
754
767
763
728
659
585
496
373
255
141
37
-50
-98
-115
-98
-36
40
137
255
377
502
625
712
774
829
843
841
831
782
712
627
537
456
356
255
168
57
-54
-152
-254
-360
-482
-609
-721
-840
-952
-1052
-1162
-1255
-1309
-1348
-1365
-1355
-1337
-1294
-1231
-1143
-1025
-903
-774
-638
-502
-357
-216
-91
28
132
239
342
425
512
596
663
720
776
819
826
815
780
721
640
543
428
291
146
-4
-145
-294
-440
-568
-698
-810
-910
-1004
-1083
-1151
-1197
-1238
-1257
-1249
-1225
-1169
-1089
-976
-841
-681
-478
-278
-83
135
340
521
688
832
926
988
1032
1048
1038
1006
977
951
927
915
909
919
927
924
924
905
861
785
695
593
477
371
275
193
129
91
86
111
160
218
270
325
379
407
429
433
410
381
339
297
262
222
186
158
151
149
152
148
131
95
29
-30
-107
-219
-330
-447
-579
-700
-795
-875
-933
-970
-982
-970
-940
-883
-826
-771
-702
-647
-590
-532
-482
-433
-395
-340
-281
-221
-136
-55
30
115
190
278
349
400
436
453
459
451
434
398
329
258
168
75
-19
-143
-261
-375
-501
-614
-710
-805
-899
-973
-1032
-1075
-1107
-1102
-1079
-1049
-980
-883
-776
-652
-510
-355
-194
-25
154
331
497
661
824
954
1075
1190
1256
1290
1308
1299
1266
1215
1138
1052
964
871
790
699
619
555
480
416
354
284
224
148
65
-1
-68
-132
-178
-217
-234
-220
-193
-124
-34
50
165
287
404
518
594
665
714
711
699
654
572
494
384
253
132
0
-120
-226
-319
-405
-483
-547
-610
-655
-710
-776
-831
-876
-916
-966
-993
-972
-954
-929
-876
-808
-724
-634
-540
-435
-334
-232
-122
-34
32
102
162
195
231
270
291
298
297
292
286
272
247
223
189
144
78
10
-62
-159
-261
-368
-476
-595
-718
-824
-920
-997
-1047
-1062
-1058
-1022
-947
-861
-753
-614
-457
-297
-134
34
187
352
502
626
770
885
982
1063
1118
1182
1222
1241
1263
1271
1265
1236
1201
1153
1071
979
865
737
602
444
286
132
-22
-154
-262
-356
-433
-476
-489
-465
-419
-357
-271
-188
-99
2
89
180
260
323
381
433
479
509
531
547
553
555
543
522
494
438
358
274
173
51
-74
-231
-389
-514
-652
-767
-864
-941
-988
-1012
-998
-968
-916
-849
-787
-713
-639
-577
-512
-467
-439
-390
-357
-329
-294
-270
-217
-165
-111
-37
22
89
148
191
232
236
221
190
133
64
-18
-111
-205
-290
-376
-444
-490
-535
-540
-521
-505
-476
-425
-366
-319
-267
-212
-173
-126
-79
-46
-13
24
77
125
182
269
356
449
550
649
755
852
932
982
1019
1039
1028
1010
953
879
799
705
625
550
478
409
332
278
244
186
130
79
16
-43
-102
-166
-223
-278
-336
-365
-375
-364
-319
-261
-176
-75
35
153
280
404
501
586
644
665
652
611
539
443
344
247
145
42
-51
-124
-184
-254
-315
-365
-424
-484
-563
-650
-738
-835
-908
-984
-1055
-1084
-1090
-1075
-1024
-935
-831
-724
-600
-474
-351
-250
-175
-114
-68
-37
-27
-14
-13
-25
-25
-13
3
23
45
63
73
78
72
45
13
-24
-69
-107
-129
-157
-186
-191
-177
-149
-120
-72
-18
26
75
125
174
190
197
214
211
218
226
232
235
242
268
294
321
355
392
427
460
496
530
552
556
573
587
583
582
581
572
563
540
508
486
438
382
332
283
236
193
156
112
88
81
70
74
76
80
85
80
74
64
38
16
-2
-25
-29
-27
-26
-10
19
44
59
95
108
89
67
23
-21
-102
-197
-284
-389
-479
-560
-630
-672
-699
-729
-735
-722
-710
-696
-696
-686
-685
-698
-685
-688
-682
-667
-643
-588
-519
-440
-346
-234
-131
-30
97
193
253
302
323
315
285
241
175
92
11
-61
-120
-166
-197
-205
-190
-166
-136
-101
-68
-36
-29
-28
-19
-24
-33
-39
-43
-41
-11
30
64
124
186
238
303
366
409
437
455
467
463
458
448
424
417
407
390
383
384
389
401
415
438
463
470
483
497
494
482
476
456
416
381
325
273
234
180
132
80
35
4
-38
-66
-91
-116
-142
-159
-163
-176
-180
-166
-171
-160
-147
-151
-137
-122
-99
-77
-43
-6
13
40
68
85
85
79
64
37
-6
-63
-133
-208
-270
-341
-416
-483
-530
-559
-581
-584
-586
-564
-531
-510
-477
-449
-426
-403
-383
-364
-352
-326
-310
-284
-239
-198
-134
-78
-21
59
109
157
215
242
253
257
237
198
161
115
64
31
3
-18
-11
-3
20
50
83
111
132
163
163
163
163
136
117
96
64
37
23
34
48
70
113
172
216
254
313
347
363
369
350
330
295
244
206
156
116
100
84
75
95
123
142
169
190
211
222
213
199
172
145
107
69
42
12
-2
-19
-29
-13
-8
-7
-3
-5
-15
-16
-29
-58
-69
-85
-117
-134
-142
-156
-162
-155
-149
-139
-118
-104
-99
-97
-105
-109
-121
-149
-173
-205
-248
-269
-279
-290
-308
-313
-301
-293
-280
-261
-245
-232
-210
-196
-189
-176
-157
-136
-117
-84
-44
-5
39
77
122
169
200
220
245
265
254
242
232
218
201
174
143
110
84
57
25
-1
-36
-76
-99
-127
-167
-193
-211
-220
-224
-209
-183
-159
-121
-65
-5
45
95
149
187
216
249
277
294
311
308
302
301
285
277
262
241
221
189
160
125
85
61
21
-7
-18
-30
-41
-56
-41
-24
-19
0
13
21
30
36
32
28
17
-6
-16
-28
-46
-57
-57
-55
-58
-50
-40
-33
-26
-20
-30
-48
-61
-85
-103
-126
-150
-144
-142
-133
-107
-77
-38
-9
17
43
48
40
28
9
-26
-64
-96
-134
-173
-194
-196
-192
-182
-146
-124
-111
-76
-45
-34
-30
-24
-34
-41
-40
-33
-22
-14
9
25
44
84
115
144
167
177
189
177
150
114
61
16
-34
-84
-136
-192
-229
-246
-251
-249
-233
-211
-180
-154
-122
-84
-62
-45
-28
-36
-44
-34
-34
-38
-23
-12
4
48
77
101
150
185
214
239
250
249
235
228
206
169
138
104
61
24
3
-9
-4
-7
6
33
50
90
115
132
151
159
165
152
123
99
75
52
32
15
18
25
32
42
59
78
82
90
74
48
22
-26
-68
-113
-160
-194
-219
-237
-234
-215
-199
-156
-107
-75
-33
2
36
55
64
73
64
47
23
-9
-32
-58
-68
-71
-87
-78
-69
-73
-60
-52
-53
-50
-58
-69
-76
-92
-103
-110
-134
-139
-136
-145
-138
-135
-127
-115
-107
-98
-94
-76
-74
-70
-70
-83
-78
-89
-103
-107
-115
-124
-128
-136
-147
-141
-130
-119
-100
-68
-40
-7
33
71
111
145
177
204
212
223
231
226
227
210
193
187
174
164
166
162
157
168
170
166
159
134
104
82
62
26
-6
-19
-28
-33
-15
9
28
51
88
127
156
190
196
194
202
173
135
113
80
44
22
5
-12
-18
-20
-14
-7
-2
17
18
1
-19
-39
-57
-81
-92
-108
-133
-120
-102
-93
-77
-50
-17
7
33
45
37
30
3
-27
-57
-92
-118
-143
-166
-177
-183
-183
-177
-169
-147
-130
-132
-122
-120
-135
-139
-151
-156
-148
-142
-142
-124
-93
-67
-26
6
20
38
54
59
40
17
0
-37
-74
-102
-123
-136
-138
-137
-123
-105
-93
-66
-30
-2
14
26
42
60
68
70
84
99
120
141
162
188
206
228
250
262
260
253
251
222
197
176
135
99
60
34
21
1
-16
-25
-27
-18
-19
-11
4
3
15
27
32
45
60
66
71
85
93
96
85
85
85
75
62
43
21
3
-5
-18
-34
-36
-44
-49
-44
-43
-39
-38
-46
-47
-54
-66
-80
-89
-95
-101
-94
-88
-73
-45
-33
-14
22
43
50
58
57
50
30
10
-14
-49
-64
-87
-97
-106
-117
-109
-105
-91
-79
-66
-61
-66
-63
-71
-92
-111
-122
-121
-142
-160
-155
-146
-137
-123
-103
-73
-34
-14
11
32
42
59
65
61
53
46
42
38
31
48
67
75
102
136
158
182
205
215
213
208
198
188
156
126
109
82
59
33
11
5
8
12
26
29
31
45
34
32
32
24
16
-5
-24
-40
-54
-63
-69
-69
-70
-56
-29
-11
6
36
65
75
78
82
82
78
69
56
43
29
12
-1
-5
-6
-10
-11
-11
-18
-33
-48
-43
-52
-75
-83
-105
-130
-133
-137
-135
-131
-130
-118
-113
-102
-79
-74
-63
-52
-52
-36
-34
-43
-38
-28
-17
-13
-4
-6
-5
-1
-5
-8
-25
-39
-55
-61
-56
-64
-66
-65
-49
-31
-21
6
28
41
51
52
50
43
38
34
18
11
16
11
23
37
51
85
105
116
140
154
157
148
139
120
87
66
38
10
-6
-26
-26
-21
-17
5
27
59
83
98
118
126
117
108
101
77
54
36
21
9
4
5
14
31
42
66
85
91
104
96
68
56
32
-9
-42
-69
-90
-111
-133
-140
-133
-127
-119
-103
-92
-71
-61
-68
-59
-56
-77
-94
-106
-115
-121
-133
-132
-130
-123
-104
-96
-83
-58
-33
-23
-10
5
8
6
-7
-2
-3
-22
-24
-38
-44
-46
-56
-51
-52
-48
-41
-43
-40
-28
-25
-31
-29
-26
-31
-29
-28
-45
-57
-62
-64
-75
-81
-79
-70
-54
-45
-27
0
11
40
66
75
102
115
126
138
139
145
141
142
139
140
149
149
162
169
162
164
163
163
167
159
146
128
117
98
63
44
33
18
3
-10
-15
-20
-24
-27
-20
-5
-2
2
3
-1
5
0
-5
-12
-30
-45
-59
-70
-82
-85
-75
-75
-67
-56
-44
-24
-8
19
38
42
45
37
23
5
-15
-38
-58
-75
-93
-99
-101
-92
-80
-67
-53
-36
-22
-16
1
0
-12
-27
-57
-76
-103
-135
-148
-154
-164
-166
-145
-128
-109
-87
-55
-23
-10
20
17
5
14
-5
-22
-44
-56
-66
-81
-72
-70
-60
-37
-20
11
44
56
76
93
97
98
83
71
60
28
5
-6
-11
-28
-35
-20
-9
19
43
66
97
123
135
144
155
145
135
114
84
67
39
11
6
0
-8
1
11
27
40
56
85
88
88
92
72
52
43
23
-14
-40
-52
-67
-67
-63
-60
-30
-3
16
41
64
79
78
78
76
56
24
-4
-37
-71
-98
-118
-140
-144
-127
-116
-93
-77
-65
-39
-20
0
4
4
9
6
-9
-19
-22
-34
-41
-38
-25
-10
7
24
45
62
70
84
81
72
67
56
36
1
-23
-42
-61
-68
-78
-83
-71
-61
-49
-30
-15
-1
9
9
5
12
6
-11
-12
-16
-35
-32
-34
-42
-31
-16
-10
1
15
29
50
61
59
64
70
68
78
86
73
67
65
62
48
37
40
38
36
39
29
24
20
11
10
10
8
1
-7
-17
-40
-39
-48
-74
-92
-103
-102
-114
-125
-117
-110
-104
-80
-64
-48
-16
-2
14
30
40
42
40
37
33
16
0
-2
-6
-21
-18
7
15
30
53
61
64
66
63
50
29
8
-20
-49
-76
-100
-115
-123
-113
-100
-91
-66
-27
-1
25
36
35
48
44
19
13
-7
-29
-34
-49
-51
-40
-31
-5
28
51
81
115
134
149
152
133
125
110
66
42
31
14
2
-5
3
5
25
51
59
82
100
96
93
80
59
37
9
-15
-39
-67
-70
-62
-64
-59
-57
-38
-26
-21
4
3
-1
12
-6
-4
-1
-27
-31
-20
-19
-18
-13
-5
5
16
35
30
25
39
32
39
48
30
21
16
13
5
-19
-30
-33
-31
-39
-47
-46
-52
-53
-61
-65
-57
-69
-78
-75
-84
-82
-78
-92
-88
-78
-69
-56
-50
-38
-37
-25
-21
-20
-9
-19
-13
-3
4
23
33
35
48
63
76
87
84
87
90
64
56
61
47
34
27
32
31
21
26
30
38
37
32
33
22
20
4
-22
-32
-43
-58
-66
-72
-87
-79
-73
-74
-63
-60
-44
-29
-16
4
9
10
10
11
13
18
18
17
19
33
48
53
73
88
102
112
115
126
121
108
100
77
49
22
-7
-26
-39
-49
-64
-70
-66
-65
-63
-74
-82
-74
-77
-88
-95
-102
-110
-113
-117
-119
-107
-96
-76
-56
-37
-17
-6
6
18
39
60
60
67
75
69
63
55
57
59
50
49
40
40
53
49
49
50
49
58
50
50
47
29
21
9
2
-6
-23
-31
-36
-38
-39
-42
-45
-50
-45
-46
-40
-39
-47
-39
-29
-19
-1
10
18
22
37
52
43
49
52
44
54
64
62
58
60
74
76
78
77
79
81
61
51
32
11
-2
-36
-48
-59
-72
-61
-67
-61
-56
-52
-36
-37
-40
-32
-15
-18
-33
-39
-53
-68
-69
-72
-77
-73
-65
-50
-34
-20
-5
19
36
54
67
62
60
52
39
20
-12
-28
-32
-45
-47
-42
-33
-11
3
23
45
63
80
71
57
45
18
-9
-37
-59
-85
-105
-104
-100
-96
-79
-52
-21
-3
11
29
36
45
37
15
5
-8
-21
-29
-40
-41
-27
-9
16
42
67
93
109
134
150
148
147
133
119
93
66
45
9
-6
-8
-20
-16
-7
-2
4
14
28
40
34
27
25
6
-6
-29
-61
-75
-83
-87
-88
-80
-66
-56
-38
-21
-4
18
34
37
40
41
33
30
18
-2
-9
-20
-23
-23
-23
-15
-9
5
18
21
36
51
56
56
53
41
28
13
-2
-24
-47
-63
-73
-86
-98
-89
-82
-74
-66
-60
-54
-48
-39
-25
-21
-39
-53
-51
-56
-72
-74
-69
-65
-46
-29
-12
20
44
63
87
110
121
113
117
121
95
78
60
27
6
-9
-23
-33
-28
-25
-23
-5
3
17
25
21
26
14
0
-8
-30
-54
-67
-81
-99
-94
-85
-84
-62
-26
-4
29
59
72
94
100
99
100
80
67
55
42
31
12
0
-8
1
21
28
46
71
84
92
94
88
74
68
44
19
-12
-49
-62
-88
-112
-112
-108
-107
-101
-86
-66
-43
-26
-12
-11
-11
-20
-35
-34
-44
-64
-64
-68
-72
-74
-61
-31
-7
15
39
66
89
106
111
117
118
102
90
68
40
25
9
-10
-14
-18
-32
-27
-18
-12
-3
10
13
2
3
-10
-28
-31
-48
-66
-84
-93
-96
-94
-81
-86
-71
-42
-21
-1
8
25
50
58
59
61
54
38
33
36
25
17
20
22
22
27
47
62
65
79
85
90
90
74
67
44
27
12
-20
-33
-41
-50
-57
-54
-54
-49
-39
-33
-18
-10
-12
-6
-11
-30
-37
-46
-64
-67
-78
-80
-76
-70
-59
-47
-29
-20
1
23
40
51
50
56
52
43
27
16
17
5
9
17
6
7
23
28
36
49
54
50
41
32
22
1
-21
-37
-51
-62
-72
-76
-78
-73
-70
-59
-30
-20
-22
-19
-9
4
-4
-11
-13
-20
-11
-8
-15
-8
5
12
22
36
52
60
65
78
76
67
63
53
42
38
29
22
20
17
22
19
19
22
28
30
22
23
22
11
-1
-11
-30
-41
-47
-52
-47
-45
-32
-25
-26
-12
-11
-5
0
1
0
-9
-5
-19
-29
-21
-18
-12
1
9
27
48
49
58
67
63
69
62
40
25
3
-15
-20
-33
-31
-30
-47
-46
-41
-41
-37
-32
-25
-24
-32
-37
-41
-55
-69
-70
-71
-79
-71
-65
-60
-40
-31
-25
-13
-3
11
27
36
44
43
40
33
20
18
28
20
15
18
16
13
19
18
19
41
34
22
27
22
26
23
9
3
-5
-6
-14
-31
-31
-33
-35
-32
-33
-29
-29
-24
-11
-12
-7
-3
2
14
15
13
14
14
5
5
3
-9
8
12
14
35
33
46
61
62
79
80
76
81
69
55
43
19
2
-4
-28
-33
-28
-33
-29
-33
-24
-13
-14
-2
4
-6
-13
-18
-28
-41
-50
-54
-56
-61
-61
-50
-47
-34
-15
-9
13
31
35
40
40
40
26
10
2
-9
-21
-27
-32
-31
-24
-25
-26
-3
22
26
34
42
37
32
25
11
-8
-30
-41
-57
-67
-66
-67
-57
-45
-40
-27
-11
4
8
13
10
2
1
-9
-22
-38
-37
-38
-42
-29
-15
2
23
37
53
67
73
78
74
57
57
52
27
6
-2
-4
-12
-12
-16
-4
16
29
49
47
43
41
40
33
6
-11
-27
-44
-63
-76
-73
-75
-66
-47
-32
-14
10
29
36
42
40
31
25
17
5
-19
-35
-29
-30
-30
-18
6
35
44
57
77
78
74
80
68
45
23
5
-11
-33
-45
-57
-63
-59
-52
-25
-6
1
7
17
13
-2
-4
-14
-32
-46
-68
-81
-88
-92
-88
-85
-64
-44
-20
14
32
52
65
63
61
59
45
27
22
15
4
3
-3
-5
17
28
33
53
67
78
80
74
62
40
18
1
-17
-41
-61
-63
-59
-64
-59
-54
-32
-8
-9
11
22
21
28
21
12
-2
-21
-26
-27
-46
-46
-34
-28
-13
8
32
45
57
68
67
74
72
68
58
38
21
3
-11
-21
-20
-12
-5
5
28
38
34
43
43
38
36
17
4
-17
-43
-65
-80
-83
-94
-89
-76
-74
-51
-35
-15
0
6
16
17
11
8
12
-3
-23
-22
-28
-30
-27
-23
-3
8
19
37
45
54
59
68
65
52
42
25
7
-11
-17
-29
-47
-38
-27
-26
-23
-15
-12
3
17
18
22
9
1
-3
-22
-41
-52
-47
-48
-44
-40
-44
-27
-7
1
16
31
46
50
49
45
39
37
26
17
13
3
-6
-8
3
4
8
22
30
39
45
47
48
50
41
28
17
0
-19
-29
-38
-51
-52
-57
-50
-33
-21
-4
0
11
24
18
27
23
6
3
-21
-34
-39
-62
-56
-46
-55
-43
-24
-3
24
37
51
59
64
73
57
44
38
21
2
-25
-38
-45
-44
-40
-36
-24
-8
8
21
39
43
40
41
29
22
4
-14
-28
-55
-71
-71
-59
-54
-49
-27
-9
13
20
29
48
43
38
34
18
7
-16
-30
-37
-59
-52
-38
-33
-24
-3
24
41
54
62
60
62
69
64
48
23
10
3
-19
-25
-27
-32
-22
-18
-2
18
16
20
33
31
24
18
12
3
-22
-34
-38
-58
-62
-55
-57
-42
-27
-18
-2
12
24
29
33
32
20
18
7
-11
-7
-20
-38
-24
-19
-22
-10
0
22
36
43
50
52
50
36
31
20
9
-8
-39
-38
-36
-47
-55
-44
-35
-29
-6
9
22
18
20
29
15
14
5
-12
-19
-32
-47
-52
-42
-33
-28
-14
7
20
29
39
48
49
43
40
27
8
-10
-27
-28
-26
-38
-38
-19
-15
8
33
41
56
54
53
54
44
28
17
-4
-26
-26
-42
-50
-43
-40
-26
-5
13
24
39
43
38
44
39
26
13
-11
-20
-34
-50
-48
-49
-38
-17
-9
2
26
43
45
52
54
39
25
7
-6
-26
-48
-49
-62
-62
-52
-48
-26
-6
9
22
29
41
46
43
36
12
-8
-19
-26
-36
-45
-45
-38
-29
-15
0
12
25
40
51
51
48
37
22
12
-9
-23
-34
-43
-43
-51
-42
-23
-19
-12
-1
17
28
38
43
30
24
15
-4
-14
-24
-35
-38
-41
-38
-28
-16
-3
4
29
44
48
58
45
38
41
30
19
2
-13
-15
-21
-18
-8
-6
5
20
32
37
39
49
46
45
38
24
15
-2
-17
-20
-34
-43
-39
-37
-35
-29
-13
1
4
14
25
20
13
8
8
-2
-16
-18
-26
-33
-33
-29
-18
-9
4
21
26
29
39
39
42
34
18
10
-5
-11
-13
-14
-16
-29
-31
-23
-17
-15
-5
-1
4
11
6
2
-1
-12
-17
-13
-23
-29
-36
-42
-33
-38
-27
-15
-18
-7
1
4
6
9
12
13
15
-1
-7
2
-1
-5
-8
1
7
6
9
15
19
24
27
26
23
22
16
7
12
10
1
-7
-11
-12
-16
-14
-5
-2
0
8
11
9
12
10
0
-7
-5
-10
-14
-15
-24
-20
-18
-15
-1
1
9
23
17
22
30
27
25
16
9
8
0
-7
-4
1
1
-3
9
15
10
18
27
33
33
28
13
3
6
-4
-16
-26
-34
-33
-22
-17
-15
-8
-2
7
14
10
6
4
5
-4
-23
-29
-31
-30
-30
-39
-24
-10
-8
8
13
25
24
17
24
20
19
9
-8
-10
-11
-19
-22
-13
-10
-4
-1
12
31
29
24
28
27
15
6
-5
-22
-33
-48
-50
-41
-38
-40
-23
4
6
16
29
30
35
34
28
23
8
-12
-23
-34
-35
-38
-28
-12
-12
0
15
25
31
40
43
40
37
25
8
-12
-16
-27
-40
-41
-48
-41
-27
-18
6
19
30
44
34
39
39
25
12
-3
-19
-34
-43
-51
-61
-53
-25
-7
-1
12
28
38
49
45
43
47
33
18
-5
-14
-24
-50
-43
-35
-35
-22
-14
-7
16
37
44
43
46
41
28
15
-4
-24
-37
-45
-52
-51
-44
-36
-18
-4
16
32
39
49
50
49
47
28
5
0
-16
-33
-34
-39
-36
-31
-16
0
10
23
37
51
57
56
48
36
24
20
6
-21
-31
-36
-47
-38
-37
-31
-3
2
13
26
29
42
40
27
13
-2
-6
-19
-38
-32
-40
-50
-36
-31
-22
-9
1
23
29
41
45
33
36
30
17
6
-2
-11
-22
-31
-35
-28
-25
-16
0
-3
10
25
31
35
30
30
18
1
-5
-19
-36
-40
-43
-45
-39
-42
-36
-24
-14
-4
2
17
25
18
23
28
8
-9
-12
-27
-38
-32
-32
-25
-21
-15
-2
4
17
32
44
55
53
54
41
18
13
1
-20
-27
-25
-30
-31
-25
-16
-3
2
15
29
30
34
23
18
19
3
-8
-11
-26
-36
-43
-49
-47
-34
-18
-8
8
19
30
40
38
41
40
26
21
16
-5
-15
-18
-23
-23
-19
-2
8
