-10
-7
-14
-18
-17
-17
-17
-18
-17
-12
-14
-19
-7
3
-2
-14
-10
-1
-8
-6
1
0
-4
-4
3
-5
0
6
-3
6
3
-6
9
10
8
14
15
11
7
8
14
12
15
18
14
16
17
23
20
18
26
25
28
27
32
34
24
26
23
20
23
22
16
19
20
16
26
32
25
13
13
22
19
19
18
17
13
12
25
18
15
11
6
12
0
4
10
3
1
-5
-6
1
-4
-8
3
8
-6
-14
-4
-1
-4
-4
-8
-5
-6
-13
-10
-10
-17
-13
-8
-13
-14
-10
-5
0
-8
-13
-10
-12
-19
-17
-18
-15
-10
-18
-20
-13
-20
-18
-12
-24
-22
-18
-18
-21
-25
-23
-28
-36
-39
-28
-30
-26
-21
-26
-25
-29
-26
-23
-25
-17
-13
-15
-19
-15
-12
-15
-3
4
0
4
8
5
1
7
6
8
10
9
18
18
14
5
10
18
16
24
22
16
21
29
30
32
33
28
33
31
32
41
34
39
36
29
40
32
28
28
31
37
20
17
26
21
22
13
8
20
13
15
14
2
5
-1
2
-5
-12
-5
-8
-13
-9
-10
-12
-8
-19
-19
-17
-20
-16
-21
-17
-10
-29
-29
-14
-21
-26
-22
-18
-18
-22
-17
-10
-9
-15
-19
-15
-7
-8
-10
-16
-20
-10
-5
-4
-1
1
3
5
4
4
4
-1
3
1
0
-4
-7
-9
-11
7
12
12
5
1
12
4
-3
-5
0
7
4
2
-4
-2
5
-2
-1
-2
-1
5
0
-3
-5
-3
-5
4
-2
-4
3
-5
3
17
16
0
9
13
5
17
8
9
20
10
5
10
15
19
18
15
15
13
15
8
8
18
11
10
13
13
6
3
8
7
1
-6
0
-1
-10
-10
-17
-13
-14
-30
-26
-27
-29
-25
-35
-33
-36
-39
-27
-29
-28
-32
-34
-27
-28
-25
-23
-18
-16
-26
-24
-19
-17
-19
-10
-3
-2
-3
-6
-2
5
1
9
16
13
16
20
20
23
26
23
27
28
26
31
33
23
21
26
23
28
24
23
25
20
23
19
28
28
17
16
10
10
11
9
1
-2
-4
-4
-3
-9
-10
-7
3
1
-5
0
3
-2
-8
-3
-6
-8
1
-3
-5
-3
-8
-2
-6
-3
2
2
1
-8
-12
-12
-6
-2
-13
-14
-7
-12
-15
-17
-20
-13
-7
-17
-6
2
-13
-11
-10
-16
-11
3
-9
-16
1
-9
-12
-14
-21
-15
-10
-13
-14
-17
-23
-18
-16
-17
-14
-19
-20
-18
-10
-14
-14
-2
-16
-23
-13
-11
-14
-13
-2
-5
-8
-9
-10
-1
-6
0
9
3
7
11
6
5
6
2
15
26
3
7
19
6
29
32
9
24
25
13
37
23
-1
25
17
17
27
2
14
13
11
24
17
27
12
18
34
18
21
8
17
22
2
19
11
3
17
3
8
8
-10
13
-2
-13
18
-15
-12
16
-16
-12
-7
-19
4
-11
-25
-14
-13
-16
-22
-13
-31
-17
-7
-33
2
-26
-21
8
-42
-4
3
-25
3
-20
-32
-3
-9
-17
-2
-28
-1
14
-31
12
-5
-15
18
-6
4
-11
-3
-4
-7
15
-7
19
-2
-4
24
-3
6
11
5
-8
16
0
-11
29
-14
11
5
-16
17
-11
-13
-5
7
-16
-5
23
-18
12
-9
-3
11
-16
24
0
0
-10
14
-1
-3
37
-28
48
-6
-28
40
-36
21
-4
-12
13
-2
11
-4
32
-26
40
18
-14
59
-9
37
7
-11
16
28
4
6
9
-13
49
-29
24
-2
-11
34
-20
23
-3
2
3
-4
3
11
-14
20
5
-10
42
-22
5
21
-32
17
2
-50
46
-49
-6
32
-69
30
-42
-27
-15
-21
-12
-13
17
-49
35
-31
-17
29
-24
21
-28
20
-4
14
-8
-18
17
-34
44
-28
24
10
-18
53
-40
32
23
-8
43
13
20
37
-13
29
17
-13
57
-13
28
46
-17
40
15
-13
69
0
-10
54
-8
30
14
-1
24
21
-19
2
14
-1
3
-25
-3
-7
8
-33
23
-10
-23
42
-79
50
-10
-60
75
-69
12
35
-64
39
-10
-53
57
-43
-61
93
-79
10
52
-107
104
-75
-33
104
-124
65
-8
-60
56
-54
3
13
-42
0
1
-44
19
-23
-46
37
-58
1
0
-40
50
-59
24
0
-14
28
-54
38
-37
18
10
-29
55
-50
16
26
-40
74
-6
-35
95
-44
21
74
-85
71
23
-76
113
-39
-33
144
-107
47
70
-99
103
-25
-9
52
-49
7
39
-41
4
52
-66
39
14
-55
47
-28
-13
-2
-29
12
-25
-7
5
5
-7
-25
16
-16
-34
2
-17
-9
-10
-4
-36
-7
21
-91
49
-4
-60
91
-71
-4
70
-99
34
61
-134
106
15
-126
163
-95
-31
123
-126
42
47
-72
52
-4
-32
38
10
-29
13
38
-61
62
14
-102
92
-81
-35
77
-161
81
-28
-106
107
-121
-13
38
-83
-6
18
-49
-6
-3
-72
11
-22
-21
-41
-10
8
-58
59
-70
-10
67
-126
100
-30
-73
97
-92
35
34
-36
42
30
-22
21
60
-28
34
31
-27
31
30
-41
62
14
-30
93
-51
43
53
-62
63
27
-29
56
18
-51
110
-63
4
117
-140
138
-4
-92
152
-82
9
76
-44
9
54
-27
-34
115
-91
12
107
-143
117
14
-118
134
-41
-72
149
-94
-64
182
-211
79
106
-228
264
-109
-116
223
-204
25
119
-193
81
55
-211
172
-43
-145
209
-159
-25
115
-109
-4
65
-105
-40
119
-187
65
84
-236
181
-58
-141
195
-183
28
89
-200
117
-6
-120
151
-72
-80
173
-177
67
114
-206
215
-76
-69
184
-137
78
40
-72
73
-26
-12
39
-35
24
22
-34
45
0
-17
-9
43
-52
35
66
-119
133
-61
-35
144
-144
69
53
-127
106
-12
-76
108
-85
23
66
-115
115
-14
-68
122
-65
12
98
-112
98
21
-72
149
-58
20
71
-28
67
5
22
11
10
47
-19
43
8
18
44
-27
72
-30
3
75
-53
30
60
-84
50
49
-134
157
-81
-74
181
-210
78
59
-185
145
-38
-77
115
-77
-18
93
-59
12
54
-48
-29
43
-22
-52
100
-82
12
76
-110
93
-31
-62
109
-75
-26
105
-104
13
63
-94
65
-8
-28
47
-42
0
15
-13
-17
-2
24
-39
7
-1
-25
1
-11
33
-68
49
-16
-46
85
-97
43
5
-41
41
11
20
-24
93
-72
55
45
-76
130
-98
78
33
-76
137
-59
-12
91
-48
12
63
-52
51
42
-63
76
-7
-58
100
-51
-24
63
-79
70
-10
-96
96
-91
-33
107
-127
37
43
-126
88
-32
-61
59
-36
-19
21
-12
-84
79
-65
-51
70
-95
11
-24
13
-31
-5
-2
-55
77
-103
71
-6
-149
212
-177
-1
172
-261
171
-13
-140
174
-69
-49
116
-40
-87
178
-93
-43
140
-118
45
39
-30
-42
113
-93
-8
207
-313
252
15
-301
410
-215
-83
291
-266
90
114
-192
154
-7
-111
141
-64
-32
49
-65
53
-55
5
67
-107
59
53
-91
27
80
-84
-20
158
-130
10
153
-189
117
24
-175
216
-78
-98
227
-178
33
127
-178
159
-77
-27
136
-171
106
57
-167
149
-71
-71
167
-218
206
-61
-178
341
-304
81
133
-233
175
-93
-11
100
-166
65
46
-175
109
-30
-92
120
-136
69
-19
-119
97
-70
-31
-29
73
-97
-47
184
-222
32
122
-258
162
-13
-207
274
-219
-36
197
-272
118
13
-116
115
-113
5
80
-145
65
96
-215
104
82
-238
175
-2
-123
79
37
-87
32
147
-278
273
-27
-247
450
-322
29
281
-334
209
39
-183
213
-50
-60
155
-40
-38
98
-13
-81
146
-31
-53
140
-121
89
13
-123
190
-83
-101
229
-135
-84
242
-169
-49
193
-145
-55
195
-131
-77
189
-109
-100
208
-83
-162
251
-112
-183
280
-169
-147
275
-208
-46
193
-233
66
117
-242
174
-14
-208
200
-120
-94
122
-148
-4
46
-100
84
-57
-26
66
-131
104
-27
-117
199
-188
-16
248
-324
132
209
-403
230
130
-340
273
8
-200
215
-78
-32
122
-63
1
95
-7
-82
188
-71
-85
200
-144
28
109
-45
-11
112
-41
-55
194
-203
60
166
-192
22
190
-135
-127
379
-285
-67
382
-412
149
125
-334
209
14
-171
162
-25
-155
164
-82
-22
42
-49
56
-156
132
-79
-105
174
-171
39
57
-166
129
6
-194
194
-21
-146
150
8
-46
-48
146
-33
-124
241
-166
4
111
-114
114
-72
44
21
-14
12
9
73
-82
45
74
-65
-40
84
3
-101
95
12
-37
-7
-43
198
-254
69
289
-434
232
149
-323
218
-15
-140
124
-91
-28
86
-91
-12
98
-66
-63
133
-77
-56
88
-71
78
-88
79
93
-297
309
-28
-282
320
-124
-132
228
-98
-93
173
-91
-100
149
-22
-142
132
80
-232
190
48
-292
276
-76
-204
304
-167
-9
137
-151
148
-112
-8
215
-333
223
134
-457
528
-142
-335
596
-410
-99
395
-286
4
214
-102
-98
246
-165
-107
273
-209
29
158
-159
49
49
-107
58
31
-178
119
94
-296
239
52
-291
234
-3
-220
107
94
-191
29
149
-154
-79
304
-298
-69
459
-622
226
418
-726
432
296
-744
406
204
-610
395
76
-366
322
-72
-142
227
-217
20
153
-197
154
63
-105
170
-66
2
132
-144
117
81
-152
140
117
-150
71
152
-160
-19
179
-90
-93
254
-41
-155
309
-195
-71
308
-380
245
146
-393
447
-79
-307
390
-167
-204
297
-154
-57
188
-93
-1
68
-33
-67
153
-202
44
232
-417
308
38
-370
346
-145
-188
315
-190
-146
420
-270
-165
469
-410
-19
278
-328
210
-104
-22
230
-408
263
126
-487
369
-2
-404
457
-103
-202
387
-331
89
200
-428
304
35
-306
297
-47
-124
196
-252
41
252
-470
239
318
-549
273
286
-474
165
179
-339
99
51
58
-82
-33
425
-479
9
432
-526
134
149
-119
157
-182
162
64
-290
119
85
-195
68
94
-79
93
-101
51
25
-230
215
-41
-250
444
-113
-253
535
-421
-31
396
-589
287
253
-564
447
226
-595
417
44
-468
436
-158
-178
471
-242
-137
485
-349
-161
468
-427
94
208
-198
261
-203
88
134
-414
283
39
-385
398
-36
-213
328
-243
-6
169
-424
328
-29
-377
552
-267
-107
270
-273
117
-118
-29
107
-91
96
-95
193
-65
-256
255
-32
-307
120
407
-610
281
461
-939
679
56
-802
865
-219
-399
732
-503
50
423
-695
459
82
-587
516
-6
-290
259
43
-232
108
110
-312
181
238
-347
214
235
-364
213
28
-193
188
-117
55
41
-53
72
-99
46
42
-130
-7
68
62
-45
-126
385
-182
-341
589
-360
-201
508
-437
201
188
-424
416
-186
-79
223
-296
278
-106
-84
337
-302
122
57
-403
448
-191
-280
468
-215
-99
84
58
-108
-137
153
-115
41
-17
0
114
-195
70
-72
-130
189
-300
52
336
-506
276
217
-563
342
12
-339
208
134
-69
-68
162
138
-276
-26
288
-124
-287
377
99
-363
372
-15
-158
117
18
-66
117
147
-254
349
-142
-109
263
-318
39
95
-118
-20
222
-138
39
64
-249
182
-127
-159
288
-148
20
181
-98
0
-55
40
-135
62
14
65
-61
-93
391
-446
-99
489
-494
-86
559
-325
-27
409
-303
6
154
-116
13
-9
364
-225
-41
550
-612
178
150
-431
256
-30
1
-44
167
20
-209
68
33
-112
-162
218
31
-57
123
-63
61
-142
-153
75
78
-104
-39
345
-165
-99
170
-256
44
32
-190
207
113
-114
170
-75
23
29
-392
323
19
-298
420
-66
-134
222
-308
-51
65
-218
120
43
145
85
-103
133
-68
-88
21
-30
139
97
-33
107
98
-191
-109
-15
-85
-19
-117
215
47
-229
238
-113
-155
91
-55
-15
170
237
-149
206
163
-329
130
-2
-83
63
19
124
-24
59
-71
-67
-8
-215
36
51
-36
104
-4
-44
47
-135
-53
60
-94
-15
104
67
-9
64
1
-134
-30
14
-115
91
62
-103
168
-47
-63
53
-102
9
-1
70
79
87
135
-101
46
44
-184
54
3
-64
59
-9
3
-3
-143
-139
0
-108
-2
51
-57
82
-15
-7
17
-8
-14
-97
105
90
-43
155
119
-129
33
51
-128
98
-13
-30
199
-2
70
50
-42
-57
-101
70
-5
-41
73
45
-98
-12
35
-169
-47
3
-69
105
105
36
23
18
-33
-46
120
56
2
139
109
-10
71
27
-162
-32
-67
-89
83
-18
-48
-15
-82
-27
-54
-100
21
-42
-56
100
58
15
59
-47
2
67
-39
84
66
7
60
2
93
10
-95
33
-39
-60
35
-27
-14
45
9
-64
85
44
-161
59
41
-61
88
100
28
-20
-5
-23
-35
20
-30
-34
68
-32
-7
80
-93
-53
-21
-80
7
30
-20
-33
29
-60
-26
44
-92
-12
-39
-40
71
-11
49
-19
-84
37
-96
-12
66
-77
43
30
10
110
-25
-63
85
-43
-24
193
52
-31
49
5
-68
-15
-6
-53
-42
-20
53
52
26
-11
-28
16
-3
76
91
15
32
-65
-25
27
-103
-53
-31
-89
-5
22
-2
-51
-68
-48
-56
40
67
41
0
70
12
-82
53
-84
-91
36
-3
71
86
-86
-85
-9
-85
-40
65
2
-24
58
90
151
129
-21
-17
50
-33
69
187
13
32
53
11
151
57
-6
3
-84
10
14
18
23
-121
-141
-161
-66
-84
-204
-77
-183
-230
-95
-217
-236
-171
-300
-211
-95
-186
-167
-185
-188
-155
-126
-91
-74
-23
-106
-27
5
-40
-28
-118
74
92
53
152
118
61
-4
192
246
277
384
344
419
430
426
418
440
372
409
619
583
655
582
372
410
251
330
461
395
626
606
546
652
509
417
380
423
619
582
743
831
328
65
-284
-1062
-1376
-1321
-1572
-1522
-1279
-1739
-2117
-2223
-2523
-2498
-2185
-1887
-1463
-1047
-694
-291
-56
-49
167
442
783
1400
1735
1959
1918
1602
1465
1213
1076
1062
896
809
797
552
326
-52
-631
-837
-1142
-1143
-835
-1017
-1019
-1129
-1412
-1308
-1205
-1015
-724
-363
-193
-56
332
250
154
383
458
641
950
1038
982
759
420
214
130
41
-64
-46
41
38
-24
22
-129
-303
-243
-34
327
522
677
694
642
681
699
773
768
762
791
1004
1314
1360
1248
1119
1116
1220
1475
1634
1479
1523
1702
2031
2528
2141
399
-1438
-2631
-3190
-2438
-1322
-1466
-2537
-3788
-4644
-4554
-3824
-3379
-3184
-2778
-2195
-1041
165
557
274
-50
536
1884
3274
4084
3854
2961
2145
1872
1887
1697
1061
341
23
15
72
-305
-1199
-2021
-2535
-2287
-1530
-1203
-1224
-1475
-1650
-1340
-729
-215
24
324
647
954
1415
1393
723
127
-236
-203
109
144
-177
-756
-1308
-1517
-1423
-1298
-1293
-1428
-1320
-878
-585
-276
-62
-154
30
441
751
968
824
499
518
709
934
1072
877
477
135
142
463
841
1042
1164
1289
1391
1581
1649
1458
1157
1021
1060
1495
1876
1591
1246
639
202
563
922
1124
1266
1354
1672
2217
2564
1913
-214
-2376
-3232
-3128
-1884
-555
-1132
-2881
-4379
-5068
-4336
-3030
-2397
-2073
-1764
-1261
-50
980
1069
818
874
1767
3231
4134
3921
2803
1518
975
1064
1125
666
-487
-1524
-1791
-1547
-1232
-1363
-1865
-2219
-2177
-1607
-1086
-971
-1049
-1124
-692
137
652
650
497
323
432
881
1030
754
61
-709
-1125
-1122
-1212
-1718
-1909
-2114
-2199
-1708
-1484
-1509
-1550
-1528
-992
18
798
1201
1514
1622
1695
1949
2221
2068
1705
1634
1589
1624
1462
865
153
-548
-711
-491
-178
230
340
371
551
766
981
1053
1119
1260
1363
1647
1939
1852
1403
868
485
504
1104
1507
1490
1464
1430
1786
2450
2795
1510
-1336
-3305
-3826
-3166
-1301
-331
-1784
-4027
-5274
-5179
-3661
-2171
-1886
-1876
-1581
-661
863
1792
1555
1126
1559
2912
4396
4852
3864
2240
1083
896
1135
789
-300
-1804
-2777
-2482
-1853
-1651
-1962
-2634
-2860
-2387
-1690
-1126
-1016
-1067
-679
163
943
1096
660
264
354
703
1065
942
11
-1018
-1639
-1706
-1588
-1820
-2155
-2315
-2177
-1705
-1241
-1097
-1162
-1130
-618
471
1459
1913
2041
1913
1857
2025
2108
2105
1781
1219
1004
968
658
208
-371
-1000
-1157
-888
-521
-126
187
298
570
1080
1435
1625
1743
1835
1900
1945
2020
1861
1503
1209
798
555
743
836
814
822
720
982
1760
2576
2878
1460
-1473
-3592
-4181
-3435
-1226
43
-1215
-3146
-4598
-4726
-3122
-1723
-1140
-751
-604
244
1627
2148
1968
1615
1767
3107
4427
4521
3619
1954
480
99
73
-381
-1328
-2654
-3496
-3282
-2810
-2563
-2676
-3054
-2967
-2414
-1614
-782
-498
-416
3
628
1289
1599
1399
1187
1210
1231
1254
916
-118
-1194
-1945
-2208
-2090
-2217
-2420
-2465
-2431
-2065
-1478
-1096
-926
-605
33
945
1884
2485
2640
2553
2493
2433
2301
2030
1511
877
417
70
-427
-924
-1529
-2142
-2223
-1968
-1534
-874
-262
161
596
1183
1689
2024
2260
2333
2355
2514
2640
2499
2100
1461
777
353
288
364
379
421
367
227
337
910
1650
2185
2405
1238
-1180
-2705
-3111
-2666
-985
57
-967
-2543
-3461
-3627
-2773
-1571
-1061
-878
-428
418
1558
2184
2004
1638
1632
2291
3165
3438
2847
1640
338
-498
-978
-1535
-2194
-2929
-3403
-3240
-2754
-2459
-2447
-2507
-2378
-1834
-876
112
584
589
624
935
1353
1707
1870
1677
1360
1131
819
181
-840
-1914
-2612
-2702
-2372
-2197
-2263
-2469
-2653
-2273
-1481
-776
-190
337
870
1627
2420
2755
2702
2500
2341
2379
2338
1917
1038
-55
-870
-1203
-1349
-1517
-1738
-2122
-2250
-1958
-1477
-758
-78
482
1199
2029
2668
2932
2932
2762
2537
2581
2952
2961
2373
1693
867
124
-121
-259
-424
-426
-315
-83
279
620
1051
1708
2426
2788
1651
-678
-2359
-3114
-2513
-474
570
-484
-2235
-3768
-4180
-3049
-1804
-1205
-929
-680
124
1310
1936
1642
812
366
1029
2231
2974
2794
1516
-208
-1346
-1845
-2109
-2308
-2742
-3085
-2757
-2182
-1708
-1495
-1709
-1708
-1160
-206
1024
1706
1561
1250
1091
1146
1444
1656
1537
1337
979
347
-429
-1485
-2636
-3194
-2988
-2515
-2094
-1916
-2169
-2447
-2226
-1604
-707
315
1080
1617
2037
2278
2340
2305
2282
2216
2132
1866
1285
493
-480
-1236
-1641
-1777
-1621
-1466
-1530
-1588
-1343
-999
-379
649
1445
2115
2842
3162
3200
3121
2770
2486
2555
2610
2415
1931
1045
36
-728
-1060
-942
-685
-394
-29
123
235
804
1577
2262
2974
2740
775
-1154
-2139
-2549
-1537
-78
-261
-1621
-2971
-3813
-3539
-2560
-1866
-1545
-1327
-753
383
1449
1806
1318
570
610
1494
2441
2981
2591
1173
-310
-1302
-1923
-2146
-2312
-2510
-2325
-1872
-1405
-1216
-1496
-1820
-1847
-1313
-112
999
1343
1068
553
225
380
803
1172
1345
1142
644
77
-714
-1731
-2559
-2822
-2532
-2019
-1474
-1362
-1794
-2115
-2072
-1529
-507
519
1278
1633
1727
1794
1840
1953
2101
2085
1885
1549
1038
366
-373
-979
-1323
-1313
-929
-558
-466
-504
-541
-409
192
1075
1864
2554
2942
2951
2798
2535
2118
1810
1824
1773
1503
1128
549
-214
-836
-1005
-733
-310
234
798
904
1039
1707
2375
3004
3019
1328
-839
-1984
-2289
-1537
-256
-353
-1849
-3286
-4048
-3825
-2918
-2312
-2168
-2072
-1598
-439
766
1335
1249
692
517
1249
2160
2712
2682
1711
413
-507
-1142
-1422
-1644
-1992
-1983
-1598
-1159
-843
-953
-1487
-1922
-1869
-1136
-130
539
781
478
17
-65
95
417
860
1094
946
508
-144
-927
-1720
-2254
-2227
-1907
-1542
-1067
-971
-1362
-1601
-1593
-1326
-465
531
1141
1575
1727
1642
1680
1739
1739
1626
1403
1212
973
566
63
-511
-1023
-1106
-816
-462
-174
-65
-44
156
588
1133
1721
2202
2406
2435
2352
2098
1793
1606
1521
1379
1209
939
457
-112
-602
-672
-403
8
643
1067
1276
1817
2436
2805
2655
1294
-735
-2057
-2350
-1619
-419
-191
-1346
-2958
-4084
-4228
-3498
-2589
-2081
-1963
-1643
-785
235
966
1124
686
309
774
1792
2747
3193
2548
1153
-76
-814
-1079
-1071
-1158
-1362
-1350
-1050
-738
-747
-1201
-1902
-2386
-2071
-1143
-235
441
477
-122
-536
-524
-243
314
795
825
535
144
-348
-901
-1443
-1822
-1925
-1641
-908
-383
-435
-810
-1363
-1620
-1156
-258
569
1149
1376
1352
1473
1589
1485
1339
1054
808
899
1048
973
622
24
-533
-697
-518
-173
187
348
410
563
801
1125
1363
1418
1434
1497
1626
1767
1843
1622
1112
693
409
219
218
258
220
284
492
721
957
1253
1748
2386
2951
2946
1791
-45
-1620
-2402
-2133
-1156
-592
-1207
-2324
-3255
-3831
-3735
-3257
-2961
-2682
-2017
-983
127
887
948
417
-49
164
1016
2164
3060
3048
2165
974
-98
-728
-926
-997
-928
-677
-345
-12
63
-382
-1315
-2212
-2488
-2044
-1149
-262
184
-20
-601
-1025
-1022
-685
-233
176
281
191
88
-177
-579
-1008
-1366
-1481
-1028
-298
147
234
-115
-625
-869
-644
-90
423
789
1007
1224
1489
1551
1255
720
167
-126
94
546
801
720
311
-163
-456
-520
-335
-22
332
776
1138
1373
1569
1481
1254
1224
1186
1235
1593
1826
1654
1283
761
174
-151
-111
121
462
833
1070
1187
1330
1619
1994
2390
2466
1683
378
-715
-1345
-1431
-993
-763
-1309
-2139
-2766
-3122
-3196
-3027
-2914
-2950
-2623
-1794
-850
25
539
372
-26
-32
363
1073
1846
2119
1795
1233
645
241
-49
-431
-696
-711
-410
144
526
394
-244
-1107
-1785
-1905
-1543
-1027
-601
-477
-582
-762
-896
-903
-877
-823
-754
-597
-325
-141
-105
-251
-560
-778
-727
-455
-97
179
236
206
203
186
208
224
174
188
407
787
1085
1064
737
188
-356
-509
-293
-32
180
348
349
251
177
79
-5
21
289
704
1127
1488
1594
1456
1225
967
752
795
1032
1190
1297
1292
978
526
177
14
65
336
798
1216
1438
1647
1848
1969
2114
1999
1333
500
-187
-707
-793
-559
-632
-1059
-1506
-1965
-2277
-2318
-2322
-2456
-2633
-2534
-2114
-1465
-630
-96
-46
-161
-276
-220
163
681
990
1064
952
717
549
371
158
-16
-195
-187
137
555
824
763
239
-530
-1168
-1466
-1329
-1037
-839
-764
-861
-879
-760
-747
-857
-1052
-1295
-1317
-969
-513
-119
102
34
-146
-238
-232
-117
27
81
149
287
381
420
351
131
-38
-33
66
243
403
399
256
141
71
-13
46
202
343
487
540
471
385
361
384
486
659
797
877
995
1072
932
749
680
628
688
824
822
671
467
337
300
312
441
643
811
1043
1339
1591
1878
2192
2314
2137
1667
927
150
-399
-626
-651
-684
-816
-1070
-1403
-1718
-1970
-2230
-2488
-2627
-2606
-2285
-1654
-1003
-504
-322
-499
-746
-828
-652
-256
97
326
439
415
457
512
404
164
-64
-85
212
741
1161
1223
839
151
-412
-679
-732
-615
-511
-547
-546
-445
-333
-248
-375
-750
-1148
-1347
-1228
-871
-502
-266
-237
-387
-479
-449
-416
-413
-395
-347
-272
-64
167
239
207
103
-66
-122
30
165
285
408
411
444
565
713
778
683
461
226
149
179
294
450
538
580
617
696
724
666
554
476
520
596
705
803
725
558
456
415
484
600
667
771
904
1053
1280
1504
1645
1731
1783
1837
1808
1541
1004
333
-321
-773
-849
-724
-633
-691
-995
-1410
-1751
-2002
-2149
-2183
-2105
-1847
-1402
-898
-522
-440
-652
-920
-1030
-891
-513
-90
252
444
431
369
314
178
80
70
74
202
450
634
689
533
169
-224
-466
-545
-531
-450
-424
-454
-391
-285
-269
-366
-591
-931
-1165
-1123
-936
-731
-548
-473
-509
-541
-490
-439
-507
-642
-727
-712
-524
-166
97
145
88
-15
-25
117
280
390
422
467
609
730
794
767
559
303
175
167
232
355
483
615
758
887
960
897
762
603
507
600
748
861
913
832
673
539
496
530
568
576
631
731
856
1078
1286
1386
1485
1663
1814
1885
1762
1242
493
-161
-544
-586
-444
-425
-628
-999
-1344
-1515
-1597
-1669
-1779
-1941
-1984
-1733
-1312
-930
-691
-720
-890
-949
-781
-403
-38
145
151
69
51
170
280
205
-15
-253
-311
-56
322
580
578
307
-43
-277
-363
-347
-320
-372
-444
-436
-309
-149
-120
-297
-634
-1019
-1250
-1198
-990
-768
-633
-612
-606
-585
-558
-551
-607
-707
-771
-696
-436
-119
112
263
285
179
116
163
230
270
315
380
478
586
634
574
360
96
-41
71
365
678
972
1112
1056
993
992
985
975
993
953
911
928
901
825
690
508
335
303
453
576
633
711
755
816
1070
1388
1614
1827
1967
2005
1955
1683
1121
406
-240
-671
-799
-721
-688
-821
-1076
-1333
-1532
-1682
-1790
-1879
-1929
-1820
-1493
-1035
-601
-350
-328
-444
-552
-542
-336
-45
167
249
209
112
-8
-139
-281
-425
-484
-381
-70
322
559
548
298
-55
-335
-463
-467
-456
-492
-525
-469
-344
-229
-265
-528
-895
-1208
-1300
-1178
-957
-779
-793
-889
-922
-880
-749
-678
-718
-781
-795
-616
-247
117
333
352
262
184
183
261
305
278
263
327
485
649
694
572
348
146
145
356
615
876
1031
1016
1025
1110
1158
1133
1021
855
733
744
837
868
743
519
343
319
488
747
900
925
955
997
1140
1405
1555
1578
1579
1601
1734
1898
1847
1425
642
-243
-873
-1128
-1065
-920
-946
-1156
-1411
-1556
-1591
-1611
-1700
-1857
-1903
-1650
-1130
-595
-247
-206
-450
-665
-622
-391
-65
196
228
167
170
211
223
113
-130
-369
-425
-206
220
584
628
361
-90
-527
-787
-883
-866
-826
-786
-660
-463
-271
-192
-372
-744
-1107
-1309
-1253
-1011
-767
-662
-690
-785
-887
-921
-914
-934
-929
-842
-644
-320
14
226
244
115
8
-4
115
294
420
489
523
603
737
813
776
615
425
331
386
575
786
911
936
926
931
972
998
933
807
670
620
712
832
877
817
676
575
662
878
1045
1127
1102
994
973
1111
1284
1403
1440
1416
1469
1627
1789
1806
1456
745
-60
-706
-1005
-982
-893
-983
-1256
-1540
-1739
-1765
-1697
-1740
-1866
-1903
-1704
-1222
-635
-219
-157
-382
-598
-572
-255
235
625
771
700
515
338
178
-62
-373
-635
-676
-406
23
354
344
-85
-717
-1208
-1359
-1191
-855
-570
-430
-353
-294
-243
-276
-455
-688
-866
-862
-653
-393
-312
-471
-815
-1228
-1440
-1442
-1327
-1144
-997
-882
-753
-605
-475
-423
-400
-298
-61
327
756
1015
1053
913
709
634
739
900
992
948
742
466
266
142
63
72
177
372
669
977
1174
1182
990
757
657
759
1014
1284
1443
1428
1245
1013
843
732
691
707
766
889
1046
1199
1282
1285
1263
1268
1412
1697
1993
2142
1967
1340
443
-399
-985
-1206
-1155
-1096
-1225
-1498
-1762
-1953
-2054
-2104
-2160
-2178
-1967
-1462
-820
-236
74
45
-127
-166
69
518
969
1188
1072
686
213
-221
-594
-891
-1105
-1150
-971
-663
-406
-381
-693
-1176
-1512
-1524
-1153
-554
-25
262
294
173
67
20
-24
-68
-134
-220
-274
-352
-556
-910
-1371
-1803
-2011
-1932
-1702
-1427
-1213
-1126
-1067
-913
-634
-275
116
502
833
1106
1289
1326
1237
1069
930
904
975
1074
1028
764
370
-76
-393
-457
-301
13
368
682
927
1084
1143
1143
1126
1139
1236
1416
1613
1704
1581
1237
802
446
277
331
522
706
826
880
892
905
935
1001
1117
1313
1633
2041
2407
2484
2121
1321
288
-576
-1023
-1050
-890
-882
-1202
-1774
-2282
-2502
-2404
-2077
-1703
-1392
-1090
-727
-355
-93
-17
-83
-140
1
381
817
1037
844
292
-419
-986
-1243
-1317
-1284
-1215
-1151
-1028
-843
-710
-734
-867
-978
-868
-463
84
519
649
489
191
-18
-41
30
72
-2
-211
-488
-775
-1122
-1539
-1955
-2254
-2309
-2092
-1744
-1454
-1306
-1274
-1226
-992
-573
-98
345
692
914
1098
1238
1277
1245
1135
998
929
933
918
789
524
147
-206
-432
-501
-411
-242
-35
212
500
806
1068
1245
1357
1427
1497
1593
1640
1593
1455
1257
1067
928
831
732
655
636
678
795
932
1007
1012
1001
1061
1239
1473
1680
1779
1806
1893
2075
2242
2184
1709
816
-205
-950
-1263
-1231
-1114
-1205
-1590
-2037
-2271
-2250
-2039
-1804
-1657
-1527
-1293
-919
-566
-377
-411
-568
-600
-369
48
417
497
218
-268
-751
-1069
-1190
-1242
-1280
-1268
-1155
-931
-694
-584
-630
-725
-697
-443
-36
357
561
506
299
88
-45
-149
-272
-410
-598
-802
-1006
-1259
-1587
-1904
-2093
-2138
-1997
-1699
-1414
-1207
-983
-744
-480
-103
291
618
904
1142
1338
1489
1542
1488
1323
1085
895
796
721
593
383
102
-175
-345
-419
-406
-315
-206
-58
187
530
863
1134
1319
1375
1359
1372
1452
1541
1587
1535
1366
1186
1034
911
813
707
623
622
756
969
1125
1137
989
820
836
1069
1449
1809
2010
2073
2128
2207
2177
1943
1363
428
-456
-947
-1027
-908
-903
-1279
-1979
-2610
-2907
-2822
-2506
-2165
-1883
-1683
-1448
-1168
-1006
-962
-928
-751
-348
207
678
798
522
29
-456
-750
-817
-780
-760
-808
-906
-960
-936
-904
-869
-788
-648
-407
-63
242
331
194
-89
-382
-514
-472
-359
-332
-489
-763
-1117
-1466
-1697
-1865
-1960
-1856
-1612
-1346
-1074
-892
-815
-708
-447
-10
508
981
1320
1477
1478
1420
1365
1320
1274
1208
1098
937
727
459
136
-174
-418
-553
-547
-415
-235
-102
-16
106
309
618
994
1342
1586
1685
1685
1667
1640
1581
1465
1285
1116
1017
969
976
967
872
760
690
702
809
973
1146
1297
1434
1554
1691
1825
1936
2063
2149
2166
2156
2074
1876
1523
916
36
-875
-1539
-1879
-1905
-1821
-1947
-2390
-2950
-3338
-3424
-3195
-2770
-2330
-1944
-1580
-1176
-795
-537
-382
-271
-86
228
584
797
710
367
-100
-564
-893
-1067
-1172
-1246
-1274
-1269
-1218
-1126
-1013
-896
-795
-639
-422
-219
-65
27
41
-7
-26
-6
-14
-90
-259
-493
-739
-942
-1071
-1181
-1269
-1273
-1193
-1057
-889
-787
-783
-678
-393
-1
451
765
865
878
894
1020
1207
1319
1268
1068
845
681
604
506
373
247
116
19
-65
-180
-336
-415
-306
-54
307
650
842
900
896
911
996
1171
1388
1603
1770
1812
1726
1548
1337
1212
1194
1266
1390
1454
1428
1347
1238
1128
1094
1179
1284
1396
1437
1352
1251
1156
1106
1098
1099
1111
1105
1021
776
338
-364
-1138
-1648
-1828
-1743
-1605
-1695
-2103
-2624
-2933
-2890
-2564
-2120
-1711
-1439
-1261
-1053
-817
-603
-406
-214
-65
65
155
114
-41
-257
-499
-706
-846
-941
-1013
-1118
-1221
-1249
-1182
-1001
-774
-539
-376
-325
-261
-165
-73
34
120
130
118
98
14
-91
-255
-466
-649
-813
-921
-1014
-1126
-1215
-1207
-1083
-885
-622
-383
-223
-83
68
227
420
658
926
1204
1415
1533
1536
1402
1195
989
831
715
632
544
405
192
-44
-269
-470
-514
-406
-195
99
345
514
617
705
857
1075
1341
1605
1762
1762
1650
1435
1228
1149
1156
1214
1279
1274
1199
1113
1021
936
874
831
839
885
934
953
918
785
627
567
577
657
770
813
768
659
540
443
351
164
-158
-635
-1190
-1585
-1776
-1814
-1832
-1983
-2244
-2539
-2675
-2561
-2339
-2108
-1905
-1705
-1438
-1078
-724
-500
-413
-392
-334
-196
-50
41
-15
-205
-408
-614
-774
-890
-977
-1002
-990
-899
-768
-627
-498
-450
-408
-392
-384
-281
-129
0
46
-14
-151
-242
-223
-160
-118
-161
-253
-331
-349
-294
-252
-259
-304
-288
-138
43
179
218
142
120
254
476
740
913
941
956
1007
1079
1151
1140
1033
940
900
886
868
774
599
423
312
261
255
251
214
231
321
484
695
817
814
748
650
616
737
928
1083
1131
1027
869
746
705
746
777
751
700
680
705
735
734
710
686
715
826
915
898
777
579
417
342
333
352
327
244
138
30
-65
-113
-139
-212
-344
-555
-873
-1201
-1432
-1560
-1584
-1578
-1652
-1791
-1914
-1956
-1886
-1707
-1505
-1318
-1165
-1088
-1022
-978
-929
-834
-711
-543
-402
-345
-387
-541
-735
-908
-1023
-1040
-1010
-968
-889
-794
-702
-609
-514
-417
-279
-92
73
175
192
146
90
57
92
138
146
121
81
63
56
73
78
53
35
28
64
123
169
231
289
337
444
585
716
848
927
962
996
1008
1024
1047
1030
965
860
728
603
507
426
339
230
85
-37
-86
-84
-39
21
75
148
266
426
573
673
706
702
751
831
928
990
947
858
742
665
635
628
639
616
615
630
620
597
525
438
403
429
491
570
620
593
542
500
442
420
402
347
280
173
68
0
-44
-67
-95
-121
-199
-362
-599
-916
-1227
-1427
-1503
-1501
-1504
-1589
-1733
-1842
-1829
-1686
-1512
-1396
-1341
-1300
-1266
-1199
-1077
-1002
-956
-876
-780
-693
-647
-660
-737
-805
-789
-721
-641
-596
-577
-549
-502
-375
-212
-83
31
127
233
349
461
579
641
645
633
617
610
627
675
682
645
599
538
487
452
437
408
354
341
347
327
288
241
205
180
192
226
208
175
161
166
234
318
360
368
355
337
330
348
347
336
350
369
376
347
267
174
135
145
204
299
356
385
415
436
467
499
521
559
603
627
657
654
601
533
482
456
426
391
346
304
313
364
414
457
477
437
401
395
395
408
414
417
398
357
316
274
220
135
51
-32
-94
-104
-106
-144
-219
-313
-427
-533
-647
-791
-939
-1076
-1161
-1175
-1168
-1203
-1292
-1411
-1508
-1511
-1452
-1406
-1401
-1414
-1442
-1463
-1413
-1315
-1204
-1074
-946
-814
-680
-577
-498
-422
-365
-281
-152
-24
96
202
296
382
475
574
678
753
767
758
723
679
660
636
594
560
553
555
552
538
494
423
347
314
334
346
330
289
210
142
131
155
191
197
137
62
0
-40
-31
14
59
90
98
87
96
122
163
220
291
353
375
363
323
280
272
308
358
408
439
459
491
510
547
595
628
667
676
648
573
493
425
357
334
318
282
244
186
118
71
52
39
38
54
61
78
102
124
145
141
131
121
91
79
74
44
-8
-62
-92
-121
-115
-88
-93
-126
-193
-261
-311
-334
-329
-358
-436
-541
-646
-743
-809
-842
-869
-900
-914
-904
-911
-940
-979
-1033
-1080
-1085
-1048
-988
-933
-912
-907
-908
-890
-846
-784
-695
-580
-481
-405
-332
-260
-173
-50
102
249
362
444
507
571
631
662
673
674
677
715
753
775
773
716
644
591
564
563
565
557
531
472
384
290
215
161
128
108
60
-19
-89
-133
-129
-86
-50
-40
-59
-81
-67
-17
47
108
149
158
186
242
294
326
328
315
308
327
368
391
384
366
357
393
428
440
449
408
358
345
358
376
361
325
249
161
104
60
20
-37
-84
-109
-133
-143
-152
-175
-193
-182
-136
-85
-31
5
30
71
83
90
86
46
22
22
66
141
169
169
147
124
130
160
198
204
179
140
92
49
-8
-76
-175
-287
-385
-488
-573
-642
-712
-791
-895
-980
-1028
-1053
-1055
-1057
-1081
-1107
-1110
-1063
-988
-885
-784
-720
-642
-544
-447
-345
-254
-166
-77
22
130
216
268
310
359
413
471
511
521
525
528
545
575
599
636
674
689
701
680
626
574
529
500
473
439
395
308
209
127
64
13
-34
-67
-93
-143
-201
-252
-301
-316
-299
-287
-271
-238
-192
-155
-121
-70
-40
-19
25
74
124
162
177
199
247
281
315
323
286
256
228
210
201
176
154
142
137
165
200
218
221
215
226
226
222
226
201
175
147
115
96
71
49
55
79
88
68
16
-29
-37
-24
12
55
85
102
97
93
95
93
105
120
140
169
157
133
104
74
73
64
49
24
-34
-101
-172
-224
-247
-254
-260
-289
-350
-427
-509
-593
-652
-698
-747
-778
-809
-835
-839
-844
-835
-805
-756
-674
-591
-514
-452
-410
-349
-262
-150
-40
36
79
98
139
210
284
355
398
404
416
448
481
528
570
566
552
550
552
555
532
487
441
397
363
332
274
184
95
22
-41
-72
-92
-131
-180
-228
-269
-296
-311
-337
-365
-388
-400
-403
-399
-389
-359
-309
-247
-170
-76
6
63
99
131
186
265
354
429
478
506
523
545
552
548
547
545
528
495
457
407
331
247
192
161
141
130
113
82
41
1
-19
-20
-21
-24
-30
-47
-64
-90
-114
-124
-128
-106
-61
-26
-6
10
22
27
40
67
100
139
187
229
253
262
263
271
274
277
276
243
184
119
56
-7
-64
-123
-185
-254
-332
-418
-516
-609
-679
-711
-709
-718
-750
-801
-843
-837
-789
-731
-670
-611
-586
-571
-534
-471
-402
-338
-263
-189
-121
-70
-25
23
65
103
169
249
318
391
445
483
509
519
522
518
509
476
428
365
305
267
244
217
160
75
-24
-110
-153
-169
-169
-168
-179
-184
-190
-197
-205
-223
-231
-222
-192
-137
-84
-48
-18
-6
8
40
85
135
182
220
245
257
253
252
273
307
343
372
394
401
386
382
388
411
446
468
474
446
386
314
262
225
183
123
61
5
-55
-109
-159
-202
-238
-257
-236
-209
-190
-182
-186
-188
-171
-130
-85
-53
-32
-10
13
37
67
97
117
143
157
166
182
183
186
189
190
200
193
173
151
113
66
5
-60
-118
-173
-207
-241
-278
-313
-366
-429
-484
-525
-567
-612
-657
-696
-730
-749
-729
-705
-700
-694
-686
-653
-599
-530
-448
-386
-331
-257
-196
-122
-40
9
42
82
158
266
363
424
440
417
405
417
439
473
496
504
485
459
438
406
375
344
312
268
215
169
125
81
48
20
-20
-72
-116
-152
-174
-197
-218
-205
-170
-128
-81
-43
-8
22
37
59
83
106
146
190
243
292
328
342
331
319
307
302
287
264
247
224
216
212
200
183
144
121
92
49
15
-21
-25
-28
-35
-37
-53
-67
-86
-107
-126
-149
-165
-171
-176
-170
-165
-173
-178
-173
-152
-106
-59
-17
32
87
158
236
286
321
338
337
336
340
340
325
300
279
241
198
157
95
24
-40
-87
-115
-155
-207
-254
-318
-385
-438
-476
-499
-530
-559
-591
-635
-657
-656
-637
-612
-591
-562
-539
-519
-491
-471
-450
-418
-375
-318
-262
-230
-213
-179
-136
-85
-17
66
144
191
229
273
314
340
360
392
413
416
413
399
380
362
345
328
314
300
273
235
193
157
132
124
120
114
101
63
18
-30
-72
-100
-116
-116
-117
-110
-103
-108
-94
-74
-42
3
44
67
84
100
115
129
149
175
181
169
147
138
142
145
161
176
183
193
204
210
195
175
152
131
122
120
120
101
83
65
49
46
39
39
30
23
46
79
102
105
92
77
68
69
81
82
84
80
83
112
149
182
186
162
136
120
113
109
116
117
95
47
-4
-62
-128
-188
-228
-247
-269
-302
-341
-386
-432
-467
-499
-517
-525
-547
-589
-640
-674
-689
-675
-640
-588
-526
-482
-445
-406
-370
-324
-258
-178
-104
-36
25
64
89
90
103
130
159
197
225
247
260
283
313
337
368
388
383
354
313
271
236
214
204
181
150
116
79
46
4
-35
-65
-88
-94
-84
-83
-93
-108
-120
-120
-111
-91
-66
-46
-27
2
37
83
131
178
224
254
287
307
323
340
350
355
344
337
341
324
295
270
244
220
208
213
229
238
226
211
198
176
157
140
126
108
89
81
70
62
44
24
27
30
22
19
24
25
24
28
34
40
39
27
20
27
34
30
21
6
-9
-30
-52
-80
-112
-154
-192
-215
-238
-264
-308
-369
-428
-476
-504
-527
-551
-565
-586
-607
-615
-603
-578
-548
-522
-507
-489
-474
-455
-433
-409
-361
-295
-226
-160
-105
-48
1
53
115
171
225
279
332
376
395
391
371
332
298
276
260
255
240
216
188
161
151
144
118
88
58
30
9
-13
-25
-45
-70
-81
-94
-91
-89
-91
-87
-64
-14
35
90
138
169
188
190
191
186
190
204
210
220
230
253
275
276
287
297
303
310
314
323
332
341
338
315
304
290
260
237
205
171
157
147
142
136
133
134
125
120
108
94
76
53
53
54
49
47
37
28
21
23
16
-5
-11
-22
-34
-47
-68
-100
-155
-211
-269
-323
-374
-436
-486
-525
-548
-565
-589
-611
-626
-636
-649
-646
-632
-619
-609
-587
-574
-569
-565
-554
-529
-491
-448
-399
-347
-304
-262
-218
-171
-135
-95
-41
9
52
83
109
132
146
172
197
217
243
261
276
288
299
318
325
332
335
326
309
280
258
238
223
222
221
218
206
200
193
197
207
215
228
227
226
222
218
213
207
211
207
204
200
199
188
163
136
108
97
91
96
110
106
91
70
68
83
98
110
109
122
135
140
145
151
157
157
174
199
214
231
239
242
237
244
266
273
274
275
287
306
314
320
309
287
256
229
199
159
120
74
31
-12
-55
-90
-141
-189
-243
-287
-321
-367
-411
-460
-502
-545
-573
-590
-613
-626
-660
-688
-712
-725
-711
-703
-677
-661
-648
-624
-602
-562
-527
-490
-444
-402
-358
-319
-280
-244
-212
-182
-146
-103
-53
-3
26
60
107
136
165
188
213
228
238
249
249
255
252
245
244
252
269
280
290
291
283
271
257
259
265
272
288
293
292
289
283
280
280
280
259
227
215
202
186
185
179
175
169
166
161
139
126
115
103
96
81
72
52
30
18
-9
-15
3
26
46
49
67
71
72
91
96
104
111
128
143
147
158
163
161
148
140
140
139
141
147
147
145
141
138
128
106
72
36
7
-22
-62
-98
-140
-185
-228
-273
-297
-319
-339
-342
-346
-353
-365
-380
-392
-407
-412
-412
-418
-416
-411
-413
-417
-421
-418
-397
-365
-332
-305
-279
-261
-248
-231
-211
-184
-156
-123
-100
-98
-97
-98
-95
-95
-76
-47
-29
-15
4
22
36
64
98
130
155
180
195
204
219
214
204
196
195
198
198
201
209
226
238
248
269
288
304
313
322
328
323
312
303
285
266
250
238
221
200
198
186
163
147
134
117
101
107
105
94
82
55
19
-16
-32
-42
-53
-58
-54
-35
-20
-2
21
31
45
67
99
130
144
142
133
124
109
91
78
71
61
44
28
12
8
17
17
17
26
31
17
-13
-36
-66
-104
-134
-152
-172
-209
-238
-249
-269
-291
-302
-303
-295
-285
-269
-266
-265
-263
-270
-274
-276
-267
-258
-256
-259
-263
-252
-233
-206
-175
-147
-124
-106
-86
-66
-57
-64
-69
-63
-65
-63
-60
-64
-71
-78
-68
-54
-45
-33
-15
11
34
57
89
101
99
97
107
124
128
141
151
159
156
147
164
176
201
220
235
253
258
268
265
259
255
241
232
221
200
177
145
118
104
98
106
116
116
104
95
93
84
73
85
94
87
83
86
83
55
21
5
3
13
34
53
59
56
51
47
41
45
57
69
88
110
116
108
91
65
48
35
23
19
11
3
-24
-46
-60
-75
-80
-80
-75
-74
-77
-85
-105
-132
-151
-166
-180
-191
-195
-201
-217
-235
-245
-242
-238
-238
-223
-206
-189
-183
-172
-149
-151
-156
-158
-163
-166
-175
-161
-153
-154
-146
-142
-119
-105
-90
-73
-54
-34
-30
-18
-9
-16
-24
-31
-32
-37
-41
-36
-25
-17
-14
-11
2
20
29
42
49
56
60
64
75
77
76
76
66
51
33
28
33
35
46
58
74
93
95
96
101
119
130
138
149
150
142
119
91
68
54
49
57
69
78
76
75
83
82
87
107
119
130
137
142
139
126
134
132
125
129
133
146
140
141
145
147
159
164
169
171
168
157
130
113
96
74
63
55
45
30
20
16
7
2
2
10
22
21
8
-2
-24
-56
-80
-95
-108
-129
-146
-159
-163
-166
-170
-178
-176
-169
-166
-162
-163
-160
-159
-165
-165
-168
-171
-172
-175
-176
-177
-179
-180
-180
-171
-170
-170
-150
-125
-110
-91
-78
-80
-83
-79
-77
-80
-85
-73
-66
-76
-84
-79
-68
-64
-65
-52
-33
-18
-5
6
15
22
22
28
38
36
34
23
14
11
3
6
7
11
12
6
13
12
14
30
45
63
76
77
78
73
55
34
20
23
30
44
54
60
61
55
64
76
89
109
134
154
148
148
138
121
116
113
111
116
122
120
127
136
127
124
139
147
146
145
148
138
128
112
92
73
50
36
23
4
-2
-2
-4
-5
4
4
4
11
5
-10
-20
-30
-46
-56
-70
-89
-102
-110
-125
-135
-124
-131
-133
-115
-99
-83
-81
-76
-68
-65
-50
-46
-46
-44
-54
-63
-86
-101
-94
-104
-107
-111
-105
-91
-84
-81
-78
-70
-72
-66
-56
-59
-66
-74
-75
-86
-96
-101
-99
-88
-74
-57
-39
-17
-8
0
5
4
13
19
38
46
34
42
38
30
24
21
30
31
52
70
67
72
80
85
88
93
100
107
106
86
73
57
41
32
27
31
24
25
34
36
36
32
45
60
68
76
83
77
68
64
57
56
59
61
65
70
72
71
64
65
62
65
72
67
73
74
65
54
34
17
7
-5
-22
-38
-49
-60
-71
-79
-77
-75
-74
-59
-48
-43
-48
-53
-56
-73
-76
-78
-80
-76
-80
-80
-77
-71
-69
-69
-61
-49
-37
-23
-16
-20
-21
-23
-28
-31
-33
-28
-34
-47
-49
-55
-60
-56
-48
-41
-36
-21
-22
-27
-28
-27
-25
-24
-19
-25
-24
-17
-22
-22
-26
-18
-3
0
18
45
61
70
82
99
103
97
106
117
118
119
113
117
115
111
117
117
116
119
120
115
112
110
101
93
84
74
64
59
49
35
27
22
12
10
10
14
23
30
37
45
53
61
69
71
73
73
71
62
48
38
27
17
9
5
6
5
-3
-6
-5
-25
-26
-13
-13
-20
-34
-35
-48
-77
-96
-113
-117
-129
-143
-150
-158
-161
-163
-160
-161
-156
-146
-138
-128
-140
-146
-143
-147
-144
-145
-135
-126
-128
-117
-109
-105
-90
-87
-77
-60
-55
-49
-48
-45
-45
-56
-55
-48
-48
-46
-51
-53
-44
-43
-40
-34
-26
-13
-11
-4
7
14
14
15
26
36
40
36
40
41
39
51
57
72
88
103
119
121
129
134
137
133
123
119
122
114
104
99
81
74
63
56
57
57
64
68
79
85
79
81
77
70
64
62
70
75
74
63
61
60
51
46
46
48
43
42
46
44
47
48
52
52
42
42
40
34
25
11
5
-4
-15
-18
-30
-32
-45
-56
-58
-68
-75
-85
-85
-88
-98
-107
-120
-126
-125
-127
-134
-131
-118
-116
-114
-101
-94
-83
-72
-59
-49
-53
-46
-51
-54
-64
-77
-74
-76
-79
-81
-86
-94
-103
-99
-98
-89
-76
-64
-59
-56
-54
-63
-69
-67
-61
-50
-41
-39
-23
-18
-17
-14
-7
13
29
56
74
89
108
114
120
121
123
131
139
139
136
138
126
110
103
105
99
99
104
111
116
105
95
94
92
80
72
72
60
48
34
14
-4
-10
-9
-8
-2
3
13
18
13
8
13
21
22
25
28
33
34
29
25
19
11
13
27
22
18
23
24
21
12
8
-1
-5
-8
-29
-40
-54
-70
-85
-103
-108
-112
-118
-122
-121
-113
-110
-105
-97
-82
-69
-61
-62
-61
-63
-72
-78
-78
-81
-68
-48
-47
-40
-33
-30
-33
-30
-23
-29
-21
-18
-20
-19
-28
-34
-35
-35
-38
-39
-30
-25
-23
-20
-29
-27
-23
-26
-21
-15
-13
-7
-4
-3
0
1
11
14
29
40
46
57
54
59
72
79
88
101
113
118
123
121
119
120
118
121
121
118
112
109
104
92
84
83
79
71
73
62
51
36
20
21
12
4
2
-7
-3
-9
-17
-22
-23
-12
-7
-8
-2
-7
-11
-8
-17
-20
-15
-12
-10
-14
-12
-17
-29
-33
-33
-34
-33
-25
-25
-33
-34
-40
-47
-55
-52
-39
-40
-32
-30
-31
-31
-49
-53
-55
-69
-70
-71
-72
-74
-79
-74
-74
-75
-65
-59
-50
-41
-41
-34
-32
-30
-28
-33
-20
-12
-8
-8
-1
13
9
12
21
36
46
46
49
49
47
46
41
40
42
46
54
49
43
42
35
35
36
44
55
58
67
73
68
56
49
51
54
48
50
56
47
37
31
34
26
21
33
45
57
55
50
47
46
42
29
33
33
27
26
14
5
-1
2
1
-2
14
22
23
20
15
10
6
-1
-12
-18
-22
-28
-34
-46
-59
-66
-71
-75
-79
-77
-74
-75
-66
-64
-69
-72
-73
-69
-74
-73
-63
-66
-69
-63
-59
-64
-64
-58
-60
-60
-49
-53
-49
-36
-37
-37
-32
-26
-25
-30
-32
-30
-21
-14
-20
-13
-4
-8
-8
-7
-1
7
17
27
31
41
38
31
27
17
17
15
14
11
19
29
18
15
15
19
26
37
47
46
55
62
54
45
43
41
43
44
51
51
45
39
35
37
24
25
35
41
45
44
51
45
39
41
38
40
45
37
37
38
32
26
17
15
9
14
26
20
19
29
28
24
13
2
4
2
-9
-15
-15
-19
-29
-30
-30
-42
-40
-35
-39
-35
-34
-31
-30
-38
-36
-40
-37
-43
-39
-29
-47
-47
-44
-44
-48
-54
-55
-53
-46
-49
-50
-37
-38
-47
-46
-44
-52
-66
-64
-61
-55
-54
-58
-45
-40
-38
-31
-27
-17
-9
5
20
17
23
24
20
27
31
26
33
48
46
38
37
45
39
37
53
55
61
67
54
51
47
35
22
12
18
12
0
3
-5
-15
-21
-26
-25
-20
-18
-11
-14
-13
-10
-19
-26
-24
-21
-15
-20
-22
-9
-9
-11
-15
-10
2
5
7
8
15
22
26
25
28
28
22
26
18
1
-6
-13
-19
-25
-28
-30
-30
-23
-17
-27
-29
-21
-23
-23
-32
-37
-35
-42
-39
-38
-37
-25
-16
-4
0
10
21
16
18
22
32
30
25
33
31
22
15
13
10
-4
0
2
-7
-2
2
-5
-7
-4
4
-1
1
7
5
9
-2
-7
-13
-15
-15
-18
-6
-2
9
14
18
27
25
40
42
46
54
61
71
66
65
64
66
63
55
59
59
55
52
51
50
41
41
37
30
29
23
11
-5
-9
-11
-26
-35
-42
-45
-48
-51
-54
-60
-60
-52
-51
-48
-52
-56
-52
-49
-46
-51
-44
-31
-24
-22
-23
-16
-13
-10
-10
-11
-5
-6
-13
-22
-20
-17
-28
-28
-21
-14
-15
-23
-30
-30
-34
-45
-45
-43
-41
-43
-38
-40
-49
-37
-43
-40
-28
-25
-15
-12
-7
-6
-15
-4
0
2
10
11
21
23
19
20
9
13
28
24
27
36
47
46
36
40
36
29
25
24
24
19
12
13
10
5
10
10
15
25
21
25
28
28
19
19
36
31
36
52
53
47
44
52
46
38
42
46
58
54
48
50
41
36
33
25
22
19
24
14
9
10
-9
-8
-6
-13
-12
-14
-7
-18
-22
-16
-28
-25
-30
-28
-18
-34
-32
-27
-28
-26
-30
-19
-18
-15
-13
-27
-19
-11
-27
-31
-20
-22
-25
-23
-28
-31
-30
-27
-31
-38
-37
-36
-41
-43
-44
-40
-39
-40
-27
-27
-34
-29
-34
-29
-27
-30
-18
-13
-6
6
4
1
5
13
19
7
17
29
23
25
20
18
21
19
19
18
22
24
17
9
3
-3
-12
-13
-11
-9
-8
-1
-2
-7
-2
-3
-7
2
12
13
16
25
24
19
19
28
31
31
39
50
57
56
55
50
49
51
54
44
41
50
44
40
32
31
20
18
29
13
-3
-1
4
-9
-26
-21
-17
-22
-26
-30
-31
-37
-49
-52
-49
-53
-49
-43
-42
-38
-31
-31
-31
-19
-19
-17
-4
1
4
6
9
10
19
22
10
9
7
-3
-13
-18
-25
-21
-18
-21
