-17
-12
-6
-3
0
1
1
-7
-3
3
-1
-8
-19
-18
-13
-9
-3
-4
-9
0
3
-5
-7
3
11
-2
2
9
3
13
12
-1
2
6
6
17
18
12
15
7
16
18
13
18
13
13
16
23
27
11
18
30
15
12
14
12
13
16
10
5
9
15
9
2
12
8
6
7
-3
2
-3
-13
-10
1
-6
-13
-15
-18
-12
-17
-12
-12
-11
-5
-15
-18
-15
-13
-6
-13
-18
-16
-22
-28
-24
-18
-18
-27
-23
-15
-13
-13
-11
-13
-21
-21
-19
-23
-27
-22
-17
-20
-19
-7
-2
-5
-8
-6
-6
2
-2
-8
0
-3
2
2
0
3
4
4
3
10
6
4
8
8
22
23
12
7
6
9
14
16
7
10
14
6
10
17
12
11
16
18
21
20
17
16
14
8
7
11
12
10
6
-4
-2
4
1
0
-5
5
2
-7
-5
-4
4
4
8
8
3
1
2
10
1
-9
-10
-10
2
12
4
2
-2
-7
-7
-11
-11
-15
-5
11
-3
-7
-6
-6
1
0
4
-3
-5
7
-5
-12
-7
-13
-11
-9
-14
-15
-17
-19
-12
-2
-8
-8
-4
-13
0
8
2
1
0
-2
-3
-4
-2
4
1
-5
-14
-13
-2
-2
-6
-2
3
9
0
-3
14
11
-2
9
1
-3
5
4
18
13
10
17
10
11
10
2
4
-2
-2
11
2
-2
-1
0
11
3
0
5
0
7
2
-2
1
3
11
-3
-4
-3
-13
-7
-8
-8
-7
-11
-1
-7
-15
-8
-6
-4
-7
-4
-8
-14
-1
0
-8
-1
-2
-4
-2
-3
3
5
2
-4
-1
5
2
2
1
-3
5
6
1
9
3
-3
3
4
-4
-2
1
-4
5
11
1
2
1
2
2
-4
7
4
-6
-3
-5
-3
0
-6
-4
6
2
-2
-5
3
10
2
5
6
-2
7
10
9
7
2
2
-1
-7
0
8
-3
-7
5
2
0
1
0
6
-5
-13
-3
-4
-6
-1
11
12
-9
-8
-1
-6
-5
0
-3
-2
3
0
3
8
-1
4
1
2
5
0
6
8
10
4
-1
8
12
4
-2
7
8
0
-3
1
4
2
3
5
4
8
5
6
2
6
8
1
4
-2
-2
6
1
2
2
-6
6
1
-7
1
1
-1
-7
0
9
5
-3
-3
3
0
-2
-4
-3
7
0
-8
-5
-9
-8
-10
-12
-5
0
-5
-10
-8
-8
-3
0
-9
-5
-4
-3
0
4
1
-11
-8
-5
-10
-7
1
5
-4
-11
-2
2
-2
1
0
-3
-2
2
0
-6
-4
-6
-4
-1
-1
3
9
0
-4
7
9
1
0
7
5
6
0
1
14
16
11
4
9
10
0
5
10
10
4
2
3
4
3
-1
-3
3
14
5
-3
-3
-3
4
0
4
11
7
9
3
4
6
-8
-12
4
4
2
3
-12
-2
-1
-6
4
3
2
1
-4
-6
-8
3
1
-3
-2
-7
-11
-7
1
-10
-10
-8
-10
-5
-7
0
-3
-8
-1
-3
3
8
3
-3
-7
-7
-3
0
0
1
4
1
3
-1
0
3
3
1
-6
0
0
5
11
-1
-6
-9
0
4
7
20
15
9
6
6
12
8
8
8
7
6
3
7
3
-1
-1
-7
5
2
-4
10
6
6
8
7
5
0
13
8
-5
2
1
-6
-2
3
1
4
6
5
9
6
0
5
11
1
-2
1
-2
-5
-20
-21
-13
-12
-19
-21
-18
-21
-16
-19
-13
-5
-5
-5
-10
-1
3
3
6
2
0
0
2
5
8
5
2
9
13
4
-6
-1
3
-9
-2
11
-4
-6
3
2
7
6
2
6
10
-2
0
2
-2
7
-2
-18
-19
-21
-22
-10
-6
-15
-8
1
-2
-4
5
14
12
11
19
22
22
28
31
27
30
34
30
31
26
17
16
7
9
-4
-24
-40
-68
-63
-44
-37
-20
-12
-8
-19
-22
-7
-12
-4
8
5
17
36
37
39
50
31
19
29
25
28
21
22
21
6
-11
-29
-31
-32
-45
-40
-30
-32
-33
-28
-26
-26
-31
-33
-24
-15
-14
-3
16
12
-2
0
0
-6
-1
2
11
15
10
16
18
15
13
14
15
14
19
18
14
13
9
18
11
3
0
-13
-3
-3
-15
-19
-21
-17
-23
-20
-11
-13
-4
3
0
-1
2
8
6
6
20
26
25
31
23
31
41
26
32
29
26
26
14
13
13
-2
-15
-4
4
-10
-11
-17
-20
-5
-8
-14
-10
-14
-11
-10
-6
-2
-8
-7
-3
-5
-5
-1
10
2
1
6
-1
7
9
10
5
5
10
4
1
-5
-5
-8
-18
-16
-11
-16
-12
-5
-16
-27
-26
-27
-33
-28
-23
-17
-13
-19
-20
-16
-13
-11
-6
-2
-6
1
9
11
17
12
7
10
10
8
19
27
21
18
17
18
11
-3
-12
-4
0
-10
-11
-7
-7
-3
-6
-17
-11
-3
-9
-12
-10
-2
-4
1
7
11
7
11
24
10
12
22
16
25
23
20
25
18
15
12
4
2
3
1
7
1
-1
11
3
-2
4
-3
-2
3
-4
7
11
2
3
0
9
15
5
9
14
13
15
14
14
8
14
18
5
13
10
8
14
2
-5
-5
-3
-3
-6
-14
-18
-26
-30
-21
-25
-29
-15
-15
-17
-23
-23
-19
-20
-8
-20
-30
-24
-20
-6
-12
-15
-3
-2
-1
7
4
1
2
-3
-2
1
-7
-14
-16
-18
-16
-18
-15
-20
-19
-18
-23
-13
-9
-13
-15
-15
-9
-9
-10
0
7
2
2
16
21
17
16
16
12
22
32
23
26
24
11
11
13
16
12
11
13
3
-5
-3
4
2
-8
-5
-2
-6
-15
-15
-9
-9
-7
-4
5
10
7
6
5
12
16
21
32
39
32
23
22
20
17
15
16
25
9
2
6
-1
3
-5
-17
-19
-24
-13
-14
-27
-23
-15
-17
-21
-16
-12
-17
-15
-6
4
8
1
7
7
-1
-10
-15
-15
-10
-2
-6
-5
-4
-3
3
-2
3
7
5
0
-1
2
6
5
-4
5
-6
-21
-19
-19
-20
-27
-28
-25
-27
-33
-32
-35
-37
-35
-20
-4
-6
0
6
9
22
26
30
36
42
47
38
35
42
38
32
22
6
-8
-14
-11
-12
-17
-21
-35
-44
-49
-50
-48
-55
-50
-29
-19
-17
-2
14
15
21
15
8
25
35
44
59
59
55
46
32
20
4
-1
13
20
21
19
18
4
-21
-30
-40
-37
-26
-18
-1
-4
-7
-9
-16
-23
-27
-24
-8
12
33
44
43
40
12
-1
0
-15
-11
14
21
23
32
8
-17
-13
-12
-27
-12
-1
-7
3
-7
-17
-22
-36
-36
-33
-35
-25
-15
-10
-14
-21
-27
-29
-21
-20
-12
14
27
28
20
18
18
2
2
11
17
32
47
51
30
8
-4
-14
-7
-7
-2
3
-6
-8
-20
-28
-26
-31
-22
-13
-13
-3
-4
-15
-6
-2
-4
1
4
18
40
39
28
27
19
23
26
22
20
22
25
20
14
-1
-12
-16
-20
-11
-19
-23
-11
-17
-22
-15
-17
-19
-8
-6
-10
3
6
-1
-8
3
23
6
8
22
12
17
36
43
34
38
36
22
25
14
-3
8
5
2
-2
-9
-11
-25
-26
-38
-59
-54
-54
-45
-31
-25
-10
-2
-8
-25
-21
-2
9
24
31
36
39
30
26
16
4
10
16
26
33
31
26
3
-17
-19
-30
-33
-18
-5
-14
-23
-15
-28
-46
-37
-33
-41
-17
18
13
25
45
9
-9
0
-9
-3
6
26
42
34
28
19
5
0
6
3
12
19
43
45
3
3
1
-33
-33
-20
-23
-25
-3
-5
-21
-16
-34
-39
-40
-34
-30
-18
4
3
20
21
10
11
18
29
20
36
55
36
39
35
13
17
11
0
-3
-7
-3
-13
-12
-3
-10
-18
-21
-35
-31
-13
-24
-31
-17
-9
-6
-2
-9
-9
1
-1
-7
7
16
12
42
29
4
15
1
-12
6
18
9
11
1
-13
-3
-13
-18
-3
-24
-35
1
-9
-12
20
2
-10
-9
-14
-24
-16
13
4
15
25
-5
8
10
-10
22
27
3
29
10
-11
23
11
-24
10
16
-15
7
-5
-38
0
4
-9
31
16
-6
15
1
-19
-7
-17
-16
37
27
28
49
-13
-15
11
-30
-29
17
7
13
51
17
-7
-13
-48
-45
-13
-22
3
46
13
7
12
-31
-48
-21
-14
2
59
38
30
51
-5
-17
-5
-24
-10
34
27
30
74
7
-25
-6
-67
-41
6
-10
16
41
-8
-19
2
-73
-47
-6
-43
-10
28
10
7
40
-25
-35
5
-48
-10
53
18
23
63
14
-10
24
-19
-23
43
5
0
60
9
-22
19
-39
-49
22
-48
-27
59
-23
-2
37
-56
-44
4
-51
-7
50
-29
21
48
-33
3
37
-16
-11
60
12
20
71
-11
-2
38
-22
-19
34
-23
-32
34
-38
-37
56
-37
-57
31
-53
-44
46
-32
-34
32
-58
-35
60
-36
-1
76
-15
16
50
-6
13
37
22
23
47
8
6
28
-30
-15
9
-29
-16
23
-45
-17
13
-91
-7
-10
-75
20
34
-29
21
68
-49
10
74
-46
30
108
3
14
131
-2
-33
112
-62
-66
99
-41
-62
102
-12
-134
82
-46
-178
73
-31
-98
62
10
-97
38
24
-117
36
11
-46
56
62
12
27
44
-33
9
29
12
69
45
21
66
7
-41
40
-49
-52
92
-22
-11
96
-76
-56
46
-104
-72
57
-55
-54
74
-67
-63
52
-93
-89
64
-15
-25
164
34
-60
108
-16
-95
115
0
-36
183
39
3
102
-37
-96
23
-55
-96
64
-9
-32
8
10
-82
-100
10
-126
-29
99
-6
36
103
-42
-64
64
-92
-47
100
-11
51
119
1
-9
-1
-71
-36
-7
-31
34
61
23
57
-15
-53
-10
-65
-67
66
47
-75
133
30
-155
97
-51
-180
105
30
-126
173
83
-175
120
32
-196
82
82
-138
110
160
-112
108
112
-177
51
31
-137
62
44
-12
31
47
-41
-31
-11
-98
-22
-50
-2
11
-6
26
-26
4
-75
4
14
-80
119
43
-45
148
10
-137
133
-31
-217
176
-62
-117
223
-102
-38
60
-94
-9
-59
1
16
-70
61
91
-174
60
120
-309
174
69
-280
287
39
-168
274
32
-215
206
-28
-218
246
-7
-37
196
33
-53
1
37
-188
32
51
-113
161
-21
-18
39
-121
-61
-34
-103
-26
114
-128
121
127
-207
124
-69
-175
113
-34
-35
212
-21
-6
203
-256
10
49
-285
169
30
-82
199
37
-98
64
-83
-175
59
-128
-4
140
-75
109
18
-177
2
-69
-175
112
20
-79
247
-24
-29
114
-152
-21
4
-4
40
110
128
10
90
5
-35
-30
16
25
-24
127
49
-81
7
-19
-269
-87
6
-227
71
71
-111
40
13
-111
-45
-18
-53
98
29
78
205
-60
70
153
-220
89
204
-203
197
212
-163
142
32
-185
19
-41
-51
32
-2
32
-12
-70
-29
-65
-143
42
-28
-109
165
-40
-75
142
-110
-127
108
-122
-32
247
-38
62
187
-39
-40
101
43
-91
179
121
-71
109
47
-117
-84
50
-107
-118
146
-86
-111
120
-115
-167
79
-104
-156
156
-80
-60
170
-60
-48
85
11
-148
142
87
-84
165
30
5
-27
76
-38
-153
141
-91
-105
145
-39
-187
100
-62
-229
136
-60
-77
87
-10
-57
28
46
-143
117
23
-114
243
-3
-71
186
-27
-83
170
41
-138
184
0
-161
174
-109
-89
54
-105
15
4
-28
24
-20
-98
39
-48
-8
101
-81
120
-51
-10
111
-155
96
39
-51
103
84
37
13
74
-40
-20
60
-17
48
3
60
39
-57
48
-98
-96
10
-55
3
71
-40
1
34
-165
-9
-9
-171
75
74
-8
98
85
-76
-92
58
-89
-33
189
5
51
120
-17
-35
-64
8
-125
-5
132
-77
152
34
-126
62
-139
-111
55
-84
-18
143
-10
7
79
-110
-81
-103
-52
12
-2
167
2
16
41
-90
-47
-84
19
20
56
192
123
-15
18
-15
-196
22
85
-59
143
71
-68
39
-55
-105
-89
-95
-2
-40
21
91
-77
-16
19
-85
10
14
-45
49
98
50
136
91
-7
-34
-25
3
-80
166
46
-73
212
-75
-133
57
-130
-216
66
22
-117
192
-42
-117
2
-101
27
-42
44
54
15
59
69
41
-58
85
-51
-33
127
-21
-16
35
16
-52
69
5
-106
43
-97
-46
90
-14
-16
51
-37
-125
47
-47
-103
69
-6
-31
59
65
-80
-41
32
-86
5
95
1
-1
82
0
63
83
-14
61
-68
-46
84
-4
28
71
3
-45
-36
29
-78
-111
91
-84
-81
152
-68
-95
32
-51
-100
20
74
-97
-11
110
-30
8
106
-47
-85
37
0
9
83
45
-39
33
51
-66
70
-43
-99
133
-63
61
115
-155
11
-56
-96
67
-19
-15
57
-69
-32
79
-122
17
40
-108
81
27
2
24
30
27
-1
50
50
-19
-69
84
-20
-2
161
-90
-54
21
-99
-5
23
10
17
-20
19
-10
-71
-14
-40
-44
63
12
22
16
-89
7
-31
-7
101
-26
-28
42
-36
-4
74
-19
47
5
-50
62
-68
-4
60
-42
22
76
-49
-69
3
-96
-5
61
33
28
-43
-11
-34
-39
19
10
-46
32
42
-38
81
3
-49
52
-45
56
44
-69
77
-8
-48
64
26
-46
-33
22
-47
-11
93
-6
-63
53
-5
-56
60
-22
-22
7
16
56
-18
36
6
-43
20
41
33
1
44
-1
-33
78
-12
-19
38
-71
17
37
-28
18
-35
-75
-13
-12
-22
25
-11
2
-24
-17
40
-72
2
53
1
46
77
13
-66
32
3
-15
58
26
-2
-37
40
-1
-78
26
-39
-103
14
14
-54
0
21
-37
15
36
-30
-22
-30
8
60
31
69
46
-39
-32
5
-27
9
55
31
41
37
49
-16
-31
17
-16
40
88
51
15
-2
14
-21
-1
42
-38
-34
10
-12
-12
-34
-75
-115
-89
-37
-38
-18
-40
-86
-45
-20
-45
18
-19
-103
35
55
7
141
66
-51
73
76
51
151
117
32
61
50
38
40
28
39
-21
72
112
-6
35
-46
-117
-37
-10
-4
-26
-49
-83
-97
-47
-42
-132
-103
-112
-151
6
5
-52
-15
-78
-104
4
30
-12
64
51
44
167
130
53
44
-21
7
125
161
175
120
46
34
0
65
72
19
54
20
42
66
31
-4
-129
-125
-90
-108
-3
-36
-129
-88
-147
-159
-83
-146
-102
-52
-93
-21
-20
-69
-61
-35
9
68
106
69
31
37
52
112
176
171
133
87
117
147
169
228
165
156
197
164
195
176
91
70
40
73
119
51
16
-86
-159
-99
-131
-115
-101
-211
-220
-217
-279
-241
-241
-299
-243
-223
-225
-181
-223
-254
-247
-234
-174
-146
-148
-127
-157
-170
-92
-79
-41
12
-24
24
26
48
106
88
155
137
117
184
176
148
174
140
62
98
72
59
35
-11
-5
-55
-5
-24
-59
-31
-66
-28
11
28
-8
-27
-34
-15
94
131
178
153
90
121
167
273
383
436
466
525
543
655
780
750
861
915
912
1055
1048
956
878
775
707
682
590
351
-11
-406
-599
-752
-852
-912
-1282
-1619
-1829
-1989
-1962
-1962
-2034
-2081
-2080
-1935
-1672
-1495
-1336
-1153
-1003
-655
-208
96
341
536
665
909
1235
1468
1613
1598
1579
1582
1554
1605
1493
1290
1140
866
676
491
134
-98
-351
-595
-623
-781
-975
-1079
-1238
-1258
-1178
-1118
-1080
-1101
-1022
-878
-698
-442
-296
-241
-119
132
425
734
913
923
977
1078
1388
1774
2000
2084
1992
1895
1950
2065
2131
2169
2214
2454
2568
2398
1894
533
-500
-648
-497
173
290
-794
-2250
-3473
-3865
-3369
-2762
-2710
-3173
-3799
-4092
-3795
-3346
-3002
-2857
-2713
-2074
-1133
-398
-46
-31
-75
420
1363
2285
2875
2630
2203
2138
2298
2892
3343
3295
3001
2486
2075
1797
1456
1114
814
582
398
6
-723
-1396
-1982
-2252
-1962
-1731
-1799
-2143
-2634
-2957
-2886
-2494
-2026
-1547
-1252
-996
-726
-507
-238
-42
249
719
1248
1700
1907
1785
1470
1266
1338
1707
2053
2094
1840
1333
828
646
773
968
1071
905
599
439
310
282
399
565
987
1588
1892
1687
723
-880
-1676
-1207
-109
1141
1236
-192
-2152
-3451
-3300
-2082
-995
-879
-1584
-2628
-3118
-2860
-2316
-1783
-1689
-1528
-941
-280
121
67
-242
-397
99
1083
2054
2340
1701
998
716
1086
1979
2680
2837
2341
1560
1011
775
683
640
664
592
431
-22
-805
-1537
-2071
-2047
-1515
-1025
-1067
-1632
-2318
-2747
-2535
-1880
-1085
-606
-567
-610
-745
-652
-353
-34
410
883
1300
1471
1410
1166
917
937
1252
1750
1994
1871
1513
1044
820
884
1170
1580
1734
1509
1152
808
857
1488
2020
2232
1502
-286
-1368
-1381
-554
701
811
-481
-2323
-3587
-3316
-2017
-1220
-1440
-2381
-3519
-3610
-2744
-1863
-1387
-1677
-2068
-1679
-806
-33
402
267
33
320
940
1745
2020
1508
1136
1113
1521
2259
2692
2547
1878
1193
944
1053
1203
1174
834
302
-73
-437
-774
-966
-1302
-1511
-1400
-1292
-1374
-1644
-1985
-2128
-1893
-1353
-724
-475
-631
-785
-792
-420
199
655
874
855
795
851
974
1103
1194
1305
1394
1522
1487
1130
835
643
739
1111
1342
1399
1199
806
570
665
1061
1865
2573
2676
2184
475
-1318
-1640
-857
740
1897
1196
-987
-3319
-4282
-3265
-1510
-665
-1051
-2577
-4047
-4133
-3327
-2228
-1675
-1946
-2114
-1829
-1278
-691
-390
-510
-452
48
850
1636
1562
1043
701
711
1527
2605
3212
3027
2180
1372
1121
1369
1803
2053
1638
922
254
-328
-464
-505
-660
-825
-1098
-1376
-1649
-1906
-2124
-2184
-2089
-1777
-1375
-1255
-1253
-1378
-1457
-1110
-556
2
364
495
539
645
902
1266
1672
1878
1972
2052
1943
1833
1814
1819
1961
2070
1993
2002
1896
1581
1446
1372
1563
2144
2470
2424
1454
-594
-1929
-1834
-716
835
1179
-425
-2981
-4872
-4748
-2845
-1166
-950
-2140
-4138
-5128
-4418
-2875
-1437
-1181
-1796
-2169
-1953
-1152
-162
348
428
478
727
1412
1843
1640
1374
1187
1581
2562
3332
3471
2746
1660
1044
1208
1864
2345
2080
1185
207
-543
-645
-471
-529
-771
-1332
-1697
-1762
-1933
-2065
-2229
-2431
-2254
-1719
-1253
-1065
-1333
-1648
-1431
-776
142
823
843
509
218
361
1022
1688
2024
2004
1728
1480
1408
1489
1650
1688
1647
1602
1454
1381
1317
1087
975
943
1123
1775
2277
2278
1464
-321
-1651
-1711
-701
877
1435
165
-2149
-4093
-4259
-2670
-1004
-473
-1458
-3492
-4716
-4362
-2959
-1443
-1048
-1614
-2270
-2445
-1784
-630
149
403
415
377
795
1280
1432
1490
1391
1547
2144
2826
3192
2853
2062
1447
1372
1810
2368
2343
1599
607
-190
-284
32
121
-252
-1105
-1780
-1970
-1860
-1633
-1719
-2187
-2552
-2366
-1843
-1384
-1319
-1596
-1749
-1550
-770
102
449
360
63
108
689
1389
1845
1883
1512
1177
1285
1633
2052
2126
1781
1519
1260
1216
1520
1637
1413
1063
858
1024
1555
2013
2054
1313
-155
-1129
-1135
-339
752
989
11
-1674
-2988
-3038
-1968
-851
-691
-1556
-2893
-3717
-3482
-2417
-1412
-1248
-1650
-2146
-2209
-1678
-881
-145
95
15
38
216
488
732
896
995
1151
1469
1895
2122
1984
1669
1325
1254
1507
1742
1750
1338
713
265
106
195
222
-11
-442
-905
-1187
-1233
-1245
-1366
-1482
-1556
-1505
-1317
-1177
-1131
-1183
-1176
-925
-570
-209
46
112
139
254
538
918
1147
1131
994
876
930
1209
1414
1446
1256
886
788
903
1004
1055
947
752
613
676
930
1216
1310
1185
963
450
-80
-262
-131
248
463
276
-354
-1237
-1854
-1814
-1273
-863
-876
-1370
-2099
-2632
-2602
-2008
-1459
-1208
-1351
-1619
-1621
-1432
-896
-371
-227
-222
-166
41
330
596
733
811
915
1144
1491
1696
1701
1466
1167
1027
1070
1275
1424
1366
1018
529
155
-27
18
88
8
-242
-570
-876
-1094
-1128
-1122
-1068
-912
-809
-763
-827
-986
-991
-814
-559
-230
-42
-19
-8
-40
39
197
312
477
569
557
591
569
495
530
549
538
615
668
666
572
403
321
324
465
678
736
664
543
445
559
697
592
445
212
25
136
281
376
209
-224
-548
-700
-648
-435
-381
-635
-1005
-1352
-1369
-1076
-900
-818
-938
-1221
-1251
-1019
-719
-459
-378
-425
-373
-223
9
190
242
319
374
539
795
937
1005
946
876
848
868
965
1025
959
717
461
259
204
263
251
154
-110
-397
-577
-591
-482
-457
-522
-623
-716
-806
-793
-765
-825
-836
-844
-740
-555
-453
-378
-363
-357
-242
-56
123
242
219
179
240
314
430
531
552
563
525
519
559
542
497
504
530
546
606
616
551
450
381
413
495
615
615
457
269
94
96
239
339
313
47
-271
-373
-340
-268
-202
-312
-543
-686
-733
-621
-482
-518
-596
-693
-754
-704
-606
-473
-392
-408
-405
-325
-249
-129
47
176
241
226
263
337
343
375
387
370
381
433
502
488
347
142
49
55
77
150
148
57
-50
-94
-49
-87
-204
-304
-363
-406
-418
-373
-378
-421
-430
-371
-288
-278
-281
-259
-226
-185
-89
7
23
-5
-71
-52
33
108
245
304
241
165
112
133
161
152
168
158
137
225
335
328
290
235
208
301
391
481
542
452
322
244
216
263
360
406
387
274
119
79
56
22
5
-87
-208
-342
-436
-471
-535
-587
-593
-597
-628
-619
-634
-645
-564
-514
-426
-338
-304
-235
-168
-112
-38
45
106
194
258
264
275
209
183
248
313
381
381
357
309
251
266
308
325
319
303
227
134
87
68
101
129
128
117
44
-19
-46
-47
-14
4
-30
-53
-49
-63
-34
-21
-64
-126
-174
-165
-166
-137
-101
-146
-232
-294
-317
-282
-166
-95
-108
-166
-270
-254
-156
-63
37
20
-103
-142
-69
45
225
304
265
267
223
251
342
367
400
367
327
320
268
199
128
40
-49
-66
-83
-121
-186
-260
-295
-346
-336
-332
-383
-393
-381
-338
-284
-243
-208
-190
-193
-172
-112
-64
3
36
46
73
42
46
122
170
159
132
111
100
118
126
169
183
121
115
111
63
44
77
143
200
184
118
68
49
119
241
305
272
170
120
146
176
186
192
161
72
21
32
-18
-107
-147
-180
-164
-111
-104
-130
-246
-410
-473
-420
-310
-202
-193
-282
-383
-419
-314
-160
-66
-50
-79
-43
45
137
222
210
148
151
208
284
353
329
247
179
133
195
277
289
266
151
45
36
60
112
122
31
-57
-94
-88
4
59
49
27
-55
-80
-87
-133
-124
-152
-202
-210
-205
-202
-204
-212
-228
-218
-227
-206
-166
-191
-203
-202
-166
-108
-61
-20
9
68
120
218
336
390
434
443
442
432
432
465
492
487
423
396
354
275
222
118
17
-30
-54
-57
-90
-223
-378
-440
-447
-405
-362
-424
-521
-606
-608
-484
-392
-367
-390
-435
-430
-367
-263
-167
-139
-145
-123
-96
-43
43
77
97
111
91
117
190
230
257
260
220
208
235
299
386
377
289
192
72
103
239
311
332
278
197
146
164
201
171
56
-71
-127
-118
-53
-19
-64
-147
-224
-231
-203
-191
-207
-223
-224
-206
-177
-180
-173
-151
-105
-9
83
128
124
124
152
187
229
274
319
329
318
322
313
286
267
259
232
221
191
121
70
-25
-119
-135
-126
-98
-104
-147
-188
-243
-260
-196
-151
-161
-180
-198
-176
-140
-122
-98
-103
-126
-129
-121
-129
-151
-170
-181
-166
-149
-131
-105
-116
-167
-207
-204
-160
-86
-20
22
19
-5
23
78
144
200
247
281
291
315
334
339
351
357
349
338
277
190
144
87
50
29
-23
-71
-136
-199
-255
-297
-312
-314
-301
-327
-335
-318
-310
-282
-267
-236
-203
-156
-80
-30
-20
-28
4
69
155
235
265
246
216
212
221
289
339
315
276
181
119
117
128
169
164
122
65
11
-7
31
63
61
86
70
37
26
7
23
15
-3
-1
-24
-68
-107
-149
-185
-178
-167
-141
-147
-239
-323
-361
-323
-247
-208
-172
-178
-227
-189
-93
-14
53
79
95
123
155
202
225
212
228
250
250
282
288
271
243
156
90
59
30
12
-14
-82
-125
-157
-190
-164
-195
-232
-238
-249
-211
-182
-146
-128
-144
-122
-71
-49
-58
-44
-56
-29
32
52
83
50
1
-11
3
48
68
60
10
-46
-76
-68
-25
8
29
23
27
44
52
80
71
54
87
129
179
211
189
146
122
133
174
190
146
69
-1
-36
-19
15
3
-45
-116
-175
-191
-163
-124
-120
-122
-137
-138
-107
-77
-46
-25
-11
6
29
51
78
84
97
117
103
110
119
113
107
78
69
67
63
65
50
21
-12
-21
-29
-14
-4
-43
-58
-69
-57
-19
-25
-27
-34
-30
25
43
20
10
-24
-47
-9
10
13
-8
-60
-74
-85
-93
-80
-90
-115
-129
-142
-155
-168
-185
-161
-125
-88
-28
-1
20
24
-3
15
58
105
158
181
158
128
118
129
157
172
177
142
78
50
34
38
37
-3
-62
-127
-140
-111
-89
-75
-95
-146
-178
-167
-131
-84
-68
-74
-66
-60
-30
16
24
25
33
14
27
62
76
98
73
39
34
42
106
143
126
101
72
53
81
106
89
76
43
17
36
33
29
14
-34
-34
-39
-62
-37
-52
-62
-37
-42
-50
-61
-64
-58
-55
-61
-68
-79
-81
-68
-66
-66
-70
-71
-68
-44
-11
19
18
-6
-1
-12
-7
14
36
63
51
39
35
24
28
43
56
65
48
20
13
8
9
29
40
14
0
2
11
38
46
59
54
21
28
41
54
82
76
58
38
10
9
43
75
84
76
57
18
-19
-27
-25
-3
24
48
66
37
9
10
8
0
10
17
26
52
69
79
48
-17
-49
-66
-71
-52
-29
-20
-20
-23
-30
-34
-50
-79
-103
-119
-97
-45
-4
34
38
-9
-76
-120
-123
-102
-47
20
51
58
56
27
10
-13
-37
-10
12
34
64
74
74
56
19
-10
-21
-42
-24
-5
-11
1
-22
-47
-61
-69
-79
-105
-100
-87
-72
-63
-48
-41
-63
-60
-53
-48
-52
-39
-7
0
12
28
23
12
-10
-27
2
31
38
60
35
-8
-8
7
45
64
62
72
58
26
16
15
28
63
73
75
46
-11
-43
-78
-63
-30
-18
7
-1
-44
-89
-116
-109
-67
-41
-43
-34
-37
-8
62
88
85
42
-5
-21
-10
64
151
203
227
221
181
130
87
56
65
98
147
173
149
108
32
-80
-120
-100
-87
-35
-17
-40
-62
-109
-138
-165
-204
-210
-192
-138
-51
13
19
-17
-62
-94
-78
-38
13
63
104
149
177
167
124
104
73
47
94
168
228
233
202
141
69
29
7
37
37
24
57
47
20
-25
-78
-129
-142
-120
-94
-57
-90
-106
-134
-172
-134
-144
-144
-132
-138
-128
-109
-92
-78
-82
-137
-141
-121
-51
40
83
137
86
29
-14
-64
-46
-22
59
116
115
98
48
3
-39
-7
40
57
83
65
29
-19
-67
-110
-111
-76
-45
27
-1
-80
-142
-187
-154
-132
-105
-127
-151
-151
-118
-36
-25
-5
-24
-52
-61
-59
-5
35
104
125
131
101
46
75
86
151
232
226
198
158
114
72
72
67
85
111
109
128
85
36
-23
-56
-17
-6
26
34
37
18
7
29
-9
8
-25
-50
-16
-12
26
40
48
54
40
12
19
19
-13
21
22
37
64
39
58
30
13
-14
-36
-44
-77
-40
-64
-39
-34
-64
-30
-56
-41
-78
-74
-57
-42
31
36
84
69
22
3
-31
-54
-67
-14
-33
-10
5
-38
-27
-73
-55
-52
-60
-80
-120
-92
-86
-25
-35
-46
-28
-59
-19
-27
-24
-23
-24
31
45
90
85
82
64
11
28
8
11
16
25
32
37
79
44
39
14
-46
-71
-90
-67
-36
23
35
33
-18
-102
-114
-151
-107
-102
-95
-50
-50
23
25
29
-14
-72
-63
-64
16
40
76
100
60
74
43
27
8
-13
-2
10
59
65
75
56
52
52
17
38
27
46
46
59
97
86
97
48
36
28
-2
6
-36
-62
-70
-60
-32
18
-2
-55
-85
-199
-203
-177
-135
-23
15
56
31
33
16
-7
36
26
101
149
192
275
270
253
191
129
102
90
107
130
155
151
160
152
78
19
-82
-134
-142
-120
-62
-39
-6
-48
-89
-144
-185
-176
-152
-84
-67
-22
-52
-86
-93
-74
-11
13
88
48
60
25
0
49
15
70
66
89
61
55
46
-24
4
-19
17
55
37
53
16
5
26
21
18
-42
-51
-70
-28
27
-24
11
-67
-82
-105
-174
-168
-192
-140
-114
-77
-135
-191
-234
-290
-211
-160
-81
-26
3
-13
-38
-35
-64
-13
51
110
182
184
178
162
138
118
95
115
101
127
112
86
89
10
22
-38
-81
-84
-105
-80
-88
-44
-77
-74
-91
-116
-103
-127
-60
-43
5
33
16
13
-36
-4
14
54
114
136
146
118
107
50
65
91
120
166
148
144
54
14
-12
-26
14
51
83
75
70
20
11
14
15
30
16
0
19
33
46
76
32
-8
-38
-66
-77
-48
-29
-33
-19
-71
-65
-96
-131
-128
-124
-66
-11
55
58
82
37
31
34
32
94
112
192
156
184
163
122
137
56
94
52
52
70
35
33
-21
-8
-41
-57
-49
-107
-135
-169
-172
-151
-150
-123
-111
-114
-110
-114
-108
-105
-71
-83
-46
-39
-37
-5
-12
16
-6
22
-1
-6
-12
-71
-25
-43
31
67
70
93
-12
-38
-91
-58
-10
7
44
37
32
-9
-19
-38
-52
-53
-61
-35
-13
1
11
-1
-30
-100
-130
-161
-159
-124
-119
-61
-60
-60
-88
-122
-140
-179
-133
-120
-27
40
68
102
63
61
22
77
93
148
197
200
230
172
182
149
102
86
70
62
53
77
66
65
36
10
-27
-66
-49
-67
-55
-47
-50
-49
-34
-52
-48
-22
-11
19
58
63
49
60
16
47
19
35
64
39
59
37
42
9
39
35
37
77
29
41
25
6
19
39
85
78
104
56
25
4
-24
41
41
74
85
88
70
66
37
-9
-15
-59
-38
-43
-52
-39
-66
-68
-82
-82
-117
-142
-143
-147
-61
-45
1
-8
-38
-38
-71
-36
-35
30
62
92
125
65
64
28
21
72
62
79
58
8
-10
-63
-72
-68
-63
-50
-50
-50
-77
-99
-117
-127
-106
-82
-77
-73
-81
-93
-77
-88
-62
-52
-54
-49
-70
-25
-7
10
1
-21
-23
-45
-24
1
4
34
22
19
-11
-33
-47
-69
-27
-9
68
73
89
84
11
-15
-46
-22
9
46
73
49
49
18
21
17
-4
-26
-38
-49
-36
-43
-44
-25
-50
-4
-45
-36
-92
-104
-67
-38
42
55
99
75
73
61
78
81
84
110
122
159
182
186
184
144
101
70
30
36
45
63
82
84
54
17
-48
-103
-114
-115
-74
-19
8
56
55
27
-11
-42
-69
-58
-5
29
71
76
57
29
5
-30
-27
-46
-19
-11
16
34
26
24
-32
-30
-76
-56
-42
-27
20
29
24
0
1
-17
-4
11
27
50
41
38
37
9
1
10
-16
-3
4
-14
-38
-70
-94
-130
-93
-101
-67
-68
-98
-85
-139
-167
-169
-128
-108
-22
1
27
34
-17
-6
-35
-30
-3
15
68
102
141
156
101
69
-3
-27
-36
-39
0
-14
34
37
22
-16
-66
-110
-125
-91
-72
-14
-3
5
-21
-14
-50
-43
-29
-70
27
-25
26
44
23
37
3
41
-12
33
-11
-6
17
-11
50
61
60
66
42
0
14
20
49
112
111
124
150
71
94
56
25
37
8
39
45
75
63
59
36
-13
-60
-71
-128
-93
-92
-88
2
-56
-16
-69
-88
-93
-130
-61
-42
40
50
97
68
87
73
60
93
51
135
73
122
88
100
111
71
127
13
33
17
-44
-28
-58
-48
-28
-48
-40
-77
-82
-96
-130
-101
-146
-95
-69
-62
15
-4
21
-6
-61
-49
-86
-55
-18
-11
80
46
63
56
-14
-15
-58
-46
-9
14
69
67
58
37
-39
-30
-69
-58
20
33
102
102
54
70
-27
-22
-52
-84
-11
-25
38
39
9
-19
-82
-132
-137
-153
-117
-94
-51
-24
-55
-27
-93
-120
-119
-149
-89
-60
2
40
40
88
26
56
42
51
74
98
121
140
152
116
131
67
76
27
23
4
-17
27
-20
4
-1
-54
-22
-94
-77
-53
-107
-26
-73
-26
-3
-8
36
-9
18
7
-8
35
42
72
85
90
92
57
51
55
38
52
82
54
119
85
65
80
1
44
10
16
56
6
66
5
12
34
2
32
-10
18
13
37
33
38
18
18
1
-13
8
-40
13
-12
-41
-3
-66
-42
-46
-95
-17
-60
-45
-46
-79
-72
-79
-69
-52
-39
30
37
51
71
16
29
10
9
39
50
63
108
51
75
0
-30
-48
-129
-57
-84
-58
-14
-46
-28
-60
-108
-97
-141
-107
-119
-41
-37
-1
4
-41
-16
-67
-32
-39
-10
-3
42
36
50
48
1
-13
-65
-55
-43
-21
35
26
71
13
1
-10
-49
-18
-52
11
-4
69
64
82
62
21
28
-8
26
9
83
72
64
116
32
42
26
-41
11
-20
-8
17
17
-3
-24
-30
-63
-66
-52
-69
-33
-3
-16
46
3
4
33
-19
17
45
42
119
88
129
117
63
88
16
50
66
69
91
72
43
49
-3
17
-7
3
22
-25
43
-40
-2
-21
-66
-5
-40
-16
-26
-31
-46
-22
-37
-38
-9
-43
-16
-30
7
2
12
10
-7
1
-33
-15
6
10
31
49
37
40
-6
7
-17
-9
32
11
41
30
2
35
-12
-4
40
-23
39
2
-3
-2
-23
-15
-34
4
-52
-33
-58
-89
-73
-98
-130
-69
-96
-90
-31
-118
-29
-62
-42
-12
-44
-28
-31
-17
7
39
60
72
54
53
51
54
37
64
70
46
91
70
38
69
-19
-1
6
-56
-23
-56
-79
-43
-66
-61
-46
-57
-66
-66
-75
-103
-54
-92
-76
-24
-38
10
0
-13
-5
-17
-11
15
43
41
82
75
74
94
34
69
35
28
65
13
67
45
31
38
-5
-22
-21
-30
-34
9
11
4
1
-10
-47
-26
-55
-55
17
-27
36
51
4
14
-39
-51
-44
-19
-13
11
25
7
4
-20
-28
-31
-3
-22
19
26
31
46
40
41
23
48
24
49
75
83
90
94
72
66
54
18
12
16
15
22
23
-3
-19
-39
-62
-57
-36
-50
-30
-34
-48
-51
-33
-41
-46
6
-11
8
27
3
34
34
39
40
70
65
65
85
33
63
28
17
3
0
-2
-23
31
-12
-12
0
-58
-28
-53
-64
-30
-44
4
-15
-17
-22
-30
-26
-14
7
16
27
29
40
9
34
7
-5
36
-21
24
-7
-30
7
-71
-36
-69
-80
-58
-68
-72
-35
-29
-33
-14
-28
-18
-23
-3
-3
8
16
46
23
52
29
50
47
27
44
-18
20
-15
4
16
-4
16
5
-33
-42
-72
-80
-64
-77
-15
-13
1
36
-2
4
-15
-35
-9
-12
26
57
70
65
70
35
-2
-16
-33
-26
-4
26
38
60
29
23
-14
-50
-73
-63
-44
-28
24
5
30
7
-38
-7
-24
-7
35
55
86
98
88
70
43
26
19
3
40
11
12
2
-19
-26
-103
-68
-92
-102
-71
-79
-74
-45
-81
-54
-40
-74
-4
-33
-5
48
34
52
85
49
80
85
61
106
92
90
86
64
35
32
-6
-5
0
-21
-27
-27
-56
-66
-59
-118
-54
-67
-69
-18
-68
-40
-31
-52
-32
-6
-23
12
21
6
31
3
43
50
47
63
64
52
46
15
3
11
-18
3
17
-4
8
0
-40
-5
-44
-9
-25
0
40
34
96
49
77
55
2
4
13
-7
42
71
51
63
24
-22
-54
-75
-90
-79
-60
-41
-30
-25
-51
-76
-68
-112
-83
-43
-52
25
31
52
71
59
56
58
53
53
70
96
124
89
114
62
49
31
-35
3
-18
-22
-24
-52
-29
-81
-96
-80
-119
-90
-85
-110
-92
-79
-98
-45
-42
-40
10
-8
2
20
19
22
53
37
68
108
76
82
74
46
21
3
-49
-14
-43
-46
31
-29
2
-8
-66
-45
-68
-94
-46
-40
13
43
39
55
20
27
-28
-25
-26
-31
26
35
53
60
18
9
-21
-61
-59
-83
-41
-18
-12
32
12
-10
-10
-41
-63
-42
-28
12
76
77
106
110
55
54
4
3
0
23
87
69
100
82
50
9
-37
-75
-95
-71
-68
-9
-11
-2
-9
-39
-54
-125
-86
-98
-77
-16
9
56
63
38
43
17
-8
43
29
86
113
122
151
107
82
40
8
-8
-25
-1
12
8
17
-23
-26
-62
-112
-84
-121
-84
-15
-54
53
22
-21
37
-63
-27
-30
-23
36
44
73
78
80
42
15
-2
-28
5
6
28
69
44
27
16
-31
-84
-82
-110
-56
-38
-33
35
2
0
-3
-42
-33
-14
-1
50
73
71
93
55
14
7
-42
-26
-9
-21
27
12
8
-18
-71
-64
-99
-100
-67
-42
-13
2
-20
-24
-46
-72
-54
-34
15
43
90
106
92
68
31
14
0
33
64
86
108
97
63
9
-61
-102
-124
-108
-72
-31
-1
6
-3
-56
-95
-136
-134
-87
-57
25
77
107
100
65
36
-25
-28
-23
43
85
138
166
139
120
30
-12
-68
-70
-39
-24
38
47
46
27
-50
-93
-125
-142
-110
-65
-14
54
85
81
59
9
-37
-42
-52
-23
50
94
130
135
102
21
-29
-96
-117
-84
-71
27
65
66
65
-4
-53
-109
-151
-127
-88
-8
91
117
143
124
44
-14
-81
-100
-62
3
93
172
194
154
80
-22
-121
-151
-156
-111
0
53
101
87
1
-69
-173
-228
-207
-160
-59
43
114
164
137
51
-9
-81
-104
-60
-6
112
177
193
207
103
-1
-66
-131
-123
-67
-8
84
104
89
52
-44
-96
-163
-168
-123
-61
27
64
85
92
29
-13
-38
-88
-40
1
41
108
108
122
84
27
-9
-59
-67
-57
-29
3
-9
13
16
-33
-20
-52
-67
-33
-37
-7
7
4
35
23
15
30
-1
20
17
17
47
14
39
55
32
59
42
15
18
-2
-34
-45
-50
-59
-59
-44
-24
-40
-32
-51
-55
-46
-67
-45
-13
3
28
61
48
38
33
13
-3
9
4
25
64
46
63
47
8
-6
-48
-58
-52
-56
-24
-2
-1
11
0
-27
-44
-61
-67
-38
-3
19
60
73
76
59
-1
-9
-23
-20
15
17
58
70
46
32
-25
-63
-78
-75
-63
-46
2
2
22
8
-32
-21
-75
-57
-41
-20
39
65
83
86
79
31
27
2
3
28
41
86
81
80
58
22
2
-38
-45
-53
-44
-40
-43
-27
-35
-23
-35
-38
-45
-59
-47
-59
-39
-12
19
42
69
67
51
46
8
-7
-16
-9
33
69
82
81
75
48
-9
-56
-77
-87
-45
-6
40
77
60
32
-21
-58
-110
-111
-74
-27
49
88
95
61
21
-35
-80
-84
-60
-22
50
92
104
87
21
-11
-70
-106
-80
-59
4
44
52
58
18
-20
-62
-86
-74
-55
-5
35
55
65
49
28
5
-34
-19
-3
7
49
48
69
74
42
36
-2
-28
-35
-42
-33
-35
-10
7
-10
-5
-30
-78
-84
-103
-109
-47
-26
6
71
75
67
39
11
-17
-37
-12
12
45
78
94
101
50
4
-20
-58
-63
-45
-7
25
39
46
22
-30
-66
-85
-88
-63
-27
12
44
36
20
5
-38
-30
-27
-12
36
55
72
66
38
5
-4
-9
-21
0
2
17
24
0
-23
-41
-48
-56
-27
-23
-12
4
4
25
2
-9
-5
12
41
25
28
33
27
30
6
5
20
24
31
43
20
12
2
-31
-17
-34
-30
-19
-12
3
-9
-17
-34
-47
-41
-40
-23
-4
11
32
30
35
23
5
9
10
20
21
30
28
25
23
11
3
-10
-14
-15
-8
-10
-4
5
12
14
7
-5
-30
-46
-46
-43
-34
-14
2
30
38
24
8
10
-5
-19
7
7
27
42
31
40
12
-11
-20
-51
-45
-15
-10
6
20
9
0
-32
-41
-45
-51
-28
-14
17
10
14
10
-9
6
-3
2
18
34
40
44
33
19
9
-9
-15
-25
-10
-5
11
27
13
19
-3
-28
-32
-31
-25
-17
-2
8
12
11
6
-3
-8
0
11
0
-2
13
17
4
-2
10
3
-4
-7
-9
-4
-7
2
4
1
-6
-4
2
-5
11
16
22
30
15
13
2
-9
-7
4
7
14
25
18
18
5
-1
5
-6
-9
0
5
-2
-6
-7
-14
-21
-23
-30
-20
-6
-13
-5
-11
-4
-9
-16
-4
-5
16
23
11
7
1
-14
-15
-13
1
20
23
40
35
19
8
0
1
1
5
19
14
16
5
-16
-17
-44
-40
-26
-28
-13
-16
-12
-12
-36
-43
-40
-39
-14
3
13
39
28
15
10
-4
-8
0
20
33
33
37
14
3
-10
-30
-14
1
15
29
30
28
2
-25
-31
-44
-47
-21
-3
14
20
7
3
-26
-47
-52
-38
-14
0
27
40
39
24
3
-12
-17
-17
-12
0
14
25
29
29
20
8
6
5
-12
-12
-3
-2
5
11
8
3
3
-2
-21
-26
-28
-32
-30
-22
-11
-3
7
23
18
4
13
-7
-4
6
10
33
32
44
38
9
2
-13
-16
-12
-8
15
20
23
12
-9
-18
-36
-33
-30
-30
-2
4
14
15
-8
-16
-26
-30
-23
-17
-4
27
33
37
24
4
8
-11
-10
2
12
21
36
41
25
18
4
-3
-11
-7
-4
2
17
12
14
9
-5
-21
-25
-28
-28
-19
-15
-11
-10
-8
-18
-33
-38
-30
-17
-14
-3
20
33
36
27
20
25
6
0
0
12
25
21
29
29
18
-11
-14
-25
-37
-29
-20
9
6
8
8
-1
-11
-32
-34
-29
-13
-8
3
22
10
12
2
-14
-11
-19
-6
3
14
21
17
16
10
5
-12
-21
-9
-8
-16
-6
-4
-12
-4
1
-2
0
-3
0
18
0
-9
7
1
7
7
3
21
24
12
16
8
10
14
-3
16
18
16
16
-9
-6
-17
-22
-29
-32
-8
-5
-3
-6
-10
-13
-17
-9
-7
0
13
23
27
27
21
14
11
19
20
15
18
23
20
9
-5
-11
-6
-12
-14
0
9
1
5
9
-2
-4
0
0
2
9
18
12
-1
5
-5
-13
-13
-8
3
-4
11
17
3
1
-9
-11
-15
-17
-13
-13
-7
-6
-2
-4
-10
-6
7
2
0
3
1
10
11
12
18
28
25
22
14
6
1
-7
4
-1
-1
7
4
1
-10
-15
-20
-24
-27
-27
-27
-23
-18
-21
-17
-17
-18
-18
-14
-10
-5
5
3
12
22
11
9
14
13
17
11
11
12
12
11
8
13
10
11
4
-4
-9
-20
-16
-16
-11
-2
-4
2
-11
-18
-21
-26
-25
-12
1
9
20
19
16
8
-2
-18
-16
-10
-7
10
13
18
12
7
-8
-21
-17
-19
-6
8
13
13
8
6
-7
-9
0
4
18
32
40
34
29
21
3
-3
1
-2
-5
9
9
14
3
-25
-24
-26
-35
-35
-28
-8
9
11
8
2
-6
-11
-9
-11
5
21
23
39
44
30
19
17
12
5
6
0
5
11
2
-3
-8
-13
-12
-12
-9
-12
-8
6
-2
-8
-4
-8
-4
0
5
13
11
8
7
10
4
-5
4
16
18
14
8
14
5
-6
-13
-21
-6
-9
-16
-2
-5
-7
-12
-18
-21
-18
-17
-6
1
1
12
1
-2
-1
-5
-4
0
22
22
24
22
16
13
10
3
-1
7
5
7
-4
-12
-13
-21
-19
-21
-24
-16
-16
-14
-4
-10
-14
-7
-8
-8
-11
-9
-5
-5
8
2
-4
5
1
1
1
9
11
8
17
19
16
14
4
-1
1
-8
-15
-17
-12
2
3
2
9
6
-8
-8
-7
-8
-9
4
25
14
12
12
-1
-13
-19
-17
-19
-11
2
3
8
0
-10
-9
-14
-29
-19
3
2
12
17
18
22
12
3
3
13
11
20
24
13
17
7
1
-7
-13
-10
-5
1
-9
-14
0
3
-11
-13
-12
-5
-2
-19
-14
-9
-7
4
-8
4
11
5
12
3
1
0
0
8
2
4
11
15
5
2
-2
-11
-11
-16
-6
-2
-5
2
6
1
-1
-7
-11
1
2
-1
4
13
5
-3
3
-5
-6
-4
-1
10
17
13
7
10
12
0
-1
0
-2
10
9
0
5
-1
-6
-7
-13
-11
-15
-6
10
8
9
10
16
6
-2
-1
-11
-1
4
9
17
14
21
22
10
15
7
-3
10
15
5
0
17
16
1
3
0
-7
-4
-4
-9
-5
4
5
-2
2
-1
-3
4
-4
0
6
5
8
3
-2
-2
-8
-9
-13
-14
-8
-1
-1
3
12
1
-1
-7
-10
-3
-17
-7
2
3
7
3
5
-7
-2
-8
-13
-4
-10
0
5
-4
1
-7
-20
-15
-22
-26
-17
-9
-1
2
1
-1
-7
-15
-18
-23
-15
-5
-11
-5
-5
-10
-14
-24
-26
-20
-19
-14
-10
-9
-3
-5
-7
-15
-15
-12
-4
7
5
18
28
22
16
11
5
5
4
