-4
-3
-4
-4
-3
-5
-3
-2
-3
0
-1
-1
-1
-1
-1
1
0
0
1
0
-1
0
-1
-2
-1
-1
-2
-3
-1
-1
0
0
2
2
2
3
4
2
2
3
2
2
1
1
-1
-1
1
0
-1
1
1
1
2
2
3
4
2
4
5
3
4
2
3
2
3
3
2
1
2
2
2
1
1
2
2
3
3
2
2
2
3
3
4
3
3
3
2
2
2
0
2
0
-2
-1
-1
-2
0
0
-1
2
1
3
2
2
2
2
1
1
0
-1
-3
-3
-4
-4
-4
-4
-3
-4
-6
-2
-3
-2
-2
-2
0
0
-2
0
-1
-1
-3
-2
-2
-2
-4
-2
-3
-3
-1
-2
-2
0
0
0
0
1
0
-1
-1
1
2
0
1
1
1
0
0
1
0
-1
-1
-2
-3
-2
-3
-3
-4
-3
-2
-2
-1
0
1
2
1
2
2
1
1
-1
-1
-2
-3
-4
-3
-2
-2
-1
-2
-1
-1
-1
0
2
2
3
3
3
3
2
3
3
0
1
2
-1
-2
0
-1
-1
0
1
3
4
3
2
3
3
4
2
1
3
4
2
4
3
1
2
0
-1
0
-1
0
0
1
1
1
1
2
2
1
1
2
2
2
2
0
2
-1
-1
-1
-1
-1
0
-1
0
0
-2
-1
-1
-2
-2
-1
1
0
2
1
1
-1
-2
-3
-3
-4
-3
-3
-3
-4
-2
-3
-4
-4
-5
-4
-2
-1
0
-1
1
-1
0
-1
-1
0
-1
0
-1
0
-1
-3
-3
-2
-4
-2
-1
-2
0
0
3
0
2
2
2
2
3
2
2
4
2
3
3
1
0
0
0
1
1
2
1
2
1
2
2
1
4
3
5
4
5
3
2
2
2
1
2
1
2
1
1
1
1
0
-1
0
1
2
1
3
3
3
3
4
3
3
2
3
1
2
1
0
0
0
1
2
0
2
1
2
2
2
3
2
0
1
1
1
1
1
1
-1
-1
0
-1
-1
-4
-4
-1
-2
0
-1
0
-1
-2
-1
-2
-1
-1
-1
-2
-2
-2
-3
-3
-4
-4
-4
-4
-5
-5
-5
-6
-5
-4
-3
-3
-4
-3
-4
-3
-3
-3
-4
-4
-3
-3
-3
-3
-4
-8
-5
-5
-4
-2
-3
0
0
0
1
0
0
0
0
2
2
0
0
0
-2
0
-1
-1
-2
-1
-1
2
3
4
2
2
2
2
3
4
5
5
2
2
4
2
2
0
0
1
-1
-1
0
-2
-1
0
1
2
1
-1
-1
2
2
3
3
3
2
3
3
3
1
-1
2
1
2
2
1
-1
-2
0
1
2
3
2
4
4
5
7
4
0
0
-1
0
1
-1
-2
-2
-3
-2
-2
-1
-1
0
1
2
3
1
2
0
1
2
1
1
-1
-2
-1
1
1
0
-1
-1
-1
0
3
1
2
1
-1
0
0
0
1
1
0
3
3
2
2
1
-2
-2
-1
0
1
1
0
0
-2
0
1
-1
-1
-1
-1
0
1
2
1
-2
0
0
0
0
-1
-2
-2
-1
-2
-1
-3
-3
-1
-2
-1
-2
-2
-1
-2
0
-1
0
-1
-3
-3
-3
-2
-1
-2
-4
-4
-4
-4
-1
-2
-4
-1
-2
0
1
0
0
-3
-2
1
0
1
1
-1
1
1
3
2
0
0
-1
0
2
3
3
2
0
3
4
3
3
2
1
4
3
5
3
1
2
0
0
1
0
-1
0
-2
-1
0
0
0
-1
0
-1
0
2
3
1
1
1
1
-1
-1
-1
-1
-2
-2
1
-2
-1
-1
-2
0
-1
0
0
1
1
1
3
5
3
2
3
0
0
2
-2
-1
1
1
2
1
1
0
-2
0
1
1
2
3
2
2
5
6
4
2
4
1
2
4
2
1
-1
-2
-1
-3
2
1
-4
1
2
2
3
1
1
-1
-3
2
1
-3
-1
-3
-4
-3
-2
-2
-3
-4
0
-2
-2
1
-3
-4
-2
-4
-2
-2
-4
-2
-4
-2
0
-3
-2
-3
-5
-2
-4
-3
-4
-4
-5
-6
-3
-1
-3
-2
0
-2
-1
0
-1
-2
-2
-1
0
-2
2
1
-4
-1
-3
-3
-3
-3
-2
-3
-2
-1
-1
0
1
0
-2
2
1
0
2
1
1
0
0
1
-1
0
3
0
-1
1
-2
-2
1
-1
3
0
1
2
-1
2
3
4
3
2
2
2
3
4
3
1
2
1
2
3
2
3
4
3
3
3
2
4
4
5
6
4
5
3
2
3
3
2
3
2
3
2
0
3
2
1
3
4
5
4
5
4
2
4
5
4
4
5
1
2
3
2
3
-1
-1
0
-3
2
2
0
0
2
1
1
4
0
1
0
1
1
-1
1
-5
-6
-1
-6
-1
-6
-4
-3
-5
-1
-2
-4
-4
-2
-7
-2
-1
-4
-2
-7
-3
-6
-7
-3
-9
-6
-5
-8
-3
-6
-4
-6
-9
-7
-4
-5
-4
-2
-2
-2
-2
-3
-3
-4
-3
-3
-2
-3
-3
-3
-5
-2
-3
-5
0
-2
-2
0
4
3
-1
3
1
2
2
6
5
3
6
3
5
5
4
5
3
3
2
2
5
5
7
8
5
8
6
5
6
4
4
4
5
5
4
2
3
2
4
7
3
1
2
-2
0
1
0
3
1
-2
2
1
1
5
1
1
5
4
4
2
0
-3
-2
0
0
0
-1
-2
-2
-5
0
0
-1
-1
1
1
2
2
1
1
-4
-1
-1
-2
0
-4
-6
-1
-5
-1
-5
-5
-6
-5
-1
-2
-7
-2
0
-7
-2
-3
-5
-5
-6
-3
-8
-7
-3
-13
-9
-6
-9
-8
-11
-6
-7
-8
-5
-2
-4
-4
-4
-3
-7
-3
-3
-1
-3
1
-4
-3
-2
-5
-4
-3
-4
0
-1
4
3
5
4
1
4
2
-1
9
7
4
12
7
8
5
3
9
5
5
13
12
15
8
3
7
4
4
14
9
14
12
13
14
8
9
9
5
11
7
7
12
2
6
9
-1
10
5
3
5
5
5
6
9
3
0
5
1
2
3
2
-1
-4
3
-5
-7
-6
-9
-11
-12
-7
-9
-1
-12
-4
-9
-9
-7
-11
-10
-8
-13
-9
-14
-18
-12
-20
-23
-9
-14
-17
-14
-11
-10
-22
-14
-12
-20
-13
-8
-14
-10
-5
-17
-12
-15
-8
-16
-8
-4
-12
-7
-12
-6
-2
-4
0
-2
-5
-2
8
-10
17
-1
8
13
5
10
18
0
7
17
16
1
31
14
12
14
16
18
6
23
19
24
17
29
24
11
27
31
17
38
32
29
28
33
25
24
19
23
35
1
45
24
17
22
30
6
25
28
10
27
7
32
0
14
20
-3
7
6
9
-2
-4
5
2
-8
-3
-4
-8
-3
-18
-9
-9
-15
-9
-15
-24
-11
-31
-20
-19
-27
-20
-35
-28
-25
-42
-34
-44
-42
-50
-41
-47
-43
-52
-54
-55
-39
-74
-45
-45
-81
-35
-54
-75
-44
-60
-83
-36
-58
-85
-16
-81
-46
-42
-54
-30
-69
12
-59
-41
-14
-4
-51
5
-12
-17
22
-23
24
16
-1
34
11
22
53
8
59
10
61
52
17
84
65
49
76
77
77
58
73
72
78
60
96
106
28
130
59
88
90
76
119
46
118
67
115
59
88
110
52
91
92
82
67
74
78
65
41
80
66
31
77
38
37
47
34
34
22
45
17
23
16
25
19
-2
15
4
-14
-6
-2
-24
-27
-26
-32
-45
-53
-53
-67
-80
-72
-99
-91
-79
-119
-97
-114
-122
-93
-178
-97
-137
-141
-165
-123
-146
-163
-166
-167
-143
-234
-119
-211
-161
-142
-223
-131
-134
-229
-110
-163
-170
-90
-185
-44
-199
-71
-105
-157
-71
-62
-112
-32
-53
-87
-4
-26
-47
30
-65
108
-23
2
129
-20
121
25
113
100
85
115
157
69
153
167
63
265
80
206
221
93
295
162
155
259
199
210
246
219
239
241
206
276
188
245
289
147
291
182
278
144
230
231
178
196
225
261
104
232
170
117
189
105
199
85
134
135
129
54
160
49
95
47
78
44
17
41
23
-37
36
-47
-32
-83
-39
-77
-131
-108
-46
-226
-149
-105
-274
-175
-185
-260
-222
-199
-350
-178
-315
-342
-212
-409
-279
-323
-325
-331
-340
-393
-289
-502
-257
-459
-424
-179
-601
-162
-453
-315
-354
-332
-331
-379
-173
-394
-216
-278
-249
-256
-286
-2
-456
64
-300
-15
-267
52
-75
-203
148
-180
126
-70
5
343
-252
365
-87
335
-3
270
151
177
391
22
474
312
141
512
297
308
443
459
243
468
505
261
432
530
296
479
407
473
417
371
610
308
443
612
297
530
412
401
456
432
352
491
347
375
245
510
348
107
632
159
180
611
-1
390
283
101
281
134
218
196
18
226
-11
-21
129
-183
114
-143
-165
-7
-147
-381
3
-367
-265
-208
-390
-333
-261
-549
-352
-226
-949
76
-895
-571
-169
-1078
-260
-778
-674
-543
-761
-680
-506
-1039
-268
-911
-593
-628
-650
-720
-531
-623
-890
-160
-798
-486
-282
-695
-560
-206
-560
-411
-389
-151
-752
110
-372
-221
-225
-27
-267
189
-297
277
-271
191
212
-38
381
-88
367
243
11
806
-136
673
162
478
513
262
750
424
547
472
794
343
665
576
600
428
908
369
838
613
442
776
595
487
1038
295
954
538
825
513
553
701
572
482
783
629
503
799
414
708
665
446
650
487
426
601
329
393
498
276
343
198
170
450
-206
370
14
1
223
-487
307
-345
-253
-61
-528
-56
-587
-366
-392
-567
-497
-809
-231
-1110
-640
-533
-1114
-691
-489
-1580
-474
-834
-1440
-528
-1282
-756
-1431
-513
-1184
-1106
-620
-1194
-797
-1433
-15
-1567
-842
-379
-1483
-185
-1116
-537
-454
-651
-951
0
-672
-734
-69
-513
-217
-330
119
-381
-10
-40
-295
429
-273
479
106
57
591
71
563
247
675
400
857
604
706
717
905
314
1171
354
860
1012
509
1033
732
858
808
628
1320
372
888
1117
716
958
1019
850
942
708
1023
794
469
1259
588
832
986
861
614
951
584
714
617
744
592
886
385
802
336
667
0
744
158
101
512
95
-54
280
-61
-277
-170
-34
-704
-95
-458
-604
-482
-581
-777
-526
-1115
-411
-1133
-1119
-788
-861
-1335
-1007
-775
-1814
-781
-1330
-1556
-540
-2227
-410
-1790
-1497
-1036
-1156
-1501
-998
-1062
-1825
-230
-1623
-730
-986
-1343
305
-2311
467
-951
-1087
-223
-836
-139
-222
-318
-660
762
-1164
530
421
-865
1654
-1206
1178
367
-687
1849
-156
348
1345
766
220
1432
397
797
1192
619
1921
358
1190
1036
344
1289
894
1211
832
1184
1184
923
747
1104
765
593
1476
602
1298
851
388
968
425
617
1236
774
577
1050
1079
-2
1211
373
587
350
814
852
143
692
315
378
-60
337
81
122
-122
134
154
-535
-86
-252
-821
-798
106
-1003
-459
-833
-737
-598
-1059
-529
-710
-1107
-1510
-361
-1194
-1390
-702
-1146
-1908
-730
-1208
-1536
-960
-1945
-847
-1711
-1164
-897
-1770
-1080
-1231
-1763
-862
-825
-912
-1281
-212
-1373
-271
-1028
-530
-197
-1166
-406
477
-961
347
-392
-103
340
154
203
698
76
434
758
379
1492
333
1046
986
574
1257
1188
520
1433
1211
538
1847
1409
864
1372
834
1565
1181
1012
1967
676
1351
1080
1131
1232
1088
935
1154
956
418
1323
665
577
1065
636
493
863
728
318
955
609
508
810
329
410
458
492
-13
142
533
-496
411
-68
-298
-103
-653
-124
-508
-333
-681
-293
-1175
-687
-481
-1516
-427
-1341
-1383
-501
-1216
-1445
-167
-1754
-1224
-1272
-1617
-728
-1191
-1520
-919
-1630
-1518
-1015
-1146
-1758
-1174
-1627
-1067
-1217
-1762
-395
-2092
-551
-835
-1624
28
-1753
-252
-434
-1300
-250
-596
-592
-569
530
-1223
564
-540
-415
742
-280
770
237
308
756
460
436
707
616
1019
739
909
2182
72
1331
1953
118
1874
1093
1290
1893
1091
1778
1336
1538
1183
1050
1872
1584
1764
1926
1731
1067
1685
1061
1096
1526
1306
1637
1234
1440
1371
1026
1215
1219
536
1334
886
673
1737
246
480
651
-307
200
0
-253
81
-519
-401
-844
-706
-343
-1118
-1151
-581
-1310
-1352
-901
-1554
-1565
-1271
-2231
-1104
-1356
-2199
-1345
-1409
-2488
-1256
-1650
-2013
-1384
-2095
-1715
-2063
-1317
-1355
-1843
-1641
-1661
-1815
-1979
-1082
-1322
-1229
-1905
-392
-1641
-880
-760
-1104
-597
-925
-686
-801
193
-1409
-264
440
-1381
689
-1356
300
263
206
223
1989
-457
643
362
286
1334
20
1668
1721
555
1715
1266
429
1621
813
1588
2477
1757
2213
1466
1390
1684
1231
2267
2392
2022
2433
2334
1421
1972
1254
1873
1994
2139
2379
2692
1912
1943
1850
2104
1659
1518
2034
973
1801
1235
753
1135
31
-39
-2
-41
-284
-147
-480
-678
-793
-966
-1007
-1830
-1306
-1583
-1537
-1458
-1774
-1504
-2461
-2159
-1917
-2224
-1791
-2361
-1721
-2490
-1832
-2583
-2125
-1758
-2169
-2096
-1615
-2392
-1853
-2286
-1639
-2050
-1647
-1448
-1519
-1742
-944
-1691
-1176
-908
-1826
-92
-900
-1308
-612
-121
-983
-1373
642
-451
-655
1014
244
-569
36
-170
645
70
451
814
467
803
793
1021
568
1424
975
1240
1479
1634
1241
896
1790
1263
1088
2069
2252
2364
2367
2038
2314
1873
1217
2501
1675
3083
3183
2542
2958
2202
1988
2668
1378
2639
2934
2345
2916
2159
2027
1438
688
529
715
660
802
1209
467
-353
-888
-712
-1381
-939
-279
-579
-862
-936
-1820
-2334
-1707
-2883
-2042
-1801
-1716
-1343
-1953
-2058
-2221
-3506
-2812
-2533
-2634
-1151
-1307
-2159
-2037
-2639
-3477
-2587
-1845
-1888
-753
-2136
-856
-1846
-3251
-99
-2902
-1128
-15
-1583
-869
-500
-768
-1051
-1576
-147
205
-1589
512
275
-1340
600
-16
10
381
-165
1712
-500
390
1502
123
843
1691
1337
838
1191
769
1417
1376
2904
3311
2487
2839
1104
864
1546
2115
3104
3166
3760
3529
1841
2260
2476
2236
2737
2797
2920
2531
2841
1770
705
1248
120
355
883
70
1690
-89
-241
-768
-1728
-1184
-813
-884
114
-665
-1560
-1610
-2710
-2400
-3014
-1335
-1983
-1794
-1106
-1935
-2240
-2192
-2661
-2442
-2704
-1661
-851
-1803
-816
-1560
-2662
-2300
-2158
-1893
-696
-425
-672
-1084
-1855
-2052
-1334
-1219
-795
128
-325
-882
-532
-777
-380
-1113
-133
519
-561
142
1057
339
-160
-697
-291
-890
873
1033
698
1575
629
124
476
114
1230
2874
1705
3129
2642
1749
1495
1239
1588
1843
2968
3097
3444
4242
3277
2901
2299
2125
2627
2973
3490
4000
3458
1963
1438
377
-71
528
1037
1062
1288
94
-665
-1514
-2319
-1750
-1746
-767
-880
-1654
-1654
-2839
-2713
-3505
-3122
-2544
-3063
-2080
-2105
-2633
-3415
-3487
-3831
-3358
-2819
-1976
-1591
-2432
-1767
-2908
-2781
-2608
-2180
-1152
-957
-505
-509
-1182
-1718
-1031
-1672
-1244
131
-411
486
401
-379
-625
-809
-272
-126
121
959
1206
222
230
1050
-8
607
727
1274
1666
1264
1809
896
1423
2388
2390
3232
3239
2667
1492
1801
1989
2482
3875
4208
4366
4215
3485
2711
3006
3448
3933
3799
4309
3621
2781
2159
1013
974
754
1035
1576
893
340
104
-1546
-1732
-1531
-1678
-670
-1362
-1270
-1522
-3008
-3159
-2667
-2764
-2645
-1992
-2813
-2686
-3179
-3478
-3541
-3181
-2710
-3352
-2909
-2656
-2929
-2767
-2774
-2635
-2252
-2855
-1923
-1399
-1796
-1265
-2009
-2138
-1984
-1640
-1104
-642
-754
-1034
-976
-1695
-1478
-753
-1158
-429
141
-839
-248
-371
-512
311
490
1240
864
1096
1681
1643
2387
3061
3031
2314
2357
2292
2678
2274
3655
4488
3774
4223
3980
3554
3324
3658
3992
3924
4253
3852
3201
2084
1693
1083
673
1367
1109
663
151
-454
-1242
-1931
-1971
-1345
-1756
-1339
-735
-1977
-2056
-2684
-2706
-2043
-2054
-1446
-1680
-2029
-2131
-2462
-2739
-1913
-1394
-2621
-1517
-1804
-2246
-2087
-1658
-1914
-2470
-1202
-1538
-1715
-806
-1017
-1771
-1733
-2202
-1870
-1653
-944
-937
-959
-1357
-2079
-2062
-2429
-1208
-981
-403
33
-355
-509
-1013
-386
-462
548
557
2621
3465
2811
3743
1304
1193
1189
1748
3543
5143
6488
4713
4028
3122
2341
2934
4691
5766
5680
5633
3700
2395
1145
1372
1493
1727
2868
1841
834
-690
-1743
-2954
-2673
-2365
-1221
-802
-1746
-1989
-3990
-5034
-4542
-3392
-2416
-472
-1067
-2775
-3350
-4497
-4054
-2695
-1089
-485
-544
-1987
-2606
-2845
-2346
-1425
-685
300
261
-437
-683
-609
-962
-1059
-687
-583
-629
-631
-1156
-1421
-1708
-2158
-2937
-1595
-1568
-1482
-1389
-2507
-2401
-3261
-1948
-1262
-84
-137
1661
1726
-23
3047
-305
258
1304
1515
3194
4400
5143
3721
3461
1928
3013
2966
4643
6409
4965
5736
3567
2462
1959
1294
2211
2581
3085
2767
1589
74
-975
-2123
-2073
-1942
-139
-589
-1728
-870
-3535
-4646
-3177
-3093
-2419
-575
-1435
-2852
-2792
-2983
-3215
-1728
-591
-852
-717
-1459
-1478
-1058
-470
379
634
371
801
218
368
1132
923
344
324
3
23
445
158
-577
-605
-1174
-2295
-840
-1504
-1266
-1048
-2240
-2217
-1790
-1544
-1142
329
2861
1352
1996
1054
-1655
-561
722
1338
3521
5355
3379
2420
2048
1473
2414
3012
5233
4787
4789
3713
1723
1254
613
447
879
1848
1642
407
-656
-1789
-3045
-2895
-3057
-2499
-641
-1763
-2903
-3082
-5388
-5007
-3335
-3110
-1584
-405
-3141
-4516
-3839
-4188
-2604
-878
-790
-942
-1536
-3018
-2462
-724
-44
848
934
524
737
-55
830
1641
1122
1475
1047
158
727
1494
217
61
175
-1262
-553
-802
-633
-361
-1028
-1652
-1080
549
-624
1867
4327
1563
3333
2375
-703
1559
3202
2922
4846
6155
4458
3590
3189
3898
3829
3958
6229
4889
4874
4586
2856
1541
809
1521
337
1547
2293
-253
-1041
-2009
-4218
-3026
-3327
-2588
-1291
-3616
-3834
-4996
-6696
-5286
-4280
-3787
-2827
-2500
-4888
-5331
-4392
-4309
-3330
-1678
-1691
-2532
-2247
-2975
-2312
-1366
-132
156
-114
447
176
-286
532
1169
843
827
982
351
490
521
99
-815
-572
-1352
-1234
-1440
-1003
-797
-2148
-632
-834
-847
1278
4426
1757
3442
1743
-1134
2116
1981
4567
5559
6103
4308
3632
3482
4334
6019
4963
7714
5107
4807
4629
3828
3595
2820
2719
1367
2567
1588
1146
-332
-1597
-2369
-3598
-2865
-1664
-1213
-3150
-3876
-6128
-6669
-5188
-3825
-2744
-2281
-3585
-6172
-5803
-5287
-3238
-2481
-1677
-2613
-4509
-4035
-3464
-2055
-34
344
-1221
-1307
-1394
-659
784
1495
1710
762
-522
-320
114
962
1241
326
-612
-1542
-2422
-1977
-2179
-1395
-1567
-2050
-2448
-1247
-424
3225
2329
1824
1938
-2017
491
1543
3584
5719
6057
4195
2971
3584
3228
5623
5717
7764
6895
5681
5485
3982
3893
2722
3314
3665
3897
4093
1811
-363
-870
-2266
-2477
-1122
32
-367
-1690
-4166
-6078
-6172
-6003
-3724
-2665
-2208
-3062
-6253
-6349
-5409
-4195
-2543
-1759
-2727
-4001
-5046
-4845
-2805
-823
-24
-1230
-1361
-2508
-1793
-931
787
1841
808
-260
-1100
-1184
-314
791
-22
575
-630
-2443
-2939
-2901
-2994
-2105
-1289
-1670
-520
-1927
2605
945
925
3399
-1690
702
1731
2486
3936
5707
4327
3183
4370
3371
6066
4651
7476
7105
5259
6416
5046
4093
2891
3658
2927
4062
4635
3168
441
-692
-1318
-2611
-958
317
540
-1008
-3433
-4561
-5546
-5599
-3468
-2836
-3168
-1490
-5539
-5887
-4150
-5068
-2645
-2238
-2329
-3006
-3941
-4855
-3313
-1507
-1108
-803
-914
-1910
-1771
-933
-637
862
1349
-364
-1205
-1032
-802
-746
-246
365
-1305
-2126
-3184
-4141
-3133
-2596
-1913
-2802
-1592
-2737
586
1690
340
3080
-2199
-928
859
1285
4583
5701
4609
2605
3086
1989
5618
5739
7227
8232
5160
6075
5254
4637
4556
4603
3595
4498
4570
3916
2244
869
-435
-1547
-764
-34
1870
314
-2754
-4071
-5107
-5474
-3044
-1539
-2430
-1663
-4355
-6909
-4247
-3736
-2755
-1808
-2711
-3484
-4083
-5213
-3157
-1014
-886
-1337
-1461
-2662
-1910
-672
-768
1437
848
-832
-1879
-1481
-1044
162
-209
-218
-966
-4163
-3208
-5472
-3409
-970
-3991
-260
-3489
642
547
-1348
1542
-1978
-1140
-437
2312
2704
5873
3994
1334
2822
832
3887
4411
7120
7472
5495
4987
3835
4310
4157
4440
4120
4499
4268
3637
1649
1650
751
-1849
-32
385
1333
1909
-1253
-3305
-3514
-4100
-3994
-1901
-1167
-2494
-3110
-4861
-3689
-2302
-2583
-1864
-2319
-2820
-3384
-3246
-3048
-1028
-658
-1544
-1639
-1029
-800
-1440
571
1014
410
733
-1374
-1707
-698
-365
-249
687
-224
-2841
-3863
-5534
-3474
-1349
-2006
-572
-2045
-54
220
-1748
1302
-904
-1021
46
1051
2016
5259
3989
1925
3477
1409
3001
2942
5578
7487
4610
5365
3451
3186
3661
3611
3590
4514
4378
1705
449
743
-82
-1351
-278
-802
3
-580
-2531
-2989
-2374
-3725
-3282
-2600
-3725
-2266
-4400
-4491
-2385
-2599
-2838
-2383
-2165
-3077
-2225
-2796
-2573
-925
-1853
-2086
-428
-801
-674
-711
-1078
-164
127
523
215
104
-305
-1017
-812
-639
-353
-2397
-3295
-4376
-3954
-2816
-1340
-1742
-1273
3154
-2035
212
701
-3292
528
501
1935
3606
5344
3853
2321
2465
3269
3253
3346
7523
5654
5070
5562
2660
2845
4222
3253
4378
5532
4039
2603
762
631
449
202
-42
762
658
-1152
-1425
-2071
-2460
-2617
-2251
-2471
-2331
-2362
-3854
-3628
-3010
-2595
-2943
-1938
-1419
-2928
-2630
-3305
-2939
-1314
-1581
-1362
-1119
-1236
-1840
-2327
-827
-982
-635
-718
-1915
-892
-1058
-784
-817
-280
-2374
-3734
-4012
-5120
-2243
-2341
-1439
-2274
1677
828
-1757
1638
-2779
-1902
137
1746
2550
6424
4537
1514
2804
1436
3810
3411
6780
7292
4483
4574
3289
1999
2410
3787
2495
4636
4945
1936
414
385
-1120
-1566
554
622
546
41
-2420
-3668
-2765
-3309
-2192
-937
-1393
-1903
-4480
-4321
-2552
-2560
-1346
-387
-2029
-2275
-2590
-3421
-1532
62
-324
-1401
-736
-1418
-1631
-464
144
189
-188
-1297
-2560
-1867
-378
-846
511
-14
-1059
-4386
-3791
-4652
-4004
-860
-2255
-1385
-399
2781
-2123
493
-199
-3401
-429
613
2640
4210
6204
2637
2637
2373
3082
3925
4902
8809
5791
4813
4556
3459
1693
4011
2969
2983
6300
3256
2212
1699
-71
-1813
-1286
-375
1720
1993
-424
-1537
-3372
-4636
-4273
-2024
-500
93
-1581
-4257
-4601
-3947
-3656
-2442
-160
-822
-1937
-3671
-3624
-2690
-1763
-1488
-708
-18
-1263
-1982
-2408
-1491
-859
-1865
-2277
-2455
-1343
-2654
-2433
-362
-1446
-3341
-4214
-5704
-5497
-2757
-3273
-2734
-113
3339
-1746
-111
199
-4264
-1436
-290
1767
4302
5977
2844
2109
1844
2019
2947
4265
9177
6574
4927
4645
2776
2328
3532
3671
4289
6074
4254
2301
2219
1546
-32
-105
-340
1852
1525
820
-3
-1078
-1755
-3474
-2506
-891
442
-229
-1752
-2053
-1918
-2959
-2501
-722
-122
-190
-1495
-2489
-1678
-1200
-2323
-1074
183
281
-864
-1872
-1221
-1157
-1494
-2456
-1991
-1264
-2254
-3539
-1573
-1173
-2922
-4509
-5455
-5998
-4589
-2977
-4098
-987
3063
-1068
-1926
457
-3356
-3668
-731
-186
3037
5662
2753
1888
1385
1163
940
2159
7312
7455
4979
4675
2700
1305
1793
1910
3200
5647
4672
1889
1225
1334
-53
-924
-135
1063
1546
1180
179
-219
-566
-2631
-3600
-1159
870
654
-260
-926
-852
-2500
-2662
-907
639
1145
-512
-2105
-1644
-1020
-2073
-1154
224
1063
-1005
-2157
-1269
-1479
-1504
-2595
-2551
-1476
-1051
-2990
-2196
-1153
-2651
-5544
-5280
-4808
-4096
-2804
-3063
-3762
987
1767
-1578
2285
-338
-2924
-2469
-1445
1598
5337
5639
4047
3040
1022
835
251
4317
8129
7020
5428
4287
2188
461
1265
1487
3714
5219
3640
1029
1729
1188
-1964
-1617
-699
81
1779
2066
846
697
-2254
-5526
-4098
-472
1504
2137
1108
-785
-2094
-4187
-2688
288
2171
1686
-877
-2512
-1760
-1809
-2063
44
1318
446
-1860
-1836
-1506
-832
-2026
-3419
-2385
-1423
-2444
-1584
-423
-993
-3233
-6917
-5922
-4714
-2973
-1507
-1726
-1956
-683
-1100
-532
2489
805
-1464
-1605
-1835
925
4235
5144
6213
4008
1435
326
780
4101
6961
7278
6439
4980
2399
1685
1924
1731
3268
3622
2780
2626
2911
1846
16
-1551
-3152
-1565
1048
2660
3013
2088
-1866
-5917
-5476
-3617
-110
2351
1909
-75
-2319
-4283
-4192
-1644
157
397
-1352
-2562
-2114
-2470
-1745
-1314
-1262
-2187
-3081
-2571
-1364
-175
-1724
-3826
-4307
-4293
-3734
-1356
200
657
-2183
-5132
-5940
-5027
-3648
-1704
-718
-1174
-1985
-2681
221
1638
2358
621
-1893
-1732
-1028
393
4400
6319
4886
3370
1047
1483
3909
5076
5380
6722
6160
4838
5731
5879
5864
4693
2706
2558
4410
5145
5255
5207
2972
387
-865
-394
2344
4522
2797
374
-1220
-2353
-2485
-1380
581
1017
-864
-3356
-3279
-1888
-52
-141
-2028
-2525
-3948
-6094
-4932
-1351
-150
-1072
-3747
-5487
-4952
-4365
-3729
-2490
-1770
-3137
-4639
-5008
-3188
-723
-2529
-2842
-3004
-3954
-3485
-3220
-1646
-983
-3350
-4539
-3619
-2850
-1677
-2195
-2548
-1434
-915
-1476
504
1461
-26
-991
-2327
-1798
824
3146
4010
5553
5705
3380
2528
3809
5413
6929
7586
7272
7630
7567
6248
5933
5635
4304
3979
3663
4817
6506
6171
4199
1674
137
-382
165
877
2375
1810
-259
-1338
-2290
-2158
-1585
-2509
-3243
-2383
-3358
-3509
-2469
-2204
-2749
-4775
-6229
-5410
-3924
-3403
-3042
-3653
-3954
-5035
-6055
-3992
-2298
-2745
-2886
-3332
-3845
-2652
-2945
-3423
-2384
-2324
-3380
-3255
-2202
-1161
-1437
-2726
-2937
-2757
-2710
-2283
-240
499
-79
-1616
-3262
-1977
-160
592
2241
3273
2930
2195
1780
2307
3578
4575
4370
4826
6430
7427
7433
7935
7985
7173
6157
5536
6987
7685
7860
7567
6797
5968
4938
3494
3218
2896
1496
631
323
721
446
-255
-1940
-2546
-3997
-5830
-5351
-4543
-3684
-3819
-3790
-3466
-3918
-5005
-6059
-6385
-5661
-5602
-4975
-3014
-2443
-2800
-4143
-4689
-5139
-5370
-4002
-2653
-1161
-413
-1486
-3575
-4210
-4663
-4818
-3800
-2788
-2492
-2577
-1851
-1940
-2388
-2263
-2371
-2772
-2268
-376
372
1167
1811
-66
-757
282
642
1601
2764
2668
3492
3356
2924
3313
3812
5148
5847
6654
6736
5546
4875
4519
4341
5102
6179
7028
7395
6860
6083
4817
3627
3467
2933
2968
3336
2718
1888
1177
-362
-1526
-1821
-2382
-2745
-3054
-3595
-3482
-4002
-4495
-4675
-5058
-5133
-5389
-5091
-4031
-2972
-2982
-3006
-2595
-3034
-2984
-2264
-2193
-1462
-1427
-2337
-2630
-2204
-2110
-2254
-1363
-1101
-1294
-2046
-3014
-2516
-1354
-1087
-1210
-2141
-2583
-1578
-631
-470
-583
-736
-2188
-1693
-33
1520
2984
2372
2013
1675
1630
2775
4846
4863
3711
3542
3246
2900
3089
3485
3172
2733
2654
2289
2317
3665
5358
5479
4626
3671
2774
1187
510
498
1236
1594
2009
3109
2512
1466
721
-1360
-2375
-2274
-1631
-356
-175
-637
-2252
-4644
-5002
-4204
-4122
-3819
-3556
-4509
-4601
-4306
-3748
-1741
-1284
-2192
-2770
-3066
-2822
-1532
-194
362
440
-124
-1140
-1206
-932
-766
-1119
-1567
-1652
-720
114
583
659
-101
-1259
-1739
-1479
32
1635
2082
1494
606
587
474
836
1549
1712
1908
2222
2765
3044
3299
3654
3194
2080
2451
1883
2030
3282
2174
1644
477
-903
-755
-1173
-1283
-1198
-1235
-149
1589
2879
2817
1317
-1456
-2548
-2452
-1639
240
1571
1975
1343
206
-405
-522
-340
-583
-930
-1231
-1482
-1010
-598
-486
-490
-1968
-3540
-3828
-4043
-3474
-2566
-2294
-2755
-2395
-2021
-985
736
1381
952
-353
-1070
-848
-26
2165
3488
3031
1855
1021
937
1412
1836
2141
1460
811
700
666
1540
2958
2729
1787
1027
345
413
819
1356
1931
1231
275
-427
-1034
-58
524
-99
756
722
53
-141
-1085
-1292
-1934
-3046
-2917
-2470
-2376
-2379
-2333
-3065
-3126
-1285
1338
3042
2968
1220
-1358
-2180
-1144
-424
979
2507
2958
2474
2129
1792
788
-241
-564
-1368
-1397
-509
-641
-372
-1159
-2742
-3848
-3445
-3467
-3700
-3606
-3316
-2559
-2338
-1007
207
1954
3160
2707
1451
553
416
1197
3566
5534
6517
5097
3397
2822
1787
1767
2510
1452
749
969
467
1597
1746
683
8
-946
-1258
-1232
-640
70
-438
-1503
-2235
-2828
-2769
-2669
-2920
-2656
-2421
-1938
-1763
-1594
-1855
-2432
-2879
-3361
-3790
-3902
-3133
-1620
-767
526
2774
4392
5336
5017
3181
1953
1275
962
1605
2225
2941
4904
5411
5042
3879
531
-1387
-1801
-2283
-2075
-2045
-2430
-2573
-2998
-3641
-3208
-4081
-4172
-4218
-4745
-3801
-3005
-1826
-385
1668
3320
4748
5387
5732
4816
3620
3438
2658
3009
3099
3171
4124
5469
5521
3948
1663
-1228
-2788
-2993
-2435
-1657
-1010
-1145
-1263
-1972
-2017
-2145
-2763
-3042
-4054
-4750
-4263
-4028
-3084
-1704
-1890
-2028
-2126
-2666
-2689
-2746
-3259
-2980
-2668
-2418
-1567
-1235
-114
709
264
1107
3377
4917
6308
6575
4971
3892
3765
3301
2853
2775
2033
2711
3667
4360
4430
1938
386
-373
-2073
-2775
-3224
-3736
-3630
-4549
-4933
-3985
-2728
-1866
-1581
-1635
-1640
-1068
-320
1194
2358
4145
4840
5003
6053
5731
5505
6129
6285
5089
2594
593
36
459
1442
1336
137
-1297
-3354
-4770
-4818
-4302
-3968
-4524
-5333
-5522
-5144
-4132
-2254
-1432
-2381
-3863
-5170
-5202
-4237
-3612
-3325
-3323
-2572
-2219
-2051
-1209
-13
465
-311
-1729
-2600
-3164
-2696
-1095
549
1977
4639
7105
7985
8404
6853
4519
3208
2557
2212
2335
2775
4248
5858
5794
5856
4200
1654
-78
-2025
-3292
-3704
-3474
-3316
-3353
-3853
-3126
-1776
-615
332
135
-1092
-1616
-1130
-399
1082
3430
5202
5584
6361
6716
6424
6400
5456
3101
192
-1535
-2002
-1154
-404
-175
-926
-2525
-3878
-4926
-6025
-6407
-6327
-6640
-6803
-6399
-5106
-3616
-2341
-1458
-1452
-2230
-3065
-3601
-4276
-4853
-4683
-3374
-2574
-1587
-375
-22
726
994
194
-470
-1201
-1989
-2143
-1951
-1392
-95
1182
3051
6615
8331
8955
8992
7646
6423
5528
4479
3400
2572
2101
3425
4989
5617
6187
4388
1966
627
-1066
-2213
-3134
-4066
-5118
-6016
-5178
-2319
-183
632
629
10
-551
-114
495
976
1390
2079
2588
2723
3818
6061
6224
5816
4073
1513
-787
-2586
-2860
-4311
-5450
-5054
-4644
-4403
-3995
-3530
-4526
-5656
-6680
-7189
-7155
-6671
-5410
-4707
-4024
-1788
-80
164
75
-768
-2656
-3886
-4487
-4469
-3415
-2590
-840
312
548
1495
1767
1255
454
-439
-794
-925
-393
72
814
2082
5403
8207
9170
10282
9762
8322
6649
5559
4421
2851
2191
1962
2335
2274
3418
3799
2994
2505
898
-752
-2629
-4123
-4968
-6014
-6670
-5611
-4050
-2755
-795
1535
2583
3060
3126
1998
1545
1271
1248
1645
1176
2307
2520
2403
3348
3698
2804
245
-1832
-4282
-6092
-6619
-6268
-5962
-7103
-6660
-6820
-6574
-4683
-3958
-3591
-4341
-4798
-4818
-4874
-3597
-1473
-675
-1328
-1382
-980
-802
-165
-154
-518
-1025
-1491
-840
-15
719
1576
1378
636
1007
2115
2237
2553
2211
1554
1365
2892
6947
8206
8572
8702
7799
7367
7369
8074
6641
4162
1425
-573
-868
-45
1672
937
-223
-679
-991
-988
-1033
-1803
-3664
-5950
-7557
-6564
-4828
-3073
-1296
-472
154
891
1784
2882
4124
3658
2883
1527
146
546
818
925
426
-205
-813
-1608
-1812
-1865
-2195
-3927
-5328
-6392
-7633
-7712
-7414
-6693
-5978
-5488
-4326
-2761
-1635
-579
801
1311
1016
278
-979
-1399
-1298
-935
-54
160
664
1804
3016
3898
4054
3286
1669
585
-31
445
857
880
1145
1347
1687
3009
4066
4947
6954
6133
6152
6946
6943
7253
6389
5254
2880
1152
413
842
1179
441
1
-1850
-2251
-1488
-1450
-1982
-3052
-4495
-5229
-5155
-4208
-2464
-1957
-2720
-3103
-2745
-1883
-211
1290
1448
1939
2356
2602
2915
2501
1729
164
-814
-1518
-1768
-1390
-1409
-1588
-2184
-2368
-2409
-2963
-3694
-4914
-6163
-7320
-6975
-5713
-4985
-3223
-1144
726
2078
3094
4190
3559
2205
1325
246
-1109
-1408
-557
-420
437
1833
3317
4242
4353
4337
2769
933
-45
-499
-1522
-1869
-1325
-1348
-743
667
2068
2185
1250
3026
4575
4213
5415
5779
4707
3710
3912
4019
3211
2080
1062
-70
-1937
-1887
-1447
-2218
-1904
-1611
-1485
-1446
-1157
-775
-1731
-3471
-4068
-4317
-5357
-4928
-3655
-3269
-2771
-1087
897
2182
3745
4514
3725
2344
1793
1202
6
8
473
-494
-1006
171
717
408
391
187
-1302
-3263
-3832
-4289
-5615
-5611
-4523
-3920
-2455
384
2820
3761
3765
3962
3371
2007
1404
462
-1265
-2103
-1670
-601
572
2177
3439
3131
2312
2189
1952
1037
98
-1232
-2847
-3699
-3638
-2879
-2438
-1865
-1287
-916
-166
910
3554
4324
3635
5227
4862
3627
3825
3280
2446
1157
-129
384
124
-590
355
-612
-1052
6
-142
-583
-1570
-2745
-3279
-4091
-4762
-4180
-4895
-5149
-4001
-3379
-1779
-360
1074
1890
2001
3791
5211
5442
5459
4746
3127
1603
942
1519
1170
-232
33
173
-188
299
404
-1010
-2813
-4037
-4707
-5501
-5575
-4715
-4028
-3273
-1493
851
1876
2561
2862
2214
915
474
791
450
103
-56
347
716
1274
2355
2423
1958
1573
393
-625
-1422
-2506
-3351
-4417
-4776
-4247
-3781
-2788
-2108
-1670
-1677
-1816
-1190
-157
1922
2032
2258
4580
4741
5640
6615
5859
5300
3495
2336
2175
835
203
-331
-1646
-1254
-95
-57
243
406
-819
-1978
-2873
-2866
-2552
-3298
-3163
-2529
-1824
-288
1535
2819
3145
3436
3892
4216
4512
4440
3796
2439
1502
1931
1706
718
78
-968
-2497
-2931
-2626
-2529
-3167
-4033
-3901
-4091
-3816
-2589
-2396
-2336
-2026
-1531
-899
-237
1148
1799
1166
1102
1823
2234
2412
2668
2010
637
-760
-1625
-1595
-2208
-2524
-2340
-2652
-2457
-2383
-2127
-1940
-2478
-2935
-3875
-4509
-4537
-4231
-3642
-3106
-1628
-615
931
3604
6012
7393
7889
8379
7594
6863
6062
5108
4184
2426
1859
1357
987
985
356
11
-267
-407
-588
-551
-789
-1446
-1984
-2727
-2944
-3465
-4341
-4642
-4204
-3391
-2376
-828
424
1567
3269
4510
4988
5509
5119
3457
2732
1938
648
13
-1189
-2260
-2792
-3233
-2678
-2191
-2243
-1781
-1709
-1760
-1359
-1675
-2666
-3618
-4125
-4155
-3821
-2766
-1266
-341
56
1299
2264
2255
2276
1778
677
-535
-1132
-1344
-1664
-1976
-2239
-2171
-1823
-979
365
510
-334
-690
-1158
-1771
-1509
-577
-945
-1715
-1284
-454
668
2095
3527
4038
3945
4705
6327
6168
6397
7095
5743
4892
4433
4207
3672
2317
1306
324
-1129
-1606
-1474
-2299
-2655
-2131
-2230
-1983
-1391
-1378
-1791
-2467
-2798
-2906
-2988
-2738
-2255
-1729
-1296
-302
1032
1957
3236
3814
3522
3422
3078
2147
1305
748
-109
-1269
-2205
-1911
-2477
-2755
-2104
-2328
-2261
-2523
-2684
-3316
-3460
-2910
-3538
-3750
-3696
-2980
-2539
-1582
309
1097
1407
1479
2363
2453
1974
2268
1666
841
-209
-738
-1076
-1420
-584
-632
-712
12
569
556
263
646
462
-84
-347
-496
-790
-1369
-1020
-596
-849
-372
174
470
1172
2032
2542
3292
3759
3619
4487
3943
3883
3984
2349
1979
1040
-167
-941
-1914
-2110
-2911
-2847
-2218
-1445
-907
-541
285
42
203
514
-80
-369
-1428
-2051
-2030
-1987
-1431
-490
94
632
1929
2939
3634
4097
3576
2653
1661
830
289
-579
-1472
-1677
-1930
-2511
-1533
-869
-905
-508
-218
-113
-413
-3
380
-189
-531
-541
-948
-1366
-706
208
404
604
1255
1892
1654
1657
1720
802
-236
-782
-1123
-1736
-2090
-1903
-1990
-1757
-801
-373
-542
-665
-671
-1070
-1468
-1240
-1253
-1948
-2127
-1912
-1716
-1370
-979
-787
-1213
-1436
-1112
-735
-177
336
1390
1207
1366
2947
3103
3415
3195
2267
1427
640
759
569
203
-120
-262
71
786
2061
2786
2873
2521
2129
1788
1556
1322
194
-796
-1402
-1772
-1146
-466
5
224
222
640
1086
1071
1366
976
530
146
-34
743
539
451
-6
-632
-725
-1350
-821
-769
-1029
-603
-468
109
234
405
-92
-800
-1462
-2176
-2176
-2798
-2458
-2324
-2376
-1539
-952
-223
-205
17
-71
-910
-1643
-2203
-2407
-3226
-3183
-2803
-2613
-1927
-1103
-120
263
951
1251
634
299
-533
-1198
-1887
-2541
-2589
-2918
-2373
-1503
-983
115
858
1366
1642
1898
2311
2872
3363
3186
3718
3605
4350
5068
5022
5552
5016
4558
4196
3806
3744
3200
2825
2339
2340
2287
2541
2444
1420
1001
90
-819
-1083
-1571
-2006
-2245
-2181
-2094
-1526
-1324
-1305
-948
-926
-713
-340
-102
369
21
-105
356
213
-93
66
41
-231
-572
-1240
-1398
-2140
-3007
-3166
-3502
-3752
-3829
-3658
-3538
-3087
-2487
-2160
-2079
-2050
-1748
-2115
-1891
-1402
-1461
-1431
-1351
-848
-586
-442
-119
5
-108
-300
193
409
367
424
282
313
171
324
95
-330
-564
-1253
-1192
-1246
-1195
-1077
-1262
-886
-451
210
744
1104
1287
1144
1356
2007
3122
4206
4326
5281
5961
5877
6568
6536
6088
5147
4010
3356
2443
1767
1050
507
-142
-100
353
359
1046
1325
723
454
173
-361
-1215
-1982
-2731
-3338
-4005
-3985
-3560
-3388
-2898
-2019
-1474
-1097
-573
-499
-546
-346
-520
-585
-807
-1518
-1616
-1647
-1977
-1853
-1845
-1921
-1968
-1830
-1399
-1217
-909
-763
-402
-414
-274
106
-478
-485
-770
-1062
-873
-806
-324
-520
-181
220
205
530
485
890
599
95
98
-302
-203
-302
-219
-94
-348
-242
-269
86
333
-104
-394
-712
-1091
-1273
-899
-699
-506
-369
48
538
892
1735
1813
1843
1868
1750
2301
2613
3621
4172
4208
4672
4863
5395
5412
5131
4565
3417
2752
2244
1801
1282
857
286
-331
-204
-156
-185
-365
-945
-1537
-2135
-2579
-2786
-3494
-4043
-4370
-4628
-4461
-3994
-3512
-3343
-3135
-2493
-1890
-1371
-724
-32
577
623
949
1446
1253
808
461
275
-344
-532
-487
-876
-978
-1183
-847
-692
-571
-297
-541
-645
-745
-621
-644
-755
-662
-918
-1084
-1203
-1032
-808
-779
-661
-409
-433
-540
-301
-277
-285
-371
-575
-438
-523
-623
-590
-841
-1061
-1133
-1025
-921
-561
-228
-29
36
256
849
1095
1334
1772
1919
2071
2375
2800
3051
2978
2948
3034
2934
2961
3320
3472
3153
3164
3216
3231
3324
3309
3130
2488
1936
1724
1372
922
315
-187
-829
-1246
-1232
-1253
-1207
-1293
-1202
-1087
-1194
-1054
-1176
-1493
-1786
-2105
-2505
-2956
-3034
-3261
-3340
-2889
-2502
-2017
-1506
-910
-285
-109
200
297
-53
-491
-782
-904
-1193
-1127
-926
-1094
-1076
-985
-558
-96
57
471
508
448
681
830
634
265
-170
-940
-1453
-1566
-1547
-1693
-2000
-1999
-1876
-1580
-1040
-375
62
65
268
620
826
763
685
508
62
-114
-45
161
224
231
418
571
1031
1593
2001
2055
2024
1957
1529
1627
1648
1532
1285
1069
1262
1298
1654
1947
2150
2040
1822
2129
2203
2141
2486
2327
2085
2213
2080
2119
1953
1673
1346
726
194
-268
-817
-1597
-2010
-2553
-3051
-3049
-2996
-2845
-2517
-2120
-1807
-1786
-1739
-1921
-2316
-2734
-3175
-3433
-3668
-3633
-3113
-2683
-1800
-883
-101
804
1463
2195
2501
2405
2257
1720
1033
447
-208
-764
-1209
-1502
-1365
-1205
-872
-352
-20
162
320
384
150
105
-84
-337
-555
-848
-948
-1090
-1057
-853
-706
-652
-517
-241
-16
283
588
911
1015
984
1142
1038
750
625
406
37
-89
10
143
358
724
1113
1123
1348
1573
1679
1650
1314
1166
879
740
899
955
1044
1102
1380
1497
1719
2062
1728
1481
1130
665
408
165
89
33
100
127
429
809
776
1019
930
796
760
263
77
-143
-591
-669
-766
-753
-784
-938
-1051
-971
-1026
-1232
-945
-929
-1102
-880
-794
-781
-790
-1080
-1305
-1551
-1813
-1695
-1590
-1538
-1321
-912
-519
52
608
732
648
352
111
-251
-829
-1133
-1405
-1614
-1719
-1512
-1157
-995
-501
-55
162
259
264
262
-90
-404
-578
-855
-1215
-1548
-1612
-1722
-1664
-1373
-1140
-829
-435
-65
468
888
1109
1358
1297
1205
1182
1113
901
650
459
356
448
571
880
1136
1308
1568
1914
2075
2012
1988
1490
980
629
301
176
-112
-142
-190
-184
57
169
329
290
403
401
381
578
731
991
863
972
1160
1119
1147
1234
1316
1112
1161
1223
1137
1019
860
792
415
164
-71
-346
-692
-954
-1031
-1228
-1216
-1221
-1267
-1150
-1186
-1064
-1168
-1348
-1345
-1664
-1798
-1733
-1747
-1645
-1394
-901
-499
0
578
832
858
915
728
412
80
-139
-494
-832
-931
-1018
-964
-915
-609
-379
-416
-95
28
129
322
428
455
345
398
247
107
-65
-294
-470
-827
-868
-897
-952
-719
-574
-344
-140
89
112
168
270
129
146
70
55
2
-148
8
51
87
65
127
158
-37
38
-45
-90
-260
-327
-117
-68
158
373
633
749
752
746
681
602
374
294
108
40
12
-94
118
238
486
644
920
1276
1306
1620
1693
1910
1963
1778
1772
1462
1292
964
619
320
12
-136
-357
-344
-273
-186
-104
67
210
205
197
31
-82
-316
-592
-726
-792
-747
-684
-479
-216
-32
193
450
591
621
589
450
120
-92
-333
-728
-955
-1259
-1318
-1459
-1644
-1529
-1580
-1595
-1586
-1568
-1586
-1621
-1659
-1829
-1774
-1790
-1772
-1658
-1636
-1533
-1405
-1161
-891
-622
-380
-249
-96
116
279
340
327
388
383
243
336
539
463
437
552
656
643
673
834
715
525
515
525
553
467
504
433
322
439
490
570
541
622
649
650
831
899
991
1092
1163
1275
1341
1493
1587
1590
1589
1483
1446
1339
1333
1289
1201
1412
1345
1347
1392
1467
1476
1381
1482
1306
1146
953
783
683
417
414
241
76
49
-72
-249
-537
-738
-1138
-1509
-1590
-1756
-1765
-1751
-1736
-1664
-1631
-1508
-1459
-1534
-1651
-1849
-1946
-1990
-1932
-1818
-1783
-1757
-1748
-1589
-1416
-1299
-1184
-1171
-1231
-1342
-1230
-1179
-1212
-1084
-1044
-889
-777
-519
-184
-201
-27
44
144
234
293
437
329
437
446
393
409
369
349
204
215
213
315
403
483
702
776
864
908
820
669
463
327
167
61
51
107
228
434
692
876
1103
1205
1182
1108
1114
1120
1028
956
878
866
894
953
1098
1089
1157
1242
1253
1256
1256
1169
965
840
805
688
480
344
132
-138
-262
-266
-260
-220
-225
-70
103
287
546
649
706
664
517
358
212
-16
-258
-385
-509
-529
-452
-300
-193
-140
-110
-172
-263
-355
-553
-789
-1048
-1336
-1550
-1730
-1803
-1825
-1767
-1638
-1533
-1324
-1135
-875
-625
-465
-220
-141
-141
-157
-224
-341
-551
-669
-796
-879
-831
-698
-532
-419
-141
25
117
229
201
18
-228
-363
-600
-876
-985
-1123
-1304
-1387
-1310
-1189
-1057
-943
-731
-577
-484
-234
-31
159
286
427
572
730
904
1012
1101
1178
1202
1250
1246
1283
1364
1327
1345
1283
1242
1131
973
837
627
450
210
85
81
62
191
236
322
464
498
608
601
563
553
441
387
399
413
409
537
656
724
850
960
1081
1090
1061
1022
898
814
707
602
466
412
317
262
243
138
112
105
79
148
260
343
445
483
455
406
324
206
54
-108
-230
-334
-395
-378
-372
-273
-298
-299
-287
-356
-441
-597
-718
-964
-1176
-1347
-1549
-1521
-1542
-1522
-1452
-1476
-1372
-1388
-1388
-1404
-1444
-1487
-1608
-1522
-1472
-1405
-1273
-1147
-920
-872
-718
-557
-504
-468
-464
-428
-453
-491
-583
-591
-587
-550
-452
-361
-196
-92
-3
89
135
142
82
21
-36
-97
-126
-198
-230
-221
-134
8
143
361
555
669
817
963
1062
1093
1103
1050
1003
961
1008
1055
1045
1146
1220
1350
1495
1649
1776
1743
1718
1655
1528
1429
1327
1190
971
828
751
751
752
828
899
913
903
941
962
930
897
823
716
677
654
616
624
635
610
545
486
500
419
363
290
198
96
-20
-93
-219
-357
-520
-661
-807
-943
-1057
-1237
-1339
-1431
-1521
-1505
-1512
-1471
-1476
-1535
-1541
-1487
-1461
-1478
-1512
-1537
-1569
-1602
-1581
-1556
-1569
-1522
-1427
-1341
-1214
-1106
-996
-885
-739
-500
-384
-283
-226
-211
-208
-264
-318
-427
-590
-697
-730
-685
-607
-415
-264
-106
126
304
545
674
810
767
600
504
391
296
230
200
199
247
381
579
754
878
965
1041
1067
1118
1137
1059
957
882
772
632
536
439
299
185
196
236
305
389
476
556
612
651
649
610
546
383
279
189
161
162
128
180
193
301
398
488
514
469
489
451
456
436
377
308
232
209
213
251
246
216
206
162
193
200
199
172
151
135
43
56
8
-118
-215
-304
-322
-335
-300
-208
-162
-173
-166
-111
-163
-183
-222
-402
-479
-572
-624
-546
-499
-453
-393
-329
-223
-63
25
34
63
-22
-90
-165
-260
-321
-394
-451
-441
-419
-388
-311
-266
-230
-206
-183
-116
-108
-106
-64
-43
-94
-138
-131
-177
-199
-189
-237
-236
-221
-187
-170
-163
-95
-121
-150
-147
-190
-262
-347
-401
-503
-596
-674
-719
-710
-704
-626
-575
-501
-442
-365
-311
-338
-312
-351
-410
-429
-438
-480
-511
-475
-447
-349
-138
39
187
381
546
653
756
823
833
833
791
721
635
579
591
528
509
547
564
620
665
704
663
604
549
463
324
209
140
33
-59
-51
-26
-7
66
158
261
411
540
590
692
717
751
729
682
634
550
463
463
440
433
521
526
578
647
633
630
613
516
449
305
184
83
-55
-134
-176
-181
-142
-115
-64
3
1
15
29
92
71
31
38
-58
-113
-139
-151
-144
-179
-220
-339
-416
-449
-492
-532
-569
-617
-664
-735
-761
-787
-804
-864
-878
-884
-942
-911
-884
-894
-881
-857
-843
-827
-800
-721
-687
-678
-639
-613
-582
-600
-590
-605
-617
-620
-605
-542
-503
-446
-428
-338
-240
-175
-25
107
192
276
286
294
276
185
133
73
48
98
169
178
242
314
361
407
431
497
542
496
457
392
344
355
436
512
548
619
619
680
788
889
918
950
944
887
865
804
725
644
527
404
343
318
281
222
163
122
35
1
-12
-94
-142
-187
-261
-281
-290
-258
-259
-211
-151
-125
-79
3
69
117
196
258
250
217
183
156
136
140
175
139
99
114
98
55
51
45
36
7
-10
8
-7
-25
-30
46
95
162
141
80
35
-64
-91
-106
-135
-165
-201
-180
-134
-108
-91
-52
-27
-68
-130
-224
-301
-373
-444
-440
-486
-456
-395
-344
-263
-222
-155
-115
-86
-47
-97
-127
-107
-159
-238
-248
-271
-332
-371
-406
-397
-401
-364
-329
-305
-261
-219
-201
-232
-246
-239
-235
-317
-313
-310
-396
-420
-429
-347
-258
-191
-102
-39
14
72
69
49
41
-51
-137
-179
-244
-271
-252
-254
-228
-191
-150
-90
-83
-32
26
63
147
204
259
310
377
375
400
444
399
461
524
549
618
663
722
764
836
894
913
903
850
801
726
685
639
565
537
527
460
387
380
382
313
288
294
234
159
125
94
35
27
3
-12
-8
-20
-38
-47
-82
-135
-159
-190
-223
-254
-268
-292
-304
-267
-267
-223
-178
-190
-199
-227
-229
-244
-276
-270
-255
-256
-237
-185
-131
-126
-119
-68
-24
-21
14
-25
-119
-176
-254
-306
-301
-331
-326
-338
-320
-275
-250
-160
-73
-29
-64
-99
-150
-225
-287
-401
-532
-560
-621
-612
-584
-506
-414
-357
-292
-210
-163
-122
-74
-107
-132
-181
-197
-234
-250
-220
-212
-181
-137
-53
29
145
226
275
323
323
348
358
338
332
322
317
231
210
202
193
219
246
284
284
278
246
198
142
89
58
16
-9
-16
-23
-8
3
30
66
92
119
164
188
221
233
253
298
305
312
309
337
377
354
316
312
299
282
298
340
370
420
411
408
402
381
352
373
330
209
179
101
45
-9
-19
-44
-73
-57
-65
-79
-49
-37
-82
-139
-189
-239
-296
-351
-400
-456
-525
-547
-532
-551
-539
-495
-506
-467
-425
-415
-411
-421
-398
-403
-378
-379
-361
-372
-402
-371
-353
-341
-314
-280
-265
-194
-165
-107
-58
-38
9
95
145
210
302
352
398
427
420
387
362
308
288
231
188
123
72
64
49
37
22
34
14
-13
-43
-73
-98
-136
-163
-165
-190
-183
-173
-169
-155
-156
-131
-100
-97
-66
-55
-39
-6
17
39
37
79
103
148
220
280
322
356
403
434
453
456
470
458
428
393
378
350
341
341
339
317
306
352
389
410
409
375
310
278
227
182
92
62
35
-33
-43
-53
-76
-135
-145
-195
-242
-295
-317
-338
-364
-337
-311
-260
-240
-210
-200
-197
-212
-223
-222
-237
-194
-194
-165
-121
-79
-59
-5
36
63
102
111
127
59
65
56
29
19
-12
-19
-32
-33
-34
-53
-51
-64
-75
-86
-97
-114
-155
-206
-213
-233
-306
-327
-351
-383
-414
-454
-452
-414
-405
-378
-369
-367
-358
-350
-362
-348
-365
-375
-354
-370
-319
-263
-196
-166
-74
-31
-9
65
120
138
155
213
248
303
345
386
409
450
467
465
522
505
500
496
454
466
462
443
405
365
346
290
237
197
150
127
80
53
32
-2
10
-14
-27
-9
-14
-32
-29
-44
-71
-111
-123
-123
-119
-98
-85
-53
-32
-22
2
33
67
72
74
58
86
62
61
88
116
143
128
168
186
217
220
229
258
250
239
267
288
289
278
243
255
241
195
181
148
128
88
57
65
64
41
2
0
-15
-63
-87
-130
-199
-231
-252
-268
-277
-274
-270
-284
-286
-304
-314
-341
-329
-342
-353
-347
-353
-312
-293
-306
-262
-250
-265
-254
-264
-277
-297
-278
-266
-302
-265
-213
-204
-155
-115
-101
-122
-73
-55
-90
-90
-95
-105
-133
-143
-129
-155
-178
-192
-228
-267
-263
-248
-262
-231
-240
-227
-189
-177
-136
-119
-113
-89
-65
-66
-50
-17
-10
31
68
91
123
191
224
250
269
272
291
306
332
347
358
369
388
433
456
421
410
419
369
345
341
315
311
323
367
420
427
439
455
441
431
409
419
399
405
395
387
381
402
407
379
387
388
378
315
294
219
147
110
65
30
9
-7
-7
-37
-57
-42
-31
-67
-57
-64
-101
-111
-119
-126
-121
-141
-173
-181
-206
-223
-217
-197
-210
-161
-155
-130
-118
-128
-148
-210
-233
-267
-323
-366
-399
-446
-438
-434
-462
-445
-431
-405
-386
-358
-312
-339
-342
-331
-346
-319
-282
-252
-226
-215
-209
-210
-231
-211
-240
-241
-250
-240
-252
-260
-253
-266
-308
-323
-340
-380
-384
-408
-422
-412
-376
-364
-289
-246
-195
-139
-120
-73
-9
8
-7
48
77
91
158
218
296
340
375
415
471
497
497
490
464
448
390
388
380
356
351
350
370
365
394
420
423
444
443
455
445
434
454
429
428
443
411
395
366
331
319
309
278
255
240
235
211
206
190
181
175
108
111
104
58
55
55
69
67
55
76
88
73
53
73
101
76
76
81
98
95
76
62
33
8
-24
-49
-85
-131
-183
-224
-264
-303
-343
-366
-397
-409
-449
-492
-507
-550
-602
-583
-598
-597
-563
-553
-501
-425
-417
-390
-323
-314
-301
-271
-260
-252
-237
-235
-251
-234
-222
-225
-199
-206
-199
-194
-220
-223
-185
-192
-194
-166
-158
-144
-126
-132
-116
-104
-95
-89
-80
-51
-18
9
44
94
120
165
197
200
213
197
193
172
155
167
150
166
127
114
148
117
138
148
176
185
219
243
257
285
295
275
297
328
332
365
371
381
411
417
461
480
496
516
496
488
453
431
382
299
271
242
206
185
181
181
157
135
112
111
96
78
28
31
-7
-46
-37
-57
-76
-93
-91
-94
-102
-94
-85
-77
-90
-84
-111
-111
-80
-115
-106
-124
-124
-134
-129
-138
-140
-148
-141
-149
-150
-156
-175
-169
-180
-190
-217
-218
-257
-262
-243
-243
-230
-237
-249
-223
-237
-256
-252
-250
-279
-293
-268
-291
-275
-271
-291
-286
-289
-275
-273
-263
-248
-223
-183
-147
-138
-93
-63
-58
-17
-9
22
33
30
43
37
29
42
31
50
55
22
42
50
81
79
82
87
93
111
98
131
149
112
124
126
97
107
107
84
102
137
117
110
106
102
86
60
57
49
35
8
19
40
51
51
62
104
122
127
164
192
198
238
261
249
263
293
272
271
310
310
318
295
302
312
305
326
326
326
323
315
282
269
212
152
119
96
63
54
25
-7
-11
-21
-13
3
-16
-30
-9
-45
-47
-53
-50
-73
-102
-90
-110
-131
-142
-122
-139
-141
-145
-120
-136
-160
-155
-183
-191
-195
-204
-220
-220
-233
-261
-242
-241
-261
-247
-228
-217
-193
-183
-168
-185
-187
-199
-202
-200
-234
-240
-268
-277
-270
-272
-263
-263
-254
-247
-215
-207
-205
-171
-156
-148
-142
-146
-138
-121
-137
-109
-117
-75
-87
-62
-37
-48
-11
16
29
54
89
107
99
97
108
117
136
132
155
131
121
122
107
113
125
112
105
114
123
129
142
112
140
150
150
161
161
179
161
193
217
205
200
184
156
154
124
115
91
92
87
65
76
46
31
40
44
57
66
68
127
128
158
172
168
180
177
185
179
170
158
142
116
98
112
128
115
120
118
99
95
104
81
84
78
64
81
76
51
35
58
12
3
3
-10
-1
-19
-15
-8
-30
-37
-40
-47
-52
-56
-41
-33
-36
-33
-45
-56
-70
-68
-64
-61
-78
-138
-134
-159
-184
-218
-238
-221
-262
-253
-260
-248
-213
-232
-236
-203
-171
-171
-151
-158
-132
-130
-140
-144
-156
-163
-195
-190
-193
-191
-193
-180
-176
-178
-151
-138
-117
-106
-109
-86
-93
-119
-107
-102
-62
-52
-72
-58
-19
-34
-41
-10
1
-11
-11
24
29
24
45
53
70
107
95
116
135
144
135
151
163
149
163
164
185
201
221
188
205
238
239
242
236
263
268
242
280
291
263
247
222
203
194
155
159
185
179
188
201
208
180
181
142
120
102
70
61
44
47
44
42
47
55
61
65
58
56
39
14
-16
-27
-45
-59
-62
-93
-83
-81
-69
-74
-81
-85
-80
-73
-81
-113
-109
-121
-142
-121
-129
-146
-170
-173
-181
-189
-191
-218
-240
-256
-281
-272
-260
-264
-241
-253
-241
-235
-217
-209
-198
-186
-190
-183
-189
-185
-189
-197
-193
-195
-189
-186
-180
-170
-162
-131
-133
-81
-56
-50
-29
-16
-23
-12
22
25
29
15
28
56
62
104
144
142
149
168
171
179
176
181
188
181
203
207
190
186
192
167
168
177
150
164
157
136
148
140
138
138
122
104
108
100
98
130
158
145
169
182
170
182
198
193
160
164
154
130
91
83
86
59
42
62
38
25
9
20
29
24
31
33
44
38
38
37
28
4
-15
-24
-23
-50
-60
-63
-85
-97
-113
-121
-127
-156
-161
-155
-156
-152
-155
-162
-155
-123
-128
-126
-112
-128
-121
-107
-107
-96
-100
-88
-86
-97
-108
-81
-77
-78
-48
-63
-60
-57
-50
-69
-56
-24
-7
-12
18
30
45
43
19
22
6
-6
-42
-64
-75
-88
-105
-90
-55
-56
-39
-24
-35
-32
-32
-23
-18
-36
-45
-48
-64
-60
-66
-62
-64
-60
-63
-66
-53
-64
-60
-39
-23
-8
4
28
19
27
42
64
88
102
99
105
128
127
132
126
138
132
131
169
138
140
136
122
124
124
132
128
118
134
118
101
113
112
139
120
132
117
102
112
98
93
67
66
68
48
60
46
37
34
19
26
19
16
30
28
44
70
67
60
41
34
26
-4
1
-25
-43
-47
-61
-68
-70
-67
-91
-94
-58
-30
-40
-59
-54
-56
-76
-57
-82
-93
-121
-151
-150
-175
-168
-173
-166
-171
-176
-172
-174
-155
-170
-168
-161
-138
-127
-126
-102
-95
-108
-95
-81
-90
-85
-81
-75
-90
-105
-111
-106
-107
-112
-87
-68
-81
-64
-35
-21
-26
-4
2
4
20
20
40
43
41
50
66
39
45
56
45
82
83
82
100
96
110
97
98
102
106
105
96
115
113
114
109
120
137
119
117
124
114
110
101
98
117
119
126
142
149
154
140
151
163
150
140
146
131
116
121
101
94
78
78
85
60
49
29
24
4
-13
13
1
-10
17
19
21
30
29
16
-3
16
-22
-20
-19
-38
-61
-60
-67
-92
-86
-87
-104
-92
-122
-133
-127
-120
-115
-131
-112
-129
-130
-135
-137
-138
-136
-140
-137
-129
-136
-159
-148
-163
-190
-172
-193
-175
-147
-146
-139
-120
-116
-116
-104
-111
-101
-106
-104
-97
-91
-75
-74
-59
-76
-81
-52
-78
-79
-73
-79
-75
-75
-68
-55
-26
-14
10
15
27
44
44
69
88
97
91
112
99
84
98
105
99
114
101
111
118
100
131
141
137
159
174
178
173
164
185
156
128
131
116
105
103
105
99
96
106
112
112
148
153
131
173
164
148
161
158
154
155
177
153
144
146
142
125
108
123
128
97
98
100
99
83
71
90
86
86
78
63
59
61
65
40
54
56
10
-2
-13
-28
-33
-71
-79
-84
-104
-116
-123
-107
-108
-102
-93
-83
-100
-97
-105
-126
-129
-135
-130
-146
-150
-170
-163
-161
-167
-202
-196
-196
-212
-221
-228
-215
-220
-225
-216
-213
-204
-185
-193
-181
-173
-173
-162
-181
-170
-183
-205
-215
-221
-221
-223
-221
-222
-228
-203
-186
-174
-129
-122
-100
-86
-70
-63
-48
-53
-45
-41
-61
-47
-24
-8
18
52
54
73
72
120
118
137
183
169
186
206
205
223
225
226
238
241
229
226
204
202
222
190
191
182
172
169
179
199
205
202
203
189
215
214
196
215
208
207
210
193
185
174
163
154
148
119
93
80
64
62
77
78
63
68
73
49
43
56
63
46
23
28
16
-18
-36
-25
-53
-68
-70
-82
-67
-79
-98
-72
-77
-86
-81
-75
-77
-77
-89
-81
-104
-106
-93
-118
-116
-120
-126
-139
-125
-129
-139
-133
-147
-169
-179
-151
-156
-141
-131
-106
-110
-85
-67
-61
-46
-74
-33
-28
-16
-16
-39
-47
-80
-81
-102
-108
-111
-123
-132
-107
-114
-102
-68
-66
-90
-65
-91
-88
-47
-55
-50
-40
-53
-56
-42
-61
-39
-50
-56
-44
-40
-56
-49
-22
-59
-34
-3
-15
0
-9
2
6
9
29
8
24
33
19
9
11
14
-2
-5
6
38
52
60
83
86
90
122
141
121
144
149
147
154
171
178
177
178
185
182
164
171
159
165
156
145
154
150
148
142
147
165
169
156
156
165
179
176
176
148
143
122
94
104
112
99
73
87
74
53
57
62
52
28
39
29
53
37
35
33
27
29
-7
-11
-23
-25
-39
-56
-76
-79
-91
-110
-114
-142
-145
-162
-166
-146
-151
-150
-132
-147
-141
-143
-161
-167
-182
-168
-173
-179
-178
-181
-183
-184
-197
-185
-175
-182
-182
-174
-195
-189
-162
-158
-139
-127
-123
-128
-124
-114
-117
-114
-104
-88
-91
-97
-86
-93
-77
-68
-66
-42
-52
-59
-34
-36
-15
-6
11
17
3
36
48
30
53
64
47
80
72
79
84
61
59
70
90
94
106
99
105
115
121
123
148
142
154
168
152
183
164
155
175
163
146
156
137
130
111
86
111
106
76
122
109
111
130
134
141
130
136
120
125
109
120
106
78
60
38
26
9
14
8
-5
10
33
28
26
21
28
3
9
22
-7
-8
-4
-19
-35
-14
-37
-32
-48
-69
-53
-71
-64
-50
-73
-127
-112
-92
-124
-106
-98
-122
-96
-84
-102
-105
-100
-132
-128
-111
-138
-121
-138
-138
-118
-97
-113
-94
-106
-108
-77
-99
-92
-114
-89
-90
-86
-64
-62
-55
-52
-45
-32
-34
-38
-49
-42
-44
-41
-49
-60
-46
-32
-20
-5
3
13
3
-13
5
-4
-7
4
-4
-25
-16
13
-7
4
17
-28
-14
-18
-10
-14
-16
-12
5
5
8
34
18
43
57
41
54
52
33
52
50
52
44
55
76
69
73
86
67
74
94
96
131
116
127
136
125
147
141
126
147
145
148
141
130
134
136
126
138
133
115
144
131
122
138
129
114
119
104
89
98
93
74
68
67
47
35
38
32
20
26
15
-1
-11
-20
-32
-18
-51
-68
-54
-65
-64
-53
-55
-55
-66
-75
-68
-71
-69
-75
-86
-97
-102
-116
-114
-90
-102
-115
-90
-103
-100
-99
-105
-108
-119
-104
-119
-127
-113
-98
-92
-105
-100
-98
-116
-117
-120
-139
-137
-140
-145
-136
-123
-102
-102
-112
-82
-90
-100
-73
-78
-71
-77
-80
-70
-85
-64
-63
-59
-45
-55
-48
-47
-21
-24
-3
25
25
29
46
49
41
58
56
68
70
65
79
69
64
75
68
61
75
80
97
125
131
110
120
125
142
137
119
139
131
124
134
118
128
115
93
102
106
104
101
97
97
92
87
64
65
98
64
86
95
74
75
58
69
60
45
30
16
28
19
0
17
7
10
-1
-3
14
0
-18
-8
3
-12
-17
-22
-21
-25
-33
-46
-74
-73
-71
-82
-81
-89
-97
-87
-83
-75
-58
-68
-74
-82
-76
-77
-78
-74
-92
-93
-79
-72
-74
-58
-59
-56
-43
-55
-73
-75
-62
-81
-64
-60
-71
-72
-80
-72
-65
-44
-59
-44
-49
-44
-26
-8
-14
-20
-26
-27
-17
-30
-16
-23
-34
-55
-48
-41
-50
-34
-33
-26
3
4
8
24
32
50
30
34
20
16
9
22
34
23
13
10
20
10
11
15
37
34
40
52
44
50
61
67
76
98
105
88
94
111
85
74
70
66
89
68
73
79
86
78
93
108
115
119
124
125
129
116
88
115
91
82
88
76
64
43
57
32
43
49
40
38
46
31
31
35
22
24
27
21
20
19
18
10
17
0
-14
-19
-22
-21
-47
-40
-50
-87
-76
-78
-94
-98
-92
-94
-88
-79
-59
-64
-69
-70
-76
-89
-99
-105
-103
-112
-131
-125
-126
-134
-142
-154
-140
-137
-145
-140
-126
-96
-95
-76
-68
-62
-57
-70
-62
-50
-57
-60
-72
-57
-70
-85
-105
-91
-92
-87
-64
-55
-36
-23
0
9
27
39
32
11
8
8
13
25
31
28
22
47
40
42
52
55
22
49
63
24
59
65
60
61
68
75
83
111
122
125
131
122
125
125
124
115
95
84
81
86
71
59
62
51
37
55
68
59
76
60
67
89
78
71
61
58
32
24
13
0
-2
-2
3
1
-1
-22
-1
-6
1
7
-12
7
-7
3
10
26
26
9
19
5
-15
-22
-16
-47
-55
-40
-37
-22
-41
-37
-34
-49
-31
-20
-8
-8
-20
-17
-23
-3
9
-10
0
6
-31
-24
-30
-46
-46
-43
-45
-46
-38
-27
-15
-26
-18
-19
-19
2
5
6
-4
-16
2
-5
-19
-25
-16
-6
-16
-9
-10
-27
-14
-19
-39
-31
-25
-45
-34
-45
-41
-44
-49
-41
-57
-34
-47
-55
-43
-42
-41
-30
-14
-31
-32
-38
-19
-25
-28
-32
-35
-25
-25
-8
10
-2
0
-9
-3
15
17
37
35
32
21
23
19
4
3
6
2
-4
-3
6
8
26
41
47
68
70
84
81
73
80
66
65
38
53
52
33
30
4
8
11
-2
7
10
16
21
28
32
24
42
32
37
14
28
30
16
24
23
13
6
11
-9
-6
-19
-24
-15
-41
-19
-26
-19
-12
-24
-28
-23
-19
-34
-37
-21
-39
-29
-2
-25
-23
-5
-27
-34
-24
-27
-21
-31
-43
-46
-36
-54
-41
-30
-42
-26
-27
-35
-19
-20
-9
10
4
9
32
12
11
12
3
12
-16
-21
-21
-31
-34
-39
-30
-22
-33
-3
4
2
26
28
49
54
71
71
72
57
56
43
36
40
16
19
27
38
45
50
36
37
26
14
19
33
44
49
38
46
61
53
58
62
43
48
37
36
33
19
33
22
12
20
26
15
22
25
1
6
7
12
17
19
21
5
0
-9
-11
-34
-35
-48
-41
-29
-42
-32
-33
-45
-55
-47
-47
-45
-42
-45
-35
-58
-43
-34
-62
-52
-60
-70
-76
-67
-84
-64
-73
-65
-59
-68
-79
-72
-80
-82
-64
-76
-59
-68
-45
-59
-45
-44
-42
-30
-34
-27
-22
-28
-22
-34
-39
-37
-45
-57
-38
-32
-37
-21
-17
0
2
15
19
35
48
63
66
69
59
58
44
36
57
32
33
65
37
7
29
20
15
20
25
41
39
48
36
45
49
41
60
80
96
89
82
94
82
90
82
77
59
48
45
16
20
7
6
17
18
15
19
33
26
36
44
46
59
42
44
55
61
63
84
93
87
69
58
49
45
45
25
11
12
13
7
19
19
28
21
32
42
30
30
27
12
21
8
-1
-14
-14
-21
-27
-23
-33
-31
-43
-61
-48
-48
-68
-72
-82
-91
-86
-107
-105
-88
-93
-101
-80
-69
-76
-78
-75
-73
-94
-101
-121
-127
-121
-120
-129
-112
-109
-123
-99
-96
-92
-75
-79
-84
-81
-86
-67
-82
-93
-74
-75
-92
-68
-59
-75
-48
-34
-38
-24
-33
-41
-45
-29
-9
-2
9
8
24
27
27
30
43
43
42
63
67
73
80
71
60
66
55
64
69
79
97
97
103
124
112
108
129
114
121
114
116
117
110
108
106
106
87
84
85
73
66
85
80
91
78
72
90
75
93
95
67
93
87
69
72
52
39
38
45
42
53
25
27
11
5
10
-10
-1
-13
-10
-17
-18
-15
-33
-10
-9
-22
-10
-19
-14
-32
-40
-26
-27
-35
-28
-31
-42
-45
-49
-55
-66
-71
-58
-63
-78
-68
-55
-63
-59
-51
-48
-44
-55
-47
-41
-43
-54
-58
-66
-72
-64
-64
-63
-68
-68
-53
-78
-85
-66
-79
-81
-62
-70
-50
-59
-65
-57
-63
-62
-69
-69
-60
-55
-47
-35
-38
-32
-31
-38
-44
-29
-29
-30
-25
-39
-24
-20
-33
-21
-33
-31
-6
-21
-29
-15
-2
0
-4
5
10
7
1
16
21
24
39
36
51
53
55
58
73
63
61
55
54
69
63
69
72
68
73
72
79
89
79
88
96
100
88
97
101
97
106
120
119
115
110
103
97
79
73
81
71
59
51
50
43
47
47
44
37
28
17
10
9
10
-15
-17
5
-8
-9
-5
10
8
-5
-5
-13
-19
-21
-35
-39
-42
-44
-45
-44
-48
-61
-44
-43
-37
-33
-37
-28
-30
-33
-21
-28
-36
-32
-39
-39
-41
-37
-50
-68
-55
-47
-61
-62
-54
-67
-64
-44
-56
-55
-55
-59
-68
-71
-73
-84
-72
-85
-64
-52
-62
-67
-67
-68
-54
-50
-62
-61
-69
-52
-62
-63
-41
-44
-46
-42
-30
-38
-24
-24
-34
-25
-28
-30
-15
-18
-27
-13
-13
-5
10
18
15
23
15
16
27
33
33
40
40
50
54
40
48
54
55
54
60
56
61
57
58
68
61
58
62
65
58
71
80
84
77
87
93
93
89
74
78
86
91
77
76
90
60
63
80
53
48
52
58
42
44
34
40
41
40
41
39
45
32
29
26
20
15
13
15
14
8
15
1
-3
3
-1
-8
-4
-5
-18
-17
-16
-24
-24
-29
-30
-30
-26
-30
-29
-29
-31
-31
-33
-33
-40
-46
-39
-44
-44
-41
-49
-52
-54
-50
-52
-47
-51
-54
-54
-51
-60
-51
-49
-63
-42
-51
-52
-54
-52
-58
-66
-64
-61
-57
-64
-49
-43
-40
-47
-31
-30
-31
-38
-24
-18
-25
-19
-29
-25
-22
-30
-28
-15
-23
-16
-18
-21
-10
-9
-9
-9
-8
-15
-7
-8
-2
4
8
4
-1
6
5
5
8
10
3
13
12
2
8
10
5
7
13
14
20
25
27
26
28
35
40
47
48
53
48
56
57
43
43
48
53
57
61
62
65
55
54
62
61
59
62
60
60
66
56
57
55
45
43
40
36
26
21
31
14
18
27
21
28
22
17
9
7
-2
0
7
0
-8
-9
-8
-15
-20
-11
-11
-24
-22
-30
-30
-35
-37
-40
-34
-33
-44
-39
-30
-32
-37
-30
-34
-38
-31
-32
-30
-32
-21
-26
-33
-29
-37
-41
-40
-39
-40
-41
-37
-35
-30
-37
-25
-25
-28
-20
-32
-29
-43
-33
-31
-30
-14
-11
-20
-18
-10
-17
-22
-13
-11
-24
-26
-19
-14
-15
-10
2
4
-5
4
2
2
2
0
7
4
-3
12
11
-3
10
16
6
12
25
13
15
18
6
14
26
24
27
26
25
20
26
34
23
38
32
31
25
33
31
29
30
27
25
33
37
29
37
35
36
33
36
32
32
33
24
26
25
19
24
21
17
20
19
15
17
22
22
14
8
6
0
4
5
1
-8
-3
2
-12
0
-5
-8
-12
-17
-18
-21
-21
-19
-19
-19
-15
-23
-17
-20
-21
-6
-8
-8
-5
-10
-11
-16
-20
-12
-14
-10
-3
-11
-6
-4
-9
-5
-2
0
-15
-20
-13
-12
-19
-15
-11
-10
-11
-11
-14
-1
-5
-12
-8
-13
-5
-10
-8
-7
-17
-14
-18
-22
-15
-21
-15
-12
-17
-8
-12
-12
-12
-12
-13
-12
-22
-18
-14
-18
-22
-13
-13
-13
-7
-12
-6
-4
1
2
0
1
-6
5
-1
-7
6
8
2
10
8
9
15
17
17
13
22
23
23
19
22
20
15
12
20
22
16
20
20
23
22
22
22
20
11
14
13
8
9
8
14
15
16
21
16
14
17
17
20
17
15
15
10
10
8
6
11
12
16
8
2
14
4
0
1
9
-4
1
-4
-4
-4
-15
-3
-11
-15
-12
-7
-8
-11
-7
-14
-19
-19
-26
-27
-31
-32
-33
-25
-24
-31
-27
-21
-24
-21
-17
-21
-30
-26
-24
-22
-16
-20
-22
-23
-17
-18
-24
-19
-15
-22
-19
-13
-13
-12
-13
-14
-8
-10
-5
-5
4
3
2
7
3
11
2
2
5
0
7
5
2
-2
2
4
7
17
17
12
16
13
6
12
21
15
16
13
5
13
12
9
12
7
11
17
23
16
19
16
21
28
21
30
31
26
21
23
18
6
12
21
8
13
19
7
16
11
8
13
15
6
8
10
10
10
10
11
9
11
2
7
12
11
16
11
10
7
4
3
2
0
-2
6
1
-3
-5
3
-1
-2
0
-7
-2
-9
-10
-4
0
-3
2
0
1
-7
-7
-4
-11
-11
-6
1
-4
-1
1
0
1
-5
-13
-13
-14
-20
-18
-14
-17
-17
-8
-13
-8
-7
-13
-2
-8
-15
-14
-11
-14
-14
-11
-15
-20
-22
-20
-22
-21
-22
-23
-19
-18
-18
-12
-15
-17
-13
-13
-11
-4
-11
-9
-10
-10
-10
-7
-8
-11
-6
-7
-6
-13
-10
-11
