-1
-1
-1
-2
-2
-1
-1
-1
0
0
1
1
0
0
0
-1
-1
0
0
1
0
0
0
0
-1
0
0
0
-1
0
-1
0
0
0
0
-1
0
-1
-1
0
1
1
1
0
2
0
0
1
0
-1
0
0
-1
0
1
2
1
0
-1
-2
-1
-1
-1
0
0
1
1
1
1
2
1
1
1
0
0
1
1
0
0
2
0
0
0
0
-1
-1
0
-1
0
0
0
-1
1
1
0
0
0
0
-2
-1
-1
-2
-1
0
-1
0
0
-1
0
0
0
0
-1
-1
0
-1
-1
0
-1
-2
-1
0
0
0
0
1
1
0
1
1
1
1
0
1
2
1
0
1
0
0
0
0
0
1
0
2
1
0
1
0
1
1
0
-1
0
0
-1
1
1
2
1
0
0
0
-1
0
0
-1
-1
0
0
1
-1
0
1
0
0
0
1
0
1
-1
-1
0
-1
0
0
1
0
0
-1
-1
-2
-1
-1
-2
-1
-1
-1
-1
-1
-1
-1
0
2
2
2
2
1
0
0
-1
-1
-1
0
-1
0
1
1
1
0
1
1
1
1
1
0
0
0
1
0
0
-1
-2
-1
-1
0
0
0
-1
1
1
1
0
1
0
0
-1
0
0
-1
1
0
-1
0
1
2
1
2
1
1
1
2
1
-1
0
0
0
2
3
3
2
1
2
1
0
1
1
2
0
-1
1
0
1
2
1
1
2
1
0
2
1
-1
1
-1
0
-1
-1
0
0
0
0
0
-1
0
1
1
0
0
0
-2
-2
-2
-1
-1
-1
-1
-3
-1
-1
0
-2
0
-1
0
-1
-1
-2
-1
-1
-2
-1
-1
-2
-1
-2
-1
-1
-1
-2
-2
-2
-2
-1
-2
-2
-2
-1
-2
-2
-2
-2
-2
-1
-1
-1
1
1
2
1
1
0
1
0
0
1
-1
0
-1
-1
0
0
1
1
0
0
-1
0
0
0
1
1
1
1
0
1
0
1
1
2
2
2
0
1
-1
0
1
1
2
1
0
0
1
1
1
0
1
1
2
2
1
2
1
-1
1
1
1
1
2
0
-1
0
0
0
0
0
0
1
0
1
1
0
0
0
1
0
0
0
0
-1
0
0
0
0
1
0
-1
0
0
0
0
0
0
0
1
1
0
0
2
1
0
1
1
2
1
1
1
0
0
1
0
1
0
0
1
0
1
1
1
1
0
1
1
-1
0
1
0
-1
0
-1
0
0
-3
-1
-2
-2
-2
-1
-2
-1
0
-2
-3
-2
0
-2
-2
-3
-2
-2
-2
-1
0
-2
-1
-1
-1
0
-1
0
-2
-2
-2
-2
0
-1
1
0
1
1
0
0
-1
-1
0
-1
1
-1
-1
0
-1
-1
0
0
0
0
0
0
0
1
1
2
2
2
1
2
2
1
2
1
2
2
1
0
0
-1
0
0
0
0
0
-1
-1
-1
-2
0
0
1
-1
0
-1
-1
0
-2
-2
-2
-3
-2
-2
-1
0
0
0
1
1
0
0
1
0
1
1
2
0
2
4
3
2
2
2
2
1
2
4
4
2
4
4
4
3
2
2
2
3
2
1
1
1
0
1
2
0
1
0
-1
0
-2
-1
-1
-1
0
-2
-3
-3
-3
-2
-1
-1
-1
-3
-2
1
0
-1
-1
0
-2
-3
-1
-2
-2
-2
-2
-1
-1
-1
-2
0
-1
0
1
0
1
-1
-1
0
0
1
0
-1
0
-1
-1
0
-2
-1
-2
-1
-1
-1
-1
-2
-2
-1
-1
-3
-2
-3
-3
-2
-2
-2
-3
-2
-1
-2
0
-2
-3
-1
0
-1
0
0
-1
1
0
0
1
1
1
-1
1
0
0
1
1
2
2
1
1
2
2
2
3
0
1
0
-1
0
2
3
3
4
4
2
2
2
1
2
2
0
1
0
0
-1
0
0
0
0
1
1
1
1
1
0
1
2
0
0
2
1
0
1
1
2
2
2
3
2
3
3
2
2
3
2
3
3
2
1
1
2
2
2
1
1
2
0
1
1
1
1
0
0
0
1
-1
-1
-1
-1
-1
-1
0
-1
0
0
-2
0
-1
-3
-1
-2
-4
-4
-2
-2
-4
-5
-3
-3
-2
-2
-2
-2
-1
-2
-2
-2
-1
-2
-3
-1
2
0
0
1
-2
-1
0
1
0
-1
0
0
1
0
0
1
1
2
0
0
0
0
0
0
0
0
0
1
-2
0
-1
-3
-2
-3
-3
-2
-2
-3
-4
-3
-1
-1
-1
-2
-2
-2
-3
-2
-1
-2
-3
-1
-1
-1
0
-2
-1
-1
-3
-3
-3
-3
-1
0
-1
2
0
0
1
0
0
0
1
0
0
0
1
1
1
2
2
0
1
0
1
1
2
2
1
1
2
2
2
2
1
0
2
2
3
5
5
5
5
6
7
6
8
7
8
9
8
9
8
8
7
7
9
7
8
6
7
6
7
6
5
6
2
9
2
5
7
2
2
2
-2
1
0
0
3
0
1
-1
-1
-1
-4
-1
-2
-2
-2
-2
-3
-4
-4
-5
-3
-4
-4
-2
-2
-2
-3
-5
-6
-6
-3
-3
-6
-4
-5
-7
-6
-5
-7
-7
-8
-8
-7
-9
-10
-12
-16
-15
-15
-16
-15
-15
-17
-18
-18
-18
-16
-16
-18
-17
-17
-18
-17
-16
-17
-16
-16
-15
-14
-15
-13
-13
-10
-8
-6
-5
-5
-5
-3
-2
-1
-2
0
1
3
4
8
7
8
9
10
14
15
18
19
18
21
21
21
23
24
24
27
26
28
30
26
30
31
34
35
36
37
37
34
37
35
34
36
32
33
32
31
30
34
31
33
30
29
32
28
29
28
25
25
22
21
20
16
16
11
8
7
6
2
1
-4
-9
-10
-18
-20
-25
-33
-37
-42
-48
-51
-55
-59
-66
-73
-75
-76
-76
-78
-82
-83
-88
-88
-87
-86
-88
-85
-84
-83
-81
-76
-78
-74
-71
-68
-61
-57
-54
-47
-43
-36
-29
-24
-15
-16
-5
-2
-1
9
14
17
20
28
28
37
35
37
42
47
45
52
60
56
63
63
68
65
71
68
75
79
78
84
80
84
79
82
87
87
90
92
91
88
88
86
88
81
87
86
90
97
92
95
87
80
76
76
75
80
71
72
70
64
58
52
49
44
43
38
39
29
18
10
-5
-15
-27
-39
-48
-60
-68
-78
-90
-101
-116
-134
-141
-155
-162
-165
-171
-180
-189
-195
-200
-202
-202
-206
-209
-203
-195
-188
-187
-182
-182
-182
-179
-166
-161
-150
-139
-127
-124
-109
-102
-84
-77
-74
-51
-44
-34
-17
-10
0
6
8
28
21
42
42
50
65
65
79
88
70
95
88
109
107
108
120
128
129
130
135
132
143
146
150
169
162
164
183
165
181
175
167
180
174
171
195
177
189
181
168
181
160
166
181
160
172
157
148
160
145
145
130
129
119
118
107
107
88
85
91
80
80
77
58
53
44
36
34
10
0
-11
-36
-41
-54
-87
-102
-127
-142
-156
-174
-177
-212
-226
-259
-280
-274
-285
-292
-299
-310
-322
-331
-329
-336
-346
-345
-354
-321
-328
-315
-302
-303
-297
-292
-280
-288
-237
-263
-236
-204
-222
-180
-200
-150
-157
-147
-101
-127
-58
-72
-27
-23
-55
5
-15
20
38
71
51
119
28
129
90
74
139
129
206
135
227
182
209
168
262
227
245
256
253
302
281
279
277
307
274
299
287
339
299
297
346
270
319
288
280
308
305
283
285
273
228
267
199
246
203
242
196
216
200
202
163
145
178
119
161
101
170
118
148
124
114
93
66
84
76
87
46
63
4
1
-40
-71
-97
-134
-150
-174
-192
-203
-233
-255
-302
-325
-340
-370
-360
-407
-401
-436
-456
-463
-514
-475
-527
-537
-522
-501
-508
-468
-522
-502
-469
-555
-456
-505
-511
-437
-439
-388
-365
-380
-323
-304
-265
-303
-161
-259
-99
-155
-54
-71
-79
-78
30
-24
1
127
44
149
147
179
196
170
219
218
250
317
228
358
297
344
372
330
347
368
368
415
503
403
442
509
327
487
394
400
454
416
442
423
460
348
436
323
431
349
367
370
369
326
318
254
265
264
256
302
262
296
264
203
239
187
191
173
189
212
188
206
162
163
140
121
140
159
117
127
90
107
48
14
-29
-83
-76
-157
-158
-149
-205
-242
-282
-314
-389
-407
-425
-469
-520
-473
-561
-529
-572
-612
-609
-691
-661
-666
-817
-628
-693
-797
-566
-792
-614
-735
-666
-723
-595
-691
-501
-505
-585
-449
-522
-392
-513
-426
-290
-362
-218
-208
-207
-154
-142
-170
-56
2
-288
202
10
51
231
79
88
284
43
330
209
323
392
319
524
294
448
397
454
433
635
453
605
609
564
634
624
475
530
617
520
765
573
681
639
433
617
419
537
537
601
467
608
471
461
471
444
485
311
499
342
454
394
387
409
325
368
273
329
284
322
365
388
345
368
291
149
294
135
293
177
176
184
42
51
-15
-15
-196
-100
-324
-222
-286
-389
-367
-465
-571
-613
-599
-751
-677
-827
-761
-889
-810
-830
-1000
-909
-1046
-1055
-1105
-958
-1080
-905
-982
-1001
-860
-1145
-899
-1120
-756
-847
-851
-802
-664
-477
-703
-500
-754
-348
-597
-393
-384
-96
-173
-112
-43
-232
-87
-125
100
128
273
406
310
197
408
82
306
142
492
596
472
750
591
496
388
587
492
732
657
706
998
580
778
537
491
655
453
656
960
468
1043
547
561
525
409
597
462
708
627
648
590
588
306
503
157
523
403
552
658
466
431
334
314
348
459
543
410
533
573
316
469
337
127
450
116
454
273
322
457
213
217
126
84
-31
103
101
71
1
-51
-275
-189
-489
-358
-483
-584
-572
-589
-583
-774
-781
-985
-803
-1094
-1025
-1023
-872
-1141
-1009
-822
-1417
-1159
-1214
-1258
-1169
-1042
-1150
-935
-1059
-1213
-959
-1111
-939
-992
-1036
-455
-1119
-553
-524
-991
-187
-937
-202
-600
-287
-374
-100
-5
52
-272
246
126
-413
662
-159
519
625
5
642
495
300
455
432
677
489
744
763
868
717
641
607
675
665
906
790
1058
610
700
738
481
841
513
768
818
702
760
662
496
462
687
424
766
550
859
450
303
787
265
667
706
725
592
762
428
430
689
311
733
566
616
662
537
515
474
358
388
459
448
578
337
467
201
338
191
82
199
230
28
6
97
-127
-141
-331
-429
-434
-381
-660
-377
-621
-805
-752
-994
-733
-1209
-919
-1002
-1152
-857
-1088
-1133
-964
-1275
-1442
-880
-1637
-940
-1287
-860
-1243
-1211
-703
-1700
-574
-1053
-1242
-381
-1107
-1123
-215
-1101
-745
-310
-930
-102
-862
-288
-286
-437
229
-795
249
-311
255
-286
358
73
174
388
-275
640
55
357
543
648
-3
1219
-335
752
689
230
1327
56
868
789
118
1020
812
461
999
854
217
1424
240
956
859
743
870
53
952
672
578
642
1227
206
1235
331
657
779
447
622
949
737
759
556
527
785
176
354
693
406
779
917
529
652
318
156
233
396
263
741
743
347
578
-23
-203
-4
29
315
235
294
95
-138
-273
-429
-433
-397
-530
-507
-418
-483
-531
-892
-913
-1024
-1059
-1046
-1065
-659
-1115
-1072
-1037
-1378
-1293
-1199
-1436
-1141
-892
-1178
-878
-1269
-919
-1712
-631
-1346
-1128
-247
-1128
-651
-1094
-202
-1163
-407
-1037
-443
-370
-561
26
-351
-78
-443
-305
-484
34
86
-121
867
275
116
-108
293
69
189
103
904
339
487
533
210
444
-260
1440
30
809
658
316
1151
560
463
539
836
-114
771
855
933
764
980
364
725
785
156
1093
441
857
975
867
592
909
312
521
661
748
812
817
1007
526
969
721
548
848
334
467
747
788
839
818
402
352
379
216
586
1015
704
900
551
20
374
208
84
190
109
282
227
-132
320
-414
-508
-703
-855
-409
-624
-473
-837
-593
-1181
-1407
-1055
-1518
-1171
-1113
-1123
-1073
-960
-1362
-1444
-1317
-1564
-1533
-1263
-1193
-1293
-976
-1302
-1130
-1347
-1212
-1113
-1120
-692
-853
-276
-1150
-385
-472
-726
-703
-247
-756
-123
-83
-1055
707
-1459
843
-228
-180
-148
143
-285
-246
706
518
167
344
269
142
636
-155
398
379
357
923
712
385
729
301
206
889
350
874
785
599
1457
392
1240
-216
1023
320
1020
1057
1020
1267
568
1035
241
982
423
992
784
1067
1098
1001
684
990
874
476
1079
1033
969
1664
905
738
844
299
659
832
831
1374
1015
919
951
523
464
495
608
866
880
325
599
2
-129
-391
-500
-277
-205
-679
-327
-770
-947
-983
-1522
-1405
-1250
-1390
-1342
-1059
-1615
-1444
-1737
-1745
-1740
-1952
-1143
-2062
-1158
-1579
-1570
-1305
-1912
-1376
-1706
-1240
-1429
-914
-883
-928
-1094
-533
-1286
-499
-647
-916
456
-451
-312
129
-528
-673
525
-829
329
336
-286
183
345
232
-295
297
-21
-75
572
228
780
286
907
99
-28
379
-107
454
622
1274
444
172
752
356
-136
640
989
549
1202
1331
53
829
149
809
798
820
1242
969
458
963
729
512
1435
158
810
1379
792
1073
1627
1278
951
910
896
852
719
1356
1505
1322
1241
1044
1013
892
937
978
1164
1123
1421
1102
697
830
438
4
178
80
312
168
-23
-165
-808
-895
-1138
-1467
-1147
-914
-1319
-1177
-1324
-1564
-2027
-1954
-2016
-1882
-1618
-2093
-1363
-1656
-1589
-1919
-1821
-1898
-2045
-1469
-1448
-1210
-1154
-1074
-1043
-986
-1384
-735
-1184
-119
-4
-239
498
-179
-200
-542
163
-626
47
411
16
1171
353
192
-323
-253
-220
-46
805
1149
1317
211
617
-675
-825
-106
-36
1636
845
834
70
-160
-185
-358
734
731
674
903
583
-58
577
651
252
781
640
611
659
666
1061
832
671
450
190
174
513
1197
1463
1604
1560
760
912
306
240
1353
1428
1613
2031
1368
979
809
639
1131
1277
1629
1692
1520
1335
896
531
216
158
338
515
456
180
-118
-738
-1139
-1419
-1281
-1406
-1236
-1310
-1324
-1794
-2019
-2050
-2595
-2014
-2134
-2061
-1835
-2009
-1913
-1957
-1711
-1979
-2173
-1656
-1680
-1235
-1055
-1089
-792
-1456
-1122
-1004
-867
101
78
376
422
-77
-133
-20
-64
660
841
731
676
278
67
6
-124
192
763
867
592
638
453
-389
325
768
724
514
685
196
539
640
102
221
326
193
324
911
624
837
608
283
613
408
961
1037
1419
1646
1328
812
459
366
293
982
1476
2433
1983
1829
1052
261
177
125
1294
1955
2367
2169
1596
866
153
-111
534
1179
2022
2333
1891
1108
252
-330
-598
-348
62
463
274
-223
-882
-1365
-2123
-2171
-2027
-1888
-1576
-1494
-1460
-2026
-2398
-2836
-3250
-2924
-2670
-2192
-1742
-1622
-1829
-2260
-2416
-2608
-2483
-1862
-1511
-1098
-998
-1033
-1193
-1165
-1106
-734
-442
-215
298
532
440
286
539
434
262
306
-38
568
512
561
410
344
72
-22
380
440
732
465
204
503
316
535
1060
424
559
444
276
635
1060
635
668
690
366
648
946
1277
1648
1448
1103
1001
881
950
1308
1878
2220
2133
2045
1285
1146
1378
1761
2807
2823
2708
2548
1441
1109
1075
1106
1918
2552
2512
2076
1326
808
476
697
1304
1239
1291
775
179
-182
-667
-971
-1230
-1437
-1373
-1449
-1404
-1762
-2117
-2672
-3241
-3289
-3037
-2509
-2353
-2498
-2811
-3447
-3486
-3148
-2917
-2023
-1577
-1868
-1688
-2305
-2408
-1911
-1825
-1250
-715
-685
-1053
-854
-894
-800
-247
122
465
635
443
428
214
90
430
313
286
456
-163
-399
-516
-593
-413
-490
-248
-396
-407
-901
-569
-59
-293
116
-121
-232
-321
-298
132
669
673
664
425
239
428
393
1064
1500
1867
1976
1598
1684
1336
1935
2163
2154
2755
2906
3154
3639
3746
3024
2592
1912
2032
2754
3566
4014
3491
2897
1898
1374
1495
2198
2822
2792
2728
1635
634
-223
-372
-296
-211
-195
-765
-1281
-1982
-2425
-2765
-2820
-2916
-3035
-3279
-3378
-3520
-3770
-3698
-3754
-3815
-3625
-3492
-3193
-2527
-2405
-2285
-2455
-2948
-2555
-2156
-1337
-656
-171
-442
-1004
-1046
-845
-239
868
1344
1283
1164
572
259
441
962
1314
1211
850
296
-90
-530
-389
-183
-242
-251
-588
-889
-1198
-1107
-1278
-963
-995
-1031
-1335
-1423
-969
-964
-730
-574
-883
-952
-458
-286
36
669
790
723
1063
980
1246
1565
1874
2218
2506
2958
3717
4091
4154
3855
2971
2558
2935
3674
4423
5092
4609
3376
2297
1733
2116
3014
3930
4033
3273
1939
455
-125
-387
234
532
61
-748
-1862
-2961
-3469
-3144
-3210
-2766
-2986
-3656
-4210
-4662
-4658
-4145
-3750
-3329
-3199
-3813
-3585
-3395
-3611
-2454
-2397
-2217
-1517
-1756
-1306
-1156
-908
-591
-312
346
684
1161
1274
1174
1195
1034
1390
1922
2033
2023
1694
870
524
418
409
674
703
-22
-560
-937
-1441
-1092
-833
-710
-776
-1097
-1557
-1476
-1667
-1247
-1233
-1509
-1098
-1378
-919
-542
-532
-329
-236
-152
274
793
1185
1807
2097
2256
3170
3965
3580
3797
3012
2633
3226
3785
4666
5502
5041
3751
2902
2199
2612
3624
4505
4514
3597
1944
196
-291
-341
453
949
255
-825
-2442
-3762
-3972
-3492
-2998
-2851
-3279
-4201
-5178
-5563
-5093
-4431
-3736
-3631
-3985
-4330
-4086
-3510
-3011
-1993
-2103
-2535
-2268
-2005
-1221
-64
573
345
149
65
459
1349
2394
2861
2589
2203
1830
1696
1917
2677
2384
1866
1389
568
295
515
658
379
-15
-704
-1414
-1424
-1108
-748
-530
-919
-1478
-1993
-2364
-1702
-1166
-728
-335
-1042
-1567
-1687
-1359
-313
528
1250
1130
781
855
917
2206
4390
4438
4745
3903
2310
2898
3234
4800
5877
6144
5109
3569
2960
2757
3737
4872
5293
4438
3053
1087
93
270
627
1206
563
-533
-2456
-3682
-4258
-3742
-3069
-3290
-3658
-5107
-6303
-6514
-6300
-5061
-3910
-4278
-4643
-5518
-5646
-5196
-4155
-3152
-2512
-2279
-2941
-2668
-2269
-1516
-485
10
584
564
556
1221
1614
2068
2782
2421
2306
2819
2538
2748
2909
2408
2058
1635
1356
1240
1142
655
230
-206
-734
-563
-870
-1138
-1137
-1800
-1706
-1633
-1430
-1453
-1704
-1691
-2333
-1633
-1443
-835
-115
-352
-228
-523
-524
381
1220
2021
3138
4964
3594
3721
3163
1787
3573
4872
6094
6660
6778
4558
3405
3500
3848
5580
6590
6570
5017
3201
1226
1101
1570
2075
2828
1004
-688
-2374
-3825
-3713
-2571
-2315
-2901
-3941
-5840
-6704
-6551
-5569
-4113
-3874
-4812
-5578
-7178
-6753
-5014
-4057
-2731
-2338
-3394
-4353
-3911
-3402
-1490
61
493
497
-222
-631
-10
1047
2067
3460
3053
2546
2667
1684
1901
2586
2495
2862
2558
1742
939
210
-96
-41
151
373
-29
-1316
-2066
-2245
-2459
-1704
-996
-1423
-1913
-2691
-3074
-2558
-1491
-721
-637
-839
-1358
-1394
-964
291
1324
1741
2290
3646
2957
2990
3331
2337
3819
4912
5532
6110
6028
4700
3630
4081
4518
5726
6785
6290
5187
3532
1853
1804
2293
2730
3012
1662
-323
-1795
-2689
-2862
-1790
-1695
-2656
-3798
-5128
-6104
-5799
-4803
-4197
-3750
-4788
-5703
-6761
-6330
-5064
-4097
-3145
-3236
-4175
-4841
-4395
-3448
-1654
-238
-140
-598
-1258
-1373
-375
1262
2648
3348
2722
1834
1483
1365
2434
3450
3651
3429
2584
1351
1042
975
1217
1761
1354
756
133
-1023
-1437
-1145
-1148
-519
-562
-1179
-2104
-2423
-2580
-2088
-1055
-726
-789
-1160
-1479
-1472
-528
415
1218
2210
3395
2177
2325
1905
1576
3337
4395
5168
5440
5379
3648
3320
3910
4286
5626
6280
6022
4826
3331
1858
1805
2058
2473
2801
1187
-320
-1960
-3180
-2811
-1621
-1629
-2144
-3444
-5148
-6082
-5865
-4499
-3006
-2990
-4119
-5263
-7215
-6500
-4833
-3755
-2213
-2249
-4191
-5110
-4930
-3885
-1593
-32
200
-614
-1656
-2121
-843
755
2407
3293
2055
1197
725
355
1606
3198
3273
2981
1978
520
258
583
1399
1744
1676
1051
-254
-1020
-934
-152
-285
-4
58
-1235
-1241
-1318
-1355
-498
-169
-136
-124
-490
-171
-49
188
1617
2388
3754
3406
2870
2192
1530
3003
4180
5452
5894
5480
3771
3102
3640
4041
5553
6407
6147
4876
3445
1975
1686
2230
2692
2855
1619
173
-1954
-3275
-2844
-1873
-1549
-1919
-3367
-5006
-6270
-5985
-4626
-3405
-2643
-4259
-5864
-6841
-6482
-4972
-3538
-2353
-3109
-4749
-5417
-5088
-3640
-1461
-554
-800
-1317
-2316
-2392
-1147
563
1648
1948
1361
699
567
414
1320
2187
2237
2007
1157
362
206
341
610
840
622
31
-1081
-1228
-894
-628
-205
-435
-917
-1737
-1816
-1715
-933
-108
-51
-95
-1032
-683
-400
340
1532
2739
4247
3266
2743
2090
1545
3079
4607
5649
5975
5687
4000
3288
4138
4874
5595
6300
6072
4960
4138
3090
2902
3086
2767
2611
1785
809
-274
-1476
-1849
-1479
-1417
-2236
-2770
-3791
-4798
-4881
-4251
-3163
-2935
-3846
-4953
-6034
-5751
-4134
-3237
-2486
-2579
-4163
-5210
-4591
-3019
-1405
-443
-803
-1901
-2685
-2568
-1161
633
1548
1587
90
-810
-294
37
1398
2465
1759
777
-639
-1002
-300
580
1337
1065
-91
-1427
-1861
-2106
-923
407
-57
-836
-1365
-2345
-2191
-1152
-378
-80
137
-533
-1068
-453
-108
1065
1522
3268
4071
2426
2450
1562
1683
3398
4888
5412
5347
4651
2660
2788
3663
4992
5877
5872
5212
3483
2161
1611
2452
2975
3015
2134
427
-1021
-1918
-1934
-1461
-510
-1048
-2517
-3748
-4586
-4808
-3982
-2326
-1862
-2590
-3825
-5427
-5725
-4098
-2415
-1638
-1355
-2326
-4304
-4389
-3308
-1777
-120
246
-674
-1578
-2291
-2190
-644
715
1881
1723
226
-400
-949
-814
483
1676
1780
1017
-510
-1697
-1463
-642
583
949
151
-946
-2169
-2706
-1150
-316
-56
-176
-1179
-2064
-1977
-957
-102
917
748
168
-299
135
1044
1664
3924
4745
3808
2800
1771
1655
3237
5125
5578
5776
4761
2850
2508
3229
4650
5553
5636
4923
3559
2210
1447
1773
2239
2338
1823
537
-707
-1838
-2557
-2320
-1592
-1650
-2404
-3476
-4485
-4836
-4818
-3598
-2059
-2382
-3231
-4064
-5473
-4336
-2613
-1903
-1136
-1293
-3092
-3988
-2830
-1889
-141
559
105
-904
-1782
-1626
-840
489
1436
1569
164
-336
-634
-775
-121
638
545
-303
-849
-1676
-1681
-1156
-681
-701
-1546
-1899
-2442
-2669
-1553
-712
-903
-1422
-1657
-2029
-1734
-391
-9
350
380
-59
125
756
2269
3371
4838
4637
3847
2548
2040
3145
4577
6131
6016
5404
3939
2564
2732
3873
5144
5645
5600
3871
2214
1321
800
1372
2025
1797
548
-856
-2301
-2938
-2407
-1911
-1870
-2518
-3686
-4451
-4788
-4293
-3473
-2475
-2273
-2915
-3548
-4038
-3845
-2762
-1399
-747
-432
-1267
-2115
-2111
-1331
66
890
1277
759
-100
-691
-114
559
980
1649
1003
132
-32
-388
-495
-3
-205
-938
-1333
-1936
-2141
-2057
-2266
-1808
-2392
-2943
-2989
-3209
-3148
-2256
-2042
-2252
-1935
-2476
-2320
-2142
-770
-83
179
506
202
398
1412
2285
4164
5878
5439
4670
3550
3160
4188
5824
6716
7084
6438
4698
3435
3555
4274
5112
5809
5685
4184
2253
567
-1
530
1254
1087
-77
-2064
-3836
-4879
-4231
-2819
-2457
-3308
-4835
-6091
-6610
-5672
-4115
-2053
-2049
-3409
-4432
-5145
-4295
-2063
-401
264
159
-1343
-2244
-1645
88
1675
2556
2454
1502
342
77
1001
1954
3077
2767
1657
504
-373
-230
49
666
650
-720
-2028
-2689
-3156
-2750
-2222
-2097
-2485
-3656
-4423
-4642
-4256
-3122
-2244
-2622
-2691
-3153
-3742
-2986
-1527
-221
392
725
397
-8
1065
2927
5440
6234
5543
4210
2917
3817
5579
7236
8090
7752
6039
4180
4074
4670
5675
6582
6874
5691
3496
1702
438
452
1213
1601
888
-719
-3165
-4943
-5176
-3944
-2816
-3108
-3992
-5661
-7385
-7192
-5313
-3073
-1832
-2908
-4387
-5528
-5369
-3346
-1047
456
487
-658
-2185
-1581
96
1759
2892
3268
2472
872
879
1448
2396
3567
3631
2736
1728
876
58
144
880
891
-232
-1178
-2321
-3655
-3674
-3100
-2703
-2812
-3654
-4963
-5716
-5341
-4432
-3559
-3014
-3394
-4043
-4620
-4233
-2734
-1510
-626
-460
-334
-615
456
2355
4890
6041
5530
4291
3055
3544
5378
7245
8279
8343
6839
4952
4367
5110
6013
6863
7428
6521
4712
2866
1148
627
1035
1468
1078
25
-2043
-4346
-5450
-5123
-4014
-3713
-3955
-4993
-6879
-7734
-6878
-5269
-3476
-2752
-4087
-4906
-5265
-4640
-2587
-756
146
26
-936
-1254
59
1010
2665
3527
3279
3141
2582
2616
2942
3871
4020
3954
3620
3070
2101
1300
1457
911
507
-137
-952
-1925
-2601
-2958
-3211
-3170
-3701
-4475
-5143
-5435
-5203
-4954
-4626
-4217
-4758
-4818
-4681
-4096
-2663
-2120
-1490
-1304
-989
-79
1614
4076
5012
4848
3896
3040
3599
5339
7186
8175
8300
7029
5555
5060
5695
6562
7299
7638
6947
5407
3547
2126
1341
1268
1274
928
158
-1613
-3651
-4967
-5121
-4568
-4362
-4600
-5402
-6668
-7837
-7284
-5662
-4322
-4012
-4556
-5567
-5838
-4892
-3227
-1653
-753
-845
-1883
-1574
-267
817
1863
2803
2760
2397
2745
2782
3617
3771
3654
3840
3626
3631
3290
2451
1951
1708
731
253
411
-590
-1686
-2101
-2656
-3029
-3258
-3907
-4661
-4957
-4808
-4830
-4394
-4005
-4372
-5134
-4746
-3850
-3201
-2100
-1624
-1394
-774
295
2417
4151
4329
3901
2830
2521
4126
5917
7209
8216
7656
5617
4734
5174
5927
7294
8249
7955
6368
4524
2976
1914
2032
2405
1921
1026
-209
-2076
-3776
-4157
-3757
-3961
-4208
-4608
-5712
-6807
-6658
-5937
-5094
-4437
-4923
-5496
-5524
-4878
-3678
-2685
-1939
-1802
-2726
-2585
-1237
87
1206
1748
1367
844
859
1364
2558
3357
3387
2674
1950
2235
2215
2076
2450
1859
726
-202
-775
-888
-1035
-1332
-1668
-2398
-2890
-3666
-4318
-4268
-4118
-4010
-4048
-3718
-4000
-4460
-4347
-3808
-2941
-1852
-1401
-1235
-973
-793
664
3084
4446
4704
3968
2653
2443
3783
5293
6993
7986
7020
5427
4452
4490
5132
6476
7515
7588
6368
4549
2865
1680
1344
1574
1778
1512
708
-1289
-3043
-3734
-4128
-3909
-3450
-3287
-4058
-5140
-5578
-5355
-4339
-3794
-3609
-3483
-3648
-3361
-2910
-2292
-1654
-1589
-1817
-1387
-299
549
862
1057
815
476
714
1477
2170
2439
2042
1139
833
1187
1264
1219
1264
551
-663
-1634
-1770
-1481
-1583
-1947
-2195
-2899
-3381
-3677
-3783
-3551
-3465
-3604
-3593
-3371
-3578
-3679
-3638
-3270
-2439
-1743
-1065
-696
-906
-778
-91
1664
3631
4149
3787
2672
1929
2346
3130
4750
6232
6309
5256
4437
4023
4005
4604
5404
6171
6316
5543
4299
3115
2138
1218
624
1111
1597
1154
446
-615
-1939
-3254
-3663
-3378
-2639
-2147
-2259
-2372
-2629
-3046
-3539
-3592
-2666
-1754
-1372
-941
-829
-1530
-2529
-2744
-1851
-479
119
384
141
-498
-815
-1145
-583
479
735
508
432
448
179
-234
-232
-26
-376
-680
-722
-692
-186
19
-449
-893
-1016
-1443
-1590
-1228
-724
-737
-1113
-1789
-2346
-2830
-2955
-2347
-1248
-421
-876
-1331
-1657
-1872
-1720
-943
-73
572
417
363
717
936
1090
807
1065
1014
1227
1643
2336
3418
3758
3674
3118
2811
2756
2856
3430
3960
4192
3946
3191
2572
2365
1969
1947
2059
2343
2341
2125
1912
1411
1009
341
175
166
175
332
576
689
242
-294
-912
-1141
-1216
-1263
-1003
-883
-1182
-1776
-2383
-2762
-2835
-2778
-2480
-2141
-1843
-1853
-2097
-2274
-2270
-2245
-2027
-1605
-1579
-1752
-2023
-2305
-2390
-2195
-1971
-1800
-1665
-1809
-2060
-2137
-1840
-1540
-1248
-909
-1082
-1603
-1942
-1948
-1439
-701
-259
-26
-413
-1128
-1370
-1054
-394
413
791
510
220
-55
-257
-137
479
829
923
1259
1584
1922
2098
2224
1774
1593
1834
1820
1930
2426
3070
3197
3323
3392
3261
3029
2820
3089
3544
4008
4368
4292
3867
3430
2758
2367
2417
2496
2462
2618
2832
2321
1471
640
-88
-589
-716
-447
-90
8
-234
-1018
-1721
-1980
-2306
-2460
-2248
-1861
-1996
-2228
-2304
-2532
-2656
-2958
-2931
-2555
-2645
-2803
-2959
-3241
-3190
-3181
-3192
-2873
-2288
-2158
-2294
-2072
-2094
-2233
-2064
-1631
-1335
-1171
-683
-826
-1179
-1191
-1163
-574
-552
-1004
-826
-510
-1
112
162
401
-227
-530
-618
-583
200
669
766
601
-53
-457
-700
-1014
-500
310
566
194
-73
-148
24
648
1724
2676
2836
2346
1424
1289
1635
2007
2812
3879
4510
4273
4081
3966
3559
3401
3899
4780
5374
5634
5397
4537
3704
2904
2102
1814
2044
2361
2201
1916
1633
775
-572
-1902
-2521
-2631
-2310
-1728
-1106
-1013
-1803
-3325
-4531
-4703
-4456
-4015
-3422
-2963
-3293
-3741
-4094
-4191
-3961
-3748
-3588
-3372
-3103
-2877
-2558
-2293
-2039
-2124
-2359
-1933
-1169
-556
-229
-212
-270
-537
-701
-232
423
736
655
82
414
839
247
-206
-113
-160
310
569
198
362
0
137
-460
-1045
-545
173
125
44
-44
-755
-838
-814
-942
-549
608
795
654
635
717
1335
1930
1895
1825
3846
5420
5463
4816
3283
2710
2948
3039
3902
5683
6512
6053
4857
3465
2778
2665
3015
3815
4371
4432
3829
1969
489
-380
-1351
-1726
-1532
-1237
-1059
-760
-1406
-3108
-4849
-5604
-5635
-5329
-4667
-3922
-3293
-3334
-4085
-4808
-4920
-4669
-4725
-4607
-3539
-2346
-1725
-1341
-1436
-1936
-2831
-3482
-3228
-1986
-555
420
889
404
-490
-1427
-1741
-976
15
746
1193
1287
966
266
-369
-667
-781
-872
-741
-192
457
649
197
-116
-334
-815
-1004
-634
-39
293
441
548
642
785
353
-293
-1
247
470
1250
1735
2054
2360
2227
2204
2715
4480
5893
6574
6352
4865
3888
3669
3541
3892
4845
5795
5824
5164
3752
2511
1693
1421
2246
2565
3007
2709
1257
-549
-1847
-3215
-3850
-3748
-3744
-3510
-2993
-2905
-3363
-4404
-5559
-5924
-6272
-5875
-4653
-3390
-2251
-2093
-2798
-3239
-3137
-3174
-3247
-2646
-1886
-1024
-510
18
357
-237
-1144
-2025
-2312
-1680
-590
537
1367
1392
148
-766
-926
-602
-482
-324
308
427
220
263
212
-82
-581
-1286
-1386
-655
-204
207
312
160
71
-429
-573
-351
-260
-83
70
403
1092
1176
680
288
14
-32
341
1456
4318
6893
7502
6846
4704
2745
2577
2652
3230
4643
5791
6360
6235
5053
3339
1532
502
988
1378
2306
3406
2481
778
-1004
-3020
-4045
-4314
-4653
-4465
-3451
-2196
-1436
-1885
-2666
-3675
-5443
-6284
-5465
-3679
-1183
324
239
-623
-1254
-1812
-2554
-2660
-2342
-2028
-1525
-543
138
319
32
-1608
-3384
-4288
-3977
-2744
-1339
-337
-252
-563
-562
-531
-807
-1261
-1616
-2315
-2417
-1329
-12
1098
1478
430
-1082
-1979
-2200
-1398
-56
1191
1759
1785
1523
1220
924
617
450
354
627
948
1346
1768
2113
2108
2895
5437
7010
7384
6007
3684
2880
2789
2862
3334
4683
5415
5360
4348
3018
2078
776
580
664
737
1477
1229
318
-343
-1478
-2761
-4024
-4795
-4839
-4380
-2804
-1075
-480
-1013
-1435
-2634
-3961
-4132
-3406
-1299
69
420
257
247
534
252
-810
-1720
-2166
-3082
-3135
-2338
-1520
-1074
-1568
-2602
-3439
-3799
-3947
-3953
-3981
-3327
-2817
-2082
-595
392
204
-291
-1241
-2467
-2926
-2788
-1588
-150
706
1200
1104
547
-164
-1098
-1400
-437
205
794
1747
1914
1854
1315
932
1087
674
220
-20
112
806
1940
2774
5309
7735
7629
7125
5408
3981
3675
3456
3180
3120
3757
4375
4604
4331
3798
2228
1251
1140
362
-119
-264
-833
-1557
-2060
-2173
-2333
-2937
-3372
-3718
-3744
-2652
-1610
-1451
-1554
-1612
-1965
-2164
-1614
-322
975
1371
846
-217
-659
-125
65
-117
-707
-1443
-2401
-2666
-2612
-2602
-2608
-3338
-4269
-4781
-4321
-3724
-3615
-3930
-3816
-3395
-2604
-1196
-397
-307
-653
-1424
-2254
-2123
-1496
-975
-451
-134
-61
-137
-57
156
268
464
651
692
504
448
489
709
1218
1557
1784
1766
1461
1017
868
1038
1388
1740
3184
6282
7865
8112
7597
6070
5084
4138
3370
2560
2286
2399
2488
2840
2974
2808
2031
1037
-45
-1373
-1864
-2191
-3367
-4257
-4320
-3947
-3489
-3208
-2792
-2392
-1925
-1694
-1892
-1968
-1730
-1694
-2072
-1284
463
2005
2875
2450
1653
795
455
718
614
101
-976
-2114
-2293
-1887
-1628
-1333
-1710
-2859
-3915
-4342
-3832
-3343
-3541
-4026
-3592
-2039
-439
488
476
-77
-1145
-2113
-2339
-1777
-906
-675
-1038
-1036
-514
167
576
489
205
-76
-586
-506
-397
-320
-231
-380
330
1049
1528
2046
2031
1459
899
796
969
1417
1665
3450
6006
6846
8213
8395
7205
6330
4950
2760
723
225
319
1001
1253
1208
1271
849
1063
596
-604
-1246
-2788
-5188
-5815
-5386
-4402
-3617
-3275
-2138
-1115
-243
627
628
-68
-355
-983
-1759
-1138
116
1530
1927
2022
2746
2923
2590
1968
558
-1945
-3530
-4352
-4405
-3755
-3003
-1790
-1949
-2095
-2000
-2863
-3163
-3323
-4221
-4651
-3912
-3022
-1799
-584
164
920
986
499
250
-440
-990
-1323
-2317
-2359
-1725
-921
88
872
1416
1495
977
336
-35
-589
-735
-905
-980
-278
273
1163
2284
2795
2800
2524
1777
995
618
1922
4761
5763
6981
8054
7488
7468
7065
5380
3074
1233
-473
-1319
-1786
-1675
-785
-466
852
1583
951
786
0
-1968
-3124
-4060
-4863
-5440
-5946
-4598
-2811
-735
1907
3089
3072
3013
2168
293
-797
-1079
-816
-1072
-975
750
2138
2808
3326
1878
195
-1407
-3737
-4370
-4704
-5531
-5386
-5034
-4129
-2291
-1355
-699
-857
-1962
-1873
-2004
-2445
-2228
-2666
-2885
-1916
-1157
84
1321
1449
1710
1071
335
409
-476
-1478
-2198
-2784
-2163
-1386
-1038
123
769
925
1024
677
514
253
-507
-850
-312
132
785
1064
1514
1624
1482
1809
2600
5707
6716
6586
8063
7435
6722
6581
4779
3093
1576
68
412
115
-140
-389
-1335
-38
1282
950
1303
1114
-1185
-2524
-3577
-3938
-4302
-5651
-4868
-4021
-2899
-78
1609
1879
2187
1719
938
592
228
409
-327
-1576
-1210
-1074
-659
495
472
-442
-1459
-2155
-2440
-3366
-4362
-4813
-5353
-5417
-4263
-3084
-2161
-740
-662
-825
16
50
-450
-1044
-1411
-1142
-693
-4
599
713
1001
1407
1343
1377
872
-266
-948
-1293
-1224
-989
-939
-382
-357
-480
-186
-365
-343
-6
234
569
1230
1158
904
994
691
407
376
491
949
1328
1709
4058
6950
6582
7171
8188
6764
6949
5881
3776
2184
-210
-751
-1128
-1244
-422
-994
-1054
454
1164
1289
1940
986
-1037
-2463
-3600
-4395
-5915
-6510
-5550
-4710
-3005
-194
1809
2739
3436
2732
1701
1069
-209
-1156
-2465
-3099
-2327
-2290
-1603
-793
-1125
-1263
-1855
-2295
-1751
-1841
-3198
-3569
-3465
-3573
-3557
-3682
-2354
-1743
-1646
-152
828
1245
1785
1884
1493
1613
1530
1037
378
-578
-452
-207
178
1142
982
451
379
-31
-160
-8
-564
-979
-1642
-1933
-1351
-1242
-748
-418
-371
204
513
829
906
1124
600
635
678
-46
550
355
303
1286
2897
6085
6179
6488
8406
6646
6825
6362
4367
3045
243
-1134
-1723
-2007
-1587
-1937
-1349
320
1536
1641
2034
1794
-268
-2093
-3061
-4125
-5262
-5871
-5713
-4843
-4065
-1825
60
759
2105
2007
1651
1714
590
201
-1519
-3399
-3737
-4987
-4884
-3629
-3006
-2084
-1247
-588
498
487
-333
-617
-1602
-2115
-2457
-3032
-1913
-1585
-1326
-148
948
1779
2640
3542
3514
3507
2982
2089
1241
-79
-584
-1320
-1871
-1301
-1170
-742
172
558
1155
1392
1067
628
-543
-1440
-2290
-3437
-3521
-2984
-3014
-2279
-1054
-296
917
1622
2184
2170
1549
1394
388
-325
-176
-28
94
1130
3937
5816
5719
7816
8258
7164
7264
5719
4293
2459
965
633
-638
-1008
-1553
-2389
-1555
-184
623
908
1509
1462
701
158
-819
-2622
-4735
-6511
-6846
-6737
-5880
-4159
-3488
-2052
-232
352
1431
1738
1341
712
-1200
-1900
-2640
-4066
-4432
-4492
-4051
-2992
-1883
-658
715
1501
1705
1916
2220
1783
520
-667
-1427
-2298
-2966
-2169
-1300
-689
1030
2257
3028
3919
4044
3850
2924
1845
862
-742
-1831
-1954
-2434
-2705
-2003
-1487
-1428
-1009
-121
207
-261
-726
-832
-1184
-1678
-2052
-2386
-2855
-3062
-2699
-1854
-393
434
1290
1721
2218
3152
3385
3104
2646
2147
1702
1310
2484
4940
4566
5168
6913
6400
7526
7572
6581
5649
3359
2128
695
-771
-2088
-3604
-4406
-4125
-2811
-2310
-1060
84
-213
284
-72
-1094
-2132
-4438
-5717
-6588
-7349
-6688
-6136
-4974
-3087
-1299
890
2479
3205
3710
2747
1674
959
-540
-1573
-2710
-3346
-3188
-3235
-2356
-885
165
852
1841
2836
3050
3217
2504
1777
1184
-548
-1022
-1451
-2066
-1419
-919
59
1291
2222
3020
3074
2928
2437
1184
-299
-1603
-2770
-3637
-4021
-4200
-4362
-3805
-2937
-2031
-750
4
424
438
205
245
-486
-1039
-1815
-2807
-2748
-2283
-971
221
1198
2629
3750
4606
5264
5739
5111
3971
2954
1759
1278
1173
2652
2754
2196
4754
4948
5487
6812
5768
5291
3576
1984
1095
-1302
-3086
-4679
-5958
-5672
-4513
-3838
-2976
-1464
-862
345
1534
1000
-59
-2146
-3943
-4781
-6109
-6441
-6272
-6426
-5114
-2988
-1007
1259
2637
3517
3509
2955
2878
1703
414
-659
-2078
-2803
-2641
-2100
-1592
-758
334
1420
2745
3585
4012
3919
3227
2423
1081
-224
-1008
-2603
-3278
-2470
-2126
-1344
-65
784
1326
1669
2076
1839
616
-718
-1755
-2989
-3648
-3415
-3555
-3379
-2759
-2035
-610
347
799
1104
748
524
406
248
-134
-743
-885
-747
-468
150
1105
1825
2050
2309
3048
3485
3232
2821
2229
1368
630
192
-76
-171
-157
1417
2711
2341
4468
5017
4568
5504
4565
4332
3414
1828
1262
-223
-1467
-2623
-3376
-3540
-2759
-2032
-1864
-465
28
220
797
30
-772
-2253
-3866
-4427
-5546
-5664
-5204
-5253
-4135
-2483
-1206
124
898
1865
2585
2232
2767
3051
2066
1511
769
-234
-889
-1296
-1375
-1497
-1547
-1255
-542
206
976
1884
1562
1520
1387
66
-162
-663
-1630
-1919
-2423
-2051
-1465
-987
49
544
584
794
464
21
-37
-579
-1283
-1574
-1797
-2121
-1840
-1477
-928
-609
-778
-104
356
483
846
612
293
-164
-467
-333
-275
11
165
270
817
1083
1571
1684
1388
1201
1055
970
992
941
659
234
83
94
53
384
1036
2555
2475
3343
5251
4528
5087
5034
3817
3651
2069
1177
263
-1091
-1470
-1967
-1762
-1082
-482
-438
-123
382
213
441
193
-801
-1581
-2567
-2713
-2596
-3095
-3176
-3515
-3607
-2875
-2603
-1947
-1335
-1038
-3
431
1066
2068
1903
1626
1180
656
328
-337
-1008
-1427
-1566
-1947
-1690
-1097
-970
-232
153
805
1696
1819
2248
1997
1484
1361
647
-130
-1005
-1696
-2390
-3088
-3092
-3002
-2802
-2543
-1963
-974
-151
376
812
990
719
50
-545
-1095
-1829
-2645
-2866
-2444
-2020
-1219
-194
601
1608
2483
2775
2972
2704
1829
998
144
-486
-971
-1378
-1322
-1295
-1013
-356
179
399
1000
1367
1610
1723
1497
1602
1619
1653
2760
3773
3500
4740
5574
5205
6038
5893
5393
4716
3615
3100
1830
336
-823
-1814
-2551
-2900
-2857
-2639
-2111
-1799
-1306
-578
-623
-932
-1659
-2516
-3076
-4059
-4689
-5000
-5386
-5007
-4164
-3127
-1495
-91
1177
2623
3209
3637
3804
3313
2715
1901
952
163
-518
-1273
-1679
-1853
-2078
-1899
-1821
-1242
-687
-665
93
402
324
328
-229
-770
-1294
-1849
-2376
-2735
-2888
-3236
-3089
-2750
-2119
-1440
-879
-54
378
650
1070
1076
717
555
450
-5
-288
-243
-468
-692
-607
-251
56
119
176
562
577
641
1048
844
861
942
649
676
800
684
434
492
701
964
1174
1590
2031
2053
2514
2948
2844
2503
2122
1644
1187
1051
720
1162
1951
1502
2390
3333
3323
4045
3537
2810
2232
987
599
-414
-1434
-2092
-2935
-2775
-2120
-1210
-832
-310
320
441
1067
1084
627
-158
-1428
-1911
-2689
-3370
-3381
-3820
-3772
-3262
-2575
-1600
-942
-284
516
750
922
1004
647
97
-600
-966
-1408
-1966
-2239
-2616
-2791
-2797
-2335
-1900
-1724
-1012
-602
-206
326
313
317
33
-448
-532
-657
-842
-898
-674
-394
-44
376
597
868
775
757
1064
972
895
905
741
847
950
859
918
881
828
897
641
424
410
-45
-291
-79
-164
-199
-308
-266
278
443
685
1082
798
708
662
303
165
279
-218
-493
-209
-106
197
318
696
1305
1165
1339
1802
1621
1304
1224
1031
806
963
1251
1798
1428
1796
2514
2173
2979
3138
2703
2691
2369
2271
1516
637
-289
-1265
-1797
-1919
-1518
-1644
-1464
-1221
-1312
-590
-346
-654
-1122
-2028
-2463
-3007
-3494
-3670
-4119
-4371
-4361
-3842
-3066
-2452
-1817
-1225
-876
-298
352
619
443
92
-83
-450
-612
-570
-537
-550
-605
-114
362
542
884
780
704
829
1015
1533
1508
1633
1914
1641
1558
1518
1221
701
127
-178
-477
-824
-972
-977
-1049
-863
-454
-154
99
265
459
585
484
326
39
-608
-1172
-1630
-1886
-1860
-1914
-1627
-968
-235
604
1475
2199
2565
2567
2342
2123
1687
859
285
-98
-500
-583
-526
-317
-121
-265
-130
132
143
187
128
-39
-151
-148
-196
-173
-212
-155
101
304
1179
2420
2282
2869
3680
3531
3885
3523
3203
2891
2143
2128
1817
1445
824
85
-258
-750
-912
-1450
-1771
-1869
-2346
-2131
-2132
-2338
-2378
-2772
-2662
-2618
-2355
-1976
-2001
-1684
-1349
-1054
-864
-732
-532
-611
-668
-415
-55
244
558
967
1218
1298
1459
1332
911
556
-34
-709
-1257
-1602
-1904
-2104
-1802
-1425
-940
-410
-21
430
465
563
573
232
-17
-584
-1046
-1464
-1884
-1953
-2109
-1832
-1380
-957
-413
293
966
1172
1508
1522
1339
1075
573
356
-152
-613
-692
-986
-1255
-1232
-1082
-1083
-844
-593
-287
96
176
567
670
460
525
271
8
52
115
313
584
888
1136
1282
1400
1614
1729
1538
1499
1380
1227
1244
1367
1449
1481
1500
1431
1609
1529
1373
1755
1914
1853
2394
2837
3034
3335
3415
3438
3414
3279
3186
2799
2238
1543
800
298
-23
-470
-1027
-1455
-1739
-1907
-1844
-1827
-2008
-2223
-2532
-2584
-2774
-3038
-3167
-3599
-4004
-4032
-3950
-3976
-3930
-3672
-3443
-3280
-2712
-2104
-1737
-1274
-747
-311
-80
209
316
148
-66
-456
-549
-680
-789
-794
-865
-411
-94
40
557
1014
1138
1311
1473
1400
1273
774
301
-130
-801
-1234
-1648
-2020
-1978
-1832
-1625
-1054
-395
71
690
1186
1488
1899
1895
1918
1833
1355
1207
1045
669
445
389
216
195
378
359
616
696
693
872
825
951
857
751
780
593
466
368
259
27
-127
85
15
15
258
426
687
1053
1534
2043
2395
2754
2919
2998
3004
2884
2685
2262
1860
1492
971
882
986
846
1058
1277
1486
1674
1856
2025
1857
1539
996
317
-462
-1459
-2209
-3089
-3801
-4056
-4423
-4481
-4167
-3911
-3445
-2900
-2380
-1911
-1672
-1593
-1556
-1785
-2180
-2541
-2910
-3241
-3426
-3539
-3403
-3047
-2670
-1934
-1220
-616
39
452
951
1297
1478
1621
1600
1601
1527
1387
1141
872
660
268
101
99
210
252
381
749
1138
1443
1773
2149
2171
1998
1814
1523
1033
364
-164
-645
-971
-1110
-1101
-857
-653
-164
391
794
1283
1543
1586
1466
1295
925
416
-81
-643
-1080
-1429
-1571
-1570
-1659
-1521
-1232
-804
-434
-84
262
417
582
636
616
527
272
-97
-419
-595
-531
-457
-274
72
465
869
1234
1663
1978
2022
2096
2079
2053
2010
1821
1830
1659
1509
1467
1264
993
714
574
370
157
101
197
58
149
378
267
465
301
223
35
-378
-568
-1062
-1254
-1677
-2088
-2176
-2391
-2159
-2085
-1935
-1526
-1396
-940
-629
-255
-7
-79
31
-198
-285
-451
-925
-1245
-1525
-1585
-1615
-1559
-1263
-1099
-835
-444
202
575
770
1166
1191
1214
1247
1119
976
684
425
266
43
-84
-33
-85
-19
277
312
487
798
874
923
863
829
592
247
-127
-568
-998
-1458
-1762
-2088
-2261
-2221
-2223
-1903
-1503
-1152
-779
-536
-374
-392
-474
-592
-865
-1077
-1289
-1446
-1454
-1458
-1378
-1108
-695
-290
115
591
959
1406
1729
1948
2208
2207
2134
2125
2001
1788
1601
1402
1247
1141
1210
1432
1524
1672
1912
1968
2067
2092
2007
1792
1570
1331
1104
869
503
261
65
-107
-12
-59
-45
86
16
193
278
387
514
424
519
466
587
652
509
575
404
328
239
21
-27
-315
-388
-439
-619
-638
-751
-831
-899
-839
-876
-978
-894
-966
-1071
-1024
-1068
-1145
-1263
-1418
-1497
-1701
-1747
-1700
-1816
-1789
-1669
-1480
-1238
-995
-654
-485
-375
-188
-161
-167
-296
-478
-488
-619
-759
-793
-790
-866
-909
-768
-802
-695
-545
-447
-276
-213
-48
-68
-99
-79
-261
-400
-490
-509
-613
-702
-643
-701
-649
-556
-477
-349
-217
41
273
422
675
856
993
1168
1241
1234
1223
1181
1172
1177
1109
1154
1078
983
1027
1021
1066
1145
1132
1085
1026
1014
1053
1047
961
956
947
861
957
1043
1061
1130
1186
1323
1399
1486
1531
1456
1256
1213
1157
919
697
395
39
-259
-474
-565
-650
-826
-909
-816
-759
-629
-440
-408
-435
-525
-521
-540
-574
-609
-720
-745
-660
-323
-136
66
400
417
536
687
693
592
354
229
77
-90
-205
-302
-417
-584
-564
-590
-542
-475
-602
-595
-600
-645
-681
-808
-843
-993
-1071
-1050
-1070
-1074
-1113
-1076
-1054
-1069
-1044
-999
-1003
-1045
-1022
-943
-864
-837
-798
-629
-569
-548
-416
-429
-419
-450
-498
-492
-582
-526
-618
-671
-549
-530
-396
-311
-91
182
256
413
580
606
538
474
265
106
-64
-258
-235
-197
-161
-81
82
207
387
577
724
813
793
963
1042
1005
1047
1068
937
808
859
873
692
690
790
669
594
651
584
493
493
510
509
494
509
507
496
552
582
528
530
522
390
348
321
246
172
210
266
338
443
525
662
690
878
1009
1026
1145
1120
1148
1040
995
966
742
714
554
520
553
478
649
610
670
683
634
696
515
490
345
186
97
-119
-136
-300
-465
-585
-771
-875
-1049
-1178
-1294
-1433
-1441
-1476
-1512
-1524
-1538
-1579
-1586
-1534
-1527
-1523
-1493
-1486
-1486
-1534
-1489
-1500
-1567
-1542
-1565
-1589
-1544
-1459
-1363
-1212
-1069
-934
-783
-717
-653
-561
-584
-590
-648
-689
-743
-723
-651
-619
-543
-453
-254
-112
44
232
290
259
278
314
292
237
269
305
305
444
580
687
750
761
792
784
811
764
684
656
651
680
694
743
765
740
638
606
670
623
620
659
640
634
688
726
738
780
752
744
846
931
1026
1089
1195
1316
1285
1293
1338
1238
1062
975
843
700
581
477
431
438
410
455
525
592
722
792
898
993
996
925
1009
969
889
881
775
763
644
713
623
545
519
382
286
148
51
-192
-326
-471
-593
-670
-821
-812
-941
-1020
-986
-1025
-1061
-1029
-1028
-1057
-1005
-1048
-1112
-1160
-1190
-1209
-1293
-1368
-1396
-1435
-1453
-1399
-1339
-1309
-1308
-1300
-1301
-1376
-1392
-1461
-1563
-1604
-1606
-1508
-1492
-1382
-1246
-1150
-984
-927
-803
-712
-700
-555
-517
-510
-444
-418
-352
-265
-181
-83
27
142
234
302
367
369
379
397
453
503
578
625
661
733
669
679
592
514
372
230
146
25
15
-42
-88
-101
-66
-6
32
138
222
332
434
546
695
668
720
767
696
650
690
673
652
714
791
930
1056
1258
1411
1476
1648
1748
1721
1741
1688
1630
1540
1473
1489
1421
1367
1366
1436
1466
1513
1552
1524
1509
1480
1392
1276
1159
994
823
700
571
367
186
45
-93
-254
-340
-453
-552
-671
-754
-837
-952
-965
-1083
-1141
-1191
-1324
-1334
-1399
-1412
-1385
-1371
-1334
-1362
-1376
-1342
-1355
-1333
-1361
-1317
-1263
-1233
-1132
-1008
-864
-789
-675
-621
-584
-520
-537
-561
-654
-728
-728
-790
-827
-744
-713
-673
-569
-455
-429
-458
-457
-489
-503
-567
-568
-616
-681
-689
-724
-738
-742
-782
-784
-754
-806
-780
-774
-808
-770
-765
-774
-747
-742
-707
-697
-646
-539
-426
-306
-183
1
143
333
487
597
761
828
959
1096
1172
1284
1355
1404
1468
1585
1621
1652
1659
1639
1645
1653
1623
1633
1633
1636
1643
1675
1727
1686
1632
1526
1476
1362
1234
1116
967
842
739
728
640
632
602
497
499
439
368
304
185
37
-84
-196
-310
-331
-356
-401
-452
-460
-422
-400
-371
-298
-244
-223
-93
-56
-18
12
-30
-50
-160
-190
-214
-244
-190
-194
-149
-120
-51
19
18
23
-5
-79
-166
-171
-232
-364
-461
-530
-567
-602
-629
-691
-744
-766
-795
-793
-804
-827
-921
-969
-964
-1009
-1077
-1077
-1101
-1169
-1189
-1192
-1174
-1190
-1195
-1218
-1212
-1119
-1085
-1061
-1033
-978
-962
-914
-835
-785
-740
-691
-638
-591
-531
-520
-461
-425
-408
-338
-327
-239
-138
-60
40
120
205
289
323
419
460
467
457
413
407
398
387
411
450
485
552
647
740
799
855
910
981
1016
1037
1015
1048
1046
1012
1033
1000
997
1008
1024
1091
1101
1123
1108
1053
1016
974
890
802
763
676
592
548
475
429
423
398
409
405
407
420
419
463
510
575
581
627
670
713
849
889
908
911
931
896
828
784
710
585
461
419
384
323
277
213
143
117
98
75
-39
-140
-255
-401
-534
-646
-741
-901
-986
-1069
-1077
-1129
-1181
-1181
-1202
-1191
-1170
-1162
-1209
-1247
-1284
-1317
-1333
-1355
-1392
-1398
-1430
-1444
-1471
-1501
-1503
-1536
-1506
-1433
-1435
-1395
-1293
-1280
-1206
-1091
-1052
-968
-902
-872
-847
-826
-769
-709
-648
-540
-454
-393
-310
-220
-160
-119
-56
-24
-35
-21
-19
-37
-40
-62
-67
-60
-53
28
69
170
341
424
529
670
763
855
913
934
943
920
910
885
881
915
969
983
1055
1144
1192
1238
1285
1333
1346
1319
1300
1289
1221
1153
1122
1077
1065
1090
1119
1149
1221
1282
1329
1378
1370
1372
1280
1174
1102
1022
914
839
803
748
705
649
667
649
641
667
583
531
435
330
253
106
-73
-205
-333
-446
-558
-604
-621
-628
-585
-549
-490
-449
-417
-373
-362
-344
-359
-374
-435
-509
-562
-650
-735
-811
-901
-988
-1082
-1093
-1119
-1192
-1200
-1227
-1282
-1311
-1351
-1400
-1449
-1488
-1466
-1494
-1497
-1453
-1462
-1415
-1369
-1300
-1214
-1122
-1006
-902
-789
-675
-574
-516
-438
-383
-378
-424
-431
-479
-507
-505
-516
-468
-462
-443
-370
-313
-258
-199
-170
-155
-108
-127
-77
-78
-106
-81
-75
-47
14
106
158
226
313
376
494
552
608
683
699
768
819
841
885
894
891
878
871
901
941
999
1061
1152
1246
1338
1403
1467
1524
1519
1491
1461
1417
1354
1319
1260
1214
1188
1185
1194
1176
1187
1193
1174
1145
1146
1107
1008
914
839
720
600
498
381
307
185
123
108
28
-22
-53
-83
-105
-136
-171
-250
-320
-387
-437
-508
-588
-623
-663
-677
-649
-628
-608
-587
-532
-486
-488
-482
-509
-585
-656
-677
-740
-779
-782
-867
-913
-900
-930
-910
-899
-896
-909
-902
-873
-856
-835
-853
-852
-926
-973
-1018
-1074
-1109
-1184
-1226
-1209
-1214
-1150
-1070
-1019
-980
-952
-897
-906
-879
-864
-838
-846
-832
-788
-783
-712
-685
-630
-532
-434
-346
-247
-121
-24
71
169
186
251
269
289
364
363
415
505
568
612
704
758
804
855
902
956
1017
1053
1086
1094
1103
1112
1090
1081
1100
1125
1123
1129
1130
1121
1089
1051
1053
1009
943
943
903
870
898
869
872
889
851
855
861
806
780
750
694
660
618
593
577
550
540
548
557
530
483
490
439
344
284
221
144
64
54
0
-43
-112
-143
-142
-185
-228
-278
-309
-370
-411
-464
-546
-580
-642
-762
-798
-795
-786
-792
-768
-693
-718
-738
-719
-746
-800
-838
-886
-968
-976
-999
-1018
-1012
-996
-942
-920
-883
-826
-828
-807
-827
-861
-840
-865
-833
-807
-797
-753
-728
-705
-654
-587
-561
-467
-443
-447
-383
-363
-360
-357
-360
-304
-297
-304
-215
-205
-215
-163
-131
-108
-74
-10
31
57
95
163
227
230
292
404
454
489
549
610
660
707
738
750
759
760
749
753
728
721
737
730
727
712
696
697
663
640
650
637
579
569
547
544
596
570
592
598
586
604
638
648
638
666
639
645
677
697
673
667
642
563
549
511
463
421
394
361
343
316
277
252
199
157
126
97
45
5
-35
-70
-68
-77
-101
-127
-164
-166
-169
-183
-179
-209
-210
-202
-231
-246
-291
-322
-354
-395
-409
-451
-474
-513
-522
-534
-559
-605
-616
-634
-702
-723
-740
-760
-829
-828
-831
-858
-864
-851
-837
-812
-767
-731
-707
-720
-685
-721
-750
-724
-766
-797
-801
-805
-779
-755
-722
-648
-597
-559
-521
-448
-404
-392
-357
-351
-354
-317
-285
-242
-184
-133
-80
-25
29
101
161
199
264
282
301
342
353
390
398
431
436
462
482
497
551
549
544
566
603
609
630
665
666
679
691
693
703
745
762
771
772
799
823
807
797
807
794
762
800
787
767
768
767
779
767
763
766
688
655
639
609
564
539
531
497
501
495
484
463
446
435
406
360
299
261
194
127
68
41
28
-25
-104
-107
-144
-212
-208
-223
-266
-274
-307
-357
-342
-385
-453
-472
-501
-551
-582
-622
-616
-635
-656
-622
-626
-667
-715
-716
-758
-813
-812
-830
-838
-850
-869
-852
-840
-846
-829
-796
-757
-746
-754
-746
-747
-766
-776
-748
-712
-715
-700
-669
-616
-590
-571
-551
-528
-532
-519
-494
-470
-462
-448
-423
-400
-367
-349
-302
-258
-214
-169
-144
-88
-36
21
60
91
151
165
195
234
273
306
334
378
437
485
506
568
586
623
687
715
742
766
786
805
834
883
903
936
963
974
979
943
956
933
897
872
846
805
746
726
693
664
660
645
623
626
610
567
587
584
555
511
482
449
446
423
415
399
390
377
349
347
348
331
330
316
299
275
205
182
154
103
80
65
-7
-52
-53
-87
-109
-133
-169
-193
-211
-254
-310
-338
-399
-452
-493
-508
-515
-530
-531
-535
-541
-583
-637
-671
-710
-785
-838
-887
-915
-929
-956
-987
-976
-971
-982
-962
-928
-913
-939
-946
-925
-938
-959
-951
-964
-951
-923
-885
-826
-752
-699
-611
-564
-525
-493
-460
-424
-425
-407
-371
-352
-300
-245
-207
-154
-121
-57
36
80
142
200
212
229
235
246
248
252
268
312
342
384
421
475
535
562
596
603
622
647
624
657
687
663
710
725
708
721
735
730
754
752
744
733
722
737
717
725
756
752
737
748
771
773
785
764
746
735
708
674
648
610
555
537
538
540
562
564
534
513
497
474
426
384
345
303
232
172
130
90
59
1
-2
-13
-33
-47
-72
-94
-101
-157
-223
-285
-351
-398
-442
-467
-491
-502
-544
-547
-564
-584
-567
-599
-638
-653
-689
-706
-728
-760
-768
-781
-812
-810
-815
-821
-789
-797
-803
-824
-830
-838
-822
-803
-800
-774
-746
-706
-679
-657
-637
-612
-609
-568
-530
-529
-490
-481
-480
-436
-415
-355
-276
-256
-226
-198
-165
-124
-128
-132
-109
-106
-93
-49
7
23
71
94
117
154
190
197
217
238
289
323
365
414
409
423
412
476
510
532
574
614
628
607
606
616
619
619
624
620
639
621
621
617
600
599
617
637
648
675
654
634
659
648
655
664
650
638
615
604
587
596
578
543
548
525
505
490
482
482
480
460
441
425
402
350
328
322
242
211
180
117
70
36
-5
-53
-80
-142
-170
-204
-214
-221
-240
-287
-341
-387
-448
-467
-489
-502
-513
-537
-557
-595
-626
-654
-667
-689
-683
-682
-689
-714
-692
-689
-693
-679
-682
-688
-711
-687
-680
-667
-652
-679
-685
-668
-678
-664
-639
-633
-615
-585
-563
-548
-529
-499
-512
-513
-476
-462
-439
-423
-411
-374
-375
-352
-313
-265
-240
-202
-174
-139
-97
-82
-26
13
32
44
81
95
132
185
202
242
266
295
332
377
399
433
460
512
509
528
580
575
595
613
625
652
657
681
702
721
758
756
744
726
723
722
717
715
726
720
707
720
696
687
657
617
594
578
556
546
519
481
476
452
448
430
405
381
337
309
286
261
238
210
198
196
196
166
135
103
79
38
13
-43
-72
-88
-135
-147
-191
-228
-236
-270
-301
-321
-343
-370
-386
-403
-440
-465
-512
-518
-547
-566
-582
-610
-628
-662
-663
-650
-647
-663
-669
-679
-689
-692
-680
-673
-687
-681
-696
-685
-684
-693
-693
-681
-681
-685
-666
-627
-596
-574
-558
-517
-500
-480
-460
-436
-392
-343
-305
-267
-250
-226
-196
-185
-132
-113
-97
-61
-25
-6
39
81
103
148
183
199
238
286
325
348
356
363
366
401
409
431
447
485
524
543
571
596
618
623
609
609
633
612
608
623
605
586
619
621
590
611
610
608
569
566
564
543
518
526
532
518
513
511
520
495
496
491
476
437
394
377
357
348
351
331
301
289
272
261
245
220
216
182
143
100
65
-3
-30
-77
-115
-132
-163
-191
-200
-253
-275
-279
-320
-322
-348
-369
-387
-412
-438
-486
-524
-537
-574
-603
-598
-593
-602
-601
-604
-623
-625
-633
-632
-655
-679
-708
-700
-709
-670
-628
-638
-620
-623
-611
-587
-575
-552
-532
-532
-521
-491
-473
-474
-442
-429
-390
-361
-336
-268
-267
-249
-210
-194
-164
-165
-153
-142
-132
-105
-81
-36
-18
7
42
50
79
97
122
171
166
206
240
244
267
312
340
374
414
433
452
497
519
520
561
581
583
596
596
588
587
574
606
613
634
649
627
629
631
634
624
608
591
590
561
556
550
555
548
548
529
519
538
506
512
491
475
438
411
395
370
338
310
277
248
203
177
148
130
112
78
62
37
17
-12
-27
-66
-90
-123
-186
-183
-206
-244
-286
-291
-291
-343
-374
-359
-389
-434
-459
-469
-498
-532
-554
-582
-585
-593
-605
-596
-579
-590
-580
-575
-595
-599
-604
-626
-652
-645
-650
-656
-637
-614
-592
-594
-560
-551
-532
-527
-534
-524
-504
-496
-485
-471
-462
-407
-395
-376
-326
-295
-278
-249
-230
-206
-182
-186
-163
-119
-104
-79
-38
-4
26
52
83
128
152
168
190
209
233
242
267
293
313
345
355
349
386
427
417
440
462
484
488
500
518
523
526
510
545
564
578
581
581
582
598
621
602
590
559
558
563
558
561
556
570
571
568
577
576
564
541
534
499
483
468
454
428
407
387
357
347
347
308
275
271
233
176
144
142
83
62
49
12
-20
-56
-92
-107
-121
-140
-185
-194
-190
-241
-260
-285
-331
-360
-397
-434
-443
-479
-503
-521
-520
-517
-531
-542
-556
-553
-542
-563
-596
-617
-631
-666
-674
-639
-662
-657
-645
-663
-648
-659
-651
-636
-615
-591
-585
-570
-564
-550
-524
-502
-475
-445
-419
-390
-369
-336
-341
-311
-293
-281
-280
-272
-242
-206
-193
-163
-140
-104
-79
-45
12
44
59
84
106
105
138
144
160
193
223
229
275
307
321
394
412
418
457
459
458
481
486
483
496
527
535
547
557
545
558
562
573
583
601
608
598
587
583
579
549
566
570
558
568
564
554
546
537
509
512
484
461
467
437
398
373
354
329
312
292
264
274
259
233
222
170
134
109
67
55
37
6
10
-7
-29
-50
-78
-92
-112
-135
-151
-182
-219
-251
-257
-281
-301
-334
-382
-413
-438
-429
-442
-448
-469
-495
-485
-510
-542
-519
-521
-552
-542
-548
-584
-567
-585
-591
-590
-587
-581
-600
-594
-596
-577
-562
-554
-535
-548
-526
-506
-494
-484
-453
-430
-427
-425
-420
-394
-366
-325
-309
-283
-265
-236
-208
-188
-141
-103
-85
-40
-12
8
37
46
77
108
136
164
180
168
178
191
206
240
275
297
323
327
322
338
332
352
370
368
408
423
402
420
454
446
442
451
472
459
478
496
506
522
523
531
523
525
481
482
478
449
448
445
435
448
456
469
474
470
450
432
428
408
397
396
388
353
351
331
299
273
236
215
189
176
163
147
129
88
67
53
29
2
-33
-64
-89
-131
-168
-170
-219
-241
-266
-273
-296
-332
-319
-344
-387
-398
-397
-408
-409
-410
-423
-410
-431
-451
-457
-484
-481
-493
-515
-514
-488
-494
-490
-476
-480
-464
-476
-483
-477
-470
-465
-450
-458
-472
-464
-430
-436
-425
-388
-395
-372
-363
-347
-317
-296
-284
-287
-270
-251
-236
-219
-217
-200
-171
-137
-102
-78
-58
-39
-31
-15
19
38
60
68
78
96
121
162
166
198
219
227
254
259
270
300
328
334
328
355
383
385
404
430
426
430
449
469
471
475
502
527
527
511
530
532
524
538
519
518
502
473
458
432
436
435
421
400
415
403
374
370
359
369
338
330
330
292
269
243
210
170
156
113
115
113
95
87
93
77
33
21
1
-16
-52
-83
-99
-122
-187
-208
-211
-232
-258
-293
-284
-307
-310
-317
-338
-348
-355
-368
-390
-411
-425
-440
-475
-460
-457
-470
-447
-464
-453
-466
-471
-462
-470
-448
-454
-451
-465
-471
-462
-474
-449
-435
-438
-423
-408
-392
-389
-357
-333
-327
-307
-309
-286
-258
-256
-243
-225
-218
-224
-209
-197
-197
-183
-154
-139
-105
-68
-76
-33
13
20
50
85
96
107
115
141
159
170
199
213
226
244
277
283
292
331
354
370
389
394
401
409
404
394
403
408
404
422
443
461
454
480
476
460
479
473
467
444
439
441
406
381
383
372
339
347
358
345
358
357
334
326
313
298
272
251
248
234
202
187
198
181
176
171
179
156
132
101
64
45
30
11
-14
-24
-44
-44
-62
-88
-89
-87
-123
-125
-143
-164
-181
-212
-243
-262
-278
-297
-307
-314
-334
-344
-331
-346
-369
-385
-404
-423
-422
-401
-415
-431
-441
-447
-442
-437
-448
-462
-464
-465
-464
-475
-467
-461
-467
-461
-451
-426
-413
-425
-407
-411
-403
-369
-365
-353
-328
-335
-311
-275
-256
-224
-195
-178
-172
-144
-130
-113
-98
-61
-29
-20
8
18
55
72
96
114
151
175
166
201
221
236
232
257
288
306
314
311
346
388
394
392
407
390
395
398
390
411
414
414
429
459
465
467
476
481
481
457
456
464
432
444
441
421
417
393
391
394
383
367
393
381
355
338
313
309
302
267
259
244
201
187
166
145
126
123
125
119
96
58
41
44
6
-25
-19
-62
-78
-88
-114
-122
-156
-183
-195
-225
-232
-262
-274
-284
-289
-326
-335
-339
-357
-377
-401
-374
-391
-415
-403
-400
-408
-440
-437
-452
-471
-450
-454
-471
-447
-468
-446
-427
-433
-447
-449
-430
-442
-441
-408
-382
-383
-375
-362
-365
-346
-302
-294
-290
-273
-254
-244
-246
-206
-196
-188
-172
-153
-124
-106
-85
-50
-29
8
27
49
60
72
83
82
116
138
160
169
184
184
177
201
238
242
250
243
233
280
292
313
331
326
343
340
328
359
368
363
373
387
404
418
413
399
397
391
413
409
413
417
424
401
402
418
378
365
355
345
340
326
312
311
294
283
288
272
255
246
239
236
229
193
181
168
136
134
124
102
94
71
55
60
8
-10
-27
-36
-46
-78
-96
-107
-126
-165
-174
-190
-223
-244
-245
-218
-215
-211
-217
-249
-265
-263
-286
-319
-313
-324
-337
-366
-346
-344
-332
-333
-351
-337
-343
-343
-353
-327
-322
-329
-346
-376
-391
-407
-400
-400
-377
-376
-367
-362
-336
-325
-322
-284
-297
-293
-266
-262
-260
-257
-232
-229
-225
-193
-184
-176
-151
-138
-119
-101
-83
-78
-52
-31
-13
12
16
23
51
61
73
99
124
124
128
164
147
155
194
184
203
240
265
270
282
307
321
331
348
364
366
384
358
373
359
367
377
369
386
403
397
378
373
362
375
361
352
354
344
327
318
316
301
311
299
294
301
288
284
266
253
241
228
216
216
202
177
159
116
121
99
75
79
50
25
14
21
-4
-27
-32
-52
-80
-90
-108
-134
-125
-148
-159
-162
-179
-204
-225
-211
-216
-239
-247
-269
-278
-280
-293
-299
-334
-346
-350
-365
-365
-348
-343
-347
-363
-359
-354
-360
-360
-361
-348
-361
-339
-348
-342
-319
-322
-334
-312
-268
-280
-286
-261
-252
-247
-232
-209
-193
-184
-190
-168
-156
-135
-110
-102
-101
-102
-82
-81
-48
-29
-31
8
26
46
62
54
72
95
79
113
149
131
149
169
157
181
195
173
206
209
212
247
260
249
255
266
274
278
282
290
291
292
279
294
283
280
272
277
272
270
293
258
275
306
269
266
287
264
280
261
241
246
241
223
201
185
181
144
123
130
134
138
121
127
129
124
103
85
59
65
55
48
33
-9
-23
-33
-39
-40
-21
-31
-39
-56
-71
-78
-96
-115
-135
-137
-167
-171
-167
-176
-180
-185
-186
-200
-193
-210
-223
-218
-227
-221
-233
-240
-246
-265
-279
-283
-254
-273
-287
-270
-273
-272
-262
-246
-263
-265
-251
-252
-254
-251
-231
-219
-234
-223
-209
-203
-169
-165
-148
-142
-138
-110
-104
-112
-98
-91
-98
-89
-72
-65
-49
-20
-16
-25
-14
19
29
26
61
65
61
83
76
95
105
108
127
138
154
158
160
153
167
173
194
210
220
236
232
233
246
261
256
260
258
269
265
271
278
288
297
295
289
274
279
250
254
255
248
262
259
262
257
234
229
219
185
196
181
173
162
149
120
114
118
100
97
93
77
58
55
29
0
-16
-22
-48
-54
-88
-107
-118
-133
-127
-132
-142
-162
-155
-167
-174
-172
-186
-202
-219
-221
-233
-248
-253
-253
-280
-268
-252
-277
-257
-245
-248
-229
-232
-239
-244
-254
-256
-257
-255
-244
-249
-233
-225
-231
-223
-206
-205
-185
-181
-199
-186
-180
-181
-188
-173
-164
-132
-110
-103
-106
-111
-109
-99
-81
-73
-71
-57
-36
-32
7
28
18
42
59
67
70
76
106
114
130
145
144
137
138
152
150
171
185
187
178
173
201
186
203
223
218
212
205
210
198
218
227
223
226
215
223
251
246
223
219
223
221
199
203
226
209
199
185
176
176
168
169
168
176
162
169
163
171
162
148
129
112
110
88
86
91
86
63
76
58
66
50
27
15
-1
-29
-37
-36
-49
-56
-63
-55
-69
-87
-107
-127
-141
-158
-164
-156
-177
-186
-194
-197
-219
-208
-210
-223
-232
-235
-220
-235
-250
-247
-218
-245
-258
-228
-243
-252
-242
-267
-263
-249
-248
-254
-236
-221
-233
-220
-214
-197
-204
-191
-188
-191
-162
-165
-158
-136
-130
-129
-131
-130
-116
-95
-80
-71
-63
-49
-47
-34
-42
-40
-24
-17
-7
8
10
5
35
43
39
71
106
115
104
122
147
126
137
157
162
184
202
212
207
208
219
221
225
240
246
242
257
262
259
269
259
259
272
274
265
263
273
264
263
268
275
266
272
271
262
254
238
243
248
250
238
224
210
186
183
162
161
156
116
103
94
91
86
60
58
40
22
4
-16
-27
-52
-54
-80
-91
-103
-140
-142
-135
-152
-173
-167
-165
-194
-199
-210
-218
-224
-209
-220
-237
-244
-258
-261
-258
-239
-253
-269
-267
-264
-258
-261
-254
-246
-256
-256
-238
-229
-237
-241
-254
-266
-266
-260
-245
-236
-219
-214
-217
-212
-205
-198
-187
-174
-161
-148
-124
-139
-130
-112
-123
-132
-113
-86
-96
-86
-60
-53
-31
-22
5
25
19
14
13
27
54
68
84
90
100
109
117
138
151
145
161
185
184
192
194
211
234
242
246
252
234
235
242
252
257
248
265
274
283
283
264
252
266
249
266
293
283
267
260
266
242
259
251
238
220
224
202
183
176
163
164
145
143
135
114
104
104
80
70
72
40
20
25
21
6
-24
-25
-42
-33
-29
-29
-47
-59
-67
-74
-65
-85
-94
-108
-125
-133
-134
-150
-163
-157
-183
-188
-192
-186
-183
-197
-208
-201
-207
-202
-198
-201
-196
-212
-214
-224
-233
-230
-212
-215
-212
-207
-222
-214
-214
-220
-208
-196
-203
-179
-200
-187
-176
-182
-177
-185
-175
-171
-189
-189
-161
-141
-129
-108
-102
-89
-69
-65
-51
-46
-41
-71
-54
-27
-33
-27
12
19
8
37
49
67
83
78
78
87
78
84
103
113
106
105
125
116
129
126
139
153
151
157
159
165
162
193
196
209
203
216
216
201
211
206
209
223
222
236
240
217
198
209
217
220
215
210
203
188
185
181
180
170
164
182
192
189
179
175
170
149
135
133
114
111
103
82
81
55
42
35
23
-7
-30
-26
-52
-58
-72
-80
-73
-100
-105
-111
-133
-143
-151
-171
-172
-196
-192
-196
-207
-202
-191
-196
-202
-192
-220
-227
-223
-233
-229
-236
-233
-232
-242
-244
-227
-220
-229
-216
-225
-216
-215
-197
-197
-217
-223
-230
-210
-190
-192
-181
-184
-175
-141
-138
-113
-100
-90
-78
-85
-73
-68
-56
-36
-28
-22
-9
11
21
9
29
42
38
45
65
83
84
102
124
116
111
129
106
107
127
146
161
166
185
169
167
175
180
184
210
208
191
212
207
197
205
201
195
212
212
193
188
175
163
158
156
162
160
148
163
165
149
159
152
139
151
129
126
131
125
123
111
97
87
83
83
76
68
68
52
44
43
53
46
33
3
-8
-1
-24
-48
-40
-30
-55
-49
-60
-73
-69
-82
-75
-88
-107
-111
-110
-124
-131
-152
-147
-168
-176
-169
-178
-156
-171
-169
-183
-187
-185
-193
-176
-181
-178
-179
-196
-188
-194
-189
-175
-184
-176
-167
-171
-161
-166
-154
-138
-134
-141
-135
-123
-134
-105
-92
-99
-92
-103
-122
-112
-105
-103
-85
-75
-64
-60
-75
-53
-43
-41
-36
-27
-10
-9
-10
11
19
15
24
27
32
41
42
47
68
73
73
91
97
108
127
159
169
173
182
182
183
181
159
191
195
168
194
202
213
214
219
217
216
215
205
205
200
213
217
206
209
206
205
188
167
166
171
155
142
154
125
110
123
109
117
112
91
91
69
66
72
43
38
24
23
24
10
1
-3
-18
-34
-43
-53
-51
-66
-79
-64
-62
-78
-86
-93
-116
-112
-105
-124
-128
-139
-157
-154
-170
-175
-178
-196
-181
-176
-205
-189
-187
-195
-189
-181
-169
-164
-173
-175
-164
-164
-178
-193
-184
-182
-166
-168
-161
-160
-148
-139
-159
-148
-143
-137
-143
-128
-141
-137
-133
-133
-120
-108
-98
-100
-97
-78
-57
-50
-39
-28
-33
-32
-32
-30
-14
1
22
19
31
38
46
59
69
86
94
93
94
102
120
119
130
143
137
146
162
180
172
187
199
190
197
211
217
197
213
220
204
217
246
233
218
229
226
203
213
200
182
203
183
169
161
145
134
145
143
141
135
125
132
123
104
101
95
87
63
46
49
34
12
2
0
2
25
15
3
-3
-13
-28
-25
-39
-46
-52
-78
-86
-104
-119
-126
-120
-130
-119
-106
-136
-137
-134
-131
-136
-130
-122
-139
-165
-162
-170
-178
-164
-180
-171
-169
-167
-182
-187
-182
-183
-181
-179
-184
-174
-175
-184
-165
-158
-155
-151
-157
-151
-145
-170
-159
-137
-135
-110
-98
-98
-88
-75
-79
-71
-46
-39
-37
-39
-31
-24
-14
-16
-7
14
8
-3
17
26
18
35
35
38
44
50
59
73
71
70
89
86
91
95
88
94
100
94
102
109
121
132
114
105
128
133
134
139
147
136
132
142
144
154
132
127
144
147
162
158
157
148
137
133
153
164
149
162
160
158
158
149
154
154
141
143
142
131
133
110
106
118
106
97
82
84
70
55
38
29
27
16
7
5
-9
-14
-10
-13
-21
-44
-53
-67
-89
-98
-93
-119
-114
-106
-127
-128
-140
-149
-157
-148
-149
-169
-172
-174
-183
-183
-176
-173
-195
-194
-186
-218
-213
-193
-197
-199
-205
-197
-180
-175
-176
-162
-141
-146
-150
-140
-125
-134
-136
-142
-131
-127
-111
-92
-82
-85
-77
-67
-78
-47
-52
-51
-31
-16
-19
-7
8
34
35
23
37
54
49
46
70
70
62
54
80
92
106
129
119
104
125
119
120
130
127
121
124
125
132
133
133
134
140
131
122
133
127
115
117
130
116
123
106
92
115
115
116
112
98
98
86
73
93
95
78
70
74
60
58
57
49
49
40
55
58
53
47
36
29
40
51
35
41
20
8
14
13
19
6
3
-3
-11
2
1
-1
14
-2
-27
-24
-19
-16
-28
-27
-16
-33
-44
-45
-55
-64
-64
-64
-60
-60
-70
-84
-101
-103
-118
-117
-116
-110
-112
-107
-93
-108
-120
-111
-116
-132
-133
-141
-154
-152
-147
-141
-131
-119
-113
-122
-110
-104
-110
-97
-109
-104
-97
-93
-76
-81
-75
-53
-59
-50
-36
-20
-28
-13
-16
-19
-3
16
21
17
27
22
34
57
59
56
60
45
79
74
75
100
90
95
90
98
100
107
105
109
97
100
88
84
101
113
103
95
110
103
106
100
117
114
92
90
75
84
86
71
65
56
65
69
69
49
60
54
37
50
48
42
37
35
22
35
36
25
27
18
-6
-12
2
-2
4
19
14
-2
-4
-20
-41
-35
-22
-33
-31
-26
-45
-50
-45
-47
-52
-35
-35
-49
-54
-55
-61
-69
-72
-89
-85
-84
-84
-81
-65
-80
-83
-86
-92
-88
-87
-79
-73
-73
-71
-76
-74
-63
-69
-55
-62
-55
-64
-61
-46
-48
-49
-67
-59
-71
-67
-54
-30
-31
-31
-21
-20
-13
-18
-20
-26
-39
-23
-17
-26
-17
13
4
-9
30
30
19
25
32
40
39
32
38
26
24
28
34
42
42
51
64
67
70
82
74
81
96
84
89
111
111
109
116
102
105
111
98
98
105
132
118
110
141
141
138
129
105
106
95
94
94
88
70
61
63
58
60
52
49
20
10
6
4
9
1
11
0
-5
-10
-33
-36
-31
-45
-60
-60
-72
-68
-87
-88
-91
-95
-105
-107
-104
-100
-100
-104
-93
-106
-102
-108
-104
-101
-115
-121
-112
-91
-91
-112
-108
-114
-114
-118
-107
-92
-95
-92
-102
-92
-77
-86
-78
-56
-71
-74
-70
-68
-69
-59
-37
-40
-50
-37
-26
-16
-7
-9
-13
-16
-24
-7
9
18
16
16
5
9
31
31
23
41
58
44
49
48
53
51
49
41
38
44
59
55
70
87
78
79
67
85
85
73
61
53
69
53
44
55
55
63
59
74
59
58
69
81
81
90
93
84
77
71
64
65
77
78
92
91
91
92
82
90
83
81
93
74
71
66
52
58
54
48
67
70
50
59
52
46
50
51
47
22
18
16
19
4
-1
3
-12
-16
-13
-18
-15
-21
-26
-49
-68
-71
-81
-94
-91
-76
-82
-101
-102
-94
-101
-100
-94
-96
-105
-113
-126
-109
-127
-130
-128
-131
-129
-136
-139
-148
-131
-133
-140
-129
-138
-129
-125
-131
-117
-115
-118
-114
-114
-103
-78
-66
-61
-46
-47
-50
-31
-32
-40
-24
-42
-41
-32
-33
-31
-27
-4
-3
10
26
39
14
23
23
23
41
46
37
42
46
48
50
45
60
58
50
69
90
89
105
98
99
92
92
104
91
110
101
95
98
96
90
98
100
97
93
105
118
106
98
96
100
99
93
110
103
97
101
94
100
112
97
83
79
69
68
67
61
62
56
55
61
49
41
40
24
25
33
21
11
1
-1
-6
-8
-7
-4
3
0
-3
-5
-5
5
-18
-29
-22
-26
-35
-32
-36
-45
-58
-71
-67
-72
-79
-67
-65
-67
-54
-49
-61
-63
-56
-80
-85
-75
-77
-85
-81
-87
-95
-91
-93
-88
-96
-92
-88
-82
-89
-88
-68
-78
-92
-93
-88
-98
-103
-107
-92
-86
-89
-95
-91
-92
-87
-84
-72
-61
-81
-69
-72
-71
-65
-56
-43
-52
-51
-33
-22
-17
-7
5
19
14
12
10
10
17
18
12
30
33
39
58
63
66
64
68
74
80
81
81
84
94
93
100
102
97
91
90
91
105
111
120
121
118
116
111
94
97
99
94
89
77
87
83
75
87
77
78
74
56
53
49
27
33
39
34
40
33
31
16
12
15
13
26
28
23
17
-5
5
-7
-2
2
-14
4
-9
-18
-20
-25
-22
-21
-21
-21
-32
-30
-29
-25
-24
-28
-43
-42
-60
-61
-44
-56
-51
-58
-60
-51
-53
-48
-47
-48
-58
-62
-64
-69
-58
-56
-57
-66
-72
-66
-61
-67
-67
-61
-58
-71
-70
-58
-62
-65
-63
-66
-63
-62
-57
-49
-50
-46
-43
-32
-32
-33
-28
-37
-29
-32
-34
-18
-29
-21
-7
-13
-12
-18
-18
-2
-4
2
8
9
14
12
16
35
36
32
30
25
35
46
53
50
51
49
44
47
66
53
61
69
53
62
71
69
71
68
84
84
78
89
88
83
80
73
59
55
38
45
43
44
51
43
49
45
42
40
50
51
42
41
24
23
25
16
13
10
2
-1
-6
-1
-7
0
-1
-13
-17
-22
-23
-37
-37
-38
-38
-30
-36
-42
-32
-29
-17
-18
-23
-22
-32
-31
-31
-25
-33
-44
-53
-45
-34
-33
-32
-31
-32
-42
-44
-42
-39
-39
-34
-26
-24
-34
-41
-27
-27
-28
-36
-27
-29
-29
-27
-25
-24
-28
-19
-36
-36
-40
-39
-37
-24
-18
-14
-15
-21
-14
-7
-6
-10
-9
-19
-30
-24
-18
-7
-1
-7
-8
3
7
15
16
23
24
25
16
19
22
3
9
9
14
8
6
18
27
24
28
32
28
28
24
21
21
28
22
24
34
26
29
37
41
52
43
45
39
39
38
37
37
37
35
31
34
25
29
23
27
30
29
29
37
43
34
40
31
21
27
16
23
23
18
27
23
16
23
21
6
7
5
7
-1
-4
-5
-5
2
-8
-9
-13
-16
-17
-20
-16
-22
-20
-20
-35
-37
-38
-46
-40
-35
-36
-31
-27
-38
-37
-34
-39
-43
-51
-45
-52
-57
-62
-66
-74
-71
-60
-62
-56
-53
-44
-45
-41
-34
-39
-34
-34
-33
-34
-33
-29
-26
-34
-31
-30
-34
-23
-16
-13
4
0
1
14
7
21
23
23
29
16
16
26
24
24
30
33
29
18
35
29
24
36
35
32
37
36
40
39
40
36
33
27
22
34
34
26
33
31
27
29
22
19
27
28
20
32
34
30
31
36
36
34
27
22
20
25
20
19
22
20
21
15
16
22
18
23
19
10
9
9
7
7
12
12
10
4
1
-2
-5
-5
5
11
9
6
7
-4
-9
-6
-15
-13
-9
-18
-17
-14
-18
-22
-18
-19
-14
-14
-29
-25
-26
-26
-29
-32
-24
-25
-29
-23
-31
-34
-32
-31
-25
-33
-34
-39
-35
-42
-52
-44
-43
-46
-48
-45
-43
-40
-36
-48
-46
-43
-48
-49
-46
-44
-35
-35
-35
-20
-22
-30
-26
-21
-23
-21
-21
-18
-15
-15
-14
-9
-4
-5
-1
4
5
10
17
24
28
29
26
26
29
32
37
38
37
40
39
41
49
45
55
51
48
54
52
50
52
62
62
57
61
61
61
61
48
55
48
38
45
41
35
32
27
28
22
25
32
25
23
19
16
12
15
9
3
9
5
1
-2
-5
-13
-4
-5
-2
2
-6
1
-3
-7
-10
-10
-8
-12
-11
-12
-19
-15
-17
-21
-13
-18
-12
-6
-12
-5
0
-5
-8
-9
-11
-17
-18
-19
-22
-17
-19
-20
-14
-24
-23
-25
-24
-23
-32
-24
-18
-23
-17
-15
-17
-20
-24
-23
-28
-31
-33
-39
-34
-36
-39
-31
-32
-28
-28
-25
-26
-26
-26
-30
-33
-25
-27
-31
-31
-30
-28
-29
-23
-22
-19
-19
-19
-14
-20
-15
-17
-16
-9
-11
-14
-10
-7
-4
-4
-4
-3
3
8
3
10
20
28
27
33
33
32
24
30
41
37
36
40
39
32
37
43
37
41
40
34
36
43
46
46
48
49
44
42
45
44
47
45
46
34
31
37
31
29
34
25
22
17
14
15
17
22
14
13
8
6
3
-3
-2
-6
-10
-8
-10
-10
-5
-8
-12
-12
-12
-16
-23
-21
-19
-22
-24
-30
-24
-25
-21
-24
-23
-20
-25
-20
-17
-15
-19
-24
-26
-27
-25
-21
-22
-23
-21
-24
-21
-14
-14
-16
-15
-15
-20
-16
-15
-21
-21
-17
-19
-14
-7
-9
-11
-2
-4
-6
0
-1
-5
-7
-6
-1
-2
-1
-1
-5
-7
-5
2
2
5
4
11
10
3
10
5
0
-2
-1
3
1
1
-1
5
-1
0
5
5
3
2
-3
-4
-4
-7
-2
-6
-2
0
-1
0
1
7
7
2
3
6
-2
-3
-4
-6
-3
-1
0
0
13
18
11
18
13
6
12
12
14
15
16
20
24
22
21
21
23
12
16
18
13
14
18
19
16
22
24
27
26
29
28
18
17
12
6
10
8
0
3
9
-1
4
1
-1
1
-4
-2
-6
-4
-9
-20
-22
-18
-24
-26
-21
-22
-29
-25
-29
-29
-31
-32
-30
-27
-23
-26
-25
-32
-31
-28
-25
-29
-25
-32
-29
-29
-27
-22
-25
-20
-16
-14
-12
-14
-13
-10
-11
-6
-1
-2
6
9
6
10
13
14
21
22
23
18
23
23
17
18
26
24
24
30
34
35
33
33
32
32
25
31
34
27
24
22
17
17
17
12
15
16
15
13
9
6
7
8
7
10
2
2
3
2
2
5
4
2
-1
-4
-3
-5
-1
-8
-15
-14
-11
-11
-14
-14
-16
-15
-14
-17
-10
-14
-13
-12
-9
-9
-9
-9
-17
-15
-13
-11
-11
-4
-8
-8
-3
-6
-7
-13
-14
-12
-11
-15
-9
-3
-9
-1
1
2
2
-2
2
6
3
2
-4
-4
-4
-9
-10
-4
-6
-4
-3
-1
-1
3
-3
-3
2
-2
2
-3
-1
-1
-3
-10
-11
-9
-11
-6
-5
-3
0
-4
-4
-4
-7
-3
-6
-7
-4
-6
-5
-3
-3
-5
-3
-6
-8
-5
-5
-3
-3
-4
6
5
6
8
7
8
8
0
8
14
8
9
12
11
10
15
18
20
18
16
16
20
20
20
22
18
18
18
22
17
17
18
15
15
11
13
16
15
13
13
16
16
11
10
16
9
7
13
12
5
3
3
1
5
5
-1
1
1
-4
-4
-4
-8
-7
-5
-8
-11
-10
-13
-17
-19
-16
-17
-13
-14
-11
-13
-16
-18
-25
-22
-18
-20
-16
-14
-17
-17
-16
-20
-19
-17
-19
-18
-16
-16
-18
-19
-11
-15
-17
-15
-16
-14
-12
-9
-7
-8
-4
-8
-10
-6
-9
-7
-4
-3
-2
-2
-3
0
0
1
4
6
3
2
2
3
6
6
7
10
8
13
13
9
5
6
7
8
7
10
10
5
4
2
3
0
0
3
-1
-1
3
4
3
-2
-1
0
-3
-3
1
2
4
6
6
10
10
10
8
6
4
6
7
7
8
10
16
18
19
17
18
18
19
18
26
23
22
23
21
21
20
21
21
21
21
17
14
15
15
16
13
15
16
16
13
14
5
6
11
4
5
6
0
-1
0
1
-3
-9
-9
-10
-6
-12
-9
-14
-13
-15
-14
-14
-16
-18
-23
-18
-19
-19
-17
-20
-23
-25
-26
-26
-24
-29
-26
-29
-35
-33
-27
-22
-22
-21
-23
-23
-27
-28
-20
-24
-21
-18
-22
-21
-11
-13
-15
-11
-12
-14
-11
-11
-11
-4
-1
-4
-3
1
0
4
4
9
8
7
10
6
8
13
13
15
17
13
14
14
12
19
14
17
18
15
14
14
15
16
16
13
11
8
12
8
10
12
10
7
10
8
6
11
6
6
5
2
4
4
3
0
4
2
2
5
6
4
7
5
4
5
3
3
4
