-19
-16
-4
-6
-8
5
0
-4
3
0
4
-2
-2
2
-7
0
9
3
7
4
-10
-4
-3
-5
0
3
0
2
11
0
-4
6
5
4
2
0
7
2
-10
-3
2
-6
0
0
3
-2
2
11
2
5
3
-2
1
0
3
6
2
-2
-6
-7
-6
-12
-9
1
-4
-1
6
-4
6
11
0
13
9
3
13
8
12
7
-1
-3
-8
0
-6
-6
-3
-5
-4
-2
2
1
4
-4
-10
-5
-5
-3
1
4
2
-8
-13
-8
-14
-13
-2
-6
-9
-9
-10
-8
-10
-6
0
-5
-9
-4
-6
-4
-2
-10
-5
2
2
1
-11
-10
-11
-18
-7
-9
-17
-5
4
0
-10
2
7
-3
9
6
-3
12
13
8
9
4
11
8
-9
-5
-2
-4
7
7
2
7
2
-1
7
9
8
8
14
15
12
14
4
-4
-7
-7
-2
-7
-10
-1
-2
-4
-2
2
9
6
7
10
11
14
10
9
6
2
-1
-4
-10
-5
-1
-9
-1
-4
-10
10
5
4
10
3
10
7
2
3
3
-1
-3
2
-5
-8
3
-3
-3
-2
-9
-4
-5
-6
-3
-6
-9
-7
-10
-10
1
-3
-4
-2
-3
-7
-6
5
3
-4
-5
-4
-7
-8
-9
-10
-5
-8
-3
-7
-8
1
-8
-5
9
5
6
6
-8
-2
8
2
2
8
3
-5
-2
-1
-1
0
7
6
-3
-5
-3
5
8
19
13
5
12
-1
-5
-3
-1
-1
-6
-8
-12
-2
-8
-10
-2
-6
8
12
5
8
5
13
12
7
14
9
6
11
-3
-10
-9
-11
-8
-10
-17
-2
3
-3
-1
1
14
15
5
5
8
10
-4
-7
2
-2
-8
-14
-4
-2
-11
0
1
3
10
7
6
9
5
3
10
-1
0
7
6
2
-4
-6
-10
-11
-12
-12
-12
-9
-2
-15
-10
5
0
3
3
1
2
-1
7
3
-3
-4
-12
-14
-8
-1
-12
-20
-8
-7
-4
-1
2
9
0
-3
8
12
4
8
10
-1
5
15
11
7
5
1
8
6
4
15
11
8
12
13
7
12
17
12
16
14
5
3
6
10
14
13
3
1
-5
-8
2
-3
-14
-6
-2
-9
-8
1
4
8
5
9
12
1
4
3
-2
3
-5
-7
-11
-17
-2
-13
-28
-16
-7
-4
-3
-4
-11
-14
-9
-5
-4
3
0
-8
5
-4
-11
-2
-1
4
-3
-15
-13
-1
0
-5
-13
-5
-3
-12
1
-2
-2
3
-7
2
4
4
-1
-5
-3
-4
2
-4
-10
0
-6
-6
5
-5
-5
3
-5
-13
-8
4
3
5
3
-1
6
2
-4
5
3
0
-1
3
6
-7
-3
4
4
12
5
2
-3
-5
6
7
4
8
6
8
6
-6
-3
3
7
7
-6
-5
3
-3
-5
-5
-15
-16
0
5
-3
4
5
1
10
6
10
14
1
14
19
3
1
-3
4
12
7
0
-10
-4
0
-3
1
2
0
5
7
-3
1
8
-1
-4
5
9
2
2
3
1
10
1
-3
3
-1
2
1
-7
-10
-8
-7
-6
-9
-10
-1
6
1
-9
-7
1
3
-5
0
10
12
5
-8
0
-6
-8
3
-6
-10
-1
-6
-15
1
6
2
1
-6
-10
-7
0
4
3
-5
-2
4
3
-1
0
7
1
1
4
2
1
4
5
0
-6
0
3
-6
2
8
0
2
-1
-5
-3
-1
1
-2
6
9
7
6
4
10
0
-2
5
1
0
3
16
6
-3
8
0
-6
-5
-11
-6
-4
-3
-3
-2
14
11
7
12
3
1
6
-2
-11
-7
3
-7
-12
-5
-6
0
9
10
11
4
2
2
6
8
7
18
17
13
10
2
-5
-7
-4
-2
-13
-6
8
-2
-2
7
-4
0
11
6
1
2
-1
0
6
4
-2
-4
-6
-6
-2
-9
-14
-3
-6
-12
-1
-3
-8
-3
2
11
8
8
13
1
5
10
4
2
0
-8
-13
-1
1
-5
-5
-3
-2
0
0
0
1
8
8
4
11
11
2
-1
1
0
-1
-1
6
2
-13
-11
-4
-2
-8
-7
-1
-1
2
9
7
3
6
6
11
7
-2
-2
-5
-3
2
6
11
6
0
-8
-2
4
3
3
-10
-6
-13
-17
1
-4
1
-1
-6
-2
0
1
-8
0
4
2
12
9
11
13
-2
0
7
-3
2
-2
-6
6
8
5
8
8
1
11
13
4
12
12
1
-4
1
6
-13
-13
-5
-5
3
3
6
14
5
-4
4
-2
-11
-13
-13
1
-7
-5
8
-11
-5
-6
-6
3
-5
5
-12
-9
-2
-17
-12
-11
-12
-8
1
-5
-8
-1
-2
6
-2
-5
-4
-2
13
8
0
6
2
-6
2
12
12
7
1
-2
-4
-9
-14
-13
0
-12
-13
7
-2
-6
7
4
2
4
4
3
2
-4
-9
-4
-2
-4
-5
-7
1
3
4
12
9
7
3
1
9
8
0
5
14
18
12
5
6
5
5
-3
-5
2
1
-4
4
5
-4
4
2
-8
5
7
8
15
19
14
0
3
8
-2
-1
-1
-2
-10
-15
-4
5
1
-5
5
6
-5
-1
0
0
2
9
14
-1
-2
-4
-12
5
9
5
10
-3
-7
-8
-11
-4
-12
-19
-10
-4
1
3
-2
6
11
8
4
-8
-11
-10
-8
-9
-6
-1
0
-4
-8
-4
-11
-14
-14
-19
-12
-3
-1
3
3
2
-2
1
-2
-12
-6
-6
-1
-1
-8
-2
0
-7
-22
-17
3
8
15
9
3
0
-15
3
4
-2
0
-6
0
1
6
-3
-10
0
-9
1
10
10
11
1
-1
3
4
5
11
9
4
3
7
16
17
12
2
1
16
12
4
8
9
1
7
3
-8
5
4
4
8
16
27
13
9
14
10
9
7
8
8
8
5
-6
-9
-13
-2
6
-5
4
2
1
13
10
6
0
-10
-13
4
5
-1
5
1
-1
1
2
-7
-3
12
7
8
7
-4
-10
-15
-21
-20
-17
-10
-5
8
-1
-11
-1
-7
-7
-4
-3
-7
-16
-14
1
2
-10
3
2
-20
-25
-26
-35
-23
-7
-13
0
9
-16
-14
0
-12
1
7
-15
9
24
-3
0
15
-9
-24
-16
-22
-14
8
10
22
14
-14
-6
2
-15
-1
33
19
16
28
2
1
10
-4
-9
6
7
7
22
13
-7
-5
-1
-4
10
7
1
19
11
12
36
13
-13
7
5
-11
7
16
-2
3
7
-4
19
-5
-28
13
-4
-15
23
14
3
26
10
-9
6
-11
-18
17
14
-3
8
-7
-20
3
-9
-23
3
-7
-22
14
11
-7
14
-11
-25
12
5
0
25
17
3
18
8
-28
-20
-10
-32
3
11
-20
24
17
-21
-5
-19
-28
-4
-15
-34
9
15
-22
15
13
-40
-5
10
-20
4
5
-15
12
6
-30
-3
7
-34
5
36
4
29
40
-8
2
17
-21
-9
16
-1
6
37
16
30
36
-28
-4
20
-33
7
52
2
23
53
-8
-34
-12
-48
-14
34
-9
41
42
-40
3
37
-34
-24
13
-39
-4
34
-11
18
18
-43
-7
9
-49
2
39
-24
-7
12
-29
-13
0
-13
-3
-13
-30
19
40
-6
10
4
-75
-57
25
18
-6
30
12
-31
-15
-3
11
14
-8
-4
-10
-68
-12
60
15
3
12
-57
-75
17
6
7
53
-11
-29
-13
-50
8
35
-15
38
22
-56
5
79
-8
-33
30
-27
-58
3
53
29
12
12
15
-11
-38
38
35
-53
9
86
-33
-10
78
-6
-54
-10
8
-21
1
33
73
17
-43
21
10
-49
10
84
-3
-51
32
4
-67
16
30
-14
-2
-11
-13
21
16
26
66
-23
-32
4
-71
-44
78
27
1
79
-21
-83
14
8
-27
36
0
-14
22
-35
-2
58
-48
-34
52
-52
-52
36
-19
-34
45
8
-13
9
-35
-43
6
-26
33
65
-30
-25
-7
-52
-7
83
9
2
33
-23
-56
17
14
-44
4
5
-58
-34
41
34
25
-19
-12
0
-20
11
74
17
-102
23
45
-29
57
91
-51
-101
-18
-3
38
40
71
41
-106
-94
85
48
-19
110
11
-132
-51
85
46
74
90
-20
-54
-94
13
116
47
11
57
-98
-120
42
10
22
36
-14
-92
-2
12
12
24
-56
-44
-42
-12
10
75
-44
-22
-23
-59
-24
29
11
-56
-13
-76
16
4
64
26
-34
-52
-37
14
2
79
19
-4
-31
8
-40
73
77
-6
58
-37
-12
-56
-22
33
-32
-65
11
-12
-60
46
60
33
-28
7
-13
-29
-22
54
40
-65
82
32
-20
-40
-1
-35
-61
32
36
8
-69
-26
-12
-12
-9
128
53
-56
-63
-40
-73
-72
131
37
68
58
50
39
55
-21
22
25
-171
34
-22
-61
39
44
-62
21
-2
-44
59
-62
-18
59
-30
-42
97
-69
3
32
-27
53
-32
55
59
23
-13
20
-52
-58
13
29
35
-38
-39
-55
-86
-76
47
13
-44
9
-27
-48
73
85
123
108
-133
-83
-126
-57
94
142
145
-46
-34
-109
-80
37
66
52
-49
-78
-106
-20
8
43
50
-79
-94
-27
23
108
146
95
14
-72
-47
-67
42
56
-32
60
-27
-101
93
18
-92
47
-52
-94
-7
132
79
-6
48
-121
-33
-3
-9
115
-71
-55
51
-40
50
138
45
-73
-96
-74
-67
64
56
67
43
-156
-104
39
34
42
99
80
-137
-89
87
-7
18
27
-61
-64
-42
19
157
41
-27
9
-124
-47
-18
-6
154
-74
-3
98
-65
43
-64
-27
-162
-98
119
27
82
83
-28
-48
-35
114
45
-121
52
-59
-168
82
125
-106
121
-103
-115
75
-5
149
67
-124
-201
-73
-117
85
127
171
17
-88
87
-82
84
-52
28
-58
-224
131
86
33
81
-7
-125
-102
-31
93
-66
29
37
-93
42
90
41
14
59
-128
2
99
2
26
46
-157
-133
153
0
151
114
-105
-63
-158
18
101
10
-114
-97
-87
-44
215
231
74
34
-31
-139
-1
44
-50
91
20
-165
88
48
-97
59
87
-188
-114
87
-63
-43
81
-82
-198
94
-19
114
109
-16
141
-34
-4
172
59
-162
42
-61
-205
45
114
59
52
-59
-88
-20
-147
-43
148
-207
-68
124
-63
117
20
129
58
-154
124
95
-119
83
138
-151
-44
102
-134
20
58
-148
-16
-82
-78
9
135
-124
-38
-7
-242
230
130
-34
251
-26
-95
87
-101
34
-101
49
94
36
118
-106
140
-167
-193
37
-181
-17
78
93
-104
-220
6
-12
228
265
79
-43
-152
-22
30
245
10
-14
1
-249
48
-39
43
-5
61
-18
-194
84
-129
33
93
-54
-53
-42
-82
129
169
-42
165
2
-42
119
-63
25
-39
-162
113
-73
-49
75
-12
65
-35
3
-76
62
-45
-16
47
-319
17
133
70
296
146
-178
6
-7
-150
154
-88
-315
146
-149
-33
331
-165
106
27
-76
-33
-121
51
-65
25
-199
18
1
-73
450
25
38
-4
-182
130
-37
41
-71
-188
-33
-98
228
58
-57
101
-231
170
22
-69
176
-132
-168
-53
46
-1
121
70
41
142
-140
184
73
-205
15
-189
10
-121
116
116
-37
132
-12
75
-186
-6
16
-91
22
67
75
-217
142
-12
-3
155
-12
360
-226
-50
35
-303
-24
-84
133
-27
19
176
134
59
-46
41
-195
-229
80
-39
66
122
-6
113
26
88
-17
97
-99
-127
88
-89
117
-68
-50
42
-169
68
150
-70
69
30
-25
129
-93
18
-197
-173
99
-88
145
118
31
-70
77
95
-182
-32
-200
-146
66
26
235
173
-166
-122
90
14
-69
199
-96
-133
34
-107
314
-50
-213
262
-181
-232
233
96
23
73
90
-283
-179
-136
-186
259
162
212
87
90
-156
-56
-73
-97
16
-280
321
16
8
317
-160
-97
-29
-28
67
-38
-32
-137
-116
133
196
50
-56
-64
-75
95
135
142
-99
-53
-76
22
160
-261
-11
147
54
223
113
-114
-247
-218
203
-29
-231
31
-128
27
387
206
-126
14
-328
-17
315
-155
69
7
-140
156
152
-13
-135
17
-120
61
147
-208
177
-178
-9
141
-227
3
-47
73
91
164
129
10
-46
-94
-84
-64
28
-15
184
113
-184
105
-16
-95
81
-50
44
-309
226
59
-324
550
-293
-77
366
-313
156
50
-143
179
20
-221
202
-6
-182
293
-124
3
137
-169
239
-97
-224
70
-313
131
102
134
236
-146
157
-176
-36
101
-60
175
-153
60
63
-286
204
34
-80
82
27
-48
-2
160
-99
-27
-114
-246
-77
56
92
226
121
-31
-77
-95
-12
77
227
-79
-31
21
-145
130
-9
-120
-74
-151
-36
211
338
-13
15
-143
-307
-73
-111
29
157
126
1
189
6
-126
-55
-32
-40
-30
169
41
167
16
-8
-42
-24
-123
-181
121
5
-52
213
116
-104
60
-266
25
4
-192
318
81
-200
87
52
-198
283
-70
-250
262
-295
225
233
-265
123
-135
60
-63
5
-74
-370
347
-25
232
79
-380
132
-180
231
63
-60
-102
-76
209
3
197
-243
-83
74
-112
168
-8
-124
20
-86
-12
64
82
135
-85
87
-225
-57
68
-180
512
-110
-88
158
-299
-40
-25
148
89
32
-188
115
29
2
273
-174
-67
-466
142
336
-55
489
-193
-227
-33
-121
196
17
12
-86
-80
141
132
-18
50
-129
-303
53
-52
121
270
-4
150
-143
-128
28
-279
60
178
-119
128
157
-149
50
-31
-91
-80
-190
15
45
157
-5
-23
67
-444
150
153
-11
226
-268
93
-244
-31
388
28
36
-141
39
-47
-4
204
-54
-251
-75
143
-239
118
30
-251
129
-123
72
-4
-114
-112
41
-17
0
400
25
16
-6
-31
-57
146
124
-103
332
-373
-122
280
-554
-28
25
-164
348
0
1
180
-290
-79
28
-6
-126
43
248
-8
147
32
30
-152
-16
143
-163
-182
-15
273
-172
126
320
-557
-187
110
-177
291
18
-179
394
-239
-85
378
-330
-170
-43
109
224
24
99
-112
-119
-55
209
53
-74
-31
41
21
-99
248
-241
-209
343
-152
-15
-46
-246
178
-139
268
113
11
93
-322
335
-151
-359
163
-10
78
-62
180
92
-323
178
20
-120
-55
-137
32
-6
115
149
17
-22
-111
-80
-111
-44
211
48
216
-47
-149
22
-488
83
94
-144
179
70
189
18
155
46
-216
-124
-350
181
54
189
97
-262
-14
-420
183
166
128
-85
-43
108
-237
362
-41
-149
-198
-29
101
-128
248
69
42
-107
19
161
-240
-28
259
-82
-177
52
-117
147
19
90
297
-332
-37
16
151
129
-280
106
-381
-149
175
72
55
-70
0
-416
278
71
9
252
-218
171
28
-42
138
-29
-169
30
90
262
19
-153
89
-175
-113
-83
157
-220
-110
361
-421
143
24
-355
241
135
58
-85
88
-62
-25
407
-225
27
100
-456
243
205
-49
49
95
-135
76
69
-63
82
-439
12
10
-170
269
195
-228
4
357
-210
311
-26
-329
380
-312
101
381
-265
-239
251
-101
-254
301
-246
-125
149
-116
11
101
-128
303
-6
-117
216
-298
228
100
5
339
-147
51
-54
-149
28
-184
43
133
128
-136
227
47
-198
226
-327
100
54
-332
304
7
-48
98
226
-117
-167
154
-251
-111
129
75
-234
386
-6
47
158
-521
285
-177
-148
224
118
72
86
217
-43
-111
-262
79
18
-28
96
95
-87
-54
274
-367
-90
-158
-254
238
-41
195
126
-154
-106
320
-157
-211
425
-259
261
320
-110
50
-255
-161
-128
-59
-62
5
-86
58
189
1
-91
-154
28
-71
146
121
256
-69
32
561
-462
224
89
-528
431
-26
-141
20
-163
-231
-67
87
-145
245
-19
-162
380
-88
-225
217
-295
-200
338
-66
195
165
-134
47
-30
44
126
111
-101
-57
21
40
-6
-35
135
-52
-60
119
113
-132
119
60
-145
-112
-246
-190
-114
127
55
165
96
-50
65
31
-63
22
4
-11
-14
30
32
-75
147
-157
-110
-40
-108
184
21
147
-186
-397
118
-202
73
302
-56
122
-18
67
102
-107
171
80
-185
164
101
-158
142
26
-373
-103
-38
-290
93
-12
-239
-85
-212
-95
33
-112
-3
293
109
87
393
139
123
160
-92
21
-126
-189
252
87
-39
65
-95
-114
-215
-123
-95
-8
10
-62
89
-95
-107
14
-69
-12
60
123
179
185
143
52
-105
-68
158
-72
-144
74
-50
-167
50
192
14
21
-5
-39
-26
-112
-81
44
9
-56
130
69
69
-59
-196
8
-136
0
256
46
97
92
-145
-59
-75
-141
-31
-17
131
149
-36
74
-80
-149
-73
-262
-115
-50
-109
78
117
-46
-103
-17
-47
-108
59
21
10
179
145
112
4
-33
-14
-140
-31
41
-84
108
59
-146
50
-196
-312
112
-25
-100
138
81
-19
78
74
-105
-100
-43
134
196
131
48
-144
-159
-102
-19
-26
-7
17
-36
58
5
-104
-107
-208
-125
89
199
314
273
208
239
126
77
194
188
109
193
280
131
73
-8
-177
-199
-320
-239
-18
-98
1
159
-133
-206
-127
-273
-115
37
-4
143
222
122
129
-14
-192
-73
-63
93
367
266
245
171
34
-37
-193
-143
-167
-84
71
129
133
-55
-161
-238
-252
-182
-156
-43
35
37
66
-2
-188
-261
-206
-214
-58
111
57
147
117
-53
-64
-167
-262
-160
-61
17
136
122
58
-62
-173
-322
-223
-67
-102
197
184
9
-27
-139
-205
-242
-165
20
254
190
227
271
-3
-92
-39
-33
-114
191
315
277
392
205
138
44
40
-38
48
170
152
451
363
204
143
-87
-94
2
39
237
262
178
180
63
-70
-76
113
164
365
539
601
701
475
419
229
3
191
301
406
578
531
341
238
0
-171
-155
-344
-386
-313
-554
-685
-821
-1237
-1501
-1656
-1699
-1463
-1283
-1173
-1060
-1080
-1098
-978
-763
-659
-434
-175
103
428
493
697
684
535
674
651
710
757
645
640
460
322
233
90
32
-86
-26
-20
-31
38
-99
-141
-138
-152
11
136
214
289
262
304
368
385
463
572
698
812
929
923
786
661
548
585
717
717
674
709
637
667
952
1014
833
734
613
554
812
1080
1163
1197
1309
1391
1428
904
-490
-1756
-2894
-3447
-2637
-1844
-1780
-2167
-3066
-3808
-3943
-3656
-2935
-2320
-2060
-1303
-174
364
696
790
251
239
928
1906
3113
3464
2959
2477
1616
887
928
653
219
112
-5
162
266
-182
-833
-1589
-2210
-1963
-1141
-786
-803
-1064
-1752
-1897
-1467
-780
118
461
589
881
929
851
924
718
386
455
873
1287
1288
885
210
-477
-836
-671
-342
-288
-384
-499
-543
-545
-585
-570
-663
-694
-311
252
545
529
414
194
208
536
905
1044
905
800
752
1002
1247
1190
1287
1294
1299
1727
1976
1627
1260
1086
1084
1450
1788
1797
1693
1674
1767
2131
1477
-712
-2556
-3966
-4180
-2472
-905
-793
-2180
-4180
-5346
-4975
-3703
-2030
-907
-990
-689
241
892
1243
1183
891
1037
2064
3590
4524
4060
2607
1286
444
151
307
87
-670
-1493
-1894
-1686
-1686
-2035
-2309
-2690
-2591
-1835
-1361
-1242
-1490
-1896
-1470
-549
238
863
974
537
316
619
825
742
479
107
-101
-70
97
99
-489
-1232
-1407
-1194
-798
-463
-467
-649
-900
-728
-8
428
469
575
668
853
1209
1447
1416
1141
1069
1442
1931
2008
1811
1429
805
755
1171
1489
1688
1774
1779
1885
1948
1731
1531
1278
1240
1698
2175
2466
2571
2442
2237
1402
-779
-3110
-4747
-5388
-4079
-1950
-1276
-2643
-4964
-6756
-6760
-4995
-2512
-621
-257
-467
-76
770
1505
2004
2261
2396
3031
4174
4844
4231
2659
1137
277
212
515
375
-634
-2097
-3076
-3156
-2726
-2260
-1883
-1880
-1927
-1454
-866
-419
-123
-176
-239
212
665
1016
1358
1105
588
286
39
-339
-626
-882
-1250
-1387
-1392
-1453
-1557
-1645
-1601
-1291
-757
-435
-248
-36
59
411
1081
1513
1626
1593
1306
1104
1154
1056
989
921
617
550
598
391
211
18
-172
-22
303
566
904
1042
1010
1292
1456
1546
1771
1646
1553
1612
1536
1746
2199
2184
1916
1851
1807
2107
2714
2860
1429
-1628
-4383
-5780
-5418
-3205
-1240
-1500
-3656
-5965
-6719
-5485
-3157
-958
95
-125
-85
947
1958
2445
2511
2470
2820
3771
4792
4975
3670
1654
465
-49
-325
-427
-1024
-2200
-3181
-3345
-2945
-2427
-1971
-1555
-1060
-689
-379
55
279
243
527
1011
1183
1103
892
363
-337
-721
-1078
-1362
-1581
-2130
-2483
-2713
-3132
-3133
-2707
-2347
-1849
-1119
-583
-318
-6
380
872
1471
2039
2544
2721
2441
2066
1869
1559
1290
1286
1125
839
587
388
121
-187
-287
-245
0
270
598
1053
1232
1402
1807
1992
1939
1995
2031
1985
1939
1909
1713
1599
1674
1413
1272
1239
1267
1950
2711
2242
-103
-3404
-6064
-6754
-4961
-1993
-555
-1964
-4785
-6790
-6552
-4249
-1201
883
1042
527
828
1712
2401
2723
2756
2755
3371
4527
5074
4133
1968
-65
-1088
-1393
-1257
-1237
-2215
-3594
-4190
-4004
-3381
-2532
-1700
-1083
-607
-69
574
946
994
1187
1467
1537
1506
1322
590
-200
-702
-1196
-1508
-1876
-2547
-3041
-3285
-3396
-3005
-2525
-2283
-1781
-1173
-462
507
1285
1763
2236
2527
2808
3340
3541
3367
2887
2080
1324
792
384
84
-145
-494
-877
-1036
-1145
-1315
-1146
-764
-428
136
807
1307
1728
2058
2240
2383
2470
2399
2340
2029
1379
1068
746
394
465
435
376
401
204
287
848
1504
2365
2792
1427
-1509
-4253
-5693
-5244
-2966
-818
-699
-2669
-4980
-5736
-4615
-2280
125
1334
1214
977
1471
2343
2996
3319
3612
3933
4237
4461
3920
2254
316
-918
-1373
-1520
-1818
-2566
-3716
-4685
-4779
-3941
-2847
-1859
-988
-558
-445
-210
206
722
1285
1834
2051
1667
1045
270
-642
-1014
-1118
-1505
-1926
-2502
-3300
-3779
-3778
-3451
-2928
-2389
-1605
-593
341
1219
1873
2098
2249
2714
3317
3802
3907
3433
2564
1676
1009
616
405
1
-504
-924
-1337
-1567
-1528
-1392
-1232
-804
-205
334
913
1391
1593
1791
2151
2487
2721
2704
2411
1983
1439
1228
1280
1056
813
646
509
625
876
1101
1393
1870
2458
2805
1826
-1039
-4206
-6112
-5971
-3713
-1092
-471
-2365
-4957
-6225
-5212
-2654
-65
1461
1480
1166
1700
2636
3092
3137
3125
3178
3684
4248
3856
2163
-139
-1835
-2417
-2372
-2409
-2994
-4240
-5429
-5660
-4821
-3466
-2230
-1148
-368
21
514
1174
1718
2152
2651
3022
2913
2227
1319
310
-840
-1360
-1379
-1762
-2399
-3030
-3770
-4168
-3766
-2957
-2001
-1093
-270
664
1545
2240
2770
3114
3277
3510
3811
3837
3534
2671
1390
312
-522
-1136
-1299
-1357
-1789
-2201
-2360
-2378
-2077
-1499
-861
-184
451
950
1562
2086
2392
2784
3010
3036
2961
2529
2060
1695
1048
704
679
233
-93
-47
2
219
664
939
1269
2063
2928
3507
2868
119
-3350
-5353
-5199
-3042
-324
322
-1777
-4806
-6434
-5476
-2932
-360
1251
1216
550
926
1943
2523
2820
3029
3240
3860
4362
3875
2236
-112
-1827
-2289
-2290
-2490
-3292
-4707
-5886
-5988
-4981
-3426
-2035
-1162
-559
-62
447
1305
2205
2786
3145
3247
2981
2452
1689
568
-477
-1228
-1731
-1779
-1997
-2849
-3820
-4633
-4887
-4049
-2661
-1358
-196
492
948
1676
2311
2804
3386
3783
3952
4026
3659
2651
1401
226
-595
-886
-1017
-1297
-1838
-2528
-2879
-2733
-2248
-1510
-728
-92
584
1365
1972
2478
3007
3348
3586
3844
3770
3279
2621
1808
1199
1009
892
886
682
-110
-681
-714
-455
235
958
1507
2147
2706
2863
2230
-139
-3399
-5073
-4867
-3141
-612
48
-2089
-5026
-6655
-5870
-3230
-520
1045
984
204
377
1401
2296
2797
2944
3045
3505
3926
3576
2246
152
-1629
-2269
-2321
-2491
-3147
-4297
-5340
-5548
-4711
-3172
-1755
-918
-338
51
542
1462
2491
3028
3110
3115
2778
2479
2161
1073
-144
-1073
-1876
-2093
-2162
-2985
-4038
-4693
-4800
-3837
-2235
-911
-16
455
839
1600
2465
3080
3557
3660
3508
3541
3286
2441
1354
167
-797
-1105
-1207
-1553
-2001
-2638
-3080
-2763
-2039
-1185
-303
324
860
1498
2129
2863
3529
3855
4154
4284
4021
3578
2759
1717
1029
626
457
529
165
-552
-811
-772
-652
-161
414
1016
1944
2580
2227
261
-2889
-4915
-4722
-2884
-378
791
-859
-3761
-5388
-4963
-2794
-271
1053
987
425
408
1185
2033
2351
2407
2555
3009
3565
3409
2150
240
-1542
-2439
-2355
-2191
-2630
-3618
-4778
-5365
-4796
-3356
-1902
-868
-403
-289
152
1008
2011
2763
2866
2666
2521
2161
1896
1499
48
-1407
-2102
-2701
-2766
-2524
-3111
-3999
-4396
-4314
-3354
-1827
-631
364
1137
1535
2149
2800
3043
3312
3523
3474
3444
2988
1928
819
-244
-1075
-1315
-1363
-1657
-2042
-2412
-2616
-2340
-1645
-797
106
922
1565
2280
2984
3452
3820
4042
4071
3964
3613
2981
2126
1384
1004
809
645
262
-385
-819
-779
-435
46
597
1173
1676
1899
1328
-779
-3569
-5150
-4911
-2940
-453
335
-1242
-3817
-5362
-4728
-2460
-147
1109
1047
477
727
1602
2301
2553
2289
2145
2650
3290
3326
2306
319
-1610
-2600
-2658
-2351
-2457
-3237
-4205
-4732
-4364
-3151
-1831
-914
-420
-163
375
1304
2238
2822
2783
2414
2172
2016
1918
1571
407
-961
-1894
-2531
-2587
-2413
-2805
-3446
-3872
-3922
-3191
-1931
-779
219
890
1332
1961
2516
2835
3148
3176
2991
3058
2817
2090
1296
192
-839
-1277
-1538
-1654
-1680
-2031
-2233
-2018
-1684
-981
-49
615
1226
1974
2605
3159
3632
3746
3720
3641
3214
2751
2342
1664
1076
732
214
-288
-506
-605
-542
-362
-66
549
1358
1941
1893
610
-1976
-4288
-4965
-4004
-1944
-181
-253
-1906
-3670
-4338
-3386
-1724
-359
427
608
905
1727
2417
2424
1894
1272
1273
2167
3200
3531
2611
623
-1397
-2708
-3140
-2919
-2776
-3083
-3450
-3622
-3329
-2485
-1756
-1459
-1313
-1045
-309
984
2178
2628
2378
1743
1216
1189
1513
1516
889
-3
-970
-1633
-1818
-2029
-2545
-3099
-3408
-3216
-2364
-1446
-834
-497
-373
26
837
1710
2458
2983
3071
2969
2853
2486
2028
1602
1067
622
418
105
-280
-594
-1143
-1599
-1602
-1373
-914
-221
357
713
1050
1429
1889
2390
2777
3037
3055
2717
2332
2014
1624
1313
1046
790
698
646
691
762
667
754
1035
1114
600
-948
-3172
-4995
-5631
-4802
-2979
-1620
-1597
-2403
-3248
-3448
-2737
-1553
-670
-239
302
1267
2538
3583
3703
2850
1722
1130
1533
2612
3374
3093
1726
-212
-1853
-2785
-3201
-3244
-3305
-3499
-3155
-2294
-1528
-976
-983
-1702
-2132
-1646
-453
1192
2472
2701
2266
1571
1032
1064
1157
787
190
-497
-1094
-1119
-1008
-1406
-2117
-3025
-3678
-3348
-2336
-1263
-349
34
53
336
777
1247
1731
1958
2068
2363
2710
2850
2674
2035
1088
318
-54
-60
132
145
-207
-700
-1089
-1185
-936
-541
-164
210
636
1210
1919
2394
2503
2422
2112
1850
1942
2059
1988
1794
1441
1098
980
1004
1050
1073
1153
1262
1228
748
-571
-2497
-4261
-5150
-4944
-3921
-2772
-2249
-2286
-2440
-2397
-2127
-1862
-1729
-1608
-1141
-2
1634
3051
3708
3418
2377
1396
1058
1249
1704
2072
1918
1228
410
-403
-1305
-2183
-2934
-3400
-3275
-2451
-1290
-371
-109
-565
-1352
-1922
-1883
-1218
-295
448
883
1082
1137
1274
1351
990
291
-433
-993
-1048
-595
-270
-324
-663
-1248
-1647
-1552
-1321
-1114
-874
-717
-363
392
1137
1595
1668
1305
944
916
1109
1491
1792
1704
1473
1236
910
647
360
-122
-566
-780
-766
-528
-152
139
224
233
332
581
947
1307
1485
1482
1420
1422
1611
1847
1876
1649
1296
983
881
1065
1387
1698
1933
2001
1761
915
-602
-2316
-3714
-4344
-4009
-3137
-2365
-1990
-1966
-2042
-2069
-2109
-2177
-2256
-2234
-1763
-674
694
1911
2620
2645
2187
1583
1209
1109
1068
1042
972
781
657
599
309
-254
-1048
-1798
-2124
-1913
-1238
-569
-286
-385
-754
-1105
-1129
-930
-800
-745
-784
-752
-362
169
615
747
334
-277
-727
-975
-932
-753
-652
-571
-446
-162
211
366
284
37
-301
-408
-104
424
931
1224
1254
1142
1037
984
946
883
711
515
461
513
624
667
501
192
-210
-552
-654
-568
-437
-294
-90
133
456
904
1190
1219
1036
744
645
816
1138
1468
1589
1477
1298
1087
940
866
704
595
703
926
1138
1180
725
-250
-1236
-1892
-2115
-1890
-1535
-1391
-1359
-1248
-1013
-681
-451
-571
-1018
-1464
-1641
-1412
-840
-213
236
437
479
479
432
262
-36
-463
-863
-968
-789
-422
-38
137
68
-122
-251
-216
-79
30
81
22
-51
78
249
310
232
-60
-422
-629
-626
-485
-334
-361
-559
-772
-934
-947
-821
-709
-680
-671
-569
-288
129
479
656
624
428
258
275
446
599
705
737
699
770
950
1031
963
652
146
-192
-316
-248
-30
88
78
49
48
85
85
-28
-132
-87
111
504
949
1167
1127
933
676
524
571
689
803
789
634
530
418
293
278
285
217
164
175
223
362
609
918
1108
1040
759
369
-38
-354
-509
-551
-522
-419
-186
45
67
-174
-702
-1395
-1999
-2278
-2143
-1707
-1308
-1092
-957
-980
-965
-704
-479
-431
-428
-500
-575
-373
-8
291
500
558
577
683
846
956
865
553
189
-27
-62
62
155
12
-305
-625
-823
-848
-724
-650
-676
-728
-765
-671
-471
-281
-204
-263
-360
-398
-307
-47
197
295
310
212
77
-13
-26
6
36
139
261
375
461
442
296
69
-131
-215
-130
62
290
469
521
507
497
491
495
544
564
574
681
806
959
1141
1163
1044
887
672
471
321
141
-6
-73
-112
-67
44
81
96
138
144
250
523
913
1461
1940
2147
2050
1595
949
398
17
-253
-383
-523
-667
-710
-784
-967
-1261
-1681
-2224
-2713
-2983
-3018
-2758
-2211
-1554
-968
-527
-278
-147
-40
39
132
190
252
497
850
1205
1474
1453
1188
878
575
349
194
-13
-265
-435
-465
-375
-255
-276
-429
-618
-753
-673
-433
-198
-89
-185
-371
-533
-647
-676
-654
-671
-693
-645
-525
-353
-198
-97
-112
-186
-171
-104
31
175
224
211
200
279
416
506
508
379
147
-23
2
112
244
418
528
605
755
898
961
918
820
750
727
838
997
1059
1025
836
537
281
64
-95
-144
-195
-246
-221
-166
-11
234
497
792
1037
1226
1530
1937
2262
2491
2369
1722
864
-16
-747
-1088
-1203
-1340
-1482
-1652
-1835
-1949
-2068
-2338
-2785
-3150
-3161
-2691
-1767
-697
146
576
688
709
797
952
1042
998
861
773
852
1067
1227
1123
675
54
-424
-648
-588
-383
-294
-387
-543
-590
-558
-484
-447
-598
-834
-944
-833
-558
-254
-96
-190
-436
-692
-869
-906
-908
-930
-891
-793
-596
-256
71
271
332
234
57
-61
-65
73
306
530
715
814
749
576
342
27
-245
-342
-243
72
465
745
853
761
568
409
367
452
554
697
893
1041
1121
1091
889
567
270
109
112
220
395
544
604
723
937
1130
1281
1428
1552
1788
2288
2838
3091
2749
1609
-46
-1571
-2523
-2774
-2553
-2299
-2244
-2331
-2398
-2380
-2409
-2616
-2914
-3048
-2672
-1621
-175
1154
1940
2040
1697
1334
1207
1279
1378
1333
1132
949
881
786
461
-215
-1110
-1868
-2087
-1656
-894
-230
54
-69
-371
-579
-621
-580
-561
-569
-429
-55
450
872
920
454
-320
-1080
-1588
-1716
-1576
-1393
-1191
-962
-786
-633
-539
-598
-731
-765
-574
-151
399
909
1241
1359
1311
1172
996
792
574
404
326
359
449
461
300
-38
-462
-790
-886
-757
-472
-119
189
430
638
771
816
824
832
913
1106
1352
1556
1637
1574
1418
1290
1278
1371
1535
1699
1795
1905
2140
2490
2734
2543
1649
2
-1857
-3205
-3636
-3190
-2441
-2063
-2290
-2819
-3176
-3090
-2645
-2160
-1805
-1425
-699
521
1904
2822
2907
2248
1380
948
1144
1652
1977
1756
1032
120
-688
-1333
-1907
-2417
-2752
-2650
-1951
-888
81
514
277
-324
-778
-716
-156
552
1067
1217
1062
831
576
218
-300
-915
-1447
-1693
-1609
-1485
-1591
-2009
-2583
-2904
-2678
-1964
-1024
-180
334
591
796
1025
1261
1445
1548
1631
1809
2089
2279
2109
1473
536
-401
-1025
-1205
-1111
-1015
-1071
-1278
-1491
-1573
-1481
-1256
-925
-434
274
1147
2010
2595
2686
2391
2026
1843
1958
2285
2521
2441
2112
1671
1245
969
819
694
648
836
1338
2031
2516
2321
1181
-751
-2713
-3779
-3622
-2570
-1382
-919
-1434
-2393
-3106
-3157
-2612
-1869
-1174
-502
329
1339
2210
2447
1889
960
276
309
1045
1879
2160
1636
521
-695
-1615
-2136
-2350
-2356
-2119
-1550
-699
132
549
386
-152
-606
-545
114
1028
1649
1633
1041
200
-483
-816
-902
-940
-1057
-1217
-1304
-1359
-1531
-1942
-2567
-3070
-3019
-2247
-1003
193
868
889
579
418
651
1205
1792
2164
2270
2192
1967
1583
979
146
-616
-1040
-1100
-917
-793
-992
-1454
-1902
-2060
-1778
-1217
-589
36
588
1110
1649
2105
2316
2308
2241
2188
2237
2347
2322
2086
1694
1218
778
444
248
228
357
605
882
1123
1362
1636
1808
1648
946
-408
-1912
-2781
-2689
-1869
-1029
-960
-1790
-2872
-3412
-2984
-1894
-841
-259
-102
79
611
1292
1657
1499
984
642
878
1489
1913
1642
643
-614
-1533
-1793
-1575
-1302
-1201
-1207
-1153
-849
-386
-28
127
150
234
539
985
1265
1176
673
-35
-579
-806
-703
-451
-358
-547
-992
-1526
-1913
-2075
-2055
-1962
-1876
-1740
-1440
-930
-282
283
578
656
654
742
1041
1428
1701
1688
1389
970
631
428
234
-35
-431
-892
-1242
-1392
-1366
-1234
-1071
-907
-695
-403
-54
307
701
1133
1582
1997
2260
2321
2217
2022
1808
1638
1513
1396
1297
1134
855
496
134
-37
139
580
1074
1382
1402
1334
1445
1751
1937
1630
581
-953
-2149
-2437
-1899
-1162
-1010
-1732
-2836
-3449
-3093
-2052
-1017
-491
-441
-401
2
695
1215
1216
850
527
620
1089
1456
1245
435
-552
-1242
-1410
-1256
-1141
-1220
-1410
-1415
-1076
-523
-34
217
258
273
424
642
745
613
285
-39
-190
-166
-73
-57
-208
-509
-928
-1371
-1675
-1729
-1531
-1160
-863
-870
-1074
-1280
-1261
-845
-173
449
778
790
628
515
590
829
1066
1138
1045
854
575
242
-88
-443
-756
-895
-856
-722
-617
-594
-644
-664
-493
-121
312
720
1054
1299
1540
1826
2074
2185
2144
1931
1617
1363
1178
1045
948
803
636
495
360
271
273
384
612
897
1168
1411
1657
1878
1913
1558
650
-619
-1619
-1873
-1452
-841
-756
-1510
-2647
-3358
-3131
-2145
-1070
-502
-502
-668
-580
-158
310
529
526
553
774
1068
1115
715
8
-628
-858
-671
-402
-414
-751
-1185
-1399
-1217
-724
-184
156
301
306
211
125
73
91
212
384
471
355
65
-239
-370
-313
-264
-440
-839
-1285
-1534
-1457
-1216
-1107
-1234
-1436
-1448
-1094
-486
8
232
262
304
612
1129
1558
1654
1395
955
603
455
363
198
-83
-437
-738
-906
-1000
-1062
-1096
-1041
-824
-516
-156
212
527
822
1135
1476
1780
2015
2174
2187
2025
1742
1430
1148
928
721
468
198
17
-1
105
239
308
355
537
928
1452
1931
2246
2443
2511
2333
1709
532
-849
-1745
-1775
-1200
-765
-1158
-2389
-3691
-4136
-3467
-2250
-1224
-811
-885
-894
-517
26
424
594
707
1014
1467
1677
1338
556
-220
-581
-494
-323
-461
-958
-1500
-1726
-1543
-1146
-788
-593
-459
-242
24
235
339
396
541
796
996
896
508
73
-223
-261
-170
-252
-623
-1141
-1590
-1809
-1739
-1532
-1382
-1298
-1233
-1112
-830
-432
-26
341
614
814
1005
1188
1327
1358
1250
1007
678
323
21
-182
-300
-379
-481
-622
-780
-845
-735
-485
-172
147
440
718
1035
1345
1526
1582
1565
1504
1484
1461
1316
1073
762
479
310
199
113
80
137
307
557
793
972
1170
1453
1806
2130
2230
2071
1884
1772
1667
1377
569
-731
-1905
-2431
-2301
-1893
-1877
-2535
-3393
-3727
-3199
-2097
-1043
-501
-400
-349
-92
283
538
597
617
784
1024
1050
646
-64
-659
-867
-785
-709
-904
-1362
-1734
-1756
-1433
-930
-439
-13
369
698
881
842
696
667
836
1114
1284
1097
545
-76
-475
-593
-525
-512
-708
-1065
-1497
-1810
-1892
-1804
-1541
-1199
-966
-874
-847
-768
-500
14
589
995
1167
1166
1145
1195
1259
1237
1066
772
449
213
46
-138
-309
-448
-541
-577
-578
-593
-598
-486
-253
53
373
596
732
869
1012
1160
1296
1385
1405
1374
1303
1142
938
838
891
1001
1074
1000
715
441
396
585
861
1041
1098
1055
990
1029
1101
1088
1091
1164
1141
867
219
-681
-1363
-1488
-1177
-863
-1033
-1782
-2606
-2894
-2470
-1666
-1021
-825
-950
-1043
-902
-621
-359
-179
-18
219
418
400
147
-190
-373
-299
-108
-91
-316
-619
-820
-777
-548
-310
-174
-87
21
103
113
29
-60
-14
166
366
396
148
-215
-462
-466
-307
-180
-253
-600
-1037
-1362
-1493
-1407
-1226
-1061
-974
-982
-1005
-884
-552
-76
448
819
920
861
774
748
848
970
989
903
718
441
129
-172
-399
-473
-399
-307
-334
-460
-610
-670
-478
-71
351
693
951
1130
1300
1510
1708
1846
1882
1797
1638
1435
1182
907
677
488
380
409
444
379
270
202
277
537
870
1098
1181
1194
1248
1401
1580
1722
1736
1505
1061
460
-273
-948
-1316
-1400
-1409
-1517
-1899
-2455
-2821
-2727
-2188
-1517
-1034
-842
-834
-818
-693
-442
-146
107
339
510
515
339
73
-148
-226
-142
-47
-154
-413
-695
-891
-893
-718
-475
-233
-31
64
57
2
1
138
393
618
615
354
-80
-485
-682
-713
-668
-629
-694
-888
-1168
-1502
-1730
-1637
-1276
-797
-404
-374
-608
-745
-591
-123
443
807
869
720
542
484
521
544
544
506
374
159
-86
-342
-519
-456
-230
-6
130
91
-44
-115
-10
266
580
869
1069
1128
1113
1062
1021
1050
1122
1179
1147
978
711
486
399
416
521
673
764
761
726
694
715
845
1077
1336
1509
1542
1481
1416
1427
1562
1729
1734
1508
1005
226
-547
-1005
-1107
-1000
-964
-1264
-1883
-2473
-2647
-2304
-1735
-1343
-1253
-1362
-1465
-1330
-996
-660
-397
-148
111
301
386
342
208
126
168
256
233
71
-169
-422
-612
-692
-687
-646
-577
-502
-474
-495
-490
-397
-221
-38
37
-51
-221
-339
-355
-317
-305
-382
-554
-733
-904
-1144
-1375
-1460
-1361
-1101
-810
-701
-861
-1103
-1134
-809
-228
348
697
755
659
639
759
938
1121
1259
1260
1082
777
408
95
-15
87
247
307
201
-29
-244
-332
-226
45
349
611
784
794
638
486
468
594
833
1087
1183
1038
784
571
464
545
769
1015
1203
1239
1142
1019
950
1022
1252
1515
1676
1714
1642
1495
1364
1245
1138
1074
959
740
356
-243
-905
-1363
-1478
-1344
-1156
-1174
-1523
-1954
-2156
-1999
-1595
-1195
-955
-908
-968
-981
-908
-795
-631
-383
-123
-24
-169
-472
-784
-906
-722
-377
-129
-128
-317
-549
-713
-697
-476
-184
59
204
195
2
-245
-360
-326
-249
-208
-264
-501
-824
-1054
-1190
-1263
-1263
-1207
-1126
-1062
-1032
-997
-989
-968
-776
-428
-95
131
220
178
118
203
420
619
735
751
685
565
454
457
532
608
712
759
632
389
169
42
15
69
109
46
-93
-187
-173
-108
4
166
300
403
504
594
664
744
870
1064
1277
1408
1430
1349
1190
1059
1058
1130
1173
1171
1095
965
877
845
880
970
1095
1264
1399
1424
1346
1231
1154
1177
1327
1469
1447
1226
817
306
-195
-596
-845
-988
-1112
-1310
-1645
-2082
-2487
-2655
-2546
-2277
-1962
-1725
-1607
-1539
-1426
-1243
-1003
-716
-417
-165
-29
-43
-146
-245
-293
-257
-197
-225
-379
-607
-793
-894
-893
-803
-710
-616
-521
-437
-383
-389
-401
-357
-284
-210
-163
-183
-290
-404
-454
-502
-572
-635
-707
-790
-830
-822
-807
-769
-669
-518
-332
-138
25
128
176
228
326
444
561
666
697
651
595
556
572
637
670
645
575
486
415
399
393
357
330
328
348
380
396
391
368
375
456
585
706
775
792
774
758
787
857
924
967
1020
1064
1074
1097
1126
1153
1211
1289
1332
1277
1141
993
859
772
743
716
670
598
517
460
425
434
485
519
512
481
396
275
148
-20
-233
-442
-625
-763
-904
-1114
-1368
-1653
-1892
-1987
-1974
-1930
-1901
-1892
-1896
-1846
-1692
-1513
-1340
-1158
-982
-808
-649
-516
-410
-336
-273
-223
-214
-229
-243
-257
-271
-295
-331
-378
-448
-500
-504
-500
-473
-406
-357
-351
-337
-306
-288
-238
-133
-67
-68
-93
-147
-240
-335
-383
-376
-338
-265
-173
-168
-248
-273
-222
-99
77
222
306
368
439
528
610
649
660
693
713
687
626
504
365
308
316
339
353
303
236
221
264
377
523
630
712
799
863
903
921
915
909
904
927
969
965
892
781
691
651
669
734
784
801
795
781
757
728
732
760
785
835
888
877
803
695
566
455
385
337
297
211
80
-5
-63
-101
-99
-131
-234
-358
-477
-580
-639
-662
-685
-733
-823
-959
-1106
-1210
-1271
-1314
-1361
-1466
-1606
-1713
-1773
-1761
-1709
-1648
-1537
-1403
-1266
-1143
-1072
-1027
-958
-836
-687
-562
-507
-511
-531
-531
-490
-423
-375
-350
-326
-306
-295
-282
-246
-184
-100
14
127
199
231
242
246
265
316
371
397
418
420
389
347
301
284
287
255
206
155
104
103
187
309
407
456
455
431
409
411
442
475
503
536
536
473
372
279
206
166
176
206
250
319
402
487
522
522
559
639
757
898
985
979
951
922
922
966
961
889
780
636
501
412
356
310
271
215
153
92
29
15
57
135
261
386
450
477
491
488
492
520
551
557
514
422
303
181
90
39
-1
-62
-144
-241
-347
-449
-547
-666
-798
-904
-980
-1053
-1170
-1323
-1483
-1625
-1719
-1738
-1731
-1746
-1759
-1757
-1723
-1658
-1584
-1478
-1361
-1244
-1084
-931
-837
-745
-629
-524
-414
-291
-176
-65
36
118
181
209
195
202
239
281
351
422
450
460
472
512
597
702
805
862
834
750
665
601
568
567
561
486
346
181
11
-114
-152
-141
-110
-88
-102
-123
-139
-133
-60
31
128
263
383
463
498
482
463
458
474
538
578
553
502
435
382
367
371
370
335
288
290
330
370
415
451
451
453
494
556
595
597
590
559
502
455
424
395
380
389
381
328
279
236
191
177
178
199
239
264
265
240
190
153
146
135
129
140
138
106
61
0
-80
-155
-216
-295
-416
-569
-713
-819
-909
-980
-1059
-1190
-1321
-1400
-1445
-1474
-1514
-1579
-1629
-1634
-1609
-1564
-1510
-1462
-1375
-1233
-1049
-851
-691
-578
-472
-343
-197
-64
41
126
208
299
377
431
456
437
414
448
516
580
615
606
573
546
566
627
676
691
689
653
595
569
570
579
585
581
551
479
390
315
256
203
181
164
110
39
-47
-143
-215
-237
-204
-168
-151
-151
-168
-154
-101
-14
99
176
234
298
339
375
414
455
507
572
644
677
660
591
507
449
407
389
381
352
310
263
220
168
124
127
158
205
253
277
287
297
310
329
345
340
321
312
293
253
202
135
53
-28
-106
-172
-241
-310
-351
-374
-374
-350
-337
-347
-358
-347
-319
-285
-252
-229
-227
-244
-279
-323
-384
-479
-569
-659
-775
-889
-994
-1099
-1183
-1242
-1284
-1313
-1312
-1279
-1234
-1188
-1143
-1090
-1026
-934
-789
-633
-502
-395
-314
-251
-185
-105
-8
102
208
313
410
470
493
501
517
566
643
731
814
849
837
814
788
756
719
691
650
590
539
489
408
322
225
117
43
-10
-58
-83
-117
-145
-130
-104
-61
-6
24
33
27
43
97
162
221
254
252
212
174
169
180
216
275
321
366
413
438
444
445
471
514
558
593
609
604
568
541
518
466
413
360
290
211
130
42
-42
-94
-132
-156
-159
-177
-200
-201
-185
-137
-67
10
71
77
65
54
31
21
3
-30
-53
-70
-96
-127
-164
-183
-177
-158
-141
-160
-215
-272
-307
-298
-269
-273
-301
-344
-421
-494
-558
-655
-769
-867
-929
-967
-1018
-1085
-1148
-1188
-1185
-1145
-1078
-1004
-923
-827
-733
-621
-478
-335
-194
-51
86
209
302
379
440
450
449
435
389
346
332
334
338
351
361
366
381
386
401
443
490
544
594
598
565
532
495
448
414
364
280
192
115
60
13
-48
-117
-186
-244
-272
-267
-243
-203
-131
-42
40
117
181
237
291
341
390
443
482
498
506
491
477
489
506
508
490
446
384
325
288
277
270
242
203
163
112
92
106
111
103
92
82
79
89
96
92
99
120
121
107
91
61
40
33
44
61
76
69
46
43
36
21
31
54
71
60
22
-36
-74
-75
-83
-111
-154
-231
-297
-345
-375
-387
-421
-456
-494
-531
-564
-629
-710
-794
-877
-941
-980
-1007
-1033
-1038
-1007
-970
-899
-805
-721
-623
-523
-420
-289
-164
-73
14
98
175
267
354
410
441
437
414
421
430
422
411
377
330
290
271
256
207
165
155
156
182
223
253
251
220
191
165
146
142
141
141
127
107
88
67
52
55
71
86
99
108
106
106
111
107
127
163
204
248
255
236
231
227
238
276
309
324
331
333
333
336
354
381
412
433
438
428
403
369
354
360
336
307
292
235
167
122
76
59
46
21
4
-36
-92
-122
-101
-46
14
60
86
96
99
118
135
131
108
68
26
-22
-90
-175
-275
-372
-452
-538
-614
-682
-745
-798
-835
-843
-845
-847
-833
-817
-797
-760
-709
-638
-573
-522
-496
-495
-506
-512
-494
-463
-419
-378
-362
-339
-306
-259
-206
-161
-99
-19
55
138
224
275
299
326
358
390
428
444
426
397
375
383
392
384
367
330
289
270
265
255
226
177
130
120
139
152
159
152
130
120
145
179
205
223
221
206
181
175
190
186
188
196
192
205
228
258
283
295
299
304
328
347
355
349
314
292
278
261
254
232
202
166
143
156
176
186
185
189
193
189
201
195
164
148
131
124
129
134
111
62
24
-24
-55
-49
-58
-77
-116
-187
-249
-294
-318
-344
-392
-448
-509
-550
-559
-553
-554
-563
-576
-599
-614
-636
-668
-694
-694
-663
-623
-577
-550
-551
-542
-533
-522
-483
-452
-416
-379
-361
-339
-312
-279
-250
-234
-204
-159
-114
-55
18
91
153
223
289
360
428
463
482
479
470
461
452
443
401
348
280
216
181
146
130
114
88
72
65
97
149
203
251
291
337
369
405
441
444
444
440
433
433
425
400
350
296
234
169
125
91
63
24
0
21
45
93
147
163
190
207
239
295
342
401
415
395
380
347
323
295
233
161
88
25
-29
-69
-111
-141
-141
-119
-71
-28
-12
-21
-34
-7
48
112
172
189
164
102
14
-57
-136
-219
-290
-358
-417
-479
-533
-576
-616
-646
-672
-683
-708
-725
-723
-723
-724
-746
-756
-754
-749
-726
-713
-685
-648
-623
-593
-560
-505
-449
-385
-302
-237
-165
-105
-67
-29
4
49
94
138
173
187
207
219
206
208
206
196
186
179
200
234
265
286
298
317
337
355
357
347
349
346
367
407
429
428
401
361
319
292
264
239
247
253
267
306
340
388
441
481
513
539
550
539
531
523
500
463
409
344
272
195
145
107
62
32
17
9
12
43
80
124
171
189
205
217
214
223
238
241
232
218
177
114
59
-7
-63
-100
-128
-131
-126
-133
-150
-154
-153
-152
-140
-147
-142
-125
-145
-183
-240
-308
-358
-405
-457
-508
-562
-634
-709
-769
-817
-842
-836
-826
-796
-745
-707
-647
-591
-547
-484
-443
-410
-357
-311
-262
-211
-180
-167
-151
-129
-106
-79
-65
-61
-54
-41
-28
0
39
66
86
81
69
88
104
120
152
173
175
180
185
185
187
179
179
203
226
257
288
309
331
345
379
416
434
449
434
413
400
380
374
359
334
329
315
314
328
339
348
350
351
359
386
404
404
413
404
381
363
333
292
248
177
106
71
28
-14
-28
-62
-108
-117
-101
-75
-38
-14
13
63
99
131
181
223
251
278
284
271
245
182
106
44
-20
-73
-126
-190
-249
-306
-377
-446
-478
-495
-509
-508
-498
-495
-499
-488
-472
-446
-419
-404
-381
-377
-381
-376
-390
-401
-405
-409
-395
-390
-410
-433
-457
-469
-466
-452
-425
-405
-379
-347
-315
-255
-214
-187
-146
-119
-81
-25
11
45
96
121
132
159
167
175
197
213
229
230
230
230
217
201
196
199
202
212
205
182
183
203
233
285
339
373
408
452
476
506
544
572
594
580
547
541
520
477
433
373
317
273
223
174
126
70
26
16
25
40
70
102
127
162
202
234
261
280
291
302
294
283
276
243
182
115
47
-25
-85
-136
-185
-213
-236
-258
-257
-255
-260
-261
-251
-220
-179
-146
-121
-103
-90
-93
-96
-93
-115
-148
-201
-263
-300
-352
-410
-442
-486
-544
-576
-583
-595
-593
-581
-569
-537
-504
-466
-422
-389
-349
-310
-282
-244
-217
-207
-198
-200
-214
-211
-182
-153
-131
-110
-116
-130
-131
-134
-125
-107
-89
-63
-39
-19
1
24
44
67
112
155
194
229
249
271
296
312
335
368
388
382
369
359
347
346
347
343
349
355
353
350
339
327
317
326
336
352
381
401
422
438
448
453
444
428
399
357
306
267
225
187
156
102
48
-7
-65
-75
-71
-80
-82
-82
-73
-43
-4
19
34
44
40
33
45
64
62
53
37
25
20
2
-13
-34
-61
-63
-75
-100
-116
-156
-205
-238
-268
-286
-288
-292
-314
-345
-371
-385
-378
-378
-383
-370
-358
-352
-341
-330
-336
-350
-350
-345
-326
-298
-282
-275
-278
-285
-289
-294
-299
-303
-314
-318
-309
-290
-264
-242
-232
-221
-202
-166
-129
-66
-10
17
43
48
45
58
71
84
80
65
59
48
35
20
15
15
16
50
93
139
195
246
297
365
437
505
556
578
592
607
613
615
608
575
529
490
438
383
342
298
248
201
161
134
118
97
74
66
61
56
90
116
114
126
132
128
136
148
156
149
135
111
83
77
65
43
36
3
-32
-48
-69
-96
-123
-137
-148
-165
-162
-151
-141
-133
-120
-94
-82
-79
-80
-84
-91
-110
-134
-173
-214
-239
-257
-269
-278
-277
-288
-301
-308
-333
-348
-353
-345
-324
-311
-297
-276
-255
-233
-220
-199
-174
-165
-152
-127
-113
-90
-56
-44
-51
-66
-85
-99
-124
-143
-149
-153
-144
-139
-142
-148
-167
-178
-169
-149
-109
-53
0
39
71
100
131
163
194
221
244
277
296
307
320
318
315
312
302
298
284
271
261
243
221
207
205
197
208
224
230
250
263
269
283
289
279
271
268
264
265
248
225
207
188
173
155
144
135
120
103
82
58
32
8
-13
-25
-33
-44
-50
-63
-76
-86
-95
-84
-79
-73
-60
-69
-71
-86
-105
-108
-110
-110
-112
-111
-115
-127
-131
-144
-163
-176
-195
-220
-236
-244
-243
-236
-233
-231
-231
-237
-245
-247
-229
-215
-200
-173
-168
-155
-146
-152
-147
-142
-131
-119
-129
-145
-154
-175
-197
-207
-218
-235
-244
-226
-205
-190
-164
-150
-132
-114
-105
-79
-55
-15
11
18
55
81
86
84
82
93
102
135
174
174
166
155
122
100
92
95
110
117
131
138
130
144
155
165
184
210
246
273
301
328
345
366
378
390
389
376
350
328
318
280
237
195
136
85
46
19
4
-6
-16
-23
-22
-18
-7
18
40
60
84
102
118
121
122
123
111
97
79
63
45
7
-31
-73
-127
-167
-195
-207
-215
-220
-221
-231
-227
-222
-216
-197
-168
-144
-122
-80
-47
-25
-10
-7
-9
-18
-26
-34
-54
-74
-105
-144
-181
-225
-257
-279
-293
-294
-281
-255
-237
-215
-193
-187
-168
-147
-124
-97
-85
-72
-55
-38
-27
-22
-23
-31
-34
-34
-37
-40
-48
-63
-92
-122
-135
-128
-123
-115
-87
-75
-65
-37
-13
19
50
90
133
180
226
250
267
264
252
239
224
225
225
223
210
181
149
114
85
58
38
24
26
37
37
37
37
51
72
89
121
145
160
181
203
230
259
285
291
278
252
208
163
140
115
67
18
-35
-90
-118
-129
-141
-150
-154
-155
-155
-147
-127
-105
-74
-22
7
33
65
75
78
65
43
35
32
24
-1
-34
-70
-110
-147
-195
-242
-254
-248
-236
-192
-146
-110
-80
-63
-45
-21
16
48
69
97
103
92
80
50
18
-16
-55
-84
-106
-128
-146
-167
-186
-206
-221
-208
-192
-168
-126
-97
-68
-39
-22
-11
-3
4
21
43
75
97
83
65
39
9
0
-3
8
18
16
28
27
29
24
7
12
23
47
73
87
96
86
77
75
80
90
94
93
97
108
120
128
134
147
150
134
113
110
112
109
101
85
71
61
45
20
7
-4
-16
-14
-14
-13
-10
3
16
25
55
67
62
63
50
35
19
1
-15
-44
-67
-91
-120
-149
-170
-189
-209
-205
-200
-178
-141
-116
-80
-64
-59
-40
-16
34
75
94
109
94
66
29
-5
-30
-74
-95
-120
-148
-146
-154
-157
-155
-151
-126
-96
-59
-26
12
52
77
101
119
114
111
91
69
70
59
36
20
-4
-33
-69
-90
-95
-96
-89
-75
-51
-21
7
39
47
55
68
85
116
129
137
141
131
122
113
109
97
82
69
49
30
20
20
17
15
15
14
20
28
39
51
46
36
30
19
13
19
31
38
44
53
58
64
77
84
91
106
117
119
116
101
66
39
18
-15
-43
-63
-79
-92
-98
-100
-112
-121
-124
-129
-123
-98
-70
-51
-42
-37
-18
-10
-11
2
0
-14
-34
-70
-92
-112
-124
-129
-139
-139
-145
-146
-136
-126
-108
-98
-78
-51
-28
-4
3
13
26
27
17
4
-1
-16
-38
-48
-46
-41
-53
-76
-86
-93
-96
-90
-90
-82
-72
-67
-52
-38
-22
4
23
20
16
23
32
47
54
69
91
95
98
97
96
99
93
91
100
117
116
103
93
76
62
56
41
15
-5
-24
-36
-40
-37
-22
-12
3
24
39
68
101
136
159
185
221
215
204
196
167
139
111
95
66
28
9
-18
-46
-53
-51
-61
-62
-42
-28
-6
22
47
74
73
72
76
62
60
67
51
30
6
-25
-56
-88
-112
-126
-128
-114
-122
-126
-118
-118
-106
-88
-64
-31
-16
-17
-3
2
-4
13
29
34
35
31
13
-9
-23
-40
-52
-60
-64
-59
-61
-52
-40
-39
-33
-39
-39
-39
-42
-29
-37
-44
-33
-41
-55
-73
-79
-70
-62
-45
-15
2
12
23
24
38
55
65
65
54
51
43
29
22
14
2
-13
-29
-53
-84
-103
-110
-116
-95
-77
-61
-28
-17
-1
31
68
103
128
146
139
137
133
105
101
92
59
34
1
-27
-40
-61
-71
-66
-59
-46
-19
5
21
36
46
59
78
91
109
131
143
139
130
107
82
61
38
33
31
19
4
-21
-59
-85
-98
-109
-100
-85
-77
-75
-79
-74
-55
-30
-6
20
33
40
48
40
21
15
2
-9
-1
-5
-6
-10
-27
-52
-69
-73
-73
-69
-65
-62
-60
-63
-71
-66
-46
-42
-38
-25
-9
16
21
29
42
45
51
44
37
36
22
13
4
-2
-2
-13
-34
-47
-55
-68
-68
-58
-52
-35
-14
3
16
31
34
26
29
27
29
53
64
61
57
39
19
3
-1
14
20
20
26
26
25
19
9
-6
-14
-8
0
15
30
28
12
-4
-2
-5
1
22
33
32
31
33
37
32
45
65
72
82
80
75
65
50
45
43
43
37
12
-22
-50
-70
-70
-63
-57
-44
-32
-31
-32
-20
-3
22
31
29
40
42
32
22
8
-9
-25
-43
-48
-65
-91
-109
-127
-139
-143
-138
-129
-115
-92
-78
-60
-37
-13
7
22
40
37
37
45
33
10
-8
-9
-12
-16
-26
-40
-58
-73
-78
-80
-71
-57
-43
-40
-46
-37
-21
-14
-15
0
15
19
35
58
72
70
69
65
64
66
66
63
62
73
67
55
56
38
22
10
-3
-7
-14
-11
-19
-34
-38
-47
-33
-12
1
20
32
40
43
53
66
72
85
99
102
99
89
67
47
38
11
-9
-15
-36
-51
-66
-73
-67
-57
-24
-6
10
32
45
70
89
106
122
113
105
102
82
51
28
-1
-35
-56
-71
-85
-95
-105
-110
-124
-125
-100
-68
-51
-36
-12
-3
8
21
28
38
41
49
47
31
28
19
3
1
-11
-26
-38
-47
-61
-81
-95
-97
-85
-81
-87
-88
-82
-64
-46
-31
-17
-2
12
16
31
43
45
47
38
32
16
4
8
7
9
15
14
5
-5
-10
-19
-22
-9
12
24
27
26
33
29
28
52
72
84
83
84
91
76
65
74
70
57
40
16
-10
-33
-48
-53
-55
-54
-52
-44
-50
-61
-56
-44
-20
1
22
52
70
85
91
93
91
79
63
45
35
14
-15
-30
-43
-72
-87
-91
-98
-89
-79
-83
-75
-70
-50
-27
-14
7
17
29
38
31
25
25
31
35
31
25
16
-8
-31
-42
-55
-70
-70
-82
-99
-97
-95
-82
-57
-35
-14
-8
1
3
12
29
33
53
64
73
71
53
46
31
10
1
-6
-19
-38
-46
-48
-41
-42
-45
-32
-34
-38
-35
-20
4
27
47
56
56
65
69
70
81
82
80
87
84
74
63
53
39
34
29
17
13
0
-11
-17
-23
-20
-14
-7
1
8
17
24
34
48
60
74
85
88
95
96
87
74
57
38
9
-5
-23
-60
-85
-109
-125
-137
-141
-122
-112
-99
-74
-60
-36
-18
3
29
46
67
78
86
87
74
50
27
13
-20
-48
-64
-92
-126
-140
-143
-151
-139
-138
-126
-105
-95
-64
-44
-21
22
43
48
65
63
62
66
49
32
28
30
11
-23
-29
-45
-69
-68
-78
-77
-72
-71
-61
-59
-39
-24
-15
12
23
38
59
79
94
83
84
79
64
66
55
46
38
13
-3
-29
-42
-38
-56
-47
-35
-29
-10
-4
4
5
6
21
28
42
59
64
60
57
59
57
61
71
78
78
72
67
61
57
42
35
35
21
7
-17
-38
-63
-79
-76
-83
-68
-53
-54
-39
-27
-17
1
25
40
42
47
48
48
44
34
29
12
1
-18
-39
-57
-86
-90
-105
-115
-99
-95
-89
-82
-74
-61
-39
-10
10
37
62
72
79
90
93
76
59
38
8
-5
-15
-41
-61
-73
-89
-97
-101
-99
-84
-61
-41
-24
-7
19
45
64
85
103
122
140
138
118
98
79
65
56
32
14
2
-14
-39
-57
-58
-60
-45
-32
-21
3
18
34
39
40
53
54
55
69
67
55
47
39
24
17
13
1
-3
-16
-32
-29
-32
-28
-18
-16
2
8
3
6
-3
-2
-1
-10
11
29
24
22
13
-3
-8
-14
-14
-10
-8
-8
-14
-19
-29
-41
-35
-36
-45
-47
-43
-50
-75
-76
-75
-86
-74
-74
-74
-68
-59
-51
-39
-26
-14
4
2
14
24
24
31
21
18
14
-11
-15
-18
-30
-40
-59
-57
-66
-78
-59
-54
-45
-34
-27
-14
-9
1
18
37
56
75
80
79
78
62
53
47
40
42
33
16
7
-4
-17
-18
-16
-7
13
23
29
32
47
61
69
87
88
97
117
112
92
74
54
44
31
7
0
7
-12
-27
-28
-44
-41
-33
-29
-21
-14
5
15
22
30
31
36
35
33
31
25
17
16
10
6
11
5
-8
-7
-19
-30
-19
-22
-20
-12
-16
-19
-25
-23
-18
-32
-33
-28
-44
-44
-47
-59
-47
-48
-50
-27
-29
-39
-33
-39
-43
-25
-16
-12
2
4
-14
-24
-24
-34
-31
-21
-25
-29
-30
-33
-41
-34
-19
-23
-13
-8
-17
-11
-13
-15
1
26
35
27
32
25
15
2
-4
12
20
22
14
8
6
-6
-13
-14
-10
1
8
6
9
10
14
27
32
44
59
63
69
68
61
55
61
61
50
48
37
25
12
0
-12
-17
-13
-17
-17
-20
-14
-14
-24
-11
-4
4
6
3
10
-1
-8
0
-3
-8
-4
-4
0
-9
-13
-5
-12
-11
-8
-5
4
2
12
16
-2
-8
-7
-14
-24
-29
-28
-23
-26
-26
-21
-24
-24
-23
-20
-20
-16
-7
-5
-7
-1
5
3
9
12
13
13
-7
-13
-10
-19
-31
-28
-20
-31
-30
-27
-37
-27
-17
-5
12
31
50
57
60
68
60
48
53
55
37
26
19
0
-21
-37
-41
-47
-53
-53
-47
-36
-34
-23
-9
1
19
40
58
63
74
79
70
69
63
62
62
48
33
18
3
-16
-21
-17
-28
-34
-34
-40
-38
-29
-27
-11
5
5
8
11
12
6
11
18
22
19
13
12
-4
-23
-23
-18
-20
-21
-21
-33
-38
-41
-50
-50
-42
-36
-41
-33
-36
-41
-36
-36
-21
-9
-3
12
13
9
21
17
18
32
29
32
24
9
6
4
-10
-25
-34
-43
-45
-49
-56
-59
-57
-43
-43
-33
-13
-3
26
40
39
62
73
79
84
77
73
76
67
53
42
28
22
6
-14
-25
-39
-47
-53
-57
-41
-24
-17
-20
-18
-12
-14
-6
23
43
54
74
76
70
73
66
60
54
41
35
23
12
2
-17
-25
-30
-41
-44
-47
-50
-50
-53
-44
-23
-8
-2
17
29
17
23
34
30
38
48
45
40
40
28
8
-2
-16
-35
-40
-46
-54
-61
-67
-60
-64
-64
-53
-55
-50
-33
-27
-15
8
21
32
37
40
41
42
43
45
43
34
31
21
1
-13
-19
-35
-46
-56
-68
-73
-81
-84
-71
-62
-57
-38
-22
-8
3
29
58
66
91
107
105
105
96
87
73
52
34
20
-6
-26
-46
-72
-83
-84
-82
-74
-60
-38
-25
-10
9
14
33
55
72
78
81
83
69
62
48
32
22
11
5
-22
-42
-51
-63
-62
-59
-49
-46
-40
-32
-37
-31
-20
-4
11
24
36
29
28
23
18
23
29
26
22
32
26
10
2
-8
-7
-12
-26
-26
-27
-32
-42
-58
-57
-63
-62
-48
-37
-32
-23
-11
-4
8
19
29
44
51
63
64
57
61
50
44
48
40
24
9
-10
-28
-46
-63
-53
-51
-52
-40
-49
-50
-27
-18
-1
16
32
59
72
79
77
77
68
54
55
41
33
32
13
-5
-22
-39
-54
-64
-72
-60
-51
-52
-32
-13
-3
4
13
23
41
55
57
56
60
67
58
54
42
17
9
-8
-34
-46
-47
-47
-52
-57
-56
-49
-51
-50
-49
-43
-22
-16
-6
20
36
31
23
23
18
5
-2
-2
-8
-8
-1
-10
-23
-34
-31
-28
-29
-23
-8
-2
-7
-15
-16
-10
-7
-1
-1
-1
-6
-19
-17
-18
-24
-16
-12
-9
8
-3
-9
9
12
10
13
26
27
16
8
-1
1
0
1
0
4
8
-1
1
2
1
-5
1
19
25
36
35
38
45
26
22
33
38
41
33
32
19
5
3
-14
-15
-11
-12
-1
2
-1
-5
1
7
3
10
28
27
17
17
7
-2
7
0
0
5
6
4
-12
-1
-1
-2
7
9
21
16
14
11
-4
-1
-1
-3
1
-20
-28
-33
-54
-62
-58
-43
-40
-38
-24
-27
-13
-5
0
25
29
40
53
43
31
29
18
2
-5
-19
-36
-39
-55
-68
-59
-62
-62
-52
-45
-40
-25
-10
7
21
26
37
47
53
54
50
46
39
21
5
-3
-15
-21
-29
-31
-36
-48
-59
-58
-51
-48
-35
-5
15
21
40
45
46
52
60
65
65
65
53
50
32
12
6
-9
-14
-23
-27
-26
-38
-37
-38
-40
-23
-9
6
24
36
42
33
25
28
20
24
21
6
19
8
-14
-13
-19
-17
-19
-17
-7
-7
-9
-10
3
0
-2
12
14
8
3
2
-9
-11
-15
-19
-12
-15
-13
-16
-21
-16
-30
-30
-14
-14
-2
10
12
10
12
5
-1
4
-2
5
2
-12
-11
-21
-25
-26
-26
-19
-17
-13
-9
-10
-5
-2
2
8
10
9
9
15
22
23
7
1
10
-2
-21
-20
-16
-4
0
-12
-7
1
1
0
-1
8
15
13
14
18
16
17
24
21
22
24
10
7
10
4
7
17
21
20
29
27
10
12
13
10
13
6
7
0
-11
-4
-13
-17
-10
-8
-4
-6
1
6
10
13
23
35
36
40
36
26
22
11
1
-8
-5
-15
-34
-31
-42
-48
-47
-46
-36
-34
-25
-8
2
9
21
37
37
34
45
42
24
14
9
3
-13
-23
-27
-40
-47
-60
-69
-57
-59
-56
-42
-30
-14
-12
6
20
20
37
44
40
44
41
34
25
2
-4
2
-17
-30
-32
-42
-39
-40
-43
-35
-24
-10
-4
0
3
10
12
12
15
22
26
20
15
7
2
-10
-12
1
-1
-1
-8
-11
-2
-7
-2
3
5
12
13
22
25
19
20
15
11
10
13
13
2
3
4
-1
-5
3
8
-1
-4
-1
3
9
8
5
4
0
1
4
8
5
-6
-1
-3
2
4
-3
5
-1
2
6
2
6
3
10
8
1
16
15
18
24
8
11
8
-8
-6
-13
-18
-16
-15
-14
-18
-12
-3
-3
2
14
18
19
28
35
31
24
26
27
26
19
5
-3
-6
-20
-36
-25
-18
-26
-19
-18
-16
-3
1
4
14
30
44
56
58
58
63
52
31
24
23
3
-8
-10
-28
-32
-36
-40
-41
-34
-21
-22
-6
-6
-4
20
27
36
38
42
48
35
36
33
14
15
7
-5
-5
-8
-12
-24
-43
-43
-40
-31
-25
-27
-7
-4
-7
7
16
24
15
14
20
12
12
2
-15
-20
-28
-21
-8
-19
-21
-19
-23
-29
-30
-25
-23
-23
-11
