14
14
5
5
2
-12
-3
-5
-7
-1
-2
12
21
16
9
16
16
2
-3
8
18
12
7
6
-3
-7
-2
0
-3
-5
-1
-2
-2
-1
-4
-9
-6
-15
-20
-19
-21
-17
-20
-10
0
-6
-6
-9
-12
-14
-17
-17
-17
-19
-16
-1
8
3
12
14
4
-3
-16
-8
-3
-5
-5
-4
7
2
-3
-2
-2
-7
-18
-10
-2
-16
-16
-5
-14
-2
0
-13
-9
-15
-13
-3
-7
-5
2
2
-5
-8
2
14
1
-7
0
-1
6
7
6
14
11
1
-8
-2
5
13
23
18
20
16
10
14
4
3
7
-1
14
19
11
18
13
7
5
10
20
7
5
19
19
18
16
17
22
10
3
12
6
10
10
-3
-2
-6
-3
4
-6
-7
-5
-10
3
10
-3
1
4
-14
-7
-5
-9
7
4
-10
-7
-5
-12
-7
-10
-15
-10
-12
-8
-6
-6
-1
-3
-9
-16
-14
-12
-4
-1
-4
2
-3
-5
1
-10
-8
2
-10
-18
-6
9
10
9
13
12
11
7
5
10
15
15
-1
-10
-4
-9
-8
2
5
0
-3
-12
-15
-11
-10
-6
-2
3
6
-13
-16
-3
-5
4
11
20
21
15
21
15
7
10
12
5
-1
6
5
-5
3
8
12
18
11
13
14
12
12
0
-11
-17
-18
-9
-3
-5
-3
1
-8
-7
7
2
0
0
2
1
-1
-1
2
8
2
0
5
1
3
5
-2
1
-3
-12
-10
-11
-4
-1
2
10
11
4
-10
-18
-10
-10
-13
-6
-3
15
13
3
7
5
7
1
-4
-8
-9
-9
-16
-12
-9
-8
-2
7
7
8
5
0
-4
-1
10
11
6
8
10
7
13
17
9
11
14
1
-7
3
-1
-6
11
7
-1
3
6
11
9
9
0
-12
-8
-5
-4
-7
1
15
20
27
17
7
13
6
-2
4
-6
-5
0
0
14
15
14
14
3
0
-3
-15
-6
4
-5
-11
-2
-4
-2
15
22
18
13
7
-2
-13
-12
-9
-22
-27
-25
-33
-23
-10
0
15
21
15
-4
-12
-26
-39
-45
-51
-36
-28
-15
0
6
12
10
19
17
6
-7
-12
-17
-37
-38
-31
-17
-4
-5
12
23
26
30
18
5
-8
-21
-30
-42
-25
4
10
17
25
25
24
1
2
13
3
3
-2
3
8
4
20
20
14
13
-2
-4
2
7
13
11
14
15
6
13
20
21
24
14
6
-10
-31
-37
-48
-46
-15
7
34
54
51
40
21
4
-20
-47
-48
-42
-42
-29
-18
-1
7
12
40
63
74
76
46
-3
-56
-103
-113
-101
-72
-21
30
64
91
101
89
77
56
20
-21
-65
-109
-122
-91
-55
-9
41
65
69
47
36
41
33
27
13
-5
-46
-81
-92
-100
-75
-14
38
75
104
109
84
46
5
-36
-55
-48
-51
-52
-53
-46
-19
0
27
48
56
67
69
57
22
-13
-35
-60
-81
-81
-59
-26
-21
-4
12
6
20
26
30
35
29
3
-27
-37
-33
-31
-24
-9
-1
8
17
16
4
-17
-27
-38
-41
-11
31
50
55
38
-7
-44
-77
-93
-71
-36
18
65
92
104
84
46
15
-4
-24
-31
-39
-56
-71
-77
-60
-21
27
87
121
119
108
56
-2
-43
-84
-95
-97
-75
-36
-13
29
77
88
83
61
26
-13
-59
-70
-73
-69
-42
-21
14
43
63
75
56
30
-9
-50
-67
-59
-30
5
22
33
32
9
-6
-26
-40
-36
-16
3
11
21
22
24
14
-8
-6
-3
-4
2
20
21
7
4
-7
-14
-4
7
20
30
32
20
-11
-29
-22
6
41
49
35
22
-3
-29
-36
-38
-35
-23
-15
-5
9
0
3
18
13
10
-18
-52
-39
-18
10
45
58
41
-12
-67
-101
-110
-83
-19
57
96
81
40
-4
-37
-38
-11
3
-1
-2
-29
-59
-51
-19
31
75
95
91
56
25
-8
-62
-97
-125
-147
-138
-101
-48
21
95
153
189
191
162
114
29
-45
-97
-143
-142
-118
-66
-17
14
49
65
62
65
73
53
40
29
-18
-85
-141
-157
-133
-70
31
111
143
138
94
40
8
-5
-8
-22
-70
-134
-186
-197
-141
-42
73
169
198
176
103
4
-64
-98
-104
-81
-76
-78
-47
-8
46
103
132
136
103
39
-33
-97
-118
-96
-61
-20
23
37
24
-2
-20
-13
-1
11
30
37
43
54
57
45
20
-17
-60
-96
-112
-89
-32
36
101
146
148
118
46
-48
-105
-158
-191
-172
-118
-51
29
124
208
254
242
215
138
25
-65
-154
-204
-210
-187
-125
-61
-10
39
74
88
97
98
98
84
53
12
-54
-110
-142
-150
-106
-26
60
131
164
144
87
12
-45
-57
-45
-34
-43
-69
-101
-118
-100
-57
-11
35
74
78
53
31
25
21
24
44
47
15
-28
-48
-48
-31
4
32
37
21
-24
-56
-69
-63
-9
47
62
57
29
-21
-63
-68
-18
42
83
104
59
-8
-65
-90
-75
-31
36
72
61
17
-37
-75
-77
-48
-29
-23
-28
-62
-85
-68
-10
72
132
168
158
83
-1
-70
-105
-94
-58
-12
15
22
20
-19
-31
-17
0
33
60
72
34
-11
-29
-56
-53
-16
11
26
20
-24
-75
-103
-94
-30
57
124
177
181
112
33
-21
-60
-80
-76
-55
-47
-40
-36
-36
-22
-2
16
25
29
34
43
38
51
53
22
-4
-38
-58
-41
1
65
116
131
98
8
-96
-167
-176
-119
-31
51
100
96
35
-42
-108
-123
-76
-20
36
74
85
52
14
5
14
52
86
107
82
4
-67
-120
-135
-97
-47
1
39
51
30
8
0
-7
-4
11
39
48
19
-16
-59
-91
-95
-84
-26
38
78
109
108
87
69
59
39
9
-34
-90
-146
-206
-201
-136
-48
66
151
191
195
156
100
64
30
-10
-56
-109
-146
-168
-136
-46
56
134
152
125
65
-13
-73
-96
-93
-61
-36
-30
0
22
44
69
62
46
9
-44
-74
-81
-62
-20
19
45
54
48
16
-21
-44
-59
-57
-34
3
29
53
72
65
55
33
17
19
27
37
47
31
-2
-37
-63
-53
-18
36
81
83
40
-28
-100
-152
-156
-118
-46
27
78
105
104
106
95
66
45
8
-54
-115
-155
-152
-107
-31
47
110
142
114
66
16
-33
-63
-80
-88
-97
-90
-65
-29
25
77
120
128
101
67
36
14
8
-1
-35
-86
-146
-184
-167
-106
-15
67
111
114
69
13
-15
-26
-6
31
57
55
23
-7
-36
-60
-48
-31
-1
21
22
39
37
19
10
-1
-9
-6
-2
-6
-19
-47
-78
-86
-73
-37
25
81
115
117
81
37
-7
-41
-53
-49
-53
-55
-56
-54
-30
-16
13
51
71
78
46
33
29
3
2
16
23
12
-4
-10
-15
-33
-44
-21
-1
15
40
60
65
44
12
-14
-53
-80
-77
-69
-53
-28
1
33
47
50
68
75
60
54
44
38
36
23
18
26
21
8
-6
-11
-13
-3
6
4
17
16
20
29
15
4
-6
-13
-40
-59
-58
-64
-61
-46
-17
18
62
93
106
101
83
47
0
-35
-81
-109
-97
-81
-67
-43
-9
15
34
48
63
65
43
36
27
13
12
4
-7
-19
-44
-75
-92
-79
-47
-2
44
65
55
28
-11
-52
-77
-74
-71
-52
-30
-36
-35
-30
-17
11
34
58
78
66
48
29
1
-8
-27
-37
-27
-10
17
38
42
45
43
23
4
-13
-22
-26
-15
0
6
17
10
0
4
-14
-28
-36
-50
-55
-60
-37
-9
14
44
64
80
82
62
46
39
23
-6
-22
-29
-31
-14
18
38
32
4
-36
-71
-89
-86
-71
-33
-5
-14
-21
-29
-31
-16
-13
-5
6
-3
-12
-10
-7
12
37
52
49
45
47
33
24
42
60
63
58
47
41
42
51
79
106
123
119
107
87
49
4
-21
-36
-45
-32
-17
6
25
28
16
-1
-17
-43
-41
-29
-37
-50
-63
-90
-125
-139
-133
-118
-89
-56
-34
-25
-21
-20
-7
17
34
58
65
50
44
33
31
44
68
76
77
93
80
77
83
75
65
27
-9
-44
-84
-100
-110
-119
-125
-136
-156
-169
-188
-199
-204
-210
-208
-218
-244
-257
-241
-222
-186
-129
-76
-20
19
37
46
59
76
91
114
127
133
136
127
119
106
94
91
72
59
57
47
34
11
2
-6
-33
-44
-45
-52
-42
-24
11
60
128
207
277
342
391
421
427
413
388
353
335
318
282
241
222
216
224
236
258
306
332
360
396
416
462
517
570
617
653
679
671
632
537
362
143
-149
-526
-929
-1359
-1793
-2170
-2467
-2672
-2772
-2748
-2575
-2293
-1944
-1511
-1038
-560
-87
354
723
1014
1230
1359
1395
1372
1329
1259
1183
1134
1075
1011
973
938
904
862
797
707
566
381
177
-58
-316
-571
-800
-1008
-1194
-1323
-1411
-1434
-1391
-1298
-1143
-988
-817
-618
-427
-234
-41
153
332
477
577
648
701
731
758
781
813
843
837
829
800
753
718
673
619
567
514
450
377
319
276
230
194
165
149
161
197
262
350
472
628
809
1032
1281
1534
1751
1879
1866
1665
1282
730
34
-733
-1547
-2339
-3045
-3642
-4066
-4286
-4279
-4061
-3661
-3076
-2383
-1657
-924
-253
307
749
1065
1269
1364
1390
1365
1323
1312
1322
1378
1460
1567
1700
1830
1945
2004
1984
1877
1682
1392
1014
580
100
-411
-919
-1379
-1772
-2083
-2289
-2391
-2400
-2343
-2234
-2090
-1942
-1779
-1607
-1446
-1245
-1016
-785
-519
-193
160
504
857
1178
1433
1617
1707
1713
1649
1518
1311
1060
779
488
224
-13
-184
-267
-287
-252
-175
-76
40
161
260
334
382
414
411
386
372
371
404
482
609
791
1027
1322
1672
2060
2453
2811
3092
3219
3141
2854
2318
1576
674
-363
-1447
-2530
-3519
-4368
-5030
-5421
-5544
-5412
-5030
-4443
-3721
-2901
-2055
-1237
-480
162
688
1111
1429
1665
1853
2002
2140
2286
2462
2646
2803
2947
3039
3064
2999
2815
2513
2089
1585
1006
383
-255
-890
-1474
-2003
-2443
-2776
-3015
-3140
-3170
-3135
-3042
-2927
-2795
-2627
-2433
-2205
-1933
-1616
-1233
-808
-354
140
629
1082
1482
1814
2062
2168
2162
2067
1857
1566
1224
851
486
171
-81
-237
-288
-262
-159
1
188
373
526
664
757
791
778
723
670
615
569
575
629
749
938
1195
1519
1891
2298
2675
3001
3201
3192
2990
2539
1833
922
-144
-1300
-2493
-3617
-4594
-5377
-5900
-6124
-6037
-5695
-5120
-4352
-3461
-2524
-1604
-735
9
624
1129
1520
1817
2054
2268
2474
2689
2901
3119
3347
3532
3664
3702
3612
3391
3031
2540
1943
1258
523
-230
-944
-1594
-2181
-2644
-2980
-3189
-3277
-3257
-3150
-3002
-2818
-2632
-2441
-2235
-2050
-1860
-1617
-1335
-1024
-662
-243
198
626
1045
1420
1713
1916
2021
2008
1878
1650
1331
972
571
183
-127
-383
-551
-609
-572
-453
-292
-73
180
417
625
780
883
940
935
895
861
826
806
852
958
1124
1347
1621
1948
2297
2637
2941
3178
3280
3171
2852
2318
1520
516
-601
-1804
-3024
-4162
-5124
-5865
-6354
-6514
-6365
-5961
-5308
-4459
-3499
-2507
-1549
-662
120
770
1299
1720
2053
2327
2570
2810
3053
3308
3552
3767
3950
4035
4005
3855
3570
3142
2591
1950
1241
490
-268
-968
-1593
-2136
-2570
-2877
-3053
-3138
-3132
-3048
-2932
-2790
-2642
-2494
-2357
-2229
-2083
-1938
-1776
-1582
-1346
-1037
-674
-262
171
626
1073
1436
1721
1909
1978
1925
1752
1506
1195
847
495
207
3
-141
-173
-117
6
196
398
642
890
1084
1248
1359
1407
1396
1328
1245
1152
1061
1000
997
1042
1126
1300
1525
1771
2056
2335
2572
2688
2616
2350
1840
1077
91
-1035
-2231
-3468
-4616
-5569
-6278
-6708
-6816
-6590
-6097
-5362
-4415
-3340
-2226
-1140
-133
736
1458
2014
2428
2731
2924
3056
3172
3281
3397
3521
3633
3723
3763
3721
3572
3305
2909
2377
1741
1039
279
-502
-1234
-1901
-2482
-2939
-3248
-3424
-3484
-3411
-3244
-3009
-2731
-2445
-2161
-1926
-1760
-1648
-1585
-1538
-1457
-1337
-1148
-871
-538
-143
311
771
1216
1599
1907
2121
2190
2120
1943
1670
1320
954
610
304
68
-78
-119
-58
63
244
475
716
938
1130
1273
1346
1374
1344
1267
1163
1029
917
855
835
867
980
1172
1428
1732
2071
2384
2629
2738
2620
2277
1656
766
-310
-1521
-2781
-4033
-5160
-6051
-6686
-7017
-6974
-6594
-5952
-5058
-3971
-2798
-1606
-456
573
1432
2121
2654
3011
3239
3412
3511
3582
3662
3744
3818
3878
3915
3874
3750
3526
3160
2662
2045
1340
562
-270
-1078
-1841
-2551
-3141
-3599
-3915
-4082
-4107
-4002
-3782
-3490
-3168
-2847
-2553
-2304
-2094
-1906
-1741
-1553
-1329
-1062
-723
-339
104
565
1025
1478
1851
2134
2322
2382
2311
2135
1888
1575
1232
911
649
452
322
279
313
402
519
666
819
936
1013
1061
1076
1031
963
885
802
725
673
673
719
808
932
1110
1343
1596
1852
2109
2330
2471
2487
2318
1961
1359
519
-460
-1553
-2713
-3876
-4924
-5769
-6407
-6760
-6753
-6450
-5890
-5080
-4077
-2947
-1802
-674
408
1344
2133
2783
3271
3614
3834
3978
4076
4121
4131
4114
4051
3928
3744
3488
3171
2741
2185
1574
906
169
-611
-1347
-2029
-2693
-3263
-3711
-4030
-4235
-4326
-4275
-4109
-3875
-3594
-3261
-2914
-2583
-2264
-1950
-1625
-1328
-1030
-671
-271
126
537
997
1428
1790
2113
2367
2527
2559
2511
2404
2196
1907
1595
1300
999
730
526
371
267
191
159
182
208
231
272
319
356
381
407
454
497
527
586
661
728
799
884
994
1117
1284
1517
1778
2052
2317
2523
2563
2383
2010
1398
552
-464
-1575
-2741
-3893
-4906
-5726
-6315
-6586
-6523
-6155
-5502
-4588
-3498
-2312
-1087
87
1142
2069
2819
3372
3768
4005
4099
4098
4039
3960
3836
3692
3565
3420
3221
2968
2668
2276
1779
1217
580
-138
-895
-1650
-2396
-3102
-3711
-4211
-4584
-4795
-4840
-4727
-4474
-4103
-3668
-3209
-2702
-2219
-1787
-1377
-982
-593
-236
132
525
867
1197
1554
1882
2158
2385
2556
2659
2645
2549
2396
2157
1840
1504
1183
856
549
286
80
-68
-207
-294
-293
-266
-220
-144
-37
92
191
292
416
495
540
607
684
727
763
863
1012
1179
1416
1737
2062
2355
2594
2689
2597
2282
1688
873
-110
-1236
-2453
-3625
-4655
-5523
-6150
-6433
-6356
-6008
-5394
-4472
-3377
-2237
-1047
124
1145
1978
2665
3208
3540
3714
3794
3794
3742
3667
3586
3495
3413
3314
3171
3005
2773
2419
1956
1429
826
110
-668
-1445
-2258
-3054
-3719
-4259
-4696
-4958
-4984
-4838
-4565
-4158
-3660
-3120
-2582
-2061
-1569
-1154
-783
-469
-185
121
392
646
916
1212
1512
1785
2056
2296
2460
2532
2553
2499
2313
2064
1799
1485
1123
788
479
181
-81
-286
-415
-495
-519
-482
-405
-276
-132
15
162
291
391
466
544
605
645
710
816
947
1120
1371
1687
2028
2363
2694
2898
2881
2681
2227
1494
569
-481
-1637
-2860
-3986
-4937
-5699
-6169
-6300
-6128
-5669
-4919
-3935
-2831
-1686
-549
506
1400
2140
2712
3099
3344
3461
3497
3504
3490
3481
3446
3429
3447
3397
3278
3132
2870
2445
1944
1360
638
-213
-1094
-1944
-2805
-3593
-4205
-4670
-4993
-5107
-5003
-4735
-4358
-3896
-3357
-2794
-2251
-1756
-1314
-928
-606
-320
-34
272
540
790
1110
1474
1801
2114
2445
2721
2851
2903
2918
2770
2457
2093
1708
1247
759
350
-31
-395
-687
-868
-954
-1006
-985
-890
-747
-566
-389
-204
-27
110
222
350
506
613
683
813
1021
1225
1458
1792
2151
2484
2810
3158
3384
3340
3118
2708
2010
1066
-1
-1163
-2451
-3706
-4764
-5615
-6237
-6538
-6481
-6096
-5430
-4517
-3413
-2241
-1104
-25
971
1818
2471
2917
3226
3431
3500
3511
3532
3514
3441
3394
3410
3384
3239
3043
2800
2415
1877
1270
574
-260
-1171
-2017
-2781
-3548
-4204
-4655
-4935
-5053
-4968
-4688
-4294
-3858
-3358
-2771
-2194
-1705
-1275
-877
-511
-212
68
380
662
916
1219
1609
1995
2295
2555
2810
2944
2923
2850
2705
2387
1948
1532
1146
694
218
-159
-441
-715
-925
-973
-976
-1022
-1003
-875
-702
-573
-433
-236
-56
105
291
522
720
854
1011
1248
1488
1671
1888
2168
2466
2702
2937
3205
3320
3196
2932
2561
1904
939
-107
-1194
-2428
-3669
-4665
-5451
-6121
-6498
-6408
-6012
-5451
-4629
-3567
-2454
-1379
-296
761
1641
2295
2832
3280
3568
3689
3713
3752
3753
3656
3584
3572
3470
3221
2953
2685
2245
1606
949
270
-564
-1479
-2303
-3037
-3799
-4467
-4858
-5050
-5155
-5087
-4750
-4314
-3877
-3348
-2744
-2178
-1715
-1280
-843
-471
-173
121
470
829
1150
1507
1941
2326
2593
2837
3073
3162
3068
2895
2673
2292
1764
1280
826
297
-204
-557
-811
-1071
-1245
-1245
-1206
-1181
-1058
-830
-608
-428
-208
49
259
408
567
754
887
990
1140
1346
1544
1730
2010
2364
2680
2954
3252
3523
3585
3411
3117
2596
1736
698
-395
-1609
-2913
-4089
-5019
-5759
-6287
-6428
-6205
-5771
-5113
-4201
-3129
-2050
-1015
28
980
1731
2310
2774
3123
3300
3373
3473
3573
3573
3540
3592
3611
3457
3221
2969
2576
1963
1279
596
-211
-1138
-2031
-2797
-3537
-4205
-4654
-4894
-4987
-4948
-4683
-4246
-3793
-3332
-2814
-2266
-1801
-1448
-1083
-710
-453
-229
107
491
794
1087
1504
1925
2223
2476
2742
2900
2868
2776
2662
2400
1961
1503
1103
655
162
-240
-514
-750
-970
-1067
-1038
-992
-974
-889
-683
-519
-428
-264
-37
108
201
411
665
824
958
1206
1501
1691
1879
2182
2476
2678
2902
3196
3414
3466
3393
3221
2876
2246
1394
453
-620
-1855
-3084
-4120
-5019
-5832
-6333
-6394
-6195
-5837
-5155
-4165
-3128
-2120
-1014
102
986
1660
2280
2806
3105
3238
3372
3495
3508
3455
3473
3504
3390
3183
2993
2753
2329
1743
1162
533
-282
-1140
-1857
-2548
-3313
-3956
-4322
-4545
-4735
-4745
-4499
-4163
-3855
-3422
-2845
-2345
-1956
-1527
-1039
-638
-345
-6
400
748
1029
1374
1770
2077
2277
2499
2741
2846
2795
2707
2587
2292
1870
1486
1105
612
84
-299
-579
-899
-1192
-1321
-1359
-1410
-1407
-1255
-1058
-954
-808
-536
-258
-55
150
457
755
972
1225
1556
1841
2037
2273
2587
2872
3084
3302
3558
3739
3760
3669
3457
3012
2246
1296
292
-888
-2230
-3497
-4557
-5478
-6239
-6612
-6585
-6380
-5960
-5148
-4108
-3096
-2053
-929
128
957
1635
2275
2735
2977
3154
3344
3497
3535
3541
3620
3668
3574
3428
3274
2995
2493
1882
1281
545
-380
-1287
-2090
-2900
-3703
-4309
-4680
-4968
-5159
-5053
-4713
-4338
-3916
-3344
-2714
-2190
-1732
-1246
-795
-468
-194
162
553
863
1162
1564
1992
2323
2627
2966
3226
3296
3242
3165
2947
2514
2011
1505
950
340
-219
-672
-1094
-1480
-1742
-1851
-1877
-1886
-1798
-1574
-1302
-1043
-739
-356
-8
255
536
888
1183
1379
1616
1910
2143
2320
2548
2805
3014
3204
3447
3692
3839
3865
3765
3496
2991
2196
1181
57
-1200
-2597
-3918
-5013
-5972
-6767
-7153
-7099
-6818
-6301
-5398
-4261
-3154
-2037
-827
277
1097
1759
2375
2814
3039
3183
3342
3468
3517
3577
3711
3818
3801
3703
3595
3346
2830
2185
1501
657
-387
-1409
-2305
-3215
-4102
-4728
-5071
-5287
-5326
-5071
-4606
-4102
-3551
-2892
-2252
-1742
-1344
-972
-632
-426
-277
-40
259
534
850
1322
1863
2321
2764
3254
3631
3766
3757
3666
3326
2732
2087
1406
619
-208
-914
-1495
-1998
-2350
-2513
-2509
-2395
-2164
-1808
-1405
-984
-585
-224
119
411
627
811
1026
1232
1397
1625
1920
2180
2420
2700
3009
3264
3478
3721
3897
3937
3900
3740
3345
2750
1999
1030
-109
-1288
-2475
-3681
-4769
-5604
-6242
-6661
-6727
-6476
-6049
-5402
-4489
-3491
-2538
-1559
-575
258
942
1566
2104
2521
2844
3151
3464
3707
3897
4055
4167
4166
4010
3752
3380
2819
2056
1232
389
-589
-1618
-2499
-3259
-3978
-4507
-4729
-4759
-4701
-4464
-4010
-3504
-3038
-2568
-2079
-1662
-1380
-1123
-833
-616
-453
-194
186
596
1003
1490
2075
2585
2967
3323
3601
3643
3471
3209
2831
2256
1570
903
244
-448
-1060
-1498
-1802
-2046
-2159
-2081
-1914
-1739
-1511
-1191
-889
-684
-478
-214
2
132
336
663
977
1254
1625
2070
2428
2713
3030
3305
3433
3461
3495
3490
3337
3134
2959
2727
2391
1934
1446
906
139
-781
-1659
-2541
-3556
-4513
-5203
-5740
-6196
-6368
-6142
-5762
-5282
-4513
-3526
-2550
-1631
-624
379
1176
1832
2466
3016
3370
3602
3835
4036
4074
3986
3922
3803
3466
2970
2492
1949
1166
338
-383
-1125
-1963
-2703
-3203
-3638
-4053
-4226
-4144
-4023
-3860
-3508
-3033
-2636
-2308
-1923
-1534
-1265
-1061
-790
-458
-162
113
530
1061
1500
1876
2355
2831
3075
3177
3310
3282
2950
2522
2122
1582
849
180
-342
-882
-1408
-1729
-1822
-1904
-1934
-1757
-1488
-1272
-1091
-834
-561
-391
-269
-56
227
431
657
1038
1460
1814
2171
2611
3007
3231
3374
3509
3501
3288
3028
2841
2575
2197
1926
1761
1532
1185
851
525
-19
-777
-1535
-2296
-3229
-4220
-4980
-5561
-6122
-6445
-6318
-5928
-5435
-4669
-3574
-2437
-1386
-278
861
1792
2443
3024
3543
3790
3827
3865
3878
3713
3420
3208
3004
2609
2135
1732
1293
670
-31
-617
-1214
-1952
-2624
-3084
-3468
-3848
-4055
-3971
-3786
-3613
-3283
-2771
-2292
-1923
-1520
-1036
-674
-483
-224
126
351
509
831
1259
1564
1812
2198
2575
2724
2758
2800
2704
2361
1921
1486
971
341
-268
-728
-1110
-1466
-1677
-1680
-1580
-1478
-1326
-1047
-759
-609
-475
-225
-29
23
154
451
693
863
1181
1630
2005
2295
2663
3040
3214
3232
3215
3108
2826
2455
2104
1799
1484
1162
997
972
909
762
619
453
35
-638
-1337
-2068
-3040
-4080
-4833
-5393
-5925
-6162
-5889
-5365
-4749
-3830
-2614
-1428
-378
682
1696
2429
2845
3131
3334
3319
3112
2948
2863
2699
2469
2354
2332
2138
1815
1552
1211
612
-120
-772
-1439
-2248
-2971
-3419
-3735
-4013
-4052
-3778
-3386
-2997
-2487
-1829
-1268
-902
-577
-267
-128
-186
-212
-112
-51
-4
262
704
1090
1453
1950
2433
2656
2727
2777
2626
2187
1637
1111
499
-190
-760
-1138
-1420
-1620
-1623
-1450
-1226
-998
-736
-464
-279
-212
-180
-126
-100
-89
-3
207
496
816
1231
1746
2230
2616
2966
3263
3365
3266
3077
2792
2365
1859
1411
1067
759
545
524
619
704
769
790
668
298
-296
-1027
-1884
-2867
-3885
-4729
-5336
-5760
-5899
-5601
-4952
-4156
-3157
-1947
-765
239
1104
1869
2380
2557
2604
2616
2489
2263
2133
2139
2156
2141
2205
2307
2226
1945
1586
1102
378
-492
-1315
-2076
-2852
-3482
-3799
-3904
-3859
-3593
-3089
-2478
-1906
-1327
-747
-313
-92
-10
21
-58
-241
-365
-344
-229
-34
329
866
1432
1932
2385
2735
2850
2689
2356
1913
1250
475
-191
-746
-1223
-1551
-1606
-1465
-1261
-935
-527
-169
53
186
236
129
-86
-309
-475
-572
-575
-417
-75
399
926
1506
2107
2612
2933
3101
3150
2987
2637
2235
1804
1329
853
511
329
209
185
341
624
890
1125
1377
1520
1392
1046
571
-123
-1072
-2035
-2864
-3658
-4341
-4673
-4665
-4470
-4053
-3318
-2458
-1683
-909
-144
418
739
950
1083
1069
967
921
974
1057
1178
1412
1690
1904
2013
2017
1880
1527
977
339
-349
-1061
-1730
-2221
-2495
-2616
-2553
-2270
-1860
-1435
-1035
-648
-331
-187
-185
-221
-336
-548
-723
-798
-800
-737
-539
-185
183
539
907
1204
1344
1310
1171
925
564
170
-165
-418
-586
-621
-494
-263
-17
238
462
589
590
456
238
-57
-415
-746
-979
-1091
-1068
-874
-515
-39
500
1044
1571
1994
2247
2366
2358
2210
1956
1665
1409
1202
1030
958
1001
1060
1121
1226
1328
1344
1307
1279
1216
1083
936
802
585
239
-138
-552
-1097
-1669
-2156
-2608
-3030
-3303
-3372
-3316
-3167
-2835
-2384
-1940
-1459
-956
-523
-194
73
300
453
542
652
791
932
1104
1291
1480
1633
1688
1648
1502
1212
782
299
-186
-693
-1159
-1473
-1643
-1697
-1610
-1400
-1102
-805
-541
-293
-159
-145
-207
-333
-500
-692
-844
-928
-943
-863
-701
-451
-153
131
402
631
774
804
745
643
483
270
85
-32
-133
-181
-124
-15
83
158
220
233
178
54
-114
-288
-457
-602
-682
-630
-488
-316
-56
288
611
869
1107
1317
1407
1416
1452
1471
1428
1395
1441
1498
1492
1503
1544
1500
1363
1216
1062
844
603
427
341
312
342
469
661
846
941
932
816
493
-51
-680
-1302
-1972
-2611
-3024
-3204
-3260
-3137
-2735
-2220
-1767
-1311
-814
-453
-281
-154
-37
-20
-41
58
239
438
672
963
1250
1426
1502
1478
1322
1027
627
210
-151
-475
-730
-800
-707
-551
-338
-89
117
192
119
-44
-327
-746
-1157
-1455
-1650
-1721
-1607
-1286
-850
-388
95
532
821
912
844
657
350
-37
-402
-673
-838
-884
-777
-545
-260
28
292
497
559
464
281
37
-299
-626
-834
-962
-1007
-900
-648
-343
-13
331
631
857
997
1065
1070
1016
960
932
940
984
1062
1162
1266
1351
1376
1338
1246
1102
908
709
556
424
335
330
408
546
728
981
1244
1434
1561
1621
1529
1233
811
285
-382
-1048
-1606
-2086
-2435
-2580
-2533
-2380
-2152
-1841
-1538
-1358
-1263
-1207
-1244
-1336
-1385
-1380
-1296
-1078
-721
-253
283
843
1380
1824
2122
2232
2164
1944
1580
1128
666
258
-75
-313
-425
-420
-344
-270
-223
-188
-241
-400
-583
-778
-986
-1151
-1229
-1223
-1149
-1030
-876
-692
-538
-442
-371
-330
-348
-374
-348
-299
-237
-135
21
179
279
361
392
331
183
-12
-183
-362
-539
-616
-590
-482
-302
-61
204
407
527
607
619
518
354
236
154
80
86
218
393
553
758
1007
1200
1317
1419
1469
1454
1394
1311
1240
1137
1019
916
840
771
688
645
667
717
789
958
1203
1422
1613
1792
1880
1722
1355
881
215
-621
-1430
-2104
-2695
-3154
-3313
-3211
-3027
-2741
-2304
-1911
-1672
-1482
-1313
-1234
-1221
-1133
-936
-671
-306
173
696
1171
1572
1862
1994
1948
1738
1428
1092
768
495
320
273
302
348
427
480
378
130
-197
-617
-1102
-1556
-1913
-2125
-2203
-2081
-1746
-1320
-866
-419
-39
185
245
177
2
-252
-549
-771
-879
-917
-862
-708
-495
-278
-97
44
128
121
42
-35
-103
-182
-241
-223
-177
-142
-81
-47
-68
-114
-169
-216
-216
-167
-62
127
385
682
974
1218
1407
1495
1475
1409
1294
1123
960
863
839
872
966
1109
1263
1373
1442
1487
1432
1289
1135
1003
890
796
816
911
1000
1104
1200
1198
1003
677
270
-253
-823
-1301
-1672
-1955
-2079
-2042
-1934
-1807
-1684
-1594
-1586
-1651
-1714
-1735
-1713
-1558
-1241
-811
-235
407
1003
1517
1902
2094
2061
1879
1593
1214
836
528
329
221
176
222
280
267
193
51
-195
-534
-862
-1144
-1374
-1505
-1521
-1433
-1285
-1106
-940
-842
-808
-825
-890
-958
-1006
-1003
-926
-798
-604
-380
-169
4
81
71
-24
-158
-319
-509
-618
-647
-635
-541
-386
-228
-95
18
105
134
130
111
93
91
125
221
348
502
681
839
968
1078
1142
1153
1149
1168
1194
1233
1313
1383
1412
1402
1367
1259
1071
879
688
511
375
324
341
383
487
614
729
840
947
1026
1061
1125
1202
1232
1227
1182
1028
737
381
-43
-544
-1024
-1391
-1649
-1816
-1832
-1731
-1613
-1500
-1368
-1276
-1301
-1370
-1430
-1472
-1441
-1298
-1046
-707
-289
164
575
922
1178
1281
1245
1130
959
745
539
387
263
175
138
106
54
-44
-157
-279
-471
-685
-861
-1009
-1137
-1223
-1231
-1208
-1220
-1236
-1253
-1301
-1363
-1413
-1436
-1413
-1321
-1163
-959
-729
-515
-328
-183
-115
-114
-163
-224
-276
-317
-297
-193
-31
150
356
567
703
786
843
826
741
628
536
467
385
340
348
354
376
420
473
505
527
557
576
589
617
676
737
810
896
984
1078
1152
1202
1224
1241
1244
1221
1197
1172
1151
1124
1130
1158
1180
1247
1350
1457
1546
1621
1678
1638
1502
1278
925
464
-55
-588
-1068
-1460
-1749
-1937
-2023
-2034
-2031
-2030
-2015
-2032
-2091
-2118
-2073
-1957
-1760
-1457
-1079
-681
-272
119
450
686
817
903
947
946
965
993
984
956
918
818
644
408
125
-178
-475
-757
-997
-1178
-1314
-1394
-1432
-1427
-1407
-1412
-1409
-1417
-1468
-1531
-1569
-1584
-1585
-1532
-1414
-1233
-1013
-774
-501
-240
-16
204
402
535
629
720
753
756
745
715
666
585
510
438
357
278
222
198
184
194
230
252
266
298
329
343
348
366
403
449
505
564
620
673
727
787
839
893
961
1022
1074
1125
1173
1210
1241
1255
1275
1300
1304
1312
1311
1287
1264
1204
1128
1077
1021
964
957
1003
1073
1120
1135
1098
909
576
133
-426
-1026
-1574
-1997
-2270
-2397
-2359
-2198
-2016
-1839
-1686
-1594
-1564
-1554
-1517
-1428
-1252
-974
-641
-297
40
332
527
622
633
547
420
320
248
235
295
373
430
444
409
293
93
-145
-411
-670
-895
-1058
-1146
-1200
-1217
-1196
-1192
-1213
-1248
-1311
-1372
-1427
-1464
-1467
-1417
-1289
-1120
-927
-705
-491
-307
-150
-19
91
184
300
465
640
819
998
1147
1235
1256
1217
1086
894
706
512
346
259
227
230
271
312
324
308
263
206
132
61
14
-12
-9
39
126
227
357
526
707
879
1044
1189
1294
1352
1385
1409
1412
1412
1441
1499
1566
1614
1640
1623
1517
1348
1148
945
758
617
562
568
648
759
843
871
782
543
167
-320
-864
-1361
-1757
-2017
-2148
-2187
-2136
-2075
-2043
-2017
-2019
-2027
-2017
-1961
-1786
-1524
-1192
-786
-391
-74
145
255
265
202
123
60
35
64
144
274
414
515
542
481
321
56
-257
-557
-817
-1019
-1138
-1176
-1158
-1100
-1031
-959
-906
-893
-900
-918
-957
-975
-935
-844
-731
-578
-384
-198
-32
105
229
323
396
497
593
725
877
1011
1161
1268
1282
1201
1043
835
603
382
219
120
66
58
87
121
143
157
153
139
110
95
129
182
253
352
446
500
531
541
525
496
476
495
533
591
694
802
908
1018
1116
1202
1258
1279
1282
1249
1185
1112
1018
925
838
736
653
582
507
436
351
260
155
41
-47
-132
-220
-272
-293
-320
-375
-443
-537
-680
-846
-1013
-1169
-1277
-1311
-1246
-1113
-963
-811
-704
-669
-706
-785
-872
-955
-998
-1007
-975
-907
-835
-761
-678
-608
-565
-518
-459
-402
-339
-282
-237
-209
-231
-282
-347
-435
-524
-586
-611
-616
-592
-513
-424
-348
-266
-206
-183
-187
-198
-200
-207
-199
-171
-160
-149
-126
-109
-75
-8
85
210
353
483
601
694
743
760
745
703
644
576
512
470
440
421
423
416
386
337
292
238
176
137
113
112
125
149
189
206
200
176
138
77
5
-36
-37
1
115
280
452
647
823
954
1037
1036
978
888
770
664
601
579
600
649
688
722
727
698
631
538
422
293
172
57
-59
-171
-265
-349
-454
-553
-633
-706
-751
-755
-707
-628
-535
-435
-343
-278
-229
-200
-197
-193
-191
-178
-142
-113
-91
-78
-86
-136
-209
-294
-392
-480
-553
-597
-623
-657
-693
-712
-729
-755
-787
-819
-833
-849
-870
-852
-817
-777
-726
-675
-621
-580
-534
-481
-431
-385
-358
-321
-274
-232
-182
-126
-70
-10
63
141
221
305
387
468
525
561
583
592
590
585
581
567
545
500
449
404
338
275
240
215
210
217
227
241
255
268
272
281
279
288
324
356
410
476
542
605
664
711
751
784
795
796
802
783
742
716
673
611
547
447
333
219
84
-32
-124
-213
-272
-288
-270
-229
-153
-56
22
73
102
99
29
-52
-117
-193
-232
-236
-201
-111
12
155
290
373
383
311
155
-59
-299
-529
-716
-833
-889
-902
-868
-832
-815
-813
-857
-915
-966
-989
-961
-913
-829
-724
-628
-544
-501
-487
-488
-492
-506
-508
-479
-422
-326
-221
-108
-2
59
90
69
16
-18
-40
-29
8
63
123
171
213
233
239
220
176
126
57
-8
-66
-121
-161
-185
-210
-226
-207
-184
-143
-84
-5
88
166
256
361
460
545
609
658
676
675
680
694
707
728
738
714
661
600
527
450
391
333
302
296
282
283
282
274
257
208
170
144
115
121
163
244
339
413
491
551
559
539
508
471
424
398
396
403
439
484
509
519
498
444
392
345
291
253
213
160
107
46
-13
-85
-176
-261
-349
-431
-509
-567
-616
-670
-729
-808
-897
-1001
-1093
-1152
-1191
-1179
-1140
-1097
-1045
-1018
-1007
-1008
-1034
-1048
-1049
-1029
-964
-870
-750
-589
-421
-278
-150
-67
-18
-1
-21
-36
-81
-123
-147
-168
-159
-131
-87
-40
-8
42
99
137
171
216
245
254
244
207
185
158
140
152
171
212
247
280
332
359
394
433
448
462
464
463
456
430
399
378
362
335
328
346
375
408
439
483
506
519
538
526
505
474
425
372
311
243
188
144
113
108
123
139
156
191
230
258
291
308
325
344
365
404
425
445
463
454
448
433
403
378
370
364
363
375
369
358
344
290
221
141
33
-65
-149
-237
-284
-301
-325
-348
-384
-452
-556
-678
-781
-883
-981
-1052
-1105
-1126
-1140
-1159
-1164
-1173
-1190
-1190
-1172
-1140
-1082
-1009
-917
-815
-721
-610
-497
-400
-299
-213
-127
-46
26
79
124
171
177
177
179
149
115
90
64
47
36
24
10
-7
-27
-48
-68
-101
-133
-145
-145
-126
-97
-54
13
82
168
268
358
463
570
663
754
820
844
866
880
870
851
832
808
766
746
726
693
672
638
594
547
477
400
323
226
138
63
-20
-92
-142
-171
-165
-149
-117
-57
-15
39
103
154
202
236
282
332
373
419
468
513
521
524
522
493
463
429
397
368
354
350
317
281
234
143
38
-105
-277
-449
-619
-746
-836
-902
-917
-910
-880
-843
-823
-790
-768
-766
-751
-729
-710
-692
-661
-622
-591
-555
-517
-470
-430
-398
-347
-304
-282
-244
-210
-190
-159
-152
-159
-171
-195
-215
-240
-278
-296
-308
-326
-332
-334
-334
-329
-317
-304
-302
-297
-285
-278
-282
-277
-266
-248
-221
-197
-154
-113
-58
15
103
222
341
467
588
696
780
826
846
853
835
795
764
738
721
702
676
645
589
539
494
450
409
365
338
332
329
312
289
268
233
207
179
167
180
224
288
352
438
498
535
558
547
530
498
468
453
425
418
405
369
315
232
148
50
-50
-132
-210
-259
-281
-276
-263
-250
-229
-225
-237
-244
-257
-285
-318
-342
-357
-383
-405
-420
-437
-458
-472
-473
-479
-471
-440
-444
-454
-458
-489
-517
-554
-589
-609
-615
-606
-577
-517
-457
-392
-319
-251
-195
-156
-134
-129
-127
-128
-136
-149
-155
-158
-169
-176
-167
-162
-169
-182
-200
-224
-245
-250
-246
-241
-229
-198
-169
-148
-123
-109
-108
-103
-92
-74
-24
40
91
177
286
364
446
514
543
572
570
556
533
486
453
400
350
331
299
277
261
249
259
278
311
349
376
391
389
368
334
295
247
205
183
186
197
225
272
323
363
389
414
422
412
396
365
337
310
283
269
257
225
199
171
131
115
94
82
76
69
66
53
32
-13
-74
-147
-223
-290
-355
-404
-435
-442
-422
-400
-363
-333
-309
-296
-299
-302
-315
-318
-320
-326
-328
-330
-337
-344
-338
-331
-322
-290
-257
-221
-162
-110
-62
-21
5
22
21
3
-27
-64
-109
-172
-231
-286
-347
-411
-458
-490
-538
-560
-547
-513
-453
-382
-300
-227
-162
-101
-60
-33
-5
30
76
136
205
287
375
438
482
512
511
484
449
399
344
296
251
223
195
163
141
113
74
42
20
13
23
52
94
152
221
273
308
318
312
294
253
231
221
213
220
246
282
312
318
302
292
274
245
226
198
157
127
92
44
-8
-65
-118
-160
-189
-212
-207
-181
-154
-105
-47
-14
17
41
46
50
34
-3
-43
-86
-133
-191
-242
-271
-293
-292
-259
-210
-146
-84
-22
40
85
109
110
87
58
22
-20
-50
-85
-127
-156
-183
-212
-230
-236
-243
-224
-219
-208
-188
-206
-222
-243
-265
-281
-298
-305
-293
-254
-222
-190
-158
-129
-91
-72
-43
4
31
72
126
150
159
152
125
84
11
-49
-86
-107
-90
-56
8
84
146
194
211
223
209
175
152
132
127
122
128
139
140
130
103
92
83
83
119
152
212
274
323
359
350
334
280
207
142
68
11
-17
-29
-34
-17
8
24
42
61
74
71
74
84
78
66
36
-8
-44
-86
-136
-177
-201
-203
-180
-142
-91
-45
-6
29
40
44
57
51
33
35
24
21
19
-5
-27
-55
-94
-125
-145
-158
-153
-132
-91
-35
13
47
45
22
-2
-44
-97
-127
-145
-141
-101
-61
-18
23
32
33
24
-4
-20
-30
-46
-59
-55
-48
-53
-63
-94
-133
-160
-173
-179
-176
-159
-117
-73
-43
-11
8
9
7
-1
-7
-9
-4
8
15
11
2
-23
-62
-89
-104
-92
-60
-11
39
89
127
132
113
75
19
-46
-105
-141
-149
-129
-71
9
87
155
218
276
322
349
367
388
397
387
372
333
271
209
131
56
-4
-51
-74
-78
-69
-46
-23
8
43
59
74
74
72
67
50
29
-4
-31
-54
-88
-114
-129
-130
-115
-96
-70
-36
-27
-22
-37
-74
-101
-139
-179
-199
-197
-179
-149
-102
-65
-23
29
51
83
114
122
143
143
137
125
80
37
-17
-74
-116
-165
-196
-206
-200
-176
-147
-118
-88
-67
-59
-51
-51
-75
-84
-87
-89
-83
-61
-35
-16
22
49
69
93
108
117
123
124
110
86
51
6
-49
-107
-150
-185
-212
-220
-213
-197
-181
-163
-152
-148
-135
-124
-109
-66
-18
34
93
152
196
230
234
205
178
149
127
117
121
150
184
223
258
265
257
239
198
142
88
51
20
-10
-21
-30
-42
-41
-27
-16
1
27
47
79
108
122
111
72
33
-14
-64
-99
-113
-100
-70
-20
21
64
103
117
121
129
120
99
92
71
51
41
24
-9
-57
-91
-141
-186
-202
-201
-184
-150
-111
-75
-48
-41
-51
-73
-118
-161
-198
-217
-213
-209
-173
-113
-61
-6
34
71
101
119
131
122
104
96
83
53
31
16
-8
-35
-54
-59
-61
-54
-34
-17
-5
-1
1
6
-12
-42
-78
-119
-153
-188
-208
-201
-186
-167
-125
-72
-16
40
84
129
170
198
207
208
193
167
148
122
100
83
69
73
80
105
131
141
150
153
131
110
85
45
15
-8
-31
-44
-54
-65
-62
-74
-89
-84
-82
-62
-34
-9
32
61
89
119
125
124
114
83
55
25
-3
-22
-19
-14
0
21
35
55
59
62
55
35
13
-20
-39
-67
-103
-130
-147
-151
-147
-138
-127
-99
-75
-38
-9
5
22
21
16
11
-13
-33
-56
-88
-90
-99
-98
-65
-46
-26
18
72
117
169
201
205
214
201
162
116
44
-41
-99
-144
-189
-208
-209
-183
-142
-103
-68
-52
-42
-45
-62
-86
-110
-131
-146
-138
-129
-120
-96
-81
-61
-37
-6
19
36
66
97
126
141
150
160
165
152
130
110
75
38
10
-10
-19
-28
-16
16
59
111
158
193
216
227
216
172
125
78
14
-46
-73
-88
-87
-58
-25
8
30
49
68
63
52
56
49
41
50
51
44
28
15
-2
-13
-25
-46
-49
-48
-30
-5
12
28
32
25
5
-22
-64
-112
-150
-184
-216
-243
-256
-256
-246
-226
-198
-157
-112
-66
-21
22
47
45
43
40
23
8
-9
-4
16
25
56
86
126
172
187
198
196
167
144
124
84
38
-2
-36
-74
-115
-136
-149
-155
-155
-157
-144
-123
-98
-73
-50
-30
-14
-9
-17
-20
-38
-64
-79
-84
-81
-68
-38
1
46
96
143
179
194
192
193
181
157
140
117
91
70
51
31
13
-7
-34
-57
-74
-97
-97
-85
-99
-95
-84
-94
-78
-62
-69
-67
-50
-37
-26
-11
14
41
52
78
100
106
131
153
169
189
198
204
195
171
143
107
62
27
-5
-37
-53
-59
-62
-70
-68
-67
-86
-102
-124
-153
-176
-194
-214
-208
-189
-177
-157
-134
-110
-85
-54
-23
-6
20
42
53
74
76
70
76
65
39
21
11
-6
-8
11
17
29
54
66
81
101
98
79
72
57
36
9
-21
-41
-68
-83
-90
-90
-82
-64
-37
-15
11
35
67
87
87
74
54
51
46
35
47
63
76
88
91
98
99
91
79
59
45
30
16
3
-8
-22
-42
-62
-98
-128
-146
-168
-163
-157
-149
-115
-85
-64
-45
-33
-29
-32
-38
-53
-69
-79
-75
-67
-51
-33
-24
-5
19
41
62
76
82
79
78
74
64
57
42
25
8
4
15
26
26
22
29
31
25
36
34
35
40
23
8
5
-1
-23
-52
-80
-103
-130
-145
-143
-135
-119
-94
-53
-22
1
37
58
59
52
52
47
40
45
46
53
61
56
54
58
64
62
54
55
58
50
41
36
29
24
10
1
6
0
-3
-3
-4
2
13
18
13
16
29
23
20
29
35
29
26
22
14
8
-8
0
-8
-21
0
9
26
53
77
95
91
84
76
64
46
35
23
-4
-28
-52
-71
-92
-108
-119
-129
-128
-127
-125
-121
-123
-113
-101
-114
-121
-112
-114
-115
-105
-81
-68
-42
2
32
71
111
125
157
182
185
199
181
167
155
117
94
59
30
20
5
-12
-24
-29
-49
-59
-73
-110
-127
-140
-158
-166
-169
-173
-161
-145
-127
-89
-68
-47
-27
-12
11
31
50
52
65
74
68
84
91
93
104
100
100
113
109
97
82
73
64
56
50
25
23
14
5
4
-16
-35
-61
-78
-98
-107
-108
-113
-93
-76
-60
-32
-6
18
33
49
65
71
79
101
120
138
159
160
160
167
165
149
128
113
91
62
35
7
-34
-75
-117
-162
-195
-227
-252
-253
-251
-242
-233
-214
-186
-151
-118
-93
-70
-47
-15
14
31
39
57
75
76
91
98
97
113
122
136
148
149
155
143
122
86
46
17
-17
-53
-75
-88
-102
-98
-86
-84
-72
-44
-37
-45
-35
-22
-32
-48
-47
-43
-43
-47
-28
-13
-8
15
33
44
66
84
85
97
112
117
113
112
116
96
85
78
53
27
6
-13
-33
-39
-50
-65
-63
-59
-65
-73
-80
-82
-93
-106
-103
-109
-107
-95
-82
-48
-13
29
80
114
141
172
199
214
214
212
220
208
177
154
126
91
58
33
0
-40
-72
-97
-116
-120
-123
-132
-137
-129
-126
-121
-112
-123
-127
-125
-117
-104
-89
-52
-38
-19
12
36
62
78
101
110
114
112
104
82
51
28
2
-15
-39
-45
-44
-60
-61
-53
-47
-46
-41
-43
-47
-54
-59
-57
-72
-77
-75
-79
-75
-74
-61
-44
-35
-5
31
49
84
111
122
139
130
113
107
82
49
23
3
-7
-19
-14
-12
-4
15
10
17
25
21
22
10
-11
-36
-50
-62
-73
-78
-74
-61
-60
-42
-17
6
35
58
83
104
111
120
134
116
97
86
49
25
0
-18
-17
-34
-30
-22
-27
-14
0
1
5
8
0
3
-1
-14
-15
-35
-50
-41
-49
-46
-31
-35
-11
15
23
44
45
46
54
56
46
33
22
14
8
-3
-14
-31
-27
-26
-28
-23
-37
-41
-44
-38
-35
-46
-46
-45
-52
-62
-70
-81
-97
-103
-106
-102
-95
-74
-52
-32
9
35
59
93
104
117
124
120
114
94
76
52
35
35
26
15
6
4
-3
-10
-12
-17
-18
-29
-41
-59
-77
-82
-97
-112
-109
-109
-103
-63
-26
2
43
79
105
145
176
188
194
187
173
152
114
81
53
12
-16
-33
-52
-60
-67
-60
-60
-61
-47
-61
-78
-85
-111
-127
-131
-133
-127
-114
-92
-64
-44
-26
3
28
49
79
99
106
131
138
134
141
136
121
95
84
74
54
51
49
45
41
45
47
35
17
2
-16
-40
-69
-105
-137
-160
-176
-189
-203
-209
-194
-167
-147
-115
-77
-43
1
39
64
71
70
84
89
86
91
100
98
97
102
107
112
100
91
77
52
32
8
-26
-54
-74
-100
-128
-155
-173
-185
-200
-195
-182
-164
-134
-109
-70
-32
4
46
70
99
125
148
170
162
169
173
154
162
151
147
147
133
131
120
105
84
60
45
17
-22
-50
-82
-112
-128
-157
-169
-174
-178
-174
-174
-158
-142
-128
-112
-103
-80
-57
-52
-34
-10
9
25
49
68
85
111
128
146
159
182
198
196
193
175
160
122
92
62
14
-25
-68
-98
-133
-161
-170
-181
-182
-179
-173
-159
-151
-147
-129
-115
-100
-69
-42
-25
7
45
66
100
128
152
180
182
193
191
182
180
152
132
115
81
49
18
-17
-50
-76
-112
-149
-163
-180
-192
-183
-178
-179
-163
-141
-117
-85
-69
-54
-34
-9
-1
8
34
53
75
90
107
128
141
152
156
155
162
147
129
134
119
97
88
79
70
53
35
25
0
-26
-35
-44
-67
-80
-87
-105
-121
-122
-129
-135
-135
-139
-124
-123
-115
-81
-59
-39
-7
26
59
81
116
144
147
153
153
149
140
124
100
73
52
28
5
-20
-48
-62
-90
-114
-125
-153
-171
-183
-201
-201
-194
-176
-164
-139
-108
-85
-42
-5
37
86
107
138
172
177
185
193
178
162
150
130
101
81
58
29
5
-21
-34
-47
-70
-87
-94
-101
-119
-129
-124
-121
-118
-112
-108
-93
-74
-59
-39
-10
18
39
66
81
89
107
109
93
76
72
63
54
41
21
20
13
3
11
7
2
14
14
8
10
4
6
6
1
-9
-21
-28
-38
-48
-63
-62
-53
-36
-19
-14
7
23
38
50
59
66
70
75
73
74
82
83
88
91
72
67
73
48
31
23
1
-22
-44
-80
-111
-130
-151
-168
-180
-185
-184
-179
-165
-140
-125
-98
-60
-34
-10
26
58
89
125
141
154
170
171
168
162
156
145
131
122
99
78
55
19
0
-32
-66
-90
-126
-162
-187
-195
-199
-199
-190
-180
-160
-130
-103
-77
-38
5
39
66
90
112
136
147
153
155
151
154
151
139
127
126
105
72
52
29
4
-29
-57
-72
-91
-102
-117
-137
-148
-150
-162
-168
-145
-131
-120
-97
-81
-65
-41
-15
8
23
40
58
68
93
114
117
125
136
149
155
159
154
135
128
122
97
67
50
23
-8
-22
-45
-72
-87
-108
-121
-133
-150
-151
-163
-176
-177
-181
-168
-147
-138
-117
-81
-53
-16
23
47
83
110
126
148
167
179
181
183
186
186
175
160
139
118
101
63
35
0
-50
-70
-104
-141
-154
-180
-201
-210
-211
-208
-208
-199
-177
-145
-115
-87
-51
-12
28
62
92
123
154
180
201
214
217
225
224
217
206
184
161
138
106
74
36
-7
-42
-81
-113
-132
-153
-176
-186
-190
-192
-186
-182
-170
-159
-139
-109
-91
-69
-40
-4
31
59
87
114
141
170
189
192
189
186
181
178
150
120
111
90
59
31
3
-31
-59
-75
-102
-121
-132
-145
-159
-175
-174
-170
-173
-178
-162
-142
-142
-113
-84
-63
-33
-3
42
77
99
124
148
158
163
165
163
157
152
132
113
105
88
68
52
44
23
-9
-29
-57
-90
-125
-150
-169
-185
-187
-196
-189
-172
-166
-144
-114
-89
-54
-14
21
48
76
98
117
139
147
148
150
144
140
140
127
110
101
91
70
56
39
17
-1
-31
-62
-86
-113
-135
-139
-152
-164
-154
-148
-130
-110
-87
-55
-34
-13
4
25
36
54
70
72
87
104
116
122
126
137
147
131
110
114
97
68
57
44
16
-17
-32
-52
-76
-85
-101
-121
-123
-125
-122
-118
-121
-112
-102
-91
-83
-80
-52
-39
-24
7
17
30
50
70
82
93
110
123
131
128
120
115
109
92
75
57
35
15
0
-17
-34
-43
-55
-73
-86
-90
-105
-106
-96
-106
-94
-73
-65
-46
-14
3
11
36
57
56
58
65
68
66
69
83
86
91
90
84
87
73
56
44
33
13
-12
-32
-42
-45
-66
-79
-87
-99
-95
-89
-89
-98
-94
-83
-74
-60
-53
-38
-22
-6
15
18
41
55
58
78
76
80
96
93
100
111
107
97
84
78
69
44
21
-6
-44
-62
-75
-103
-115
-113
-112
-114
-108
-92
-78
-73
-54
-42
-37
-22
-10
5
22
35
45
54
62
72
76
78
83
78
58
45
35
24
6
-16
-29
-44
-57
-71
-79
-87
-101
-101
-93
-91
-82
-59
-39
-28
-12
2
23
45
52
61
66
63
63
57
46
37
25
17
10
0
3
9
4
1
-1
1
-2
-5
3
-2
-11
-7
-12
-10
-1
-10
-4
4
6
16
17
22
24
15
11
10
3
-3
-2
-9
-5
-14
-26
-14
-7
2
9
12
24
31
38
42
41
33
35
31
22
23
19
8
-10
-16
-21
-38
-41
-46
-57
-56
-50
-49
-46
-32
-24
-8
8
16
30
47
52
52
65
73
81
81
71
71
69
57
53
51
39
17
-3
-18
-36
-58
-84
-102
-115
-121
-122
-130
-113
-103
-85
-55
-47
-16
4
6
34
51
67
79
87
98
93
88
85
80
59
48
49
38
16
1
-16
-33
-35
-40
-51
-60
-65
-77
-68
-71
-90
-84
-78
-66
-63
-49
-14
-1
13
40
51
50
50
53
56
52
41
33
21
18
24
14
13
31
44
51
56
43
41
37
23
22
5
-6
-13
-31
-37
-41
-53
-55
-61
-73
-66
-71
-80
-72
-75
-62
-51
-47
-30
-22
-20
-8
11
28
46
58
75
99
102
106
116
112
108
103
90
73
50
36
17
-3
-19
-38
-62
-78
-82
-99
-109
-108
-107
-98
-91
-77
-66
-52
-40
-30
-15
-5
3
18
30
30
41
57
60
65
78
81
77
72
69
68
52
33
24
11
-14
-24
-20
-18
-20
-25
-25
-20
-32
-43
-38
-36
-49
-44
-40
-45
-46
-38
-21
-23
-20
-8
0
-8
-14
-3
1
2
10
23
29
47
71
77
84
88
93
85
67
62
42
24
18
9
-2
-7
-8
-13
-12
-22
-22
-28
-42
-38
-50
-66
-66
-70
-73
-68
-55
-43
-27
-7
2
15
37
37
46
59
59
70
60
58
58
32
27
24
12
2
-4
-6
-12
-15
-23
-31
-34
-31
-34
-31
-23
-33
-29
-25
-33
-32
-23
-20
-16
-2
-1
-2
-2
9
10
9
18
17
26
23
13
14
14
11
-5
-12
-15
-24
-14
-11
-14
2
9
24
25
9
16
20
5
-12
-19
-32
-40
-37
-43
-40
-35
-33
-17
-16
-19
-5
-10
-15
-14
-26
-26
-19
-16
-13
1
9
9
22
28
25
27
25
17
8
6
1
0
11
13
16
26
26
28
26
11
1
-4
-11
-27
-29
-30
-32
-19
-14
-9
-1
1
11
23
27
32
17
0
4
0
-8
-9
-10
-6
-2
-11
-3
13
6
7
10
0
4
-3
-12
-6
-12
-18
-11
-14
-12
-9
-5
2
-4
10
14
7
11
9
15
16
14
22
32
29
24
22
20
20
12
-3
-8
-12
-26
-22
-16
-21
-7
-5
-1
14
11
4
3
-5
-7
-12
-15
-9
-11
-9
9
22
27
42
43
44
52
40
22
10
0
-6
-10
-17
-22
-17
-18
-9
-11
-18
-14
-20
-17
-20
-29
-22
-17
-21
-13
-8
2
27
32
32
29
19
12
5
2
-1
-3
-13
-12
-1
8
25
23
18
33
26
24
27
18
20
11
5
11
-1
-2
9
7
4
10
5
3
-3
-17
-19
-22
-34
-41
-49
-48
-44
-44
-44
-42
-39
-27
-15
-12
-3
4
8
14
15
30
39
38
42
45
43
35
19
12
21
18
6
-1
-7
-21
-18
-18
-32
-19
-17
-27
-23
-29
-27
-36
-42
-33
-32
-26
-28
-20
1
13
25
30
47
55
49
49
38
23
17
14
2
-8
-8
-9
-9
-7
0
17
17
11
14
8
7
6
-9
-23
-22
-30
-33
-30
-40
-33
-25
-28
-26
-19
-19
-27
-16
-16
-22
-7
2
6
9
8
13
19
28
48
43
37
49
41
41
49
45
54
50
32
37
26
9
8
-5
-13
-16
-35
-44
-51
-49
-42
-52
-48
-41
-44
-35
-27
-15
-8
-7
-4
3
12
13
18
29
26
22
21
30
40
30
30
33
28
24
20
15
3
-7
-8
-14
-31
-32
-27
-25
-24
-31
-22
-14
-15
-8
-10
-12
-7
-11
-3
1
2
7
2
2
2
0
-3
8
16
8
14
13
15
31
31
37
53
54
50
53
44
36
25
8
-13
-26
-26
-39
-51
-48
-51
-49
-44
-43
-34
-22
-21
-30
-18
-17
-21
-23
-22
-12
-11
1
6
10
29
31
34
37
41
43
42
37
35
30
19
18
11
11
1
-9
-9
-16
-19
-28
-34
-29
-28
-29
-25
-18
-17
-17
-12
-5
2
0
-3
3
0
1
6
-3
0
0
0
3
11
28
24
18
23
22
16
10
6
-6
-12
-12
-15
-17
-22
-17
-7
-3
6
3
4
11
5
-6
-16
-23
-29
-36
-42
-36
-34
-26
-3
-4
-7
3
9
22
30
37
38
37
45
42
43
45
45
46
43
38
28
13
-12
-25
-22
-29
-40
-39
-34
-29
-19
-13
-13
-7
-2
-12
-19
-20
-24
-23
-20
-8
2
7
18
26
35
39
44
43
42
40
26
5
-5
-12
-15
-9
-6
-18
-11
-1
-5
-6
-6
-17
-21
-9
-14
-15
-12
-18
-7
-1
6
14
8
8
10
12
9
3
3
-10
-3
15
9
9
10
9
12
11
16
6
4
6
-4
2
-3
-10
0
0
11
19
19
18
10
5
-7
-8
-20
-39
-41
-40
-43
-42
-41
-41
-25
-9
-6
3
14
14
14
19
13
10
19
24
12
18
25
19
26
30
24
14
9
2
-8
-14
-14
-25
-31
-21
-17
-12
-5
-3
-4
-7
-9
-22
-14
2
-4
1
4
-4
-1
12
21
28
22
13
13
10
1
-14
-22
-10
-8
-7
6
11
2
6
19
15
4
3
-4
-16
-25
-27
-26
-21
-12
-7
1
1
-1
10
18
17
7
-4
-14
-13
-8
-2
7
4
-1
10
13
13
17
5
4
15
7
6
12
10
9
13
11
13
16
17
9
-11
-14
-18
-23
-15
-30
-36
-14
-7
3
18
19
23
21
22
17
10
-1
-1
-3
-18
-12
-7
-5
0
-1
6
14
7
4
0
-14
-17
-22
-38
-38
-31
-35
-27
-16
-6
9
15
18
32
32
24
28
29
17
19
20
15
12
3
0
0
-5
-10
-14
-17
-19
-19
-17
-10
-7
-13
-6
-5
-6
-1
-3
-7
-7
-12
-18
-26
-24
-10
-2
4
13
20
31
45
42
