5
3
2
4
2
2
3
4
3
2
1
0
-1
-3
0
1
1
1
1
1
1
-1
0
-1
-2
-5
-4
-4
-5
-7
-10
-9
-7
-5
-5
-6
-7
-7
-9
-9
-9
-8
-8
-7
-5
-5
-4
-6
-6
-5
-4
-3
-4
-7
-8
-8
-8
-6
-5
-4
-3
-4
-4
-3
-5
-7
-6
-8
-8
-7
-4
-3
-2
0
2
0
2
1
2
2
4
3
5
4
4
5
5
4
5
7
6
4
4
4
2
2
4
5
6
8
8
8
7
4
5
4
6
7
7
9
8
9
8
9
11
8
5
4
3
4
3
5
4
1
3
2
-1
-2
-3
-4
-3
-2
0
3
3
0
0
0
-1
0
3
2
0
-2
-2
-2
-2
1
3
2
0
1
1
4
0
-2
-2
-1
1
3
2
2
3
0
2
1
-2
-2
-3
-3
-3
-1
2
3
4
5
2
0
0
1
-2
-1
-1
-2
-3
-4
-5
-6
-6
-4
-6
-5
-5
-8
-9
-10
-8
-8
-6
-3
-2
-4
-5
-6
-5
-4
-3
-2
-5
-6
-7
-9
-7
-7
-6
-3
-3
-4
-2
-1
0
-1
-3
-4
-3
-2
-1
0
-1
-2
-4
-3
-1
1
2
1
0
2
1
2
5
5
5
2
0
-1
0
0
2
3
2
2
2
4
5
7
4
4
1
0
2
3
3
2
3
1
5
6
6
5
2
3
3
4
5
4
4
5
3
2
3
2
3
2
2
0
1
5
5
3
2
2
2
3
2
0
0
0
0
1
3
3
2
1
2
1
0
1
1
4
6
6
6
4
4
2
2
1
1
2
3
4
4
2
-1
-4
-5
-5
-4
-3
0
0
-1
-1
0
3
3
2
2
1
0
2
2
3
0
-2
-1
-1
0
0
-2
-3
-4
-4
-2
-3
-2
-3
-4
-2
-1
-1
-1
-1
-2
0
-2
-4
-4
-3
-5
-5
-5
-7
-5
-3
-2
-3
-6
-7
-9
-9
-9
-8
-5
-6
-7
-7
-8
-9
-8
-7
-7
-4
-2
0
-1
-4
-3
-1
-1
-1
-2
-1
-2
-1
1
3
2
3
3
4
2
1
3
1
2
2
1
2
3
3
3
3
3
4
6
5
2
2
1
1
0
1
1
1
3
2
4
4
2
2
1
0
1
2
1
2
2
3
4
2
2
2
3
4
5
4
4
5
3
4
4
2
5
6
5
5
5
5
4
4
5
3
6
8
6
6
6
6
6
1
0
1
0
-1
1
2
-2
-1
-1
-1
2
0
-3
-3
-5
-3
-2
-2
-3
-2
-3
-3
-2
-1
-1
-2
0
-1
-2
-2
-2
-3
-3
-5
-5
-4
-2
-3
-2
-5
-6
-5
-5
-3
-3
-4
-3
-3
-4
-1
0
-2
-4
-5
-5
-4
-2
0
-2
-1
-5
-7
-6
-5
-3
-5
-5
-5
-4
-3
-5
-4
-4
-5
-6
-4
-3
-1
0
-1
-1
-1
0
2
5
7
5
4
3
3
3
4
4
3
2
1
3
4
5
4
1
2
5
4
5
6
4
4
2
1
3
4
4
3
0
1
3
3
3
3
3
1
1
1
-1
1
0
1
0
0
-3
-3
0
0
2
1
3
0
0
1
1
-2
-1
2
1
-1
2
1
0
2
1
0
1
2
3
3
5
4
-1
-5
-5
-2
0
2
2
0
-7
-6
-3
-1
5
4
1
-5
-8
-6
0
1
4
5
-2
-5
-2
-1
1
2
0
0
-2
-3
-4
-3
-1
-2
-3
-6
-6
-2
0
2
0
-3
-6
-5
-1
4
4
4
0
-4
-4
-4
-1
3
3
2
-1
-2
-2
-1
6
5
1
-2
-3
-8
-7
-2
0
0
-3
-6
-5
-6
0
3
1
3
2
-2
-2
0
3
5
7
3
0
-1
-2
5
8
9
8
0
0
-1
-2
4
4
0
1
0
-2
0
4
3
4
1
-2
0
1
5
8
6
6
4
3
6
4
6
4
6
4
-6
-3
-6
2
7
2
2
-5
-7
0
-8
4
2
-6
1
-9
-5
0
0
4
6
-1
-5
-4
-1
5
5
0
-5
-3
-6
-5
3
2
-3
-1
-5
-4
-5
-7
8
1
-5
0
-4
-6
1
-2
0
8
-7
0
-1
-11
0
-6
0
7
3
2
2
5
4
8
1
-4
5
-11
-5
5
-6
1
1
-6
1
-3
-7
-4
-1
4
-1
3
-5
-9
-2
-4
1
-4
0
-3
-11
2
2
1
1
-2
-1
-13
2
-5
-1
8
-12
4
-3
-11
11
2
1
12
-6
-2
1
-3
-6
0
8
-4
6
4
-9
6
6
-6
12
6
3
3
1
5
-1
10
0
0
3
-3
-4
3
5
-4
12
-2
-10
-5
9
3
-12
11
-2
-3
8
-7
5
12
-20
-2
21
-13
2
21
-13
10
-2
-5
14
-15
7
2
2
10
-17
18
7
-22
19
4
-2
10
2
13
3
-3
15
-18
-7
19
-10
6
12
-11
5
-7
-11
12
-9
5
4
-3
16
-13
-5
17
0
-16
14
14
-14
-2
-1
-9
4
-11
-19
29
0
-25
9
16
-27
-2
16
-22
6
-6
-9
9
-2
-1
-3
-15
20
-24
-30
46
-23
-16
37
-10
-24
13
-7
-15
-4
2
-3
-8
13
-10
-5
-4
-18
23
-7
-3
19
-3
-18
8
1
-19
33
-18
-12
31
-38
-17
24
-26
10
8
-5
31
-30
11
13
-28
33
0
-14
54
-21
-13
40
-22
-34
32
27
-51
19
24
-38
7
33
-10
-28
43
-22
-42
58
-17
-24
40
-3
-25
3
14
-16
-33
35
26
-47
32
29
-48
34
-9
11
7
4
30
-38
48
-3
-34
37
-9
-34
10
18
-28
3
39
-28
17
42
-35
23
5
-10
-6
15
24
-23
26
12
-39
29
3
-28
31
-18
3
10
-22
4
-8
3
-26
50
-40
-5
11
-25
38
-26
-6
37
-48
1
7
-39
31
-27
23
5
-20
13
-30
-4
24
-21
-2
32
-42
7
34
-43
-14
24
3
-39
28
-9
-12
15
-6
-20
24
-36
-3
1
-30
-4
-13
12
-4
-7
21
-16
-26
45
-20
-11
50
-21
0
9
-9
4
-27
5
5
-23
34
6
-45
54
-26
-5
37
-37
36
15
-41
39
15
-28
47
-30
12
51
-61
23
26
-10
5
20
10
6
-25
37
-11
-15
38
-62
58
7
-45
39
19
-20
-28
28
2
-50
53
-16
-19
26
14
-13
-36
78
-49
0
71
-76
29
50
-62
-9
51
-30
-32
77
-33
-9
18
10
-13
-5
6
-7
45
-57
16
58
-52
2
36
-47
12
35
-53
40
42
-75
11
48
-69
6
60
-71
-4
26
-11
-45
20
-7
-27
-33
45
-18
-44
42
-27
-2
-32
27
-39
10
35
-64
30
7
10
-52
30
28
-35
-9
3
-2
5
-20
-36
111
-71
-47
111
-36
-67
40
12
-81
14
54
-69
-32
122
-70
-52
117
-79
-30
82
-72
38
21
-47
15
-9
13
-21
6
-1
45
15
-73
62
56
-97
16
91
-61
-30
40
40
-49
2
78
-29
-56
63
39
-61
-13
115
-17
-104
164
-30
-78
90
-19
-46
53
-2
-6
34
-28
22
-79
64
34
-80
61
58
-55
42
27
-52
-26
61
-55
17
-8
30
20
-68
99
-62
-44
91
-113
25
115
-127
67
76
-95
-13
44
-72
16
-10
96
-14
-90
201
-239
87
73
-214
118
12
-2
-45
130
-14
-61
22
56
-41
-82
120
-10
-10
56
3
1
1
-36
25
32
-16
-2
77
-59
-9
16
-5
-41
-39
79
-54
-17
32
95
-135
-14
163
-150
-1
60
-115
56
-33
-4
14
-77
94
-122
-26
132
-96
-49
74
-24
-79
7
31
-62
-117
86
-56
-39
-37
47
-69
7
29
-109
125
-156
27
77
-218
104
-9
-86
74
-119
56
53
-176
110
15
-96
25
27
-56
-41
7
21
-62
-36
186
-148
13
192
-194
63
113
-96
-20
155
8
-210
247
102
-205
68
183
-70
-104
305
-64
-176
273
-186
125
2
-102
200
-18
-56
37
65
27
-51
30
149
-78
-40
115
140
-203
94
268
-204
-153
469
-214
-144
377
-150
-65
226
-169
3
191
-93
-239
460
-102
-278
277
108
-227
-98
410
-229
-148
223
2
-70
-44
243
-170
-78
246
-175
112
-26
-57
167
15
-194
55
153
-263
19
139
-110
-33
57
1
-105
156
-315
82
102
-277
80
-13
-43
-166
-11
247
-279
-170
364
-360
-138
217
-22
-292
110
260
-582
162
148
-536
237
127
-430
114
215
-267
-273
358
-201
-298
324
-262
-32
-143
58
100
-470
323
32
-454
151
-6
209
-474
296
133
-322
134
-91
96
-112
65
54
-39
-22
69
34
79
-51
47
179
-164
69
254
-72
5
320
-66
16
88
55
142
-29
157
64
233
85
-89
313
183
-162
114
400
-17
-125
382
69
-233
317
107
-127
153
84
122
-35
76
139
168
-178
39
371
-253
7
188
63
-106
33
178
-303
341
77
-210
146
195
-292
-103
556
-491
-162
566
-197
-404
338
31
-372
27
301
-396
-257
502
-497
-81
221
-260
-301
90
-198
-474
310
-132
-647
318
64
-749
-105
310
-497
-291
161
-137
-515
115
-55
-645
238
0
-804
288
149
-928
330
151
-550
-61
312
-413
-318
775
-560
-65
506
-764
518
247
-456
252
358
-243
-245
423
377
-798
769
374
-1008
1023
112
-547
508
269
109
-200
591
389
-614
745
28
-315
816
-42
-79
447
325
-355
19
880
-425
197
472
-222
354
291
128
-44
391
219
-381
369
436
-20
131
179
471
-75
82
536
-50
262
506
-300
658
35
-45
406
-185
218
-69
102
-40
-251
-57
-73
-384
62
-32
-78
-425
104
-212
-1109
560
-616
-554
319
-1086
43
-473
-1112
339
-866
-999
446
-991
-714
214
-1585
54
-546
-1035
612
-1721
655
-93
-1705
1284
-730
-1181
1279
-1092
-721
1421
-1112
-295
954
-503
-118
406
-561
731
-340
343
679
-315
814
-136
591
514
-69
532
1148
-446
1137
1101
-1368
1389
1037
-890
1214
613
356
443
747
310
724
414
318
1179
-243
1430
276
178
1479
-397
163
1117
152
280
1092
370
484
287
579
894
-286
1003
450
-16
1203
102
8
839
86
-184
430
49
-423
382
-287
-223
370
-1061
158
-197
-1161
296
-990
-1182
269
-1572
-854
-496
-1601
149
-1586
-908
-421
-2042
-335
-1517
-1631
265
-1471
-1754
-651
-811
-1828
-994
-1260
-953
-429
-1658
150
-1616
-1431
628
-2265
42
159
-1716
176
-212
-761
1016
-1299
-259
570
-1304
1353
-719
-736
2278
-1914
156
2947
-1799
1500
208
-80
2533
-1031
1384
1474
-360
1380
1506
-559
2690
-620
782
2858
-1777
1982
2137
-1997
2965
1010
-918
3000
209
401
1967
365
936
1196
214
2092
-67
970
1948
-967
1818
1594
-524
2396
630
421
1956
82
1272
950
-133
1328
624
-177
1328
218
-305
917
-607
-722
642
-950
-1290
638
-756
-1302
388
-1765
-776
-26
-2052
-1014
-958
-1838
-1157
-1587
-1025
-1283
-2339
-147
-1846
-2059
-409
-2493
-1969
345
-2094
-1637
-313
-1905
-2323
-1644
569
-3075
-616
603
-1865
-345
106
-2431
61
-1210
-981
972
-628
818
-691
-673
1450
-2130
-276
3048
-1812
-489
3293
-2710
1179
1661
-1854
1980
502
-207
2301
-603
2684
-369
329
3091
-2622
2803
2458
-2478
2999
2125
-2591
2568
1050
-873
2966
795
1012
2779
243
1093
879
558
1665
623
1979
2509
267
1703
1851
-276
1895
1408
820
2333
1344
1446
1325
-34
1121
114
-175
1109
220
-117
606
78
-1154
-423
-692
-2023
-676
-534
-1119
-546
-965
-1128
-2049
-2436
-1387
-2987
-1328
-707
-2566
16
-2571
-2216
-920
-3397
-2386
224
-2352
-1392
98
-2566
-824
-2425
-1438
-1610
-1269
-151
-1361
-485
-201
-2355
-291
730
-2516
230
471
171
-1656
2225
469
-1902
1926
70
-863
693
3104
-2381
354
2534
-1384
698
2869
-665
380
2608
-698
1150
1562
857
289
2458
1387
893
1591
710
1679
508
2206
3034
1284
2015
2205
-175
1048
1336
804
2505
2572
2217
2230
1024
1899
1411
798
2373
1657
2188
3075
1100
1506
1345
-775
-82
852
-108
61
1389
-152
-924
-154
-1856
-2559
-1240
-1911
-1830
-393
-1753
-1695
-1627
-3475
-3100
-2908
-3327
-2445
-1799
-1983
-2358
-1974
-3116
-3859
-2115
-2430
-2862
-661
-1610
-1758
-1295
-2157
-2331
-2058
-1551
-2767
411
-521
-743
-138
-713
-929
-954
-410
-1162
1137
771
720
1865
389
-1407
1286
-887
-382
2889
789
357
2400
586
-42
551
992
-1363
1315
3355
-739
3334
2084
-1340
2213
941
226
3234
2151
2987
3459
2182
1280
1411
704
1426
2423
2563
4262
3397
2755
3209
988
2135
2027
1755
4189
3339
3067
3168
1196
331
453
-286
262
432
719
1425
-42
-433
-1174
-2509
-2626
-2065
-1747
-1415
-432
-1174
-2759
-2907
-3885
-4518
-3744
-2700
-2552
-2771
-2542
-2925
-3245
-4085
-3255
-3624
-3544
-1999
-1749
-1608
-1315
-1550
-2581
-1710
-1553
-3006
-1774
805
-361
-369
767
-1102
-1943
-1384
-770
109
1139
1243
1358
952
-39
-682
-944
-103
365
984
3145
1646
309
767
-2180
-638
130
-597
3722
2357
2357
2740
586
-20
1318
1228
1468
3811
3601
3389
2593
2048
950
1311
2207
2520
4441
5030
3867
3860
4170
1692
2385
3051
2353
3174
3386
2842
2053
1283
-226
-888
-1183
-268
-96
-16
246
-1001
-2369
-2784
-2657
-3584
-2472
-1912
-2980
-2675
-3041
-4453
-4201
-3792
-4556
-3756
-3280
-3501
-2882
-2636
-2803
-3358
-3576
-3027
-2955
-2658
-833
-1852
-980
-1242
-1744
-1157
-1294
-735
-539
146
348
535
-306
424
307
106
1139
658
625
1006
901
936
622
971
528
-22
212
1153
498
1377
1840
446
1193
1411
1144
2865
3260
2555
2657
1801
1107
1786
2163
2781
3999
3518
2844
2900
2543
2372
3044
3985
4034
4423
4335
2421
2837
1667
879
1435
1612
1271
1387
659
-415
-908
-2223
-1638
-1875
-2141
-1547
-2335
-2869
-2639
-3281
-3556
-3537
-4317
-4260
-3309
-3245
-3332
-3369
-3832
-4244
-4128
-3378
-3231
-2638
-2352
-3128
-2407
-2968
-3173
-1641
-1484
-1030
-475
-118
-593
-938
-457
-771
-335
413
-186
854
1566
61
839
594
-829
-140
942
320
134
1211
611
305
203
8
-31
288
1911
2927
3826
4389
3260
1448
1228
731
1592
3741
5230
5522
4635
3867
1771
564
2379
3992
5355
7040
6065
4111
2340
824
637
646
2378
2642
2813
1846
-135
-1320
-2447
-2933
-2846
-1550
-1444
-1312
-1938
-2901
-4613
-5073
-5536
-5726
-3272
-2995
-2994
-2447
-3509
-5115
-5123
-4978
-4044
-2323
-1669
-1234
-2408
-3417
-4166
-3850
-3013
-1135
77
200
125
-789
-1113
-1868
-1272
108
233
1514
1897
277
197
-586
-1814
-740
107
593
1284
1424
-327
-1224
-1057
-1146
-409
1170
3498
3642
3921
3327
926
165
391
1558
3581
5784
5836
5181
3686
1969
1420
2246
4657
6807
7775
6794
5318
2700
956
1198
2346
3759
4578
3983
1737
-186
-1411
-2769
-1911
-129
-348
-445
-1714
-3431
-4397
-4537
-4527
-4377
-3418
-3927
-4336
-4319
-4721
-4792
-4888
-4882
-4443
-3455
-2669
-2577
-2536
-2912
-4013
-4205
-2720
-2067
-494
412
-708
-923
-1964
-1486
-915
345
1519
971
61
-804
-1004
-1528
284
-184
46
-52
-1470
-1062
-1894
-1212
-1500
-213
-836
-335
1814
2021
2880
2331
1572
-605
5
1500
2715
5128
5216
4329
2424
1340
1395
2666
4991
7549
7594
6568
4821
2062
1484
2157
3314
4558
5392
3568
1606
-484
-900
-1127
-331
587
560
-192
-2651
-2889
-3891
-3216
-2565
-3382
-3640
-3758
-4508
-5105
-3813
-3743
-4174
-4137
-3963
-3802
-3033
-2488
-2168
-2377
-2728
-3083
-2464
-1614
-796
220
-330
-543
-739
-423
-397
413
733
294
-41
-819
-105
-254
260
-333
-1123
-1073
-2286
-2422
-810
-996
-757
-37
-2034
836
2794
1105
2773
1529
-652
505
1529
2443
4847
4874
2767
1634
1901
1996
3336
6006
6638
6688
4872
2641
1899
2150
2742
4004
4226
3428
2255
-480
-1398
-498
-632
323
872
-459
-1560
-3990
-4478
-2889
-2495
-964
-1585
-3787
-3758
-5206
-5618
-3045
-2373
-2294
-2133
-3087
-3274
-2556
-2654
-2603
-1204
-1064
-1799
-1080
-336
-692
-38
-525
-535
237
323
734
491
540
-454
-820
-1080
-414
397
53
-1424
-1305
-2657
-2578
-1851
-2434
-519
-480
-1723
297
3969
1593
2018
1733
-1707
341
1835
3465
5852
6403
3557
1009
912
1708
3014
6316
8587
7127
5330
2965
509
320
2861
3613
3661
4313
2477
-1541
-2757
-2009
-1739
-844
227
-1213
-3310
-4617
-6231
-4591
-2715
-1823
-2635
-4714
-4936
-5763
-6014
-3298
-1688
-2474
-2644
-3395
-3572
-2641
-1340
-1053
-840
-346
-1397
-1128
460
1442
1796
1388
787
1053
587
1450
1352
1704
1737
378
-524
19
194
-1129
-980
-1611
-2975
-2450
-2642
-2640
-936
-902
-1858
2308
2545
168
1921
-1525
-1237
1697
3046
4532
6313
4396
1618
735
1627
3800
6004
8334
8446
5933
3298
2116
1181
3228
4942
4765
3875
2247
-217
-2738
-2088
-175
-190
-268
-586
-3745
-5815
-6507
-5696
-3434
-2473
-2184
-4775
-6427
-6693
-7371
-5452
-2653
-2169
-2941
-3336
-4210
-4476
-2604
-1591
-1511
-326
-1051
-1520
-424
191
1112
1699
1277
1214
1895
1473
2181
2226
2000
1902
527
110
767
-74
-998
132
-2538
-1787
-1642
-3291
-1141
-2326
1370
4294
841
2491
-800
-3047
-380
1628
4001
6917
6300
2130
1094
1099
1052
4091
7812
9275
8192
5289
3156
1517
1752
4261
5452
5416
5025
2012
-1481
-1661
-196
-694
220
1700
-1435
-4237
-5401
-6318
-3773
-2389
-2006
-4197
-5756
-6082
-7878
-5930
-2834
-2589
-3670
-4638
-5375
-4739
-3126
-1829
-1264
-606
-1496
-3592
-2226
-613
10
1191
815
722
802
724
622
1163
1423
475
417
677
491
432
-1357
-3274
-3099
-3476
-1957
-2318
-1246
-2836
-989
3729
-760
2037
235
-3173
-633
1437
3114
5794
6633
2118
511
801
1473
3917
8165
9937
8906
5686
3225
1851
2372
5351
6501
6635
6022
2667
-1195
-836
830
1202
551
1624
-548
-4578
-4707
-4288
-2083
-1614
-2099
-4836
-6949
-5553
-6333
-5387
-1560
-2551
-5835
-6155
-5981
-4986
-2203
-445
-1799
-1695
-2275
-4921
-3083
294
677
1695
1511
-250
617
-255
-298
1340
2157
2131
1099
686
-385
-1047
-2152
-2580
-2299
-2056
-1944
-2127
-3409
-3732
2708
783
-1467
2148
-4448
-3295
-471
737
3687
5697
3274
-857
-160
1026
1825
4581
8486
8486
5252
3818
3556
2236
5001
6234
5648
5884
5408
2000
-447
2394
3273
1353
1721
2738
-1315
-3405
-3225
-2478
150
873
-1342
-4927
-3916
-5381
-6087
-2335
-309
-1714
-4460
-6024
-5959
-4301
-2044
-810
-789
-726
-3058
-4918
-2770
-553
219
1544
-84
-139
285
-1620
-1130
571
1249
488
696
111
-557
-2758
-3087
-3428
-2611
-2299
-2112
-3112
-3837
4686
-2036
-1146
340
-5468
-2762
-65
1415
3299
5390
455
-2089
-911
1019
1577
4836
7681
6664
2984
1621
1914
1865
4959
5891
4733
4659
3355
160
-506
3521
3803
240
2106
649
-3226
-2118
-1522
-197
1112
616
-2909
-5481
-2721
-2378
-2259
1104
933
-2910
-4895
-4257
-3465
-460
2338
115
-752
-745
-3842
-2570
996
1923
2623
1827
-525
598
265
385
2149
1172
1373
510
-852
-114
865
-2712
-1986
-2447
-4017
-2063
-1803
-3099
877
4048
-4126
-1119
-3735
-5653
-1486
991
2480
4291
1878
-3296
-3219
-1718
1894
3053
6300
6781
3673
-476
-705
549
2372
5299
4790
4064
2376
-375
-2529
-952
2971
2927
903
1505
-1192
-5155
-4676
-2119
552
1749
318
-3419
-5001
-4627
-4180
-1212
1750
1698
-2148
-5184
-4015
-2384
-236
2434
1992
899
-1033
-3656
-1333
1562
2517
3462
2546
165
1287
191
-640
2571
2357
614
2116
654
704
-8
-2978
-2298
-2158
-1120
-1961
-968
-1544
4192
353
-2303
166
-5544
-3350
-437
1974
4201
5061
-776
-4018
-3170
-1630
1420
5087
7880
5994
906
-2360
-2462
-451
2735
4901
4705
2941
358
-3745
-3505
50
2895
906
933
168
-4544
-5948
-4442
-546
1250
750
-2318
-5113
-4756
-3965
-2813
1807
2728
-433
-4435
-5359
-2580
-538
2033
2918
2039
234
-2846
-2578
1285
3449
3967
3681
1726
1215
1520
-94
1978
4168
2357
969
1516
314
839
-902
-1270
-364
-592
-2174
-1363
-2262
1919
5635
-2140
1571
-2054
-4694
-1773
1054
3194
5059
3372
-2505
-2510
-1348
357
2318
6170
7778
3747
-202
-670
-1084
755
2682
2817
2578
1776
-1775
-4466
-1331
1051
139
-953
238
-3089
-5933
-5499
-3386
344
228
-2686
-5877
-6250
-4835
-4011
-1135
2447
329
-4542
-6369
-4306
-1605
1335
2096
646
440
-2064
-4860
-313
3106
2844
2736
1089
628
1500
1221
1073
2885
2976
1060
531
1416
1910
343
-1784
-785
-1386
-452
372
-975
4450
5170
-252
879
-1415
-2056
16
1970
3717
5360
3555
-1163
-1949
-377
960
2389
5405
7905
4494
159
-44
-1052
818
3302
2842
2515
1192
-2243
-5309
-2762
1917
1295
-105
-188
-3346
-7030
-6005
-2696
1031
1818
-1302
-5780
-7305
-5448
-3920
-1080
2858
1969
-3374
-6304
-5041
-2710
669
2281
1574
1051
-1379
-4064
-2189
1182
2645
2760
978
1197
1111
46
-547
1243
2365
1383
197
337
1143
-697
-2355
-1706
-1276
-852
-325
-1797
-543
6081
2062
-1147
2331
-1925
-1948
1191
2809
5131
5846
1501
-1886
-570
1273
2269
4458
7993
7609
1365
-896
658
937
3386
4061
3424
2256
-476
-4000
-4226
1537
3236
-606
-1163
-1417
-5846
-6966
-3717
-30
1968
-485
-5056
-6768
-5312
-3703
-2426
1420
2704
-1205
-6144
-5748
-2592
-277
2028
1297
1169
-59
-3154
-3646
294
2729
1919
1386
612
1112
1258
-805
-403
2025
988
-703
60
355
734
-2862
-3761
-2041
-2316
-1365
-1182
-1438
4155
3558
-1971
538
-1984
-1829
-255
2498
4494
5814
2496
-2086
-1360
-40
1738
3423
7278
8242
3476
-681
-909
-248
2552
4135
3982
3800
870
-3176
-5333
-1561
2437
1306
517
299
-3875
-6536
-5578
-2698
1551
1582
-2296
-5246
-5436
-4064
-3054
-21
2949
1071
-2935
-4902
-2694
-892
1467
1821
799
1913
-439
-2513
46
2227
1090
800
616
1487
2360
1279
-684
-271
510
-1042
352
2187
1533
-1231
-5040
-4930
-2603
-2060
-98
-320
-1140
4060
82
-2455
2118
-1678
-1567
495
2510
4235
5400
1211
-1103
15
-148
2451
4414
8002
8020
1887
-744
91
538
2906
4035
3760
2481
-831
-3936
-3302
408
2237
-497
-2006
-1532
-5187
-6087
-3713
-49
1617
-1922
-5240
-6159
-4277
-2923
-1597
1618
1773
-1389
-5557
-4762
-680
1049
1438
1242
1106
422
-2401
-1951
2366
2288
1300
627
362
1801
1787
-145
-675
1074
-411
-1057
979
1686
493
-2381
-5121
-3102
-2329
-1399
-944
-852
-993
3209
-436
-1220
2630
-2765
-1347
780
3255
4621
4923
974
-1398
-404
459
3238
5478
8532
6442
1100
-86
755
1740
3535
4001
3247
1694
-1104
-3516
-1599
1633
1828
-1193
-2990
-1584
-5281
-5432
-1715
789
144
-3147
-5665
-6053
-3294
-2309
-831
1169
1554
-3176
-6312
-2997
-605
333
1662
1340
95
396
-2595
-1753
2392
1332
755
690
984
1698
767
-1588
-426
69
-572
-338
466
1772
-1191
-3843
-4314
-2616
-2472
-1928
-1177
-1786
-2284
3036
974
229
2903
-3097
-2834
386
3523
5114
6297
2837
-1229
-1278
400
2798
5715
9526
7028
1812
757
1425
1109
3544
4944
3687
2608
143
-1616
-1398
510
489
-1824
-1748
335
-2942
-4605
-2038
-1877
-1841
-2082
-2789
-2887
-2522
-3011
-2937
-855
931
-1798
-3795
-2254
-993
-1489
77
1466
443
729
-2458
-1766
874
128
396
1327
692
877
-15
-2015
32
-550
-995
-812
-368
-43
-1200
-3638
-3783
-2548
-4190
-3199
-2344
-1939
-3440
1503
2444
-533
2107
-2576
-3935
-444
2878
4088
6339
4503
-651
-1487
-20
2191
5029
8224
8226
4703
1958
1811
611
1955
3666
4359
4088
2681
1703
-1286
-1233
-309
-2465
-1780
1686
-378
-2904
-1427
-3678
-3916
-2578
-2097
-1188
-1029
-1178
-2275
-2243
-797
-1682
-3135
-1381
-654
-1249
692
1051
-45
-350
-1444
-2163
129
773
552
1965
213
-687
-1538
-1309
-295
-152
-398
-1305
-1824
-2291
-2199
-2755
-2295
-2257
-3937
-4576
-3555
-3855
-3007
-3049
3272
2757
-1512
1429
-3990
-2483
696
2729
4850
6338
3519
-478
445
1205
2946
4425
7719
8662
5521
3765
2812
335
1720
3428
3714
5535
5619
918
-2416
-2239
-2690
-772
1228
3581
1677
-3241
-5549
-5602
-3138
626
1319
375
-524
-2449
-4592
-3328
698
83
-759
-971
-855
-640
499
746
-930
-15
-1185
-2687
295
1897
1167
472
-2239
-2568
-1433
-795
114
-11
-1364
-2795
-4880
-3881
-1127
-2105
-2452
-3920
-5465
-5695
-5050
-4635
-3482
-2559
-2931
1817
-221
-176
308
-4011
-1736
421
2601
5463
6275
3783
1175
343
636
2900
6227
8993
8902
5383
3415
2103
434
2951
5031
5864
5084
2882
125
-1611
-288
-239
100
1712
1484
-2447
-4188
-3162
-1679
-452
-622
-821
-1416
-2843
-2928
-2019
214
707
-1599
-2946
-1824
356
127
887
1045
-539
-2078
-3177
-1276
1975
1966
282
-47
-1531
-1444
-1484
-957
475
-552
-2241
-3179
-2938
-1905
-2657
-2718
-3724
-3623
-4617
-5903
-3681
-4362
-4520
-4155
-3952
695
1655
-784
252
-2407
-2771
-781
1201
5203
7207
4916
1909
1140
1089
2400
4338
7214
9569
7416
4943
4059
2125
2508
2349
2881
5051
5128
3880
1715
368
-1346
-2933
-2526
333
866
245
-342
-2219
-2949
-4005
-2846
-2233
-899
133
-1601
-1394
-1611
-3581
-3649
-2209
-1074
426
1125
604
-818
-2311
-3292
-2439
-921
1580
2238
1470
-253
-2229
-2684
-2445
-851
130
950
-216
-2012
-3610
-4082
-2920
-3320
-3380
-2371
-2793
-4617
-4619
-5520
-4710
-3969
-3226
587
2622
1586
-338
-2364
-2247
-605
1525
4483
7222
6643
3015
1158
1031
1901
3628
6419
9583
9240
6451
4595
2011
2024
2678
2889
4937
6310
4417
1696
361
-1096
-2181
-2588
-1168
249
140
-1310
-1365
-2346
-3713
-4348
-4556
-3457
-1606
-1157
-1559
-1221
-2905
-4651
-5101
-2882
-1044
64
875
65
-1546
-2545
-2797
-1874
14
580
936
354
169
-346
-903
-586
-810
-1368
-1776
-928
-610
-851
-791
-2498
-3563
-3976
-4391
-2480
-2017
-2229
-2895
-3867
-4894
-4355
-2583
616
2962
2136
774
-643
-176
229
1084
3043
4822
4991
4395
4419
4444
3661
3827
4713
6454
8292
8396
7775
6411
4851
2190
1076
2861
3769
3415
3802
2691
723
-1212
-3048
-3134
-2491
-2224
-2567
-1751
-304
-1246
-3885
-5213
-5450
-6038
-5321
-2881
-984
-840
-2166
-4194
-4919
-4397
-3983
-2824
-696
147
-750
-1873
-1721
-2180
-2688
-1738
-803
306
556
1002
1103
383
-1367
-2531
-2583
-1089
626
1052
782
-613
-3171
-4607
-3503
-2117
-1013
-988
-1704
-2339
-2580
-2202
-1766
-1529
-474
725
1784
2648
1413
601
597
1124
2218
3969
5622
6465
6931
5718
4965
5040
5647
6700
7747
7553
6807
5873
4629
4639
4063
3134
1906
1098
1370
1944
1416
794
-352
-2570
-3710
-4490
-4474
-3526
-2303
-1871
-2520
-3367
-4709
-5768
-5672
-4392
-3055
-2623
-2195
-2715
-3209
-3035
-3398
-2962
-2529
-2085
-2137
-1949
-357
345
-283
-1409
-2073
-2761
-2020
-466
509
824
-613
-2533
-3237
-2643
-1801
-633
-357
-702
-1626
-2833
-2118
-461
692
967
-375
-1211
-859
-697
-693
-170
798
919
867
1513
2386
3164
3388
3098
3543
3830
3782
4303
4667
4805
4095
3635
4746
5699
6164
5160
4063
3045
2511
3106
3494
4280
3857
2284
447
-920
-1438
-1960
-1583
-1090
-833
-1116
-2325
-3230
-3679
-4021
-4558
-4532
-3617
-2520
-1978
-2043
-2089
-2661
-2817
-2153
-1725
-942
15
-905
-1357
-993
-1580
-1143
-787
-1228
-1153
-1825
-2798
-2534
-1960
-1284
-435
-748
-1169
-1400
-2427
-2413
-1922
-1967
-1181
-528
-456
334
-355
-1702
-1122
-631
-198
1007
1810
2179
2789
1764
1167
2025
2683
3274
2822
1976
2287
1834
1395
1747
1654
2153
2290
1973
1936
1890
1372
913
843
1229
1363
1153
1023
907
-25
-530
3
850
1966
1886
484
-377
-382
-45
622
1489
1735
804
-314
-769
-459
-54
-260
-130
448
283
-646
-1549
-1763
-1136
-847
-1059
-291
383
-142
-891
-1204
-1167
-766
-388
-822
-1057
-1415
-1922
-1878
-1563
-1724
-2908
-3207
-2682
-1545
-589
-1099
-1667
-1901
-2001
-1720
-421
570
719
433
209
415
878
556
150
828
1043
1945
2171
2206
2207
563
-218
158
1237
1698
1166
385
-460
-1364
-1960
-2223
-1954
-1689
-2544
-3098
-2790
-2469
-1884
-1349
-901
-947
-838
-157
820
1668
1670
1023
628
1036
1796
2852
3782
4343
3940
3155
2632
2480
3153
3713
4260
4291
3956
2966
1594
1061
828
377
61
-115
72
556
493
-216
-1517
-2167
-2758
-2731
-1662
-802
-37
-222
-1001
-1318
-1574
-2106
-2092
-2043
-1990
-1576
-1338
-927
-249
-143
-1270
-2124
-2134
-1825
-428
821
1235
577
-241
-710
-681
278
417
-54
-393
-996
-1575
-1266
-542
110
-197
-1347
-2241
-2947
-2702
-1405
-1582
-1892
-1872
-2272
-2065
-1861
-1399
-1859
-2789
-3325
-3213
-2273
-951
64
80
469
296
106
2109
4212
5015
5304
4677
3867
3971
3813
3919
4748
5347
5758
5566
5090
4631
3982
3088
2956
3129
3195
3359
2934
2042
883
-867
-2025
-1595
-1024
-659
-545
-767
-1395
-2217
-2983
-3232
-2774
-2591
-2021
-1216
-188
224
-293
-708
-849
-1413
-2233
-2099
-1354
-697
-601
-1056
-1665
-1899
-2233
-2936
-2823
-2425
-2435
-2347
-1757
-1244
-1386
-1752
-2253
-2243
-2505
-2905
-2573
-2503
-2286
-1680
-1845
-1434
-1023
-1619
-2129
-2116
-2191
-1850
-1023
-556
149
511
415
-151
-655
-1032
-1081
-771
279
1274
2351
3736
4908
6565
6922
5693
4391
3512
3805
5226
6527
7116
6743
5760
4600
4190
4172
3862
3124
2509
2399
1987
1746
1546
874
20
-1774
-3168
-4370
-4420
-3522
-2767
-1949
-1284
-2052
-3051
-3292
-4229
-5050
-4573
-3456
-1901
158
1037
912
105
-1228
-2253
-2537
-1849
-1201
-1175
-1013
-771
-989
-1419
-1599
-2442
-3590
-3957
-3586
-2101
-440
292
186
-228
-656
-1051
-1467
-1382
-1680
-2379
-2515
-2078
-983
134
750
483
-384
-1447
-1974
-1028
736
1677
2202
2151
1442
952
318
-411
-315
79
928
2634
4781
6991
8108
7766
6457
4266
2863
2863
3543
4276
5154
5263
5469
5627
4399
2558
632
-485
-986
-839
-116
24
-545
-1593
-3218
-5057
-6097
-6665
-6933
-5715
-4623
-3918
-3229
-2639
-2646
-3379
-4098
-4198
-3493
-2069
-674
227
1069
1935
1584
1149
876
-296
-1538
-1909
-1606
-924
14
766
919
163
-702
-2240
-2941
-2078
-1536
-1038
-272
293
760
1551
1455
507
-872
-2327
-2857
-2450
-932
546
998
1192
1105
177
-154
50
105
485
579
165
273
718
423
385
191
163
796
2646
5328
7126
7337
6219
4622
3937
4070
3893
3161
2683
2353
2704
3328
3431
2980
1570
418
-758
-1620
-1918
-2165
-2136
-2468
-3419
-4837
-5635
-5692
-5727
-5282
-4780
-4367
-3703
-3045
-2405
-2374
-2375
-1763
-812
391
1061
1309
1431
1888
2237
2382
2414
1758
1093
499
222
142
76
91
34
-304
-1061
-1138
-655
-218
6
-712
-1165
-753
22
888
1760
1989
807
-865
-2034
-2357
-1878
-1134
-501
-85
-305
-637
-730
-317
79
-159
-658
-1259
-1286
-1104
-974
-945
-1157
-1448
-1043
-37
2228
5098
6402
6083
4830
3388
2436
2124
1966
1912
1770
1841
2874
3242
2665
1528
43
-424
-559
-1069
-1474
-1590
-2104
-3016
-3690
-4329
-4161
-4236
-4281
-3990
-3722
-2779
-1772
-1088
-744
-1001
-1151
-326
947
2425
2965
2520
2267
2157
2417
2828
3052
2616
1763
778
201
606
734
669
-53
-756
-1334
-1763
-1364
-1259
-1205
-1342
-1146
-316
788
1598
1593
589
-849
-1772
-2230
-2014
-1492
-1175
-1343
-1567
-1419
-779
-382
-598
-1283
-1895
-1904
-1410
-884
-468
-715
-1988
-3174
-3438
-2810
-1589
-3
1964
4320
5523
5972
5718
5152
4668
3456
2295
1208
1026
1612
2818
3682
3595
3089
2139
1801
1447
-6
-1268
-2202
-3138
-3346
-3047
-2498
-2344
-2485
-2586
-2745
-2314
-1464
-681
-362
-193
-599
-834
-65
1244
2560
3252
3578
3323
2761
2616
2374
1572
796
42
-833
-860
-393
-255
-587
-1373
-2291
-3161
-3003
-2767
-2674
-2603
-2699
-2483
-1403
266
1547
1868
1304
-22
-1543
-2222
-2059
-1768
-1648
-1570
-1580
-1160
-508
-277
-513
-1160
-1806
-2392
-2619
-2267
-2140
-2189
-2454
-2521
-2046
-1654
-1100
-404
769
3075
5188
6426
6948
6762
6058
5383
4495
2927
2401
2062
2240
2937
2687
3000
3055
2995
2965
1743
327
-1000
-2227
-3222
-3845
-4018
-4015
-3676
-3477
-2815
-1504
-503
474
67
-764
-1590
-2329
-1762
-501
1032
2017
2245
2402
2837
3115
3532
2984
1412
-86
-1568
-2469
-2557
-2031
-1495
-1401
-1734
-2197
-2568
-2465
-1987
-2183
-2410
-2121
-1777
-589
1030
2125
2725
2245
1410
438
-611
-1212
-1792
-2728
-3178
-2839
-2001
-608
385
325
-194
-1014
-1770
-2551
-2726
-2697
-3067
-3471
-3404
-2610
-1342
92
970
1964
3267
5242
6473
7312
7720
7217
6501
6011
5621
4679
4454
3671
3189
2633
1763
1728
1407
1555
1250
-13
-1034
-2140
-3544
-4607
-5167
-5408
-5739
-5507
-4975
-3998
-2726
-1711
-845
-710
-535
-704
-1169
-1110
-404
341
790
1458
2434
3254
3501
3705
2687
1447
257
-961
-1551
-2087
-2373
-2545
-3041
-3117
-2724
-2315
-1351
-690
-934
-1031
-816
-691
-43
581
906
1228
1161
1050
591
6
-479
-1357
-2468
-2658
-2513
-2320
-1633
-1303
-1181
-946
-682
-714
-1207
-1568
-1706
-2240
-2600
-2287
-1717
-1118
-309
326
1223
3201
4982
6919
7913
8116
8020
7164
6756
6037
4918
3297
1877
924
411
542
439
262
-19
-508
-694
-1318
-2102
-3309
-4773
-5374
-5937
-6147
-5938
-5516
-4771
-3694
-2005
-308
990
1212
596
115
0
703
1628
2360
3030
3146
3395
3813
4181
4407
3646
2233
541
-904
-2015
-2922
-3492
-4141
-4368
-3768
-2731
-1452
-612
-412
-693
-952
-566
-16
527
780
877
809
869
1149
1029
528
12
-683
-1641
-2006
-2046
-2001
-1852
-1647
-1261
-961
-436
-388
-1154
-2090
-2702
-2915
-2962
-2317
-1762
-1509
-1099
-504
212
767
2256
3681
5261
6677
6937
7485
7317
6731
5669
3884
2418
1075
377
168
81
-335
-1150
-1183
-1195
-893
-954
-1368
-1624
-2771
-3591
-3755
-3769
-3354
-3286
-3348
-2745
-1511
214
1669
2780
3073
2642
2000
1630
1928
2013
2119
2071
1780
1931
2519
2960
2418
1360
-17
-1598
-2439
-2801
-3243
-3909
-4461
-4544
-4188
-3177
-2051
-1109
-925
-797
-203
447
1249
1676
1594
992
160
-797
-1326
-1443
-1486
-1198
-1194
-1706
-1858
-1767
-1774
-1869
-2017
-2318
-2728
-3044
-3006
-2446
-2027
-1514
-999
-888
-706
-359
-31
347
703
733
1002
1931
3180
5166
6724
7051
7532
7618
7168
7082
6156
4681
2782
732
-524
-1347
-1658
-1587
-1410
-1089
-253
372
616
745
-108
-1578
-2564
-3292
-3386
-3491
-3424
-2748
-2025
-634
1089
2477
3460
3760
3246
2564
2163
1858
1192
380
-315
-763
-776
-104
538
555
578
-190
-984
-1530
-2860
-3939
-4718
-5490
-5642
-5003
-4009
-2505
-1291
-353
595
821
877
832
147
-468
-938
-1538
-1522
-1346
-1092
-655
-733
-816
-861
-1263
-1374
-1423
-1547
-1567
-1847
-2034
-1870
-1490
-770
-210
179
470
596
643
657
1173
1289
1009
951
522
657
1701
2930
4966
6211
6594
7105
6643
6541
6068
4431
2975
1099
-608
-1563
-2143
-2282
-2111
-1694
-876
250
1199
1923
2068
1236
503
-556
-2063
-2835
-3583
-3812
-3230
-2248
-578
686
1536
2422
2375
2246
2035
1260
423
-670
-1629
-2141
-2003
-1711
-1213
-958
-1127
-729
-747
-923
-917
-1769
-2812
-3640
-4352
-4191
-3658
-2991
-2132
-1604
-662
637
1484
2263
2532
2094
1552
819
158
-443
-1193
-1888
-2144
-1914
-1203
-240
212
434
435
-41
-103
-196
-667
-1101
-1589
-1964
-1734
-1134
-536
240
762
1170
1040
768
696
-15
-637
-1070
-905
-161
746
2761
4504
5512
6659
6974
6933
6522
5330
3885
2012
558
-440
-1283
-1673
-1612
-1096
-383
975
2083
2652
3042
2377
1627
572
-1109
-2506
-4112
-5051
-5193
-4999
-3632
-2123
-750
605
1697
2544
2824
2787
2101
952
-281
-1374
-2014
-2445
-2133
-1633
-1431
-755
-335
-108
86
-153
-756
-1562
-2182
-2521
-3157
-3641
-3402
-3158
-2629
-1388
-281
428
890
1037
1052
824
516
163
-570
-1223
-1423
-1596
-1538
-1298
-1194
-1034
-721
-396
-92
272
263
5
-453
-967
-1277
-1668
-1836
-2045
-2234
-1752
-1276
-533
330
779
1144
990
712
841
937
1311
2019
3111
4440
5682
7117
7648
7807
7437
6307
5313
3660
2309
948
-395
-1039
-1427
-933
54
960
1667
1885
1873
1450
761
-67
-1368
-2615
-3866
-4696
-4817
-4452
-3297
-1969
-574
937
2131
2964
3361
3067
2240
809
-764
-1906
-2970
-3740
-4032
-4069
-3668
-2870
-2097
-1299
-640
-597
-634
-1018
-1694
-2532
-3372
-3856
-4179
-4170
-3610
-2651
-1718
-384
950
1806
2561
2714
2378
1596
458
-526
-1398
-2147
-2484
-2541
-2452
-1920
-1386
-755
-87
160
419
379
-75
-351
-858
-1329
-1775
-2096
-1836
-1404
-675
53
925
1910
2461
3055
3353
3169
2917
2421
2292
2408
2878
3967
4741
5737
6543
6960
7377
6961
6274
5108
3384
1920
451
-708
-1423
-1818
-1737
-1294
-511
196
962
1546
1553
1447
770
-453
-1980
-3612
-4620
-5205
-5210
-4643
-3969
-2922
-1946
-835
257
632
631
17
-1040
-2138
-3071
-3748
-4343
-4516
-4379
-3948
-2992
-1744
-561
241
606
610
335
-339
-1100
-2083
-3000
-3433
-3483
-2837
-1761
-626
619
1566
2381
2891
2851
2556
1792
685
-310
-1084
-1658
-1777
-1521
-1080
-413
356
1169
1767
1958
2077
1745
909
106
-786
-1635
-2060
-2306
-2165
-1585
-855
244
1340
2403
3105
3217
3089
2571
2012
1482
1059
1282
1557
2469
3622
4843
6320
7002
7652
7545
6868
5917
4514
3029
1338
-144
-1458
-2377
-2711
-2633
-2135
-1545
-1012
-505
-273
-206
-477
-1301
-2438
-3699
-4859
-5672
-6093
-6135
-5754
-5078
-3937
-2602
-1249
-6
896
1409
1247
794
43
-841
-1688
-2540
-3109
-3550
-3552
-3095
-2252
-1076
-376
312
658
492
317
-147
-688
-1559
-2085
-2302
-2381
-1777
-770
304
1203
2124
2919
3412
3715
3768
3334
2547
1653
643
-363
-1175
-1766
-2197
-2221
-1940
-1468
-886
-263
144
360
310
254
-145
-638
-1030
-1854
-2034
-1883
-1203
-242
730
1987
2789
3671
4410
4882
4971
4575
4116
3310
2787
2611
2974
3122
3768
4463
4557
5275
5157
4936
4146
2653
1239
-513
-1971
-3154
-4010
-4444
-4287
-3518
-2537
-1284
-223
304
680
420
-80
-907
-2207
-3165
-4273
-5074
-5459
-5454
-4855
-4007
-2842
-1602
-485
397
756
600
114
-696
-1709
-2697
-3525
-3893
-4027
-3728
-2922
-1913
-627
513
1610
2411
2805
2842
2524
2057
1212
458
51
-108
-110
76
468
1011
1549
2026
2409
2413
2054
1358
501
-292
-1164
-2009
-2720
-3157
-3258
-2946
-2325
-1727
-923
-146
483
1227
1808
2127
2061
1597
1274
810
487
596
599
771
1070
1746
2575
3229
3806
3890
3725
3203
2711
2004
1127
454
-285
-230
-167
506
1536
1852
2764
3132
3250
3172
2473
1819
672
-532
-1670
-2567
-3157
-3415
-3172
-2883
-2090
-1258
-557
190
227
-42
-656
-1734
-2775
-4097
-5246
-5963
-6416
-6128
-5345
-4371
-3072
-1738
-443
665
1410
1857
1739
1153
276
-536
-1220
-1644
-1486
-1150
-305
727
1795
3068
3974
4464
4453
3916
3037
1877
608
-369
-1303
-1917
-1866
-1679
-1200
-245
735
1493
1938
2232
2163
1467
688
-130
-1051
-1772
-2247
-2383
-2122
-1505
-694
325
1247
1935
2336
2371
2197
1553
722
-112
-861
-1379
-1554
-1248
-937
-298
547
1239
1935
2328
2405
2049
1442
912
175
-473
-1050
-1291
-1330
-960
84
947
1992
3124
3515
3892
3904
3284
2603
1444
328
-716
-1796
-2415
-2906
-3147
-3030
-2648
-2192
-1560
-839
-534
-235
-297
-762
-1314
-2194
-2752
-3302
-3786
-3683
-3388
-2817
-1968
-1138
-233
638
1204
1623
1823
1841
1713
1320
1001
769
482
187
296
475
546
779
819
897
924
875
793
562
361
108
-187
-340
-372
-525
-504
-392
-233
42
266
426
533
500
459
446
272
130
-80
-465
-809
-1084
-1290
-1406
-1318
-1019
-697
-393
-146
135
364
517
586
511
483
267
-38
-101
-201
-375
-370
-287
-250
-129
161
367
524
684
751
735
621
517
280
-158
-293
-82
22
240
772
1160
1485
1919
2299
2575
2529
2327
1938
1193
507
-181
-927
-1209
-1289
-1316
-879
-285
241
770
1186
1426
1178
605
26
-810
-1774
-2416
-2911
-3154
-2926
-2394
-1614
-723
223
1004
1413
1591
1592
1316
829
352
-327
-904
-1210
-1202
-863
-360
187
653
1013
1291
1371
1226
939
523
-76
-605
-826
-995
-950
-720
-374
159
542
928
1101
870
471
-44
-656
-1297
-1789
-2204
-2464
-2538
-2494
-2242
-1907
-1490
-972
-635
-393
-327
-527
-719
-984
-1205
-1374
-1406
-1342
-1280
-1025
-518
71
505
999
1481
1590
1622
1484
1184
841
449
226
-66
-248
-261
-297
-304
-62
440
969
1483
2013
2415
2731
2842
3076
3217
2970
2727
2373
1988
1567
1140
815
653
578
520
698
1000
1146
1136
1036
978
696
234
-70
-527
-1125
-1600
-2057
-2277
-2297
-2194
-1951
-1750
-1405
-1035
-777
-426
-34
221
325
423
512
494
424
304
225
78
-53
-89
-32
137
240
297
364
334
138
-111
-461
-858
-1299
-1689
-1927
-2162
-2288
-2320
-2287
-2215
-2052
-1901
-1792
-1632
-1581
-1504
-1409
-1397
-1428
-1454
-1347
-1187
-975
-676
-377
-133
126
476
829
1091
1236
1192
1004
812
626
385
254
216
152
197
401
578
751
961
1221
1412
1501
1615
1503
1327
1178
1179
1141
1219
1452
1784
2042
2463
3084
3463
4022
4075
4113
3853
3249
2813
1882
1192
339
-430
-738
-934
-932
-864
-711
-640
-484
-326
-255
-287
-576
-1056
-1480
-1934
-2262
-2518
-2857
-2938
-2933
-2659
-2232
-1758
-1186
-738
-358
65
411
488
459
157
-178
-481
-811
-1032
-1333
-1532
-1738
-1847
-1816
-1608
-1446
-1334
-1096
-1035
-917
-759
-775
-776
-905
-1015
-1027
-1134
-1142
-1134
-1109
-904
-662
-428
-150
14
32
132
207
206
216
95
131
155
226
409
520
710
877
1054
1376
1619
1699
1757
1618
1425
1352
1255
1245
1222
1157
1172
1260
1416
1606
1714
1723
1696
1623
1551
1509
1337
1227
1088
778
765
781
702
890
828
918
1132
1070
1231
1312
1233
1227
1195
1166
1117
865
560
208
-225
-439
-610
-827
-927
-1067
-1221
-1098
-978
-962
-912
-1095
-1206
-1401
-1602
-1687
-2021
-2257
-2332
-2455
-2395
-2256
-2130
-1903
-1714
-1404
-1020
-817
-697
-588
-596
-676
-751
-850
-942
-1122
-1227
-1189
-1139
-954
-676
-468
-301
-113
2
5
-121
-261
-403
-689
-876
-956
-996
-936
-742
-369
131
638
1125
1552
1806
1917
1934
1766
1552
1309
1017
821
703
665
741
791
900
1035
1117
1269
1353
1373
1339
1192
983
757
427
133
-157
-357
-468
-512
-418
-288
-80
61
301
429
430
409
288
213
172
196
343
537
706
1061
1261
1465
1695
1650
1620
1566
1423
1207
1087
907
746
541
209
-33
-426
-692
-791
-885
-887
-945
-987
-948
-877
-799
-728
-713
-818
-1007
-1165
-1327
-1465
-1597
-1729
-1821
-1825
-1745
-1568
-1290
-1016
-758
-553
-358
-162
-47
-48
-158
-301
-532
-634
-709
-692
-597
-572
-434
-286
-30
253
497
741
874
962
977
954
875
671
456
242
128
117
157
250
403
506
613
682
729
669
477
303
3
-286
-559
-721
-839
-936
-910
-887
-772
-617
-392
-154
2
134
179
26
-149
-308
-516
-652
-723
-726
-616
-457
-191
182
550
962
1272
1524
1599
1569
1436
1170
966
728
491
259
114
135
352
566
864
1217
1414
1609
1693
1672
1543
1183
816
377
5
-287
-544
-596
-531
-370
-153
135
369
497
598
627
542
297
-58
-416
-830
-1223
-1412
-1540
-1555
-1455
-1294
-1040
-819
-519
-283
-207
-186
-200
-345
-517
-593
-688
-782
-810
-728
-563
-449
-304
-99
-26
-16
24
-13
-133
-251
-344
-568
-604
-626
-736
-681
-608
-469
-370
-187
-12
-35
-65
-110
-246
-438
-538
-698
-891
-963
-962
-895
-751
-611
-462
-283
-123
45
92
164
263
259
358
494
517
580
639
645
727
780
832
913
927
881
958
1035
1078
1200
1162
1184
1184
1144
1182
1085
1038
967
863
822
772
876
835
893
977
998
1034
978
1029
869
845
883
755
752
732
655
586
532
476
355
178
0
-226
-403
-582
-711
-852
-996
-1065
-1175
-1173
-1203
-1186
-1097
-1101
-1072
-1073
-1158
-1214
-1208
-1261
-1202
-1185
-1134
-979
-820
-649
-483
-303
-210
-235
-335
-410
-637
-860
-1034
-1173
-1295
-1301
-1204
-1140
-1018
-840
-724
-616
-554
-548
-512
-615
-731
-766
-813
-935
-895
-776
-646
-451
-197
94
363
574
775
920
942
951
858
728
570
442
348
292
384
515
667
922
1123
1305
1495
1518
1499
1452
1288
1124
934
779
662
606
659
677
740
863
1032
1159
1297
1401
1371
1359
1296
1222
1114
925
718
530
331
204
161
66
95
175
177
308
331
333
313
248
235
175
172
103
44
-19
-66
-99
-101
-195
-260
-302
-400
-493
-541
-579
-636
-718
-786
-799
-943
-1071
-1217
-1390
-1507
-1630
-1656
-1679
-1644
-1628
-1537
-1364
-1232
-1119
-1034
-878
-811
-807
-779
-809
-855
-887
-886
-805
-730
-635
-549
-426
-307
-192
-80
-49
0
-24
-32
-109
-173
-259
-388
-431
-447
-386
-269
-128
21
190
392
574
770
925
976
982
941
907
894
875
847
853
890
953
1020
1102
1219
1282
1251
1218
1141
984
857
688
507
373
257
212
222
210
251
333
389
482
484
526
526
511
490
438
399
323
266
246
252
265
261
325
384
427
406
431
346
203
162
-17
-171
-264
-400
-483
-518
-559
-486
-446
-417
-348
-359
-365
-412
-393
-439
-426
-383
-426
-305
-299
-225
-158
-188
-172
-260
-247
-314
-424
-461
-561
-595
-665
-658
-595
-660
-635
-653
-672
-711
-688
-675
-723
-674
-691
-651
-612
-633
-621
-648
-623
-578
-507
-444
-336
-308
-292
-166
-154
-51
50
62
123
216
272
329
403
449
472
446
385
365
296
267
302
265
264
310
322
355
377
352
359
353
319
354
375
437
490
527
564
628
642
556
554
498
380
329
287
237
186
200
197
259
381
432
541
596
557
505
393
278
91
-58
-157
-281
-304
-311
-235
-185
-70
93
183
292
375
462
437
348
252
120
12
-94
-164
-196
-264
-240
-177
-107
-1
79
167
241
298
237
131
72
-112
-262
-355
-475
-515
-591
-612
-618
-586
-470
-378
-320
-251
-160
-195
-196
-215
-323
-431
-580
-702
-812
-848
-848
-785
-695
-606
-525
-467
-434
-408
-397
-377
-334
-312
-246
-172
-101
-15
108
209
321
423
474
496
511
506
470
438
399
396
381
341
306
280
269
254
245
225
181
145
116
60
20
29
76
103
107
170
274
315
264
241
196
82
-8
-13
-56
-63
-1
13
53
131
182
231
276
254
210
154
98
64
-8
-54
-41
-31
-3
111
216
253
286
330
366
338
338
291
229
178
139
118
95
149
182
158
193
274
302
304
280
230
134
22
-52
-116
-184
-232
-285
-310
-287
-266
-250
-238
-257
-281
-283
-305
-373
-435
-485
-570
-617
-608
-617
-626
-602
-572
-548
-436
-361
-311
-253
-232
-210
-182
-181
-143
-73
-40
-17
1
29
44
90
107
138
132
157
153
165
183
210
224
192
186
146
157
102
66
70
33
6
-52
-72
-115
-189
-234
-252
-236
-189
-136
-68
-1
45
126
141
162
218
226
181
183
202
186
221
232
248
286
317
344
342
336
305
264
259
254
241
273
270
223
263
182
157
140
67
62
-6
-33
-90
-142
-156
-169
-199
-191
-138
-101
-14
38
62
69
75
101
81
76
52
1
-21
-47
-89
-109
-119
-156
-161
-169
-179
-165
-127
-127
-103
-109
-156
-211
-271
-262
-260
-226
-164
-135
-63
-3
45
80
106
84
38
22
-3
-11
-11
-22
-19
-9
-23
9
27
65
105
143
153
144
102
24
-21
-69
-99
-156
-209
-230
-250
-239
-171
-100
-7
85
126
147
192
172
134
137
91
25
10
-19
-18
14
6
35
39
33
36
63
87
82
58
48
19
21
-14
-52
-93
-122
-145
-150
-96
-65
-39
11
27
23
18
-37
-78
-124
-170
-223
-236
-280
-291
-266
-243
-161
-72
4
82
155
153
201
209
183
201
177
156
155
166
192
199
247
289
334
351
306
286
283
224
171
124
70
12
-24
-46
-48
13
21
41
70
75
42
-3
-26
-88
-145
-177
-217
-224
-227
-193
-182
-136
-80
-58
4
20
26
12
-16
-59
-80
-81
-102
-111
-118
-89
-73
-50
0
41
39
24
7
1
-14
-68
-125
-146
-125
-125
-82
-38
48
143
196
297
326
307
295
242
212
173
136
103
75
47
34
53
28
-8
-35
-53
-56
-87
-98
-107
-200
-265
-282
-316
-354
-392
-376
-361
-341
-273
-203
-182
-140
-106
-104
-144
-163
-188
-229
-229
-182
-143
-134
-85
-8
49
127
200
275
297
315
332
305
294
232
152
95
29
28
50
63
101
109
110
142
178
187
175
124
85
23
-10
-80
-108
-140
-185
-184
-166
-112
-83
-46
-24
-14
8
28
47
17
-46
-71
-101
-108
-54
-9
57
156
208
281
282
289
295
247
222
185
133
112
126
136
150
166
209
217
237
291
313
334
330
318
302
242
171
130
106
97
43
-23
-63
-53
-65
-37
-7
-26
-13
-52
-118
-158
-218
-286
-349
-376
-397
-401
-401
-382
-380
-385
-335
-358
-338
-295
-293
-285
-275
-252
-210
-178
-171
-153
-140
-132
-79
-38
-20
9
17
34
22
13
26
-4
4
-14
-26
-65
-92
-103
-105
-95
-72
-61
-93
-98
-84
-73
-78
-60
-69
-113
-109
-129
-111
-86
-122
-118
-137
-139
-143
-151
-125
-152
-132
-78
-20
36
51
117
126
105
123
147
148
151
167
196
215
259
308
328
334
359
380
402
438
453
459
437
398
372
317
286
232
192
198
158
211
257
292
358
364
361
358
324
254
169
96
30
10
-22
3
41
49
71
104
95
82
98
59
-8
-70
-123
-190
-237
-300
-324
-298
-278
-256
-208
-158
-140
-106
-70
-81
-103
-92
-104
-136
-157
-143
-150
-166
-137
-94
-68
-11
31
47
81
91
80
47
-15
-60
-125
-158
-183
-222
-164
-146
-133
-89
-115
-163
-207
-265
-316
-337
-394
-404
-384
-393
-353
-293
-282
-246
-217
-189
-171
-180
-161
-143
-146
-125
-81
-93
-87
-47
-22
0
33
69
115
120
122
89
80
18
-49
-87
-111
-159
-204
-164
-151
-106
-40
27
77
133
193
230
242
239
233
203
208
222
228
225
227
234
240
252
281
318
304
322
311
291
263
201
141
92
70
7
-3
1
-40
-46
-58
-44
-36
-36
10
49
66
73
127
195
231
273
309
332
353
340
314
327
272
209
190
162
137
105
112
127
124
115
115
113
73
16
0
-19
-43
-52
-63
-61
-52
-38
-19
-34
-63
-50
-76
-103
-94
-87
-104
-119
-154
-200
-221
-240
-268
-268
-301
-347
-378
-423
-440
-463
-478
-453
-450
-443
-451
-429
-386
-382
-346
-327
-328
-334
-279
-220
-192
-160
-124
-83
-49
-46
3
25
48
103
130
177
186
204
221
234
260
264
267
243
205
170
139
94
98
137
115
152
194
232
258
270
253
213
163
90
17
-13
-48
-77
-105
-141
-130
-124
-119
-96
-57
-10
4
30
90
104
94
126
98
58
59
37
62
121
144
171
229
259
264
286
298
282
298
282
252
214
185
153
126
104
89
90
85
87
75
58
25
-10
-69
-143
-219
-243
-286
-346
-340
-377
-399
-380
-366
-364
-318
-248
-197
-144
-104
-86
-60
-54
-64
-82
-114
-142
-175
-181
-161
-145
-95
-17
21
71
87
103
107
105
133
124
104
61
71
97
99
107
144
166
147
136
120
119
77
53
54
30
21
19
8
-16
-35
-58
-56
-61
-33
-33
-12
21
4
28
29
19
13
12
6
-15
7
4
2
34
43
60
78
77
124
126
116
137
145
196
188
211
208
192
182
158
133
115
93
42
17
-6
-1
7
-18
-28
-34
-78
-77
-109
-138
-117
-109
-118
-113
-101
-141
-176
-204
-258
-287
-310
-339
-390
-398
-370
-363
-326
-293
-280
-246
-221
-173
-111
-85
-44
-40
6
61
98
123
118
84
75
100
98
107
114
106
110
103
115
147
126
101
80
86
110
84
74
64
26
-6
3
-3
-10
3
5
40
45
65
126
157
150
127
140
150
100
95
103
74
65
48
37
56
40
64
51
34
25
-32
-36
-49
-42
-28
10
5
2
48
45
68
90
75
96
77
71
99
84
76
72
72
38
51
57
59
83
70
60
62
38
5
-33
-82
-96
-152
-193
-205
-209
-199
-190
-186
-171
-173
-180
-189
-187
-186
-176
-155
-147
-95
-61
-69
-41
3
22
57
88
87
92
88
66
50
16
11
18
15
12
36
26
42
101
122
111
101
82
44
22
27
69
71
44
49
34
27
32
36
58
45
28
28
15
34
13
20
41
20
19
17
20
-28
-40
-38
-50
-50
-81
-117
-113
-106
-112
-123
-154
-180
-160
-162
-137
-93
-87
-83
-84
-69
-66
-62
-73
-54
-35
-20
-7
6
17
8
11
28
27
-6
13
44
48
58
82
115
123
134
141
122
117
126
147
143
114
129
122
82
95
92
87
104
66
63
92
94
103
107
96
84
65
19
-6
-12
-55
-104
-95
-118
-151
-149
-145
-144
-151
-121
-91
-89
-87
-97
-104
-100
-61
-55
-57
-40
-20
-15
-15
25
10
-16
-11
-25
-5
3
18
47
83
128
129
154
156
136
147
122
79
63
58
32
13
20
28
4
18
15
20
51
45
54
74
42
27
46
11
-1
-7
-28
-49
-75
-60
-69
-68
-36
-55
-45
-42
-42
-42
-40
-56
-46
-27
-52
-21
-22
-22
-11
-1
30
44
33
34
24
5
-14
-8
29
45
43
58
75
81
61
17
-8
-46
-74
-90
-119
-122
-103
-144
-149
-153
-147
-160
-181
-191
-183
-158
-177
-200
-165
-143
-138
-91
-101
-82
-73
-80
-81
-56
-37
-11
-1
39
48
37
25
-17
-31
-19
-2
-12
21
15
23
62
58
72
79
76
55
39
29
40
43
19
55
64
77
75
115
126
132
151
150
173
155
138
155
164
156
144
135
155
173
158
145
120
110
111
106
124
120
113
132
141
180
181
181
166
112
104
112
104
98
84
114
118
89
117
122
89
71
78
63
62
58
27
4
-19
-37
-65
-116
-135
-132
-173
-202
-185
-209
-203
-235
-250
-259
-281
-280
-266
-251
-229
-208
-205
-216
-212
-204
-214
-204
-236
-243
-221
-210
-204
-187
-156
-141
-143
-126
-98
-105
-111
-101
-104
-123
-155
-179
-180
-164
-173
-163
-143
-131
-95
-77
-41
-22
-8
18
30
51
55
72
76
69
128
146
125
145
173
161
142
142
171
165
177
209
207
234
249
258
316
317
286
262
258
227
212
207
200
211
192
184
192
180
164
180
174
165
150
140
144
140
157
147
144
129
113
86
68
51
43
46
23
20
8
7
-38
-55
-51
-58
-85
-104
-96
-113
-145
-156
-142
-148
-155
-165
-125
-134
-144
-152
-162
-162
-182
-195
-164
-153
-152
-122
-128
-151
-159
-155
-164
-139
-158
-149
-116
-129
-137
-114
-103
-96
-79
-77
-51
-23
4
-4
12
6
10
9
0
13
-19
-34
-56
-58
-45
-36
-4
4
5
24
39
37
49
72
69
55
27
18
-14
-27
-37
-21
7
16
34
70
93
88
86
84
54
20
9
-25
-50
-54
-72
-82
-61
-28
5
33
35
22
32
53
46
28
18
-18
-42
-55
-37
-23
-13
11
31
63
57
83
90
91
75
62
39
30
53
46
68
97
107
104
108
103
69
50
73
50
41
41
39
56
36
27
34
26
24
23
47
40
48
77
67
82
97
53
38
34
40
44
38
52
61
74
70
65
56
30
10
22
1
7
3
-12
-19
-28
-32
-30
-19
-49
-57
-65
-115
-103
-68
-93
-79
-61
-79
-85
-98
-105
-112
-137
-96
-93
-76
-75
-66
-101
-127
-127
-162
-168
-165
-164
-180
-161
-135
-106
-104
-106
-97
-90
-91
-95
-83
-75
-57
-16
18
56
67
83
98
95
88
82
62
61
51
53
64
79
84
81
82
60
47
25
25
-1
4
13
5
8
-6
23
73
66
66
113
90
78
74
63
72
72
47
57
64
51
54
38
30
40
28
60
55
34
36
17
5
-22
-23
-32
-50
-56
-63
-68
-66
-27
-7
2
21
38
41
23
36
48
40
52
61
44
28
14
-2
4
7
-19
1
40
45
49
58
66
60
21
6
23
-3
-27
-30
-35
-34
-27
7
23
41
55
62
82
73
55
83
90
64
54
31
23
40
52
56
59
40
-11
6
-17
-40
-19
-38
8
26
2
-6
-18
-34
-83
-85
-53
-84
-114
-108
-132
-126
-113
-105
-95
-66
-65
-87
-73
-67
-103
-107
-100
-136
-127
-133
-134
-132
-157
-138
-148
-143
-131
-129
-118
-107
-96
-77
-82
-78
-63
-67
-48
-45
-36
-28
-4
45
38
41
40
25
11
-4
0
-23
9
4
37
59
56
39
35
54
36
51
41
27
38
49
60
61
55
50
39
33
42
45
52
61
61
57
68
79
86
79
80
111
120
130
160
147
164
153
118
100
83
68
52
59
71
84
74
86
112
130
93
78
104
108
99
86
97
86
73
91
78
53
55
45
53
51
68
82
36
11
-18
-49
-62
-88
-86
-79
-89
-89
-77
-54
-79
-81
-75
-101
-103
-90
-100
-83
-93
-98
-113
-138
-132
-141
-122
-99
-82
-57
-70
-61
-44
-28
-13
-10
1
-19
-32
-12
-35
-29
-11
-2
-26
-20
-25
-52
-62
-46
-49
-52
-38
-63
-66
-78
-62
-62
-52
-33
-41
-69
-108
-122
-111
-75
-51
-57
-28
-21
-23
8
22
20
21
9
22
21
-10
20
-3
-5
34
41
56
61
59
82
103
111
111
97
92
73
75
87
69
39
44
49
63
85
88
69
69
77
65
82
110
107
96
96
89
84
59
44
30
33
30
23
22
0
21
-1
-10
0
-50
-48
-55
-82
-87
-95
-112
-121
-109
-96
-81
-64
-55
-43
-27
-22
-21
-28
-30
-17
-18
-20
-31
-45
-40
-54
-42
-28
-3
8
20
47
21
6
41
19
9
40
10
-5
-5
-2
8
2
20
-3
-17
4
6
28
38
55
45
47
60
57
71
60
77
106
99
84
71
87
62
44
57
29
25
9
-14
-18
-9
-27
-40
-24
-10
-37
-32
-14
-12
-27
-39
-44
-43
-63
-38
-20
-41
-54
-78
-53
-45
-30
-30
-36
-33
-35
-25
-2
-9
-27
-54
-102
-102
-103
-96
-99
-99
-62
-40
-34
-26
-36
-50
-61
-68
-70
-68
-91
-102
-47
-37
-29
-28
-40
-34
-42
-44
-28
-23
7
21
9
9
16
10
9
32
44
28
47
69
91
113
121
123
101
62
74
67
45
48
22
14
14
9
0
14
20
9
24
22
20
26
30
24
12
19
32
14
18
20
29
25
51
41
16
18
28
25
-2
4
-14
-4
-14
-19
-16
-15
-6
9
27
43
44
65
70
59
69
60
45
24
30
-9
-1
18
29
48
30
32
36
29
27
39
58
55
37
28
57
36
-6
11
2
-23
2
19
15
10
24
33
44
40
40
41
30
21
9
19
7
-2
-6
14
8
-8
-7
-16
-8
-14
-15
-24
-31
-23
-40
-34
-32
-53
-76
-74
-58
-48
-41
-49
-49
-57
-63
-63
-66
-51
-57
-72
-79
-95
-81
-90
-102
-100
-108
-110
-131
-147
-154
-152
-137
-136
-144
-107
-76
-89
-69
-52
-56
-47
-34
-20
-3
-22
-24
-17
-30
-8
17
5
27
16
42
32
33
65
47
41
38
71
76
73
80
66
69
71
57
57
56
66
66
38
33
26
33
51
72
71
87
58
42
55
44
71
70
58
43
31
33
56
54
37
49
38
42
50
54
51
59
56
46
61
28
16
-1
3
35
53
84
75
73
64
56
55
51
30
22
41
49
43
38
39
8
-32
-31
-25
-23
-31
-13
1
-7
2
14
11
5
-21
-41
-53
-44
-56
-45
-34
-49
-18
-14
-45
-54
-50
-49
-53
-60
-49
-70
-59
-45
-21
-13
-28
-22
-25
-27
-49
-35
-49
-46
-52
-45
-47
-91
-107
-82
-95
-74
-45
-33
-18
-29
-9
12
14
8
11
-11
-35
-43
-28
-33
-26
0
-2
-8
-21
5
7
-17
-21
-21
-42
-45
-17
-35
-20
-11
-20
-33
-47
-43
-56
-59
-48
-38
-55
-55
-44
-23
-33
-55
-46
-63
-39
-39
-7
0
-10
7
6
5
-8
-19
-23
8
12
19
26
25
27
21
43
48
45
42
55
58
81
88
69
84
94
95
101
132
104
101
101
127
132
116
116
105
114
91
76
88
108
89
76
60
66
75
62
45
70
89
86
93
81
70
79
67
43
61
47
28
44
54
20
-2
-1
-5
6
3
9
20
36
12
-10
-2
-23
-15
-17
-19
-12
-10
-28
-8
-19
-20
-25
-40
-65
-79
-66
-73
-79
-79
-84
-103
-116
-120
-158
-159
-160
-177
-133
-120
-131
-128
-134
-127
-145
-151
-141
-131
-107
-122
-113
-88
-102
-97
-51
-36
-45
-22
6
19
43
48
74
66
50
48
38
20
31
12
7
54
45
38
57
61
35
32
30
18
10
6
14
38
44
53
39
25
38
36
50
41
48
44
20
-12
-14
6
-21
-46
-40
-28
-66
-64
-37
-52
-42
-40
-19
-18
-9
29
32
28
35
24
19
18
18
19
-7
-18
-16
-19
-32
-7
13
17
50
61
67
39
46
37
13
20
45
36
20
41
64
32
33
67
54
74
46
34
40
20
16
18
-2
-21
-20
-40
-24
0
21
30
25
54
67
54
43
53
46
35
32
24
17
27
37
38
28
24
28
17
22
14
7
17
8
27
41
38
45
39
44
24
14
31
28
6
13
2
-29
-33
-51
-54
-80
-95
-129
-142
-132
-100
-56
-54
-40
-24
-38
-47
-42
-62
-67
-77
-83
-86
-101
-128
-121
-130
-124
-118
-100
-82
-59
-42
-55
-44
-40
-39
-43
-17
-21
-28
-21
11
1
8
34
15
18
24
17
1
-10
-17
-21
-14
-2
25
37
64
95
108
139
150
123
84
59
44
49
70
56
53
61
55
61
48
66
54
36
29
16
14
9
7
8
-2
0
6
2
12
12
22
7
12
17
-13
3
15
9
12
22
38
36
14
22
14
9
24
10
5
11
5
-2
19
33
14
8
5
15
14
22
13
-22
-6
7
-15
-25
14
26
23
41
53
58
58
22
3
4
4
3
19
46
46
30
38
26
8
2
-20
-27
-41
-41
-46
-49
-48
-29
-20
-35
-51
-71
-89
-88
-75
-53
-37
-43
-63
-51
-70
-101
-102
-107
-117
-136
-117
-98
-85
-61
-68
-55
-54
-49
-36
-27
-11
1
22
22
28
31
31
50
40
27
25
28
12
15
13
9
20
18
22
41
47
21
37
26
26
41
19
5
24
38
40
37
40
30
3
-11
-32
-42
-50
-57
-52
-45
-37
-16
3
11
6
-1
-15
-18
-9
-14
-5
-7
-22
-19
1
-13
14
17
13
11
22
26
31
62
51
51
59
69
47
65
93
95
103
110
109
111
126
118
151
144
137
142
115
89
87
97
88
94
86
74
57
50
48
38
3
-20
-30
-41
-59
-62
-72
-94
-111
-104
-114
-115
-97
-110
-101
-98
-98
-106
-104
-101
-118
-121
-108
-111
-99
-85
-81
-63
-41
-54
-56
-49
-56
-55
-44
-24
-42
-34
-27
-24
-19
4
15
9
12
11
-14
-34
-21
-33
-43
-22
-12
-26
-14
-14
-17
-25
-19
-5
-11
-9
2
-33
-47
-35
-32
-24
-24
-25
-2
6
-26
-22
-17
-6
-2
-8
-3
19
16
-13
-31
-36
-43
-40
-25
-2
11
9
31
54
70
81
83
76
60
64
37
67
74
51
70
76
90
100
77
62
63
43
43
37
32
53
65
60
90
98
101
88
74
78
42
30
19
-4
-33
-19
-30
-32
-10
-15
-15
-21
-31
-50
-42
-62
-63
-37
-39
-34
-29
-8
22
23
13
33
27
4
-7
-9
5
28
50
52
42
44
51
46
70
83
49
54
47
21
14
12
39
55
37
67
60
41
32
17
1
-21
-49
-48
-33
-15
-2
4
25
25
34
55
16
-3
-10
-34
-33
-48
-29
-33
-36
-41
-42
-30
-39
-30
-53
-78
-78
-89
-86
-96
-97
-105
-115
-97
-106
-117
-108
-114
-127
-122
-112
-107
-106
-115
-103
-80
-70
-45
-42
-21
-9
-23
-19
-9
-7
-14
-8
0
24
28
31
36
34
31
27
36
47
55
47
45
53
44
38
62
42
28
46
30
27
31
43
55
62
63
71
66
44
38
25
34
22
12
26
29
27
21
5
3
-13
-21
5
-1
10
13
1
-12
-8
-8
-26
-25
-24
-42
-36
-12
0
10
15
20
20
22
26
22
24
38
28
11
28
37
32
35
35
28
23
12
8
15
11
1
20
25
32
37
32
22
33
19
17
9
-3
3
-4
22
21
9
-8
-5
-3
-15
-5
-15
-11
-20
-24
-31
-28
-22
-33
-35
-23
-28
-42
-42
-49
-46
-46
-24
-18
-22
-17
-7
-9
-8
9
1
15
4
-7
-5
-16
-23
-18
-26
-12
-9
-17
-6
7
-6
0
9
4
6
0
10
9
19
5
18
21
16
3
-15
-4
-5
-21
-22
-1
4
0
-4
7
9
4
-18
-20
-15
-14
-20
-15
-10
-7
-16
-17
3
-3
-10
-14
-19
-28
-3
-3
8
35
46
47
39
30
32
28
29
27
41
52
41
41
33
23
11
7
8
14
31
39
39
53
40
30
20
7
-9
-14
-18
-36
-29
-28
-28
-19
-3
2
-2
-5
-8
-6
-11
-9
-11
-22
-13
-11
-12
-16
-25
-21
-37
-39
-38
-43
-50
-51
-44
-48
-44
-53
-45
-39
-23
-17
-15
-21
-45
-27
-20
-13
-3
1
10
22
24
30
44
47
36
43
45
46
50
45
54
66
55
59
56
55
54
46
34
24
15
-2
-5
-15
-16
-12
-7
-2
5
-5
7
6
-17
-19
-23
-25
-22
-23
-16
-18
-37
-40
-27
-24
-25
-20
-14
-10
-24
-23
-24
-21
-33
-40
-28
-37
-29
-29
-28
-23
-22
-18
-13
-8
-3
-1
3
12
5
9
0
-15
-20
-20
-14
-13
5
9
27
35
27
25
27
22
19
15
16
34
21
26
26
23
24
12
6
2
2
-10
4
7
7
11
5
5
1
-1
-5
-8
-19
-31
-22
-18
-9
4
7
12
21
21
16
9
-7
-16
-17
-14
2
13
21
21
8
18
23
20
31
44
49
37
44
38
36
30
26
28
38
37
24
32
24
21
21
27
22
20
21
8
5
10
1
-13
-9
-9
-4
-6
-11
-16
-14
-11
-16
-18
-25
-24
-23
-27
-16
-24
-35
-32
-30
-35
-38
-48
-56
-53
-50
-36
-32
-35
-37
-35
-31
-34
-27
-37
-42
-43
-43
-37
-34
-26
-21
-13
-10
-5
-11
-5
7
11
20
20
17
13
-16
-9
-31
-35
-24
-23
-7
-3
6
11
12
14
24
15
17
7
7
-6
-13
-16
-21
-11
6
12
14
26
20
10
4
-1
3
-12
-8
-6
-9
-2
-8
1
15
17
13
12
13
3
2
-3
-4
-10
-16
-13
5
-3
6
4
4
11
9
27
26
35
46
51
49
54
44
47
47
40
38
31
31
32
39
49
55
51
53
63
54
52
42
38
32
10
15
11
-3
-9
-1
2
12
23
33
41
31
32
29
14
7
4
-4
-22
-28
-28
-18
-15
-4
9
17
19
11
7
8
-5
-11
-13
-21
-22
-33
-32
-29
-35
-40
-38
-45
-41
-31
-38
-51
-57
-71
-67
-51
-60
-51
-44
-41
-48
-39
-34
-43
-49
-47
-50
-48
-40
-38
-32
-17
-11
-3
4
5
9
18
19
15
10
-4
1
2
-1
10
15
23
31
36
42
31
23
12
12
4
-2
-1
-11
-3
7
8
14
17
12
12
15
12
6
5
-3
-8
-4
0
-8
-5
3
-7
-3
-6
-16
-10
-20
-24
-27
-31
-29
-29
-32
-36
-34
-39
-43
-43
-40
-38
-44
-51
-41
-31
-25
-17
-8
1
1
4
6
6
10
6
10
11
21
27
36
37
38
47
49
52
54
56
56
46
43
46
44
51
53
55
45
47
46
42
48
48
38
48
54
44
59
54
48
37
34
36
33
30
15
17
9
4
4
3
8
5
6
6
3
0
-13
-17
-27
-39
-45
-45
-51
-46
-34
-32
-28
-32
-32
-37
-48
-46
-49
-53
-52
-47
-45
-43
-41
-30
-28
-23
-16
-12
-15
-14
-10
-14
-13
-10
-12
-17
-14
-7
-13
-14
-13
-17
-16
-10
-11
-15
-14
-16
-21
-4
6
2
13
15
21
20
22
19
15
23
18
16
19
19
19
10
18
18
8
10
15
20
18
16
12
3
20
23
28
42
32
29
21
18
10
5
9
14
9
21
22
15
18
12
13
7
4
2
-6
-9
-8
-7
-15
-12
-2
5
8
1
-1
-2
-4
-17
-16
-10
-22
-29
-24
-25
-31
-22
-21
-18
-14
-12
-16
-24
-30
-36
-34
-34
-27
-16
-6
-3
1
5
9
4
6
13
13
17
22
25
29
22
24
34
29
29
25
20
16
11
2
1
-7
-9
0
-7
-2
8
12
10
4
3
-4
-8
-19
-20
-25
-34
-25
-25
-7
-4
-14
-10
-9
-16
-16
-11
-21
-15
-21
-20
-27
-25
-29
-28
-21
-22
-15
-21
-21
-27
-16
-7
-16
-12
-18
-27
-18
-15
-16
-14
3
-2
5
6
6
10
6
14
16
26
24
24
32
26
27
27
28
32
30
28
22
20
12
21
17
18
21
22
30
29
28
25
20
10
8
8
13
4
7
6
0
-1
2
5
9
7
8
10
4
-2
-2
-5
-2
-7
-11
-7
-8
-7
-2
-4
-7
4
-7
-8
-1
2
4
-2
1
-2
-1
0
-7
-9
-13
-17
-19
-14
-4
-10
-3
7
11
15
16
17
11
3
-6
-5
-11
-9
0
1
4
8
11
11
8
9
12
8
14
15
5
7
8
9
11
11
10
10
7
8
11
-4
-8
-9
-13
-13
-14
-8
-5
-5
1
-1
2
3
-10
-5
-2
-11
-11
-7
-8
-6
-3
5
7
7
7
3
-1
-12
-11
-12
-8
-15
-15
-15
-19
-16
-15
-20
-23
-25
-29
-21
-14
-12
-14
-16
-14
-8
-9
-6
-7
-12
-21
-25
-15
-9
-5
-10
-6
-3
-4
-5
-7
-14
-11
-8
-7
-8
-8
-6
-8
-6
-2
-2
-6
-5
-1
0
-1
0
3
9
13
20
25
16
16
22
16
19
18
11
6
2
3
0
3
10
10
8
15
20
12
14
19
14
11
4
3
7
5
0
-1
4
1
4
11
10
12
12
10
15
15
8
8
5
4
9
8
8
6
-1
1
10
9
9
9
6
7
7
9
17
17
12
16
21
23
21
23
18
10
12
7
8
8
8
2
3
5
-2
0
0
-1
-4
-4
-4
-1
-2
1
4
-1
3
4
6
4
2
-1
3
3
-8
-2
-9
-12
-11
-13
-9
-9
-15
-17
-24
-26
-22
-29
-25
-26
-27
-29
-29
-29
-30
-26
-25
-26
-27
-23
-21
-18
-22
-20
-23
-29
-20
-20
-24
-22
-24
-22
-21
-23
-17
-12
-15
-14
-15
-9
-7
-6
-2
2
6
7
7
7
10
7
9
12
9
11
9
7
10
9
6
1
7
2
4
12
9
9
13
14
7
12
11
12
11
8
10
11
8
6
6
3
2
7
11
13
12
14
14
17
18
23
21
23
22
18
23
20
17
18
18
15
14
16
11
8
13
12
14
12
11
14
13
12
17
16
17
18
15
16
17
16
23
18
15
16
12
6
3
-4
-6
0
-3
3
7
3
2
4
2
3
4
1
-3
-8
-8
-8
-8
-9
-14
-15
-12
-8
-16
-16
-17
-21
-24
-24
-24
-33
-32
-26
-25
-28
-25
-20
-21
-19
-19
-17
-17
-16
-15
-10
-13
-21
-22
-20
-22
-21
-21
-22
-18
-20
-19
-16
-17
-17
-16
-20
-12
-6
-11
-8
-8
-8
-6
-11
-13
-12
-16
-17
-10
-8
-10
-6
-1
-4
0
5
3
6
8
16
19
17
16
15
16
17
15
11
15
14
13
15
