-1
-9
4
6
5
3
11
9
-1
11
15
14
11
5
8
13
14
4
2
1
2
0
6
23
24
20
17
15
14
17
12
2
10
14
4
6
6
5
7
0
1
-2
-8
2
-7
0
2
-9
-7
-2
1
-1
2
0
-11
-10
-4
-7
-14
-7
-4
-12
-3
-4
-9
0
0
7
9
1
-5
-3
-3
-11
-4
5
-4
-3
0
-7
-9
-11
-8
-3
-11
-15
-16
-14
-1
-2
-5
-2
-5
-5
1
-4
-5
0
-5
-8
-12
-17
-12
-10
-16
-15
-7
-8
-11
-14
-9
-1
-2
5
5
5
3
-9
2
2
-13
-6
-6
-14
-2
5
0
-5
1
6
-1
1
10
5
3
10
5
7
14
11
12
9
4
9
12
9
8
9
8
-2
-6
6
19
14
12
16
10
8
10
3
7
6
-5
7
2
7
18
9
13
-2
-8
1
-2
-1
-2
0
10
10
3
7
-2
-8
1
-3
-1
-1
2
5
1
1
0
3
3
-2
8
6
-6
2
4
3
5
-4
-3
1
-2
6
1
5
12
-2
3
6
-5
-12
-15
-11
-7
-7
-5
-3
-2
-1
-4
8
14
4
-9
-6
8
1
-9
-8
-5
-4
-9
1
3
3
10
1
-3
-2
-3
7
7
-4
3
5
-7
7
13
4
0
-1
1
0
1
7
3
0
2
1
-1
0
7
11
6
2
2
-2
-3
0
3
8
7
2
-1
9
6
-6
2
6
3
8
8
3
0
-4
-6
-3
2
5
-9
-7
2
-4
-9
-4
2
-2
-4
2
6
-1
-1
-7
-6
4
-6
0
8
1
-3
3
-5
-13
1
3
2
2
-4
-4
-11
-5
5
1
6
5
4
3
-3
2
-2
-11
-3
-3
-4
3
4
6
11
9
5
5
6
5
9
3
3
0
-1
3
-4
0
0
0
-1
2
3
-3
4
0
-9
7
13
4
9
9
4
2
-5
1
3
0
4
-1
-2
-9
-9
0
2
0
0
-1
-3
4
7
5
2
-6
-8
-2
3
-7
0
3
-7
-1
-4
1
2
-5
-3
-6
-6
-6
-6
-2
2
-2
-9
-4
-3
-6
0
-5
-10
-9
-9
-17
-10
3
-4
2
0
-1
8
6
6
4
1
-5
1
1
-10
-1
8
6
-2
0
4
-4
-10
-6
-4
-9
-1
8
5
2
-1
1
-5
1
9
-4
-7
4
7
8
13
10
3
3
9
4
2
10
3
5
6
4
4
13
13
2
9
10
2
-3
2
-2
-9
0
-1
0
0
-3
2
0
-2
-5
-1
4
4
-1
-10
-4
1
-1
4
0
-1
1
9
14
-4
-12
-5
-10
-12
-10
-11
-8
-9
-5
-7
-20
-16
-11
-11
-11
-6
-3
-15
-8
-1
-4
-1
-7
-12
-17
-9
-10
-19
-11
-11
-8
-10
-16
-12
-16
-15
-9
-15
-9
1
2
4
-3
6
6
3
10
3
5
14
8
8
9
5
10
11
2
-4
-1
8
-2
-2
7
4
13
11
15
18
5
3
11
18
11
8
7
6
6
7
13
14
12
12
10
11
9
3
8
8
3
0
-4
-1
5
4
-3
-5
-2
1
1
6
3
-3
-1
-6
-6
-3
-9
-3
-4
-15
-6
-3
-10
4
6
-6
-10
-5
-1
-5
-4
-6
-7
2
0
-3
5
1
-2
-7
-14
-5
-8
-8
-2
-8
-1
-13
-17
-7
-10
-10
-19
-9
-2
-14
-14
-9
-4
-6
-6
-3
-14
-11
-13
-18
-4
-5
0
6
-5
-2
-4
-9
-1
-8
-7
1
0
-6
-1
2
-6
3
2
-8
-3
-2
-1
2
-5
-12
-4
-2
0
7
6
10
14
17
17
14
11
12
15
12
10
9
9
14
13
11
12
12
2
6
7
-2
8
11
4
7
3
-3
4
6
0
8
6
3
1
6
6
-3
1
5
7
7
6
6
4
3
2
-4
2
12
-1
-7
3
4
-7
-2
1
-6
-1
0
1
-4
-3
-3
-6
7
3
-9
-5
4
1
-13
-6
0
-5
-2
-3
-1
-9
-13
-7
-8
-5
-10
-10
-19
-26
-13
-7
-7
-13
-17
-12
-5
-2
-10
-7
-6
-9
-8
-2
0
-5
-3
-8
-7
5
4
2
9
9
1
-2
10
20
16
14
8
6
6
5
14
3
3
21
16
11
10
9
13
8
7
4
3
15
9
5
7
0
1
-3
3
6
-5
-5
3
-4
3
12
3
3
-3
0
-2
-14
-3
5
-2
-3
3
-7
-10
-3
0
5
4
1
-1
7
-5
-10
0
-3
0
-2
-14
-9
1
1
-5
-7
0
-1
2
8
4
-4
3
5
-9
-5
3
-4
-8
-2
3
-1
-4
7
1
-9
-5
-3
-9
-11
-13
-21
-22
-14
-11
-8
-1
-4
-12
-9
-6
-13
-10
-1
-8
-6
0
-2
-3
-5
-14
-11
3
5
0
4
7
2
4
15
2
4
15
0
2
12
11
10
4
3
1
12
16
3
5
10
12
17
20
12
8
11
9
12
15
10
11
7
-5
7
9
-3
5
2
-9
-7
-4
3
-1
-8
1
-8
-11
-7
-9
5
6
7
9
-2
6
10
3
2
-3
3
6
13
15
3
7
-4
-2
5
-7
-2
2
0
0
-5
-4
-13
-20
-14
-7
-13
-21
-16
-6
-15
-22
-13
-11
-13
-11
-8
2
1
5
2
0
14
11
9
6
6
8
-4
-4
-16
-24
-11
-13
-9
-1
-1
1
14
14
3
0
4
-5
-15
-2
4
2
8
1
-2
2
4
3
5
9
5
-1
-3
-3
2
8
8
9
11
6
12
20
17
12
6
7
9
5
1
-6
-9
-1
7
8
9
14
11
8
4
-3
7
9
0
3
8
2
-6
-14
-5
1
-3
13
6
-9
-8
-10
0
-5
-14
-10
-3
-4
-3
-7
-15
-2
8
-2
-2
-4
-3
-2
-18
-10
-4
-14
-2
1
-6
-6
11
11
-17
-17
-17
-21
-15
-23
-23
-9
-10
-20
-11
-16
-18
-9
-12
2
18
16
11
11
-1
-6
5
9
15
8
-5
14
9
-9
7
1
0
18
13
20
13
5
7
6
8
-3
0
8
4
7
11
3
19
19
1
8
-2
-1
13
0
7
13
-5
6
11
-1
6
3
18
13
-5
12
0
-2
10
-4
0
-3
-5
4
1
0
-1
-2
2
1
-9
-10
-16
-13
1
0
6
1
-5
3
-4
5
-12
-27
-13
-21
2
0
-18
8
-9
-6
12
-12
-2
-3
-13
3
-13
-12
2
-24
-19
-1
-22
-11
-8
-27
-1
-10
-19
14
-8
1
-9
-28
1
-29
-9
-4
-34
-3
-15
-8
2
-8
12
0
-20
4
5
-24
10
-5
-12
23
-6
8
3
-11
23
-12
13
32
-24
24
-10
-24
29
-33
22
4
-25
51
-18
8
24
-3
27
-3
9
10
-9
11
9
-14
15
8
-13
26
8
14
25
-11
16
18
-20
9
-7
-13
28
-16
23
20
-8
36
-29
18
25
-15
53
13
-3
8
-17
-13
0
-8
-20
0
17
-1
-11
13
-17
-16
-8
-35
-18
-12
-22
-16
12
-32
6
14
-15
30
-22
23
-14
-27
11
-46
11
-5
10
9
3
21
8
16
-13
12
-39
2
10
-39
20
-35
-4
12
-7
36
13
-15
9
-12
-12
15
-44
12
-18
-15
27
-22
13
-33
30
-10
-32
36
-46
32
-3
-7
35
-26
27
-14
15
-4
-10
64
-49
22
14
-58
69
-54
4
51
-78
108
-44
-19
43
-116
68
-82
-8
41
-69
68
-45
-1
-3
-9
11
-4
18
-35
47
-31
-10
52
-42
58
9
-36
82
-46
10
42
-95
64
-48
-19
68
-86
85
-34
-13
61
-84
65
-54
-1
42
-54
60
3
-12
41
-11
-30
47
-51
-5
13
-68
53
-36
4
27
0
34
-6
39
-38
24
-19
-10
-6
-54
41
-64
43
13
-34
69
-51
8
46
-90
61
-25
-108
128
-152
43
78
-176
181
-148
21
75
-179
146
-140
10
51
-75
89
-30
-4
50
-13
-15
83
-58
38
36
-85
89
-34
-3
104
-69
47
29
-122
106
-85
-20
89
-157
139
-55
-16
136
-154
137
-34
-68
121
-143
62
32
-113
149
-71
1
147
-119
159
-39
-11
94
-126
101
-81
41
2
-8
62
-48
105
-66
61
-8
-57
62
-87
44
-25
-54
55
-28
-12
82
-58
7
59
-152
148
-107
-21
139
-209
196
-126
-4
93
-120
115
-88
47
-41
10
0
-15
60
-79
85
-84
11
12
-106
77
-119
36
21
-94
158
-122
81
49
-120
185
-173
65
28
-156
130
-131
32
40
-77
83
-27
25
58
-30
36
-6
-69
56
-60
-8
52
-69
79
-21
14
28
-15
12
-18
-33
0
-28
-26
41
-96
81
-73
30
56
-122
152
-100
52
61
-110
91
-49
-35
76
-70
47
49
-58
104
-48
38
47
-41
76
-13
6
58
-36
-10
44
-97
114
-76
-27
135
-164
190
-45
-64
166
-176
75
-14
-120
76
-116
19
5
-72
69
-56
54
35
-32
64
-41
23
11
-19
-14
19
-22
0
50
-60
77
-17
20
-2
7
-13
-65
63
-116
84
-44
-40
93
-65
57
33
-23
-29
80
-148
88
-31
-130
138
-200
141
-85
33
79
-116
188
-140
106
-3
-94
145
-114
63
9
-25
72
4
34
-39
56
-96
61
-39
-32
63
-131
142
-156
111
-10
-94
247
-278
236
-52
-101
252
-261
224
-96
4
103
-161
217
-189
115
38
-193
230
-186
27
127
-212
182
-11
-91
181
-115
49
23
-97
43
-31
-18
14
-2
-15
30
-74
53
-36
-49
69
-108
51
34
-126
168
-104
8
101
-122
93
-9
0
-50
151
-232
172
-56
-196
331
-400
287
-94
-91
217
-262
190
-95
-24
98
-85
10
104
-115
109
44
-210
274
-246
51
103
-247
213
-132
-18
53
-40
-41
58
12
-77
174
-112
40
80
-166
146
-88
-41
104
-170
189
-139
47
69
-249
265
-246
4
179
-296
266
-1
-204
343
-267
25
211
-311
278
-67
-82
248
-243
176
-32
-157
213
-214
113
30
-116
198
-140
23
121
-244
258
-143
-11
240
-311
348
-219
23
169
-362
364
-276
9
276
-408
436
-178
-157
340
-439
250
-22
-183
318
-160
51
183
-224
151
24
-214
344
-301
155
144
-357
404
-341
2
161
-327
257
-52
-73
213
-122
-3
15
-73
-8
28
78
-89
196
-128
-9
114
-288
277
-252
69
183
-274
410
-312
131
44
-367
426
-347
96
307
-355
333
12
-341
419
-333
-71
430
-527
441
-32
-300
419
-436
90
44
-241
265
-85
51
134
-189
132
-79
-174
269
-241
77
234
-340
353
-146
-207
323
-436
183
48
-174
322
-192
99
2
-182
115
-140
50
123
-76
200
-56
-15
59
-179
93
-106
93
-29
99
-42
-73
118
-359
273
-290
100
120
-195
398
-307
201
-97
-128
55
-67
81
-32
186
-96
90
4
-110
31
1
-103
244
-110
53
225
-460
448
-331
-66
335
-412
428
-81
-86
260
-290
-44
141
-396
305
-75
-137
435
-451
319
-191
-140
231
-303
291
-77
63
115
-121
55
-14
-77
60
92
-37
134
33
-39
-45
69
-116
-57
198
-214
215
56
-179
264
-289
-34
154
-274
156
92
-104
58
130
-167
-28
127
-358
243
-58
-98
310
-292
135
32
-191
184
-1
-97
298
-69
7
170
-284
191
-183
-29
249
-281
354
-61
-195
405
-515
220
119
-513
572
-307
-34
331
-427
190
-53
-134
178
-145
172
-54
44
19
-137
91
-201
106
-72
59
77
-1
125
-83
6
34
-115
100
151
-186
288
-57
-120
142
-193
-10
-25
52
-73
116
-52
-89
120
-338
186
-193
-45
242
-275
287
-99
-72
122
-211
121
-2
-21
233
-193
126
3
-302
282
-284
81
159
-180
224
-71
-8
-14
-21
22
12
-20
145
-50
-11
124
-219
216
-226
79
124
-261
380
-344
68
98
-395
332
-169
-10
227
-205
119
-56
-112
56
-62
111
8
59
107
-236
157
-51
-211
261
-123
23
263
-165
44
57
-278
178
-38
19
193
-61
283
-287
69
58
-394
373
-185
36
267
-291
199
-166
-208
151
-258
146
134
-79
207
-33
-81
-50
19
-33
56
256
29
123
101
-147
-17
-68
-164
150
11
54
169
-121
5
-151
-112
-18
-80
149
13
72
38
-137
-18
-125
-96
100
51
51
153
-54
-86
4
-175
-35
5
-31
109
28
52
-69
-86
-12
-66
52
72
185
-57
42
84
-294
122
-37
-100
195
-14
-15
13
-54
-151
-30
-27
-44
76
7
26
-38
-18
-66
-70
39
-57
90
35
-23
47
-119
-18
-44
-63
112
-11
59
93
-81
-2
-5
-62
86
102
88
142
31
62
-23
-53
50
-46
111
48
10
54
-161
-56
-115
-86
20
-8
79
-48
29
-90
-135
6
-100
59
61
65
42
3
49
-105
56
49
-3
187
80
22
108
-45
-77
63
-95
71
125
-22
153
-24
-89
4
-125
-22
20
-22
53
-49
-59
-129
-106
-98
-127
115
-25
51
95
-121
-9
-31
-78
17
-3
-6
52
5
67
-78
-54
40
-109
145
96
-4
140
-87
-43
10
-106
65
12
49
85
25
62
-51
2
-44
3
107
21
52
36
-25
-53
-2
-28
4
59
36
66
5
-12
-43
-65
-8
-42
16
77
-36
-9
-9
-75
-23
0
42
-41
43
31
-108
128
-41
-80
89
-135
4
82
-78
73
-44
-78
10
-142
66
-29
-61
97
-80
-2
-39
-76
16
-51
43
27
-29
58
-47
5
78
-21
31
15
-12
13
5
28
-67
-86
-63
-80
-8
40
-55
-51
-18
-119
1
-35
-56
23
-50
-8
-26
-41
-82
-54
-48
-72
15
-111
-56
-28
-66
39
-50
34
-12
-34
101
-5
83
75
15
111
63
88
116
66
87
110
88
112
111
45
102
50
60
145
26
110
93
26
121
64
28
78
84
9
104
106
55
152
82
64
89
47
122
181
132
192
121
39
97
39
128
140
117
173
77
113
37
-25
39
-31
48
54
-7
-7
-123
-176
-176
-218
-268
-256
-350
-434
-376
-523
-560
-541
-636
-561
-599
-616
-570
-620
-587
-553
-520
-496
-414
-356
-308
-233
-172
-117
-21
99
112
234
232
265
365
385
488
469
503
486
475
492
444
442
392
384
386
361
312
293
253
207
225
191
154
121
152
149
175
147
110
128
105
266
267
356
458
441
612
663
712
862
922
978
1169
1088
1084
1214
1072
1128
1042
576
225
27
-62
-12
-19
-429
-1120
-1573
-1839
-1775
-1565
-1773
-2036
-2346
-2569
-2360
-2202
-2152
-2058
-2042
-1759
-1329
-1063
-910
-851
-699
-344
289
709
808
946
881
1120
1652
1820
2002
1971
1746
1858
1829
1782
1635
1231
1116
915
743
625
129
-306
-616
-817
-891
-1030
-1262
-1684
-1914
-1872
-1843
-1714
-1619
-1731
-1743
-1473
-1251
-1013
-736
-626
-407
-38
306
637
795
911
1047
1278
1617
1705
1706
1618
1479
1501
1650
1653
1510
1349
1102
1038
1022
875
723
480
382
502
566
652
612
457
487
572
726
881
1155
1316
1127
993
183
-586
-372
-32
547
749
-204
-1547
-2375
-2307
-1530
-811
-1043
-2000
-2892
-3262
-2794
-2095
-1817
-1801
-1990
-1897
-1385
-1168
-1072
-842
-619
49
834
945
721
440
465
1177
2037
2409
2208
1810
1424
1448
1855
1968
1754
1420
1068
875
590
206
-156
-636
-665
-594
-992
-1482
-2158
-2636
-2427
-2017
-1917
-2081
-2480
-2825
-2547
-1907
-1432
-1210
-1225
-1179
-762
-212
337
621
632
848
1225
1634
1874
1796
1656
1648
1798
2080
2149
1864
1575
1392
1509
1675
1538
1272
830
576
715
937
1063
899
700
730
863
1066
1194
1136
1393
1747
1710
1484
333
-830
-611
242
1160
1266
-173
-2328
-3378
-2738
-1317
-273
-965
-2791
-4170
-4467
-3325
-1982
-1667
-2142
-2840
-2846
-2111
-1397
-1044
-845
-595
-35
745
882
485
230
570
1752
2942
3219
2606
1789
1390
1938
2993
3340
2830
1865
1136
1020
1180
1190
667
-140
-669
-880
-1035
-1410
-2162
-2721
-2718
-2457
-2254
-2444
-3124
-3706
-3480
-2620
-1769
-1452
-1704
-2040
-1906
-1078
68
777
840
735
713
1086
1731
2104
2231
2149
2064
2208
2412
2351
2166
2091
2060
2238
2212
1824
1325
859
915
1339
1573
1515
1129
682
596
873
1264
1690
1982
1573
956
-11
-1404
-1407
-366
579
993
-197
-2574
-4260
-4049
-2319
-540
-547
-2422
-4490
-5507
-4530
-2406
-1109
-1268
-2437
-3394
-3126
-1923
-721
98
287
111
320
568
603
822
1201
2012
3003
3281
2875
2096
1560
1911
2908
3676
3512
2408
1169
655
783
1327
1656
900
-368
-1097
-1485
-1503
-1169
-1474
-2113
-2484
-2684
-2629
-2605
-2816
-2928
-2723
-2268
-1786
-1570
-1775
-1959
-1544
-664
277
832
701
289
175
612
1511
2134
2131
1732
1216
1158
1588
2111
2397
2181
1722
1403
1329
1424
1525
1622
1616
1518
1556
1562
1427
1311
1450
1881
2545
2912
2419
1266
-478
-1402
-447
1067
1919
1112
-1486
-4107
-4740
-3078
-639
165
-1653
-4499
-6489
-6121
-3633
-1347
-947
-2503
-4396
-4837
-3543
-1499
24
340
-274
-718
-493
82
792
1318
1861
2559
2889
2775
2404
2011
2181
3042
3857
3937
3063
1805
1101
1217
1862
2365
2007
593
-887
-1431
-1330
-781
-447
-1152
-2297
-3217
-3376
-2786
-2363
-2295
-2593
-3098
-3122
-2668
-2083
-1711
-1614
-1450
-1073
-569
-99
228
372
488
915
1495
1767
1688
1449
1364
1621
2142
2602
2580
2124
1669
1556
1790
2089
2251
2206
1894
1523
1449
1715
2001
2082
2124
2045
2087
2411
2479
2022
630
-727
-594
436
1397
1336
-570
-3321
-4702
-3737
-1408
-27
-1271
-4134
-6587
-6927
-4662
-1709
-704
-2345
-4876
-6080
-4939
-2273
125
760
-587
-2088
-2201
-997
854
2128
2328
1966
1499
1508
2176
2909
3299
3452
3407
3169
2778
2407
2279
2193
2258
2443
2047
1095
39
-701
-734
-247
31
-522
-1692
-2865
-3281
-2675
-1886
-1652
-2190
-3176
-3652
-3221
-2213
-1303
-1136
-1537
-1843
-1643
-856
155
698
672
546
619
950
1442
1688
1660
1683
1761
2005
2292
2265
2044
1859
1850
2012
2135
2165
2061
1704
1479
1663
1972
2200
2162
1857
1627
1835
2268
2574
2202
613
-794
-808
122
1257
1485
-117
-2759
-4346
-3743
-1636
-179
-845
-3123
-5662
-6574
-4807
-2066
-763
-1707
-4007
-5553
-5105
-2931
-340
734
-273
-1968
-2627
-1690
216
1942
2523
1848
775
552
1499
2739
3480
3551
3015
2370
2182
2440
2744
2707
2448
2163
1801
1276
698
301
84
77
102
-254
-1102
-2030
-2577
-2476
-1994
-1803
-2101
-2850
-3524
-3489
-2828
-1977
-1538
-1761
-2242
-2325
-1749
-832
11
341
72
-145
50
654
1403
1823
1893
1767
1689
1846
2192
2486
2491
2248
2070
2105
2164
2293
2366
2158
1847
1802
2047
2185
2122
1913
1671
1618
1789
2060
1864
846
-231
-582
-149
688
1088
283
-1515
-3102
-3315
-2094
-758
-632
-1893
-3888
-5234
-4750
-2930
-1336
-1217
-2610
-4193
-4729
-3750
-1690
-29
60
-1146
-2312
-2367
-1202
544
1813
1871
920
111
408
1466
2607
3295
3071
2221
1543
1710
2410
2866
2847
2306
1499
1011
1068
1295
1174
605
-74
-585
-844
-885
-1099
-1595
-2075
-2464
-2508
-2322
-2338
-2492
-2766
-2964
-2828
-2438
-1939
-1648
-1598
-1633
-1576
-1068
-402
133
500
505
433
625
1124
1713
2054
2116
1956
1777
1860
2086
2266
2336
2167
1963
1964
2080
2095
1974
1879
1648
1569
1787
1782
1536
1193
904
847
1055
1244
1127
503
-418
-826
-595
-52
390
88
-996
-2146
-2550
-1939
-967
-602
-1139
-2202
-3163
-3214
-2277
-1315
-1029
-1515
-2245
-2602
-2334
-1410
-518
-297
-628
-965
-946
-556
114
662
854
774
735
1032
1372
1551
1676
1723
1697
1721
1792
1785
1646
1427
1334
1282
1098
892
609
253
-63
-303
-461
-674
-1027
-1412
-1639
-1760
-1890
-1949
-2115
-2390
-2524
-2441
-2199
-2029
-1966
-1979
-2014
-1837
-1422
-913
-563
-455
-487
-483
-140
417
880
1171
1167
1046
1184
1530
1941
2230
2157
1945
1867
1921
2118
2321
2296
2065
1742
1507
1491
1503
1478
1400
1112
753
504
372
312
214
68
-83
-310
-523
-540
-415
-348
-461
-638
-819
-971
-857
-528
-375
-516
-849
-1108
-1080
-829
-455
-214
-336
-741
-1013
-874
-529
-208
-35
-148
-470
-593
-334
25
276
360
322
313
370
557
737
706
602
622
716
778
809
687
415
225
187
214
244
94
-239
-516
-734
-789
-714
-815
-1013
-1226
-1432
-1450
-1382
-1403
-1451
-1521
-1584
-1441
-1257
-1192
-1152
-1215
-1263
-1130
-889
-598
-337
-257
-222
-111
58
399
722
903
968
894
965
1251
1553
1734
1752
1614
1453
1459
1612
1744
1647
1366
1113
953
914
922
869
584
168
-44
-40
6
-37
-162
-386
-634
-652
-488
-410
-470
-613
-725
-688
-526
-356
-288
-335
-396
-257
55
283
348
320
251
290
503
693
738
610
453
443
528
648
706
661
522
402
349
272
216
202
193
157
117
24
-147
-262
-272
-279
-272
-278
-398
-537
-653
-692
-646
-656
-716
-785
-928
-1035
-1036
-990
-937
-923
-912
-934
-1026
-1032
-926
-818
-789
-755
-713
-730
-634
-478
-381
-351
-336
-264
-134
-26
9
82
120
165
333
508
560
491
480
503
536
679
828
852
741
661
692
681
669
684
616
510
410
370
299
182
93
25
9
-79
-178
-198
-291
-338
-268
-219
-239
-289
-324
-318
-260
-98
99
167
164
151
201
388
564
696
750
710
716
773
899
986
988
1013
990
974
987
963
910
865
820
723
640
533
386
301
226
145
59
-106
-279
-396
-472
-509
-553
-609
-718
-863
-934
-964
-1030
-1041
-994
-1022
-1060
-1083
-1124
-1058
-959
-892
-831
-883
-920
-833
-711
-561
-483
-476
-466
-468
-433
-339
-200
-118
-94
-31
5
-1
41
121
168
183
179
204
210
193
249
309
322
335
335
314
281
261
245
201
185
199
161
84
-27
-154
-224
-198
-119
-125
-179
-252
-382
-435
-383
-271
-177
-173
-202
-216
-183
-103
97
272
300
341
380
450
581
695
803
839
796
802
886
953
1008
1060
1030
934
840
777
778
769
684
634
540
380
279
216
178
146
74
-16
-97
-172
-231
-225
-217
-295
-337
-353
-428
-462
-476
-454
-404
-344
-288
-299
-358
-415
-402
-287
-164
-121
-138
-221
-300
-290
-220
-139
-145
-220
-299
-338
-311
-285
-288
-337
-397
-412
-379
-377
-421
-459
-472
-413
-325
-260
-253
-309
-310
-239
-168
-102
-63
-100
-130
-74
-49
-62
-52
-44
-31
-22
-52
-98
-156
-171
-132
-82
-68
-148
-206
-191
-165
-90
7
18
-26
-58
-33
76
174
253
310
281
249
310
449
567
593
588
561
517
521
595
638
586
542
529
503
487
486
474
405
322
278
225
178
126
74
53
6
-51
-73
-97
-89
-84
-105
-110
-146
-154
-101
-67
-76
-59
-31
-26
-21
-5
41
57
58
69
42
7
-5
28
26
-4
-64
-164
-167
-109
-40
-9
-92
-197
-260
-279
-207
-103
-95
-179
-274
-320
-299
-212
-132
-148
-234
-295
-276
-219
-164
-106
-140
-215
-223
-249
-224
-184
-217
-200
-183
-208
-193
-160
-169
-172
-129
-94
-71
-71
-106
-139
-144
-67
38
72
59
13
-28
18
124
197
240
197
102
111
143
192
278
267
183
148
177
229
287
292
253
203
161
206
237
186
173
152
115
107
96
85
52
41
70
111
101
41
15
-5
-12
42
105
87
31
22
46
76
105
101
38
-14
-7
30
50
28
-21
-80
-118
-87
-31
-16
-22
-84
-167
-152
-96
-19
75
67
-7
-63
-84
0
92
96
76
22
-21
-20
39
74
30
-10
-51
-66
-78
-103
-121
-159
-195
-184
-149
-163
-197
-238
-250
-209
-183
-144
-136
-202
-240
-212
-153
-113
-95
-102
-118
-128
-104
-22
22
7
4
1
28
92
137
175
162
123
142
196
228
228
209
172
175
218
220
196
158
127
166
192
152
112
67
51
80
101
112
72
-1
-38
-40
-38
-34
-19
-31
-91
-127
-145
-171
-177
-163
-139
-148
-165
-185
-220
-223
-182
-129
-113
-117
-134
-142
-125
-88
-34
30
68
59
56
61
65
135
199
206
185
156
151
159
181
218
220
171
117
91
79
56
55
49
-20
-88
-95
-103
-122
-129
-134
-141
-147
-135
-140
-154
-189
-192
-136
-118
-93
-73
-105
-127
-103
-58
-21
-5
-1
11
29
83
125
124
114
82
85
118
131
143
133
112
129
167
172
148
115
67
55
85
130
158
110
59
40
37
70
99
98
61
10
4
27
40
39
20
-27
-83
-127
-141
-135
-145
-150
-166
-223
-267
-269
-246
-218
-203
-213
-249
-268
-234
-165
-119
-91
-62
-37
17
74
130
179
165
177
230
253
283
284
247
219
227
264
269
238
150
71
50
63
105
77
-20
-122
-202
-203
-166
-153
-166
-208
-243
-236
-189
-160
-169
-169
-175
-163
-97
-58
-40
-20
-31
-8
37
60
100
129
147
152
173
193
157
139
114
86
119
135
138
139
118
95
89
82
55
47
33
13
16
22
28
17
-6
-15
-19
-8
30
52
53
42
18
0
-11
1
11
-5
-18
-25
-16
-38
-82
-99
-149
-184
-158
-157
-159
-166
-216
-250
-262
-242
-198
-174
-165
-155
-125
-116
-90
-51
-33
24
62
64
77
67
79
123
142
151
137
92
51
44
66
95
86
19
-58
-115
-158
-144
-99
-108
-125
-139
-160
-166
-161
-148
-120
-79
-68
-37
-8
-40
-32
-12
19
74
98
134
143
130
141
162
210
194
173
153
88
126
181
187
193
145
105
97
86
99
109
71
20
6
-2
22
61
35
16
-35
-87
-27
24
61
102
70
33
48
46
71
89
49
13
14
33
36
60
40
-18
-40
-67
-57
-55
-78
-55
-68
-68
-54
-103
-92
-96
-114
-49
-39
-79
-65
-39
-43
-14
5
0
9
12
19
-6
-22
-51
-94
-28
0
4
47
15
-17
-70
-88
-84
-113
-93
-107
-138
-95
-86
-73
-16
-93
-118
-130
-176
-74
-60
46
51
-21
87
-26
-31
53
16
112
116
153
173
38
130
70
48
135
11
32
40
-4
38
77
-24
-69
8
-125
-79
44
-117
-48
27
-98
13
-17
-117
18
-8
20
139
153
82
114
127
-16
173
159
78
319
127
134
239
-67
40
22
-85
90
59
24
51
84
-1
-44
-32
-201
-228
-113
-132
-57
75
-23
-55
-26
-140
-173
-115
-180
-54
57
20
147
74
-24
19
-110
-68
57
-68
88
111
10
126
43
-20
-86
-87
-138
-132
53
-48
34
47
-158
-91
-145
-202
-59
-147
-38
64
-131
111
1
-105
70
-79
-28
88
46
59
202
94
4
108
-52
-117
25
-39
-34
78
-26
-59
-34
-143
-123
-111
-168
-89
-23
-78
10
24
-138
13
-71
-100
78
-27
133
180
178
209
107
172
87
139
233
164
262
300
137
252
155
22
173
-29
103
85
58
149
-4
-3
-77
-140
-180
-134
-171
-94
-110
-116
-53
-192
-100
-138
-185
-120
-143
-91
-23
-15
51
-5
-19
29
-100
52
56
27
218
36
57
93
-164
54
25
-52
170
24
19
92
-77
-46
70
-90
-7
87
-67
59
93
-16
-7
-28
-146
-100
1
-17
102
102
49
10
4
-124
-52
-10
-182
71
-7
-106
177
-131
-138
48
-340
-48
-32
-125
111
-54
18
1
-74
-5
-64
-94
46
-92
88
192
-35
304
-34
49
194
-146
318
8
24
291
-79
202
154
5
138
-71
-28
-25
-31
37
-60
2
-42
-162
-13
-151
-226
17
-339
-5
-66
-284
242
-327
-26
64
-317
158
-55
-99
117
-55
-32
160
18
93
106
-51
97
-14
110
146
2
235
-60
54
156
-181
152
-63
-53
150
-137
59
22
-97
102
3
-4
64
-124
90
27
-53
248
-130
73
118
-234
244
-33
-131
286
-174
-3
178
-247
111
52
-160
106
-66
-46
27
-67
60
-114
-38
27
-126
111
25
-84
66
-55
-49
96
-134
97
-29
-30
247
-117
205
26
-107
109
-63
79
84
31
-11
71
-68
79
-16
-108
148
-310
21
4
-245
136
-158
-79
-40
-245
-54
-184
-96
-8
-173
28
-56
-163
50
-99
-31
65
-61
116
-42
71
111
-104
199
-15
-78
221
-99
123
189
-69
187
-20
-48
132
-50
53
135
-17
50
132
-39
16
106
-159
52
-43
-59
94
-45
140
-82
65
-18
-107
118
-136
110
7
-9
66
-44
59
-34
19
-46
22
-123
107
47
-2
223
-162
114
-110
-86
121
-85
126
65
27
44
31
-14
34
53
-12
110
-32
37
124
-39
185
-27
-83
98
-201
77
66
-149
167
-175
-133
23
-257
-30
-81
-148
0
-137
-47
-143
-166
-47
-285
123
-168
-135
258
-314
104
111
-300
166
-50
-133
253
-87
138
138
-59
167
-97
123
-3
-20
229
-105
193
37
23
67
-59
108
-238
163
-48
-86
233
-206
70
-16
-124
13
-44
-87
-112
62
-69
-7
141
-138
-58
85
-198
76
128
-233
169
-13
-160
321
-134
57
174
-212
145
-31
-10
92
66
21
62
68
-13
159
-51
49
80
-97
98
25
37
131
11
142
-77
87
46
-157
282
-131
90
165
-140
206
-106
2
18
-190
41
-61
-95
139
-94
-87
134
-344
38
-120
-208
129
-257
87
-67
-138
61
-108
-73
4
-127
-64
40
8
51
137
20
-99
128
-136
-2
134
-27
92
52
42
-63
95
-97
-76
123
-232
124
32
-145
224
-124
-87
123
-260
-15
53
-167
98
5
-93
47
-73
-82
-4
-30
-21
16
131
-92
127
42
-140
131
-102
-60
156
0
16
201
-68
30
77
-73
46
105
-53
122
78
-23
126
-48
57
-38
36
34
-59
180
-4
56
160
-157
93
-72
-32
116
-67
69
-42
-8
-29
69
-126
-6
9
-197
139
-76
-24
42
-117
-80
-52
-12
-187
180
-34
-105
291
-239
97
10
-57
33
-15
55
-142
254
-119
123
104
-188
159
-170
92
48
-18
127
-117
93
-109
44
-19
-118
161
-236
126
-5
-112
160
-158
18
-35
-104
48
-84
31
39
-154
125
-112
-109
201
-174
49
101
-155
102
-9
-39
107
-80
88
-78
38
79
-110
251
-85
51
116
-163
138
-14
-70
168
-53
26
111
10
44
50
2
-67
120
-77
54
114
-100
115
-26
-92
60
-87
20
64
-110
89
-59
-92
20
-113
16
-126
7
-28
-161
194
-145
21
117
-194
118
-1
-69
150
-65
-17
80
-71
54
30
-22
18
2
-25
15
24
-46
-14
-9
-92
26
-47
-55
56
-78
33
-37
-36
17
-101
73
-107
-43
11
-151
114
-105
41
42
-141
104
-39
-47
111
-102
27
60
-134
180
-112
37
97
-127
126
-32
-24
72
-32
43
4
-10
37
-74
105
-72
14
78
-5
54
83
-4
3
115
-136
122
33
36
74
84
-15
11
102
-139
212
-115
92
81
-108
167
-128
66
-95
-47
-46
-127
79
-119
55
24
-112
59
-100
-86
18
-101
10
-6
-6
38
-6
30
-52
61
-21
6
59
21
91
40
91
5
40
-74
-21
-29
-32
91
43
55
30
20
-129
52
-102
-97
111
-175
19
77
-110
67
-29
-147
48
-128
-15
15
-46
18
-75
104
-150
4
22
-212
111
-48
-94
178
-67
-13
68
-113
8
-81
81
-84
-3
129
-153
114
58
-93
94
-19
-11
78
-6
125
-41
84
17
-76
149
-62
55
60
3
54
-8
25
-20
15
53
-23
39
19
-72
17
-9
-115
90
-70
-79
108
-128
44
-19
-31
-45
-29
-13
-99
109
-46
32
37
-53
56
-38
42
53
-36
77
12
9
57
67
9
1
67
-51
38
84
7
41
68
-41
-59
22
-56
-18
8
30
-28
-25
34
-98
17
-14
-77
6
-31
-23
5
-19
0
-59
-71
-24
-16
-35
78
64
-114
117
-60
-133
69
-49
-143
146
-17
-114
225
-102
23
50
-46
-36
28
72
-60
172
-16
-31
91
-80
-12
67
21
-57
168
-34
20
141
-77
42
-29
33
-121
163
-9
-18
171
-99
68
-73
48
-120
57
28
-83
129
-82
-2
-66
24
-124
26
6
-89
114
-54
81
-64
23
-60
-64
93
-92
118
3
5
95
-6
11
45
-21
-24
77
-41
67
-10
54
-10
-26
90
-145
100
-18
-60
92
-52
-20
19
-69
-30
-48
-115
52
-118
32
74
-121
127
-90
-45
-31
-55
-24
-74
138
-148
70
66
-148
87
-26
-30
42
17
31
52
58
19
50
24
-11
10
-26
40
-7
50
71
13
-33
41
-63
-84
89
-131
36
46
-54
103
-32
41
-1
-89
25
-50
-13
97
-21
28
93
-49
49
-65
18
-68
-23
97
-68
134
8
24
1
-14
-41
-24
-11
-4
45
-19
121
-75
70
19
-98
98
-96
53
54
21
96
39
16
-7
40
-128
62
7
-61
129
8
59
4
64
-101
-41
44
-197
76
-25
-69
119
-52
-29
-11
-114
-37
-83
-20
31
-38
50
-25
0
-23
-38
-45
-34
-14
-1
54
1
135
-86
83
-18
-127
126
-175
128
-10
44
102
-55
115
-123
50
-59
-52
50
-28
-5
37
23
-101
109
-104
-40
120
-149
94
80
-71
111
0
-18
-44
-13
-5
-76
116
-67
-3
64
-52
14
-28
11
-101
87
17
-44
177
-79
48
18
-33
-47
-25
64
-105
130
2
-56
112
-68
-31
56
-69
49
87
31
105
73
3
58
3
-113
101
-96
27
79
-82
93
-70
17
-63
-72
-20
-70
60
-35
37
10
-59
-6
-103
-48
-47
-69
-19
42
-12
-3
54
-97
-5
-14
-59
56
-8
52
76
4
70
-38
-35
-5
-56
27
8
34
14
9
11
-9
-38
-35
-12
-37
67
12
46
49
-45
46
-88
4
-32
-75
39
-54
29
-14
18
-6
7
-10
-4
-11
-34
54
-55
92
-3
-54
89
-100
16
41
-57
66
-22
11
43
-14
48
-5
57
-2
-13
36
-67
57
-12
9
46
-14
41
-10
52
-42
-5
51
-90
51
46
-10
67
35
-37
-31
31
-81
-5
24
-7
-1
38
22
-107
56
-96
-55
27
-50
66
5
67
-12
-18
40
-102
4
-27
-63
67
-49
52
35
-66
33
-55
-59
-34
24
-9
31
89
-26
-25
24
-77
-81
59
-69
9
87
-47
62
12
-55
-8
-71
6
-43
5
51
5
69
-20
13
-39
-66
12
-59
1
59
-26
10
29
-21
-10
12
-35
-20
38
-13
55
16
17
46
-55
45
-19
-56
31
-20
-12
11
22
-14
36
9
20
-4
-8
9
-59
79
-49
21
36
-60
44
-45
8
-13
-37
25
23
9
33
41
-32
23
8
-61
16
-12
-28
34
24
1
18
4
-66
0
-18
-69
45
-24
-23
59
-28
-12
15
-74
-21
27
-49
17
29
-8
27
6
6
-41
-13
6
-43
78
57
4
73
16
-37
7
-24
-66
30
-7
4
35
-2
14
-43
-5
-39
-31
10
-18
43
21
-5
1
-56
-48
-26
-51
30
-11
1
41
-43
33
-6
-50
21
-33
-5
70
-7
58
47
-30
35
-18
-13
-11
16
21
30
52
6
-3
8
18
-37
48
-3
-5
42
-2
34
-48
19
-46
-59
55
-42
9
48
-31
4
47
-23
2
19
-17
19
21
-20
5
-13
-56
8
-61
-13
3
-44
25
-4
-4
-36
35
-38
-5
51
-45
45
3
-1
-28
6
-8
-68
43
-11
-8
67
2
-5
37
3
-2
34
30
8
25
26
11
3
-17
-36
-35
-25
-36
-2
-9
-6
18
-55
-9
-46
-78
18
-55
11
48
-10
35
-7
-31
-1
-16
-16
18
29
25
33
27
-6
-1
-8
-24
18
14
2
54
0
3
15
-75
-15
-22
-34
34
-1
30
49
21
45
12
-10
7
-6
27
40
26
39
0
2
-13
-45
-17
-31
-21
1
-3
17
-5
-27
0
-39
-8
-8
-11
30
11
48
11
17
10
-36
2
-16
-9
2
14
14
15
27
-8
-4
-7
7
10
9
46
11
23
32
7
3
-20
3
-22
-4
28
15
17
19
5
-37
-1
-46
-65
-18
-63
-20
-7
-19
-16
-22
5
-44
-14
8
-25
19
41
8
23
48
-7
23
11
3
26
-18
12
-15
8
21
-29
12
-57
-35
-3
-63
18
-4
6
42
14
23
-16
14
-4
3
42
-8
14
32
24
2
19
-15
-43
19
-26
8
17
-5
5
-14
-15
-42
-24
-25
-7
7
13
22
26
9
-3
16
-15
-2
18
-9
6
42
-7
4
17
-23
-5
7
25
-14
35
20
-19
75
-16
-1
47
-13
21
25
22
-3
11
1
-43
-10
-34
-31
-1
-13
-14
7
-26
-10
0
-38
22
-9
-13
27
1
-5
30
-11
-22
39
-18
7
33
-3
9
15
-2
-9
-4
-9
-20
-22
-23
-27
-4
-19
-10
-10
-16
20
12
6
28
9
-8
40
-18
9
30
1
49
6
29
-2
-24
15
-18
-11
-6
-11
-28
8
-10
-25
15
-33
-8
8
1
-8
-2
12
-14
5
0
-5
11
11
23
31
9
32
9
-21
18
-14
-16
21
10
27
55
10
12
5
-27
19
-3
10
25
16
43
9
9
-17
-19
-20
-40
0
6
1
21
6
-24
-11
-32
-45
-20
9
-3
16
42
-7
9
12
-16
-5
21
4
11
36
5
16
-12
-28
-13
-43
-5
-3
-12
31
-11
-8
3
-31
-28
-27
-15
-18
23
13
18
45
20
20
3
3
-2
23
29
14
42
11
0
-6
-22
-12
-12
-12
-12
5
-23
8
-11
-39
-12
-48
0
-21
12
27
-17
57
6
10
23
-27
17
7
9
27
5
24
19
1
22
-13
-24
24
-12
-2
18
-13
10
-4
6
-5
-24
14
-21
12
30
-2
52
8
3
24
-30
2
-22
-30
8
-19
8
7
-2
-6
5
13
-14
5
24
2
19
38
-10
20
13
-24
12
-8
-27
-8
-6
-28
-13
-2
-23
-16
-9
-29
-11
9
-5
11
23
15
11
20
0
20
24
-3
31
16
19
24
4
7
5
2
-13
-4
-5
-14
-4
0
-34
-26
-15
-51
-4
-5
-29
10
-5
-5
10
10
-3
15
19
-2
22
0
-9
7
-1
6
0
-3
3
15
17
-1
1
2
-5
6
9
2
6
8
5
7
9
-6
-11
-11
-34
0
-14
-24
12
3
6
1
-4
-24
-2
-1
2
19
14
21
2
15
-4
-10
-5
-8
-7
9
20
-19
6
5
-28
-9
-22
-17
4
1
11
11
3
-1
-8
-8
2
-24
0
20
-7
27
16
-2
10
6
-8
-6
10
-2
-4
26
9
1
11
-11
0
-2
-19
12
8
1
32
-8
-16
-10
-39
-17
-22
-19
0
1
10
-9
-6
-8
-24
-8
-8
3
16
5
20
15
0
23
-7
-10
17
-8
-2
4
-7
-5
2
-9
-19
-13
-15
-26
-21
-1
-20
0
-13
-20
18
-19
-2
18
8
37
29
10
21
18
-4
-12
-9
-22
-18
-8
-12
7
-6
-10
-18
-5
-6
-29
5
-16
3
5
-3
6
-7
16
-1
12
10
-9
-2
9
0
-3
13
-7
13
10
-2
17
-14
3
12
-8
21
-4
7
11
-5
17
-12
-2
4
0
-1
-13
-8
-27
-1
-5
-15
2
-2
-7
-12
-7
-15
-9
-9
-12
-5
-6
0
-1
9
10
6
14
12
3
4
-1
-9
-8
-12
-17
-13
-18
-25
-17
-15
-1
-6
-6
12
2
4
-9
-11
-12
-14
1
-10
21
9
-3
27
6
-1
1
6
0
13
21
10
4
-1
6
-15
0
1
-17
11
7
-11
-17
-12
-22
-14
5
-6
13
13
11
19
17
10
3
6
0
6
21
5
17
21
8
40
4
10
30
-10
21
12
-3
16
0
-1
-4
-4
-4
-20
5
11
-3
20
-7
-3
7
-23
6
-13
-7
10
-12
12
-7
-12
7
-16
1
9
-5
21
6
1
14
-9
-11
-18
-7
-11
-16
-4
-9
-8
-8
-17
-21
-4
-21
-11
-10
-24
1
-12
-4
-16
-4
4
-16
10
-5
-4
14
2
-2
6
-8
-12
-7
-14
-7
0
0
-2
-5
-8
-10
-16
-19
-6
-8
-2
1
-7
2
-4
1
0
1
15
-3
-3
15
0
-3
3
-10
4
17
9
1
21
21
8
8
6
6
9
18
14
14
11
25
19
8
13
3
5
-7
-6
-5
-5
-1
-10
-1
8
1
-3
18
2
8
30
-2
15
24
3
11
14
-7
1
8
-5
6
2
-7
-6
-8
-13
-9
-15
-14
-3
-11
