-5
-8
-15
-7
8
-7
-7
3
-10
-11
-10
-14
-16
-14
-8
-12
-8
-3
-4
-8
-7
1
-7
-9
-9
-8
2
-2
-8
-4
0
0
-1
2
0
-4
-10
-16
-3
0
1
3
-6
-2
5
1
0
8
8
10
20
13
12
12
5
9
11
8
1
0
1
0
3
8
10
-2
-1
12
13
15
12
7
-1
-2
19
9
2
4
5
6
-8
-1
-3
-12
2
0
-11
-2
-3
-15
-13
-13
-8
-4
-6
1
-1
-3
-2
-1
3
-4
-4
-2
-6
-2
-4
-5
-4
-7
-3
-3
-9
-7
-5
-8
-9
-9
-9
-6
-3
-10
-16
-10
-3
-5
0
7
-7
-2
-5
-9
-3
-21
-8
-6
-16
-10
-4
-1
-11
-12
-8
-4
-10
-10
-2
-11
-7
1
0
1
-2
0
1
-11
-8
4
5
4
5
6
4
-4
-3
-1
3
7
4
5
6
4
5
3
-3
7
4
6
16
12
11
6
4
4
4
12
3
4
2
-1
7
5
5
6
9
6
-6
5
3
0
5
0
4
3
-9
-9
-8
0
11
3
2
5
10
7
2
4
-5
3
9
0
-1
-5
-6
2
8
-2
-12
-2
-2
1
-1
-10
-1
4
-1
3
4
-3
-1
1
-6
-9
3
2
-1
-3
-7
-6
-6
-4
1
0
-8
-13
-8
-13
-19
-12
-11
-13
-13
-15
-8
-4
-12
-10
-10
-7
-3
-11
-8
-2
-1
-2
6
7
0
0
0
-3
-6
-5
1
9
14
15
15
14
15
13
7
13
14
5
7
7
5
11
8
17
17
11
18
8
1
7
3
6
7
4
11
13
8
7
-6
-4
9
1
6
10
8
-4
-4
20
12
4
6
1
7
5
-4
-3
0
7
9
-2
-8
-11
-5
3
0
11
6
6
9
-5
-5
-10
-4
1
-13
-11
-14
-12
-3
-14
-21
-14
-1
2
-15
-18
-20
-24
-17
-11
-9
-6
3
7
0
-4
-6
8
14
6
10
10
6
4
-4
-3
0
3
10
13
11
8
4
1
-3
-3
4
7
5
-1
-6
-10
-15
-11
-15
-15
3
0
-7
-5
-10
-13
-8
-6
-8
-3
-1
-2
5
10
7
0
16
31
20
15
7
-1
7
19
27
26
24
19
5
12
15
10
14
10
9
18
4
-10
-13
-18
-11
-8
2
16
2
-7
-17
-23
-20
-9
3
6
13
7
0
5
5
2
9
20
15
15
17
7
-3
0
16
21
20
25
9
-8
-10
-12
-23
-31
-14
-11
-14
-19
-45
-50
-54
-40
-18
-8
-2
-5
5
0
-21
-21
1
23
34
40
38
24
7
7
21
31
36
45
51
40
23
8
-8
7
32
43
41
12
-18
-29
-48
-65
-52
-30
-18
-13
-42
-105
-194
-226
-150
-48
-19
-27
-7
-11
-31
-36
-38
-11
59
135
168
134
74
55
77
102
125
139
153
172
151
101
34
-18
-7
38
84
62
-3
-45
-64
-73
-77
-77
-67
-50
-27
-55
-169
-279
-304
-218
-127
-110
-126
-138
-134
-108
-82
-80
-74
-10
107
187
145
64
63
129
212
265
264
242
227
211
177
104
45
62
132
173
124
27
-55
-97
-100
-87
-82
-92
-85
-42
-38
-126
-238
-289
-235
-125
-31
9
-15
-78
-123
-139
-172
-194
-118
8
114
124
63
32
22
60
136
191
196
192
210
193
120
43
25
88
163
215
200
96
-4
-57
-64
-66
-78
-27
15
-8
-78
-174
-232
-235
-177
-75
-27
-62
-159
-283
-395
-489
-466
-324
-155
-33
68
142
60
-17
37
144
279
420
525
536
455
322
208
151
136
187
279
305
223
51
-155
-295
-372
-387
-312
-206
-168
-181
-195
-250
-316
-291
-160
-28
74
150
143
70
-29
-104
-69
-5
27
124
187
154
71
-1
-35
-55
13
117
158
158
162
154
129
101
83
103
132
132
85
33
-47
-134
-139
-165
-222
-251
-261
-248
-230
-204
-173
-144
-103
-35
42
49
36
116
226
246
254
285
243
170
106
65
62
82
110
138
133
37
-89
-118
-93
-126
-95
21
43
-14
-67
-97
-187
-279
-199
-33
46
31
19
-9
-129
-226
-204
-120
-25
82
185
185
40
-133
-167
-104
-60
31
191
282
208
115
31
-110
-175
-78
123
231
204
168
116
10
-133
-167
-81
9
97
183
194
71
-68
-96
-58
-53
-57
14
86
76
19
-37
-98
-148
-135
-112
-145
-223
-254
-225
-219
-207
-206
-195
-134
-74
-8
45
96
173
264
348
340
285
237
239
295
296
267
238
208
168
64
-44
-85
-91
-111
-91
-71
-152
-273
-326
-278
-233
-213
-146
-41
-3
-37
-67
-113
-173
-191
-80
49
41
-14
11
59
12
-29
31
110
146
152
192
185
67
11
97
180
178
186
244
228
97
5
13
-15
-63
-27
35
-9
-147
-225
-225
-231
-255
-191
-77
-76
-128
-135
-130
-174
-209
-99
53
103
129
192
231
181
118
137
161
107
64
110
111
7
-39
-11
-21
-45
-36
26
25
-61
-79
-14
31
3
11
64
60
-4
-63
-57
-67
-85
-27
36
8
-110
-189
-198
-200
-180
-71
62
130
148
134
88
-21
-82
-28
51
90
74
86
103
25
-69
-98
-84
-34
64
177
226
180
89
22
3
-3
24
74
111
116
50
-68
-176
-234
-213
-146
-111
-115
-130
-149
-197
-232
-198
-106
39
179
226
176
103
43
-5
0
81
193
257
251
213
131
-30
-161
-131
-12
91
159
185
122
-30
-166
-209
-201
-168
-50
75
69
-67
-186
-241
-268
-244
-142
10
118
127
89
65
5
-66
-32
51
81
75
102
128
62
-19
-39
-37
-37
-14
65
156
192
151
102
81
10
-91
-102
-5
51
34
67
105
12
-184
-287
-235
-189
-172
-93
57
157
72
-77
-128
-120
-142
-84
160
354
290
156
115
1
-184
-204
-49
93
176
223
206
73
-100
-176
-149
-85
-55
4
113
120
-29
-164
-195
-284
-384
-229
28
48
-29
64
191
82
-76
-3
171
287
329
323
311
231
52
-44
68
174
63
-66
40
123
-96
-294
-203
-73
-81
-101
-81
-141
-274
-329
-241
-111
-99
-135
-21
113
13
-147
-67
53
-1
61
327
340
24
-46
207
241
20
42
341
368
80
-45
8
-63
-237
-160
158
214
-103
-289
-139
-130
-380
-338
26
155
29
39
73
-151
-330
-146
92
85
94
236
197
-62
-201
-115
-62
-119
-8
283
353
73
-141
-21
65
-102
-78
275
417
163
-23
27
-57
-287
-257
17
172
122
23
-64
-146
-238
-309
-240
3
194
155
63
34
-41
-190
-235
-60
159
267
292
278
178
-38
-207
-197
-96
0
105
229
217
-1
-205
-219
-179
-219
-144
142
310
149
-64
-74
-48
-148
-197
-12
234
274
121
-8
2
-25
-162
-186
-23
112
85
4
-36
-66
-101
-97
-64
-38
45
124
52
-67
-65
40
75
-1
6
131
145
-34
-167
-60
70
-19
-139
-19
147
12
-213
-139
72
101
40
107
166
94
25
3
-41
-43
64
112
-1
-86
6
87
-70
-228
-87
135
43
-191
-94
187
143
-143
-135
150
189
-32
-69
102
130
-11
-64
6
48
-22
-141
-190
-117
-15
-39
-98
-40
53
53
5
37
148
185
104
39
83
101
-16
-91
-7
77
21
-42
12
45
-44
-172
-193
-86
-4
-48
-101
10
65
-133
-254
-53
141
19
-87
139
309
116
-73
4
88
-16
-106
14
174
178
70
1
-8
-70
-153
-125
-33
14
40
10
-101
-129
-11
21
-118
-106
126
135
-121
-159
1
-44
-206
-115
125
160
42
-13
-4
9
-16
-51
17
155
182
36
-73
6
86
14
-31
80
200
131
-24
-10
123
69
-171
-187
68
133
-128
-262
-83
17
-111
-143
22
96
11
-62
-81
-73
-49
-30
-15
39
114
94
-21
-38
96
191
120
43
140
267
213
7
-114
-57
58
70
-38
-70
71
122
-121
-291
-101
110
-28
-246
-99
186
81
-304
-364
-4
188
-76
-232
103
381
132
-223
-143
126
118
-29
58
285
289
39
-167
-136
32
42
-154
-160
96
157
-84
-236
-110
19
-25
-59
40
144
85
-111
-217
-81
36
-104
-170
71
259
73
-128
-2
133
22
-92
-20
78
34
-38
7
48
-64
-193
-116
79
80
-114
-164
-12
56
-63
-113
11
29
-105
-72
162
230
-3
-132
65
217
9
-222
-60
205
130
-57
59
215
11
-197
18
296
148
-101
79
364
184
-207
-212
65
99
-67
5
250
222
-77
-215
-68
14
-157
-241
40
352
247
-129
-205
52
108
-133
-210
60
282
173
-23
-102
-135
-190
-166
-28
34
-1
-16
-21
-98
-194
-125
7
-36
-104
93
287
62
-262
-180
85
53
-90
12
225
252
68
-117
-139
-13
47
-91
-166
29
174
-11
-209
-139
-40
-127
-171
-2
105
-24
-162
-83
103
129
-24
-109
11
142
100
-54
-113
-3
128
137
21
-56
-10
7
-44
19
121
50
-1
174
261
-31
-297
-138
95
10
-125
23
176
32
-137
-73
-2
-109
-149
80
272
113
-163
-190
-29
70
81
7
-26
151
313
140
-188
-170
77
62
-20
175
324
101
-132
9
161
25
-41
109
199
169
158
54
-165
-136
165
206
-112
-162
186
263
-96
-310
-97
97
19
44
242
204
-94
-186
-10
33
-102
-128
20
109
27
-72
-96
-95
-149
-170
-60
55
32
-70
-58
-26
-157
-241
-106
48
56
5
-26
-74
-126
-125
-93
-87
-70
1
46
-26
-156
-269
-329
-260
-105
-29
-93
-167
-141
-154
-280
-375
-309
-162
-73
-65
-100
-137
-167
-172
-197
-194
-55
95
97
4
-34
-11
5
83
235
290
172
97
235
353
222
61
165
313
256
227
296
258
68
10
202
327
283
246
228
165
129
162
148
91
210
417
371
134
76
236
324
257
232
331
407
390
331
237
134
156
339
496
488
441
435
421
423
449
455
430
520
732
757
528
269
20
-205
-321
-375
-487
-667
-798
-976
-1305
-1536
-1618
-1766
-1909
-1798
-1521
-1476
-1600
-1534
-1388
-1332
-1206
-912
-576
-288
-32
148
201
240
405
631
758
754
739
772
767
663
533
424
308
258
304
289
144
-5
-92
-203
-346
-359
-244
-249
-312
-196
-41
-83
-209
-156
-7
0
-6
158
373
452
394
359
410
443
443
467
526
648
796
851
762
677
694
630
528
665
947
922
606
546
737
705
516
603
832
774
641
793
915
697
523
747
1027
1105
1249
1392
1081
424
-51
-269
-459
-531
-390
-492
-1129
-1784
-2075
-2333
-2720
-2870
-2668
-2442
-2260
-1978
-1878
-2181
-2465
-2292
-1806
-1234
-537
72
236
133
244
557
765
981
1399
1753
1807
1749
1710
1493
1146
1089
1325
1420
1255
1115
954
420
-324
-745
-802
-848
-853
-693
-681
-1074
-1570
-1822
-1924
-1951
-1682
-1199
-914
-863
-800
-734
-749
-592
-117
345
603
828
1023
955
730
691
813
923
1061
1281
1383
1182
859
661
561
444
401
509
576
430
218
64
-69
-132
24
395
696
837
930
901
748
754
1024
1308
1530
1883
2328
2595
2632
2502
2022
1159
444
376
748
965
658
-202
-1375
-2394
-2859
-2859
-2807
-2916
-3053
-3067
-3068
-3174
-3371
-3620
-3682
-3185
-2094
-969
-437
-492
-687
-687
-311
523
1580
2355
2552
2304
1976
1840
1941
2126
2228
2248
2272
2242
2065
1695
1003
50
-747
-996
-755
-448
-496
-1154
-2233
-3070
-3234
-2945
-2615
-2333
-2140
-2176
-2251
-2114
-1891
-1772
-1520
-790
125
666
746
666
619
638
901
1489
2043
2211
2080
1881
1667
1472
1368
1365
1366
1365
1377
1226
876
502
215
38
78
420
848
1038
982
826
650
601
876
1423
1909
2219
2561
2916
2920
2325
1272
241
-254
62
838
1128
319
-1259
-2762
-3584
-3611
-3130
-2677
-2704
-3140
-3498
-3643
-3760
-3829
-3640
-3093
-2283
-1346
-612
-456
-757
-935
-519
444
1591
2543
2918
2627
2054
1773
2015
2534
3009
3228
3096
2709
2306
1997
1576
905
209
-242
-433
-507
-689
-1238
-2129
-2917
-3184
-3024
-2819
-2732
-2716
-2763
-2820
-2695
-2352
-1979
-1594
-1075
-500
-83
101
178
280
524
1001
1556
1857
1810
1649
1606
1665
1690
1657
1572
1433
1294
1229
1210
1038
670
334
184
232
421
649
756
680
599
668
841
1073
1362
1653
1957
2384
2903
3072
2463
1294
226
-161
237
980
1273
482
-1139
-2681
-3446
-3369
-2866
-2498
-2651
-3182
-3619
-3761
-3786
-3778
-3526
-2903
-2082
-1341
-954
-1001
-1226
-1140
-393
812
1933
2484
2336
1846
1552
1775
2413
3075
3379
3174
2716
2416
2373
2339
2093
1614
907
157
-275
-360
-460
-848
-1389
-1857
-2180
-2348
-2440
-2561
-2673
-2619
-2423
-2264
-2161
-2019
-1802
-1491
-1042
-562
-297
-248
-162
109
426
667
908
1181
1365
1419
1389
1277
1103
1038
1203
1415
1419
1202
907
637
470
517
765
1030
1135
1091
1055
1056
1113
1317
1646
2032
2431
2816
2939
2490
1567
634
199
372
845
1058
398
-1087
-2608
-3409
-3344
-2856
-2505
-2694
-3356
-3959
-4149
-4000
-3733
-3356
-2816
-2235
-1740
-1474
-1465
-1479
-1124
-203
925
1689
1869
1653
1402
1480
2060
2838
3297
3220
2801
2418
2282
2394
2609
2580
2035
1131
303
-192
-369
-360
-430
-834
-1464
-2007
-2362
-2551
-2497
-2228
-1957
-1842
-1893
-2038
-2153
-1995
-1430
-682
-130
24
-171
-419
-364
82
672
1101
1269
1232
1087
958
935
965
976
1039
1213
1362
1297
1021
665
411
436
723
1054
1223
1198
1109
1080
1168
1440
1912
2434
2835
3060
2962
2313
1297
576
614
1139
1482
1112
-93
-1671
-2771
-2919
-2504
-2272
-2570
-3254
-3958
-4310
-4167
-3745
-3420
-3279
-3056
-2700
-2404
-2210
-1946
-1466
-782
18
722
1031
880
683
933
1675
2520
3059
3062
2599
2121
2077
2515
3051
3219
2793
1918
962
327
168
303
436
278
-307
-1152
-1875
-2232
-2220
-1943
-1605
-1491
-1750
-2195
-2400
-2134
-1533
-892
-498
-444
-596
-737
-628
-217
293
678
836
810
736
761
888
984
974
894
802
725
670
661
613
426
264
321
513
617
566
532
607
799
1171
1570
1823
2012
2383
2929
3144
2658
1761
1068
996
1497
1996
1728
445
-1168
-2109
-2081
-1631
-1519
-2066
-3007
-3747
-3882
-3554
-3242
-3188
-3253
-3213
-2966
-2620
-2376
-2236
-1910
-1204
-374
160
293
232
259
604
1314
2099
2486
2347
2003
1859
2141
2761
3327
3378
2717
1681
908
747
1049
1301
1107
404
-518
-1173
-1411
-1429
-1485
-1618
-1739
-1899
-2153
-2386
-2452
-2254
-1767
-1195
-896
-1026
-1325
-1346
-888
-152
418
571
402
220
328
718
1150
1324
1160
863
629
563
669
800
815
662
416
251
233
376
596
740
777
811
943
1141
1400
1741
2129
2529
2901
2986
2506
1677
1124
1262
1847
2184
1716
399
-1077
-1764
-1463
-923
-1010
-1885
-2980
-3594
-3502
-2996
-2646
-2826
-3263
-3450
-3209
-2777
-2435
-2186
-1880
-1503
-1082
-652
-343
-106
262
810
1330
1608
1666
1640
1708
2018
2514
2946
3105
2996
2628
2069
1599
1487
1673
1770
1510
867
-9
-711
-901
-738
-683
-934
-1384
-1882
-2291
-2447
-2300
-1992
-1691
-1525
-1572
-1788
-1951
-1746
-1121
-414
-68
-178
-436
-462
-73
594
1111
1106
689
318
297
585
924
1065
946
666
423
356
432
590
786
890
824
707
727
969
1332
1633
1748
1751
1921
2417
2979
2990
2133
987
566
1123
1964
2179
1308
-333
-1742
-2015
-1374
-899
-1255
-2219
-3153
-3555
-3368
-2978
-2846
-3040
-3212
-3087
-2793
-2575
-2431
-2168
-1688
-1166
-785
-512
-249
61
468
930
1280
1410
1472
1710
2069
2334
2485
2638
2811
2844
2579
2109
1725
1613
1717
1814
1573
857
-31
-563
-598
-471
-521
-839
-1340
-1872
-2194
-2232
-2071
-1822
-1658
-1678
-1892
-2114
-2055
-1650
-1053
-592
-555
-753
-769
-430
115
543
633
421
202
290
630
938
1070
1043
921
767
684
723
874
1126
1361
1422
1254
1004
963
1302
1794
2078
2093
2094
2286
2598
2703
2212
1285
699
982
1666
1808
980
-483
-1699
-1959
-1404
-917
-1309
-2442
-3455
-3740
-3395
-2914
-2723
-2902
-3219
-3344
-3143
-2806
-2479
-2093
-1596
-1146
-937
-860
-586
-9
629
1082
1265
1227
1211
1466
1997
2500
2660
2543
2460
2562
2651
2485
2186
1964
1852
1827
1749
1380
708
107
-85
-52
-176
-555
-1071
-1607
-2009
-2129
-2026
-1936
-1973
-2111
-2251
-2326
-2317
-2142
-1776
-1382
-1184
-1146
-1047
-775
-403
-47
172
165
115
253
637
1061
1227
1115
907
827
966
1213
1464
1587
1531
1438
1417
1458
1524
1704
2015
2179
2027
1832
1886
2221
2682
2803
2156
992
237
508
1313
1638
920
-570
-1959
-2376
-1800
-1138
-1306
-2361
-3471
-3855
-3533
-3068
-2873
-3033
-3409
-3608
-3344
-2790
-2352
-2065
-1660
-1258
-1125
-1042
-654
19
664
1067
1227
1178
1157
1480
2090
2610
2728
2563
2500
2671
2864
2857
2639
2319
2047
1938
1883
1603
1063
563
292
154
-75
-510
-1044
-1540
-1875
-2040
-2103
-2111
-2216
-2436
-2586
-2582
-2495
-2316
-1961
-1609
-1516
-1563
-1424
-1072
-693
-328
-28
103
137
313
715
1086
1203
1137
1092
1161
1308
1543
1811
1905
1758
1636
1712
1783
1771
1877
2116
2216
2066
1898
1889
2095
2530
2867
2487
1326
248
201
1074
1807
1476
40
-1641
-2499
-2048
-956
-620
-1687
-3326
-4201
-3936
-3162
-2641
-2735
-3332
-3898
-3829
-3157
-2477
-2095
-1855
-1642
-1510
-1375
-965
-236
467
841
870
764
837
1271
1992
2579
2586
2193
2050
2506
3139
3323
2968
2402
2008
1998
2222
2236
1769
1069
562
315
107
-258
-738
-1148
-1482
-1869
-2268
-2522
-2628
-2634
-2555
-2532
-2709
-2937
-2854
-2428
-2009
-1798
-1721
-1637
-1411
-965
-404
22
196
257
436
808
1225
1533
1690
1722
1715
1811
2055
2316
2396
2316
2258
2217
2151
2161
2285
2384
2292
2041
1788
1692
1883
2267
2436
1943
875
-31
-20
735
1235
782
-531
-1937
-2482
-1868
-941
-969
-2190
-3590
-4105
-3631
-2825
-2419
-2763
-3523
-3927
-3579
-2825
-2259
-2048
-1935
-1763
-1551
-1264
-794
-181
336
588
614
634
894
1481
2199
2591
2458
2167
2280
2923
3587
3666
3099
2420
2156
2383
2732
2687
2024
1019
292
111
119
-76
-537
-1154
-1806
-2327
-2554
-2538
-2505
-2588
-2815
-3164
-3476
-3485
-3042
-2390
-1973
-1981
-2165
-2119
-1658
-894
-141
276
279
180
344
840
1496
2001
2172
2082
1893
1857
2068
2434
2755
2809
2573
2249
2058
2037
2162
2343
2371
2128
1724
1445
1427
1629
1888
1913
1448
577
-127
-133
406
768
382
-619
-1648
-2120
-1823
-1286
-1380
-2324
-3363
-3661
-3236
-2708
-2586
-2970
-3535
-3722
-3279
-2549
-2086
-2038
-2080
-1889
-1472
-995
-507
-73
250
437
581
862
1282
1773
2225
2479
2500
2495
2762
3252
3569
3376
2800
2347
2350
2650
2772
2391
1533
562
17
50
174
-164
-952
-1801
-2428
-2737
-2744
-2653
-2780
-3146
-3558
-3842
-3880
-3604
-3061
-2517
-2303
-2434
-2542
-2220
-1420
-504
112
304
203
232
730
1533
2248
2542
2451
2261
2192
2378
2744
3068
3159
2944
2551
2238
2185
2293
2363
2283
2030
1717
1473
1359
1361
1411
1436
1377
1129
638
97
-143
123
503
325
-511
-1451
-1949
-1891
-1510
-1343
-1882
-2887
-3454
-3159
-2603
-2469
-2801
-3244
-3441
-3191
-2576
-2009
-1873
-2031
-1938
-1434
-873
-450
-83
260
478
619
891
1355
1855
2265
2577
2685
2583
2561
2885
3357
3476
3077
2461
2117
2238
2479
2387
1793
887
104
-198
-143
-253
-772
-1455
-2068
-2550
-2859
-3000
-3031
-3092
-3287
-3592
-3870
-3873
-3478
-2875
-2422
-2334
-2472
-2406
-1781
-812
-40
242
199
249
661
1372
2075
2412
2356
2216
2261
2498
2762
2935
2950
2803
2580
2332
2151
2130
2213
2241
2039
1624
1250
1180
1375
1506
1334
940
620
652
898
854
283
-379
-551
-281
-101
-386
-1083
-1800
-2078
-1799
-1514
-1838
-2644
-3261
-3244
-2807
-2488
-2572
-2894
-3057
-2823
-2325
-1890
-1687
-1586
-1301
-781
-299
-46
152
552
1089
1514
1745
1862
2001
2276
2637
2867
2796
2587
2603
2836
2919
2588
2022
1638
1568
1619
1482
996
303
-259
-497
-595
-846
-1356
-1922
-2307
-2527
-2749
-3022
-3236
-3300
-3287
-3306
-3374
-3413
-3267
-2854
-2338
-2019
-1971
-1874
-1407
-660
11
388
502
592
932
1575
2249
2562
2463
2287
2338
2628
2928
3042
2945
2695
2450
2351
2370
2388
2304
2153
1944
1623
1294
1167
1231
1244
1029
629
243
43
147
417
405
-158
-948
-1273
-927
-510
-604
-1218
-2000
-2483
-2337
-1774
-1521
-2004
-2733
-2951
-2587
-2100
-1815
-1799
-2013
-2123
-1806
-1247
-843
-713
-566
-254
94
360
634
1021
1354
1535
1607
1654
1755
1923
2164
2334
2210
1931
1811
1945
2108
1979
1570
1122
896
916
950
779
295
-292
-716
-886
-970
-1210
-1555
-1890
-2176
-2431
-2641
-2725
-2705
-2696
-2770
-2892
-2993
-2933
-2611
-2124
-1760
-1706
-1754
-1528
-888
-129
391
620
649
725
1122
1770
2316
2461
2286
2130
2201
2475
2793
2962
2840
2510
2242
2193
2280
2299
2131
1795
1404
1082
900
843
826
704
419
41
-292
-392
-238
-6
14
-400
-1097
-1552
-1333
-705
-392
-752
-1484
-2057
-2056
-1485
-923
-984
-1652
-2224
-2128
-1542
-991
-800
-984
-1279
-1314
-947
-383
13
97
48
52
156
368
710
1097
1268
1100
838
812
1105
1515
1756
1614
1163
833
950
1371
1609
1303
602
81
119
488
674
400
-210
-765
-934
-764
-635
-868
-1369
-1800
-1995
-2014
-2011
-2087
-2256
-2467
-2622
-2622
-2448
-2191
-1973
-1825
-1715
-1580
-1309
-813
-199
238
411
514
794
1297
1866
2306
2481
2442
2404
2538
2830
3033
2979
2732
2463
2305
2224
2124
1939
1636
1251
868
576
376
188
-22
-264
-501
-713
-877
-939
-933
-936
-933
-815
-593
-496
-655
-865
-798
-414
-39
17
-265
-637
-746
-396
156
300
-191
-816
-942
-499
2
83
-272
-779
-1011
-689
-83
225
-12
-453
-632
-442
-89
253
469
410
130
-39
113
455
763
890
745
386
106
226
694
1026
852
283
-234
-284
103
502
489
-3
-624
-907
-703
-399
-466
-915
-1419
-1701
-1732
-1667
-1620
-1681
-1895
-2103
-2124
-2032
-1897
-1656
-1337
-1135
-1108
-1029
-675
-81
450
734
844
920
1154
1625
2137
2378
2299
2131
2106
2248
2374
2326
2115
1812
1524
1361
1287
1136
836
475
195
24
-125
-265
-371
-491
-668
-803
-795
-676
-548
-484
-468
-428
-290
-18
330
566
507
272
257
615
1032
1092
760
328
92
240
632
768
352
-286
-565
-387
-157
-201
-499
-845
-1038
-958
-718
-642
-816
-981
-894
-661
-557
-585
-578
-493
-383
-308
-249
-187
-109
36
187
196
93
92
279
483
471
201
-81
-102
134
323
211
-176
-583
-687
-437
-158
-226
-660
-1101
-1218
-1035
-814
-741
-881
-1148
-1337
-1300
-1063
-783
-603
-563
-608
-655
-565
-226
300
700
729
552
464
672
1117
1494
1555
1306
1003
930
1161
1412
1375
1050
666
447
427
496
516
372
85
-163
-243
-193
-109
-47
-41
-103
-199
-240
-113
171
476
616
558
495
571
849
1265
1565
1484
1056
729
895
1355
1585
1324
727
173
-11
225
497
312
-331
-915
-1005
-776
-669
-840
-1206
-1574
-1703
-1492
-1170
-1108
-1313
-1461
-1349
-1069
-812
-625
-524
-534
-583
-555
-383
-149
7
72
64
7
-20
110
397
599
497
227
88
191
439
620
566
257
-108
-221
-22
213
166
-145
-446
-586
-598
-554
-493
-566
-815
-1014
-1042
-984
-922
-858
-811
-818
-865
-841
-638
-358
-145
-29
-20
-19
100
342
629
798
771
637
555
614
759
891
925
838
668
519
510
581
621
581
484
395
341
349
410
498
592
627
613
582
588
740
967
1111
1083
935
858
1005
1312
1498
1345
943
677
803
1086
1109
713
129
-263
-267
-42
-18
-413
-996
-1334
-1236
-1004
-995
-1254
-1612
-1797
-1686
-1451
-1318
-1382
-1517
-1496
-1307
-1102
-957
-830
-694
-587
-518
-420
-276
-78
156
291
275
195
238
492
809
938
772
505
403
570
821
870
632
245
-6
34
219
248
9
-356
-617
-674
-626
-593
-673
-878
-1108
-1215
-1163
-1076
-1013
-989
-1032
-1093
-1047
-823
-512
-275
-199
-218
-216
-115
172
529
714
657
504
469
624
875
1066
1055
896
764
775
915
1007
938
796
697
693
742
771
742
672
626
644
691
706
664
631
665
728
795
832
839
803
757
808
917
1017
991
764
497
419
574
720
588
171
-291
-497
-363
-137
-214
-723
-1281
-1434
-1159
-861
-898
-1241
-1646
-1806
-1561
-1135
-947
-1124
-1346
-1319
-1093
-831
-622
-523
-523
-546
-470
-288
-123
-9
73
93
49
29
150
377
523
444
247
142
235
462
590
469
146
-130
-114
128
305
205
-113
-398
-467
-348
-201
-214
-437
-721
-882
-834
-691
-627
-680
-791
-873
-864
-726
-529
-391
-347
-354
-342
-234
-13
202
320
318
253
267
411
619
770
785
686
596
648
809
962
1028
972
850
777
816
895
959
964
891
830
813
802
797
794
792
765
722
695
686
691
689
670
629
580
602
729
810
691
426
256
333
500
524
304
-82
-388
-403
-195
-116
-381
-826
-1088
-1025
-850
-797
-975
-1288
-1499
-1464
-1254
-1121
-1200
-1351
-1394
-1301
-1169
-1046
-937
-877
-865
-847
-772
-618
-419
-237
-142
-148
-166
-69
184
476
597
504
332
282
449
694
818
735
499
321
349
510
592
464
232
54
-18
-16
-33
-143
-364
-575
-654
-663
-722
-821
-919
-982
-1007
-1022
-997
-931
-836
-735
-648
-559
-475
-329
-121
58
197
299
411
574
754
896
979
1022
1066
1153
1257
1331
1334
1279
1224
1232
1280
1284
1206
1045
896
803
744
715
628
484
362
273
223
194
173
177
210
224
187
147
160
290
455
506
406
225
124
203
394
486
331
38
-184
-211
-107
-63
-211
-521
-821
-917
-846
-807
-924
-1166
-1375
-1444
-1373
-1241
-1181
-1249
-1330
-1332
-1245
-1087
-911
-778
-712
-695
-659
-542
-335
-94
68
79
41
95
247
418
545
565
482
422
496
639
673
575
467
431
435
430
404
308
136
5
-43
-101
-228
-349
-440
-568
-723
-838
-879
-880
-863
-879
-950
-998
-971
-819
-615
-476
-435
-421
-302
-84
167
342
390
404
466
615
803
936
953
915
911
936
956
973
1002
1001
953
856
743
693
711
742
719
565
338
212
249
339
349
239
73
-24
17
163
267
243
179
181
265
380
480
541
566
596
633
658
635
591
612
650
598
477
319
187
134
95
-18
-242
-501
-655
-681
-678
-766
-964
-1193
-1329
-1311
-1229
-1206
-1257
-1316
-1344
-1323
-1225
-1108
-1002
-922
-865
-814
-771
-667
-489
-307
-196
-156
-106
-5
153
294
378
418
425
480
608
733
781
752
709
681
676
690
681
609
466
268
81
-15
-25
-81
-252
-511
-748
-842
-814
-740
-791
-1013
-1175
-1153
-973
-759
-671
-701
-743
-667
-423
-124
63
90
77
170
383
602
742
796
784
802
906
1059
1171
1173
1106
1046
1043
1073
1074
1035
970
870
750
659
586
519
475
436
362
246
132
89
107
95
56
18
-1
26
90
162
185
160
180
270
386
482
496
446
414
444
498
498
436
329
218
119
45
-40
-184
-350
-512
-624
-738
-875
-996
-1125
-1248
-1341
-1385
-1389
-1389
-1406
-1412
-1423
-1395
-1262
-1081
-925
-864
-842
-760
-588
-354
-154
-59
-44
11
168
372
537
631
654
640
686
784
835
840
809
733
632
531
461
394
278
88
-118
-274
-402
-516
-664
-855
-1060
-1182
-1168
-1149
-1201
-1298
-1348
-1276
-1110
-940
-832
-759
-671
-518
-261
-4
174
307
442
623
795
937
1088
1225
1311
1352
1386
1419
1447
1480
1501
1460
1343
1230
1159
1117
1062
944
793
616
445
328
264
199
74
-87
-215
-269
-275
-262
-274
-308
-332
-331
-257
-126
-26
25
84
164
253
350
469
584
638
684
749
814
833
810
815
826
797
733
634
496
337
194
89
-53
-239
-408
-588
-760
-892
-1012
-1132
-1243
-1325
-1394
-1466
-1506
-1515
-1510
-1495
-1468
-1414
-1340
-1250
-1153
-1034
-932
-834
-678
-510
-370
-259
-152
-29
82
191
281
337
375
422
464
468
425
350
277
222
189
125
18
-123
-257
-349
-424
-481
-532
-625
-706
-732
-729
-688
-643
-600
-540
-488
-410
-277
-122
20
162
289
378
494
656
825
963
1044
1076
1096
1140
1207
1246
1213
1146
1078
1023
994
941
838
709
574
466
379
292
180
79
4
-101
-189
-234
-260
-262
-243
-223
-213
-192
-139
-55
59
181
279
364
434
517
630
733
830
897
951
996
1027
1070
1072
1034
971
902
853
793
705
565
387
210
84
-12
-184
-416
-651
-845
-969
-1064
-1175
-1326
-1491
-1603
-1646
-1645
-1657
-1692
-1704
-1686
-1640
-1556
-1473
-1401
-1319
-1214
-1096
-993
-878
-740
-613
-490
-381
-270
-147
-13
109
163
187
244
330
414
457
432
345
285
303
338
308
212
105
25
8
11
-32
-134
-247
-296
-301
-293
-312
-363
-382
-369
-325
-267
-239
-218
-150
-29
105
194
267
362
474
623
774
854
879
913
988
1085
1161
1186
1158
1110
1079
1061
1031
976
907
824
744
659
574
508
438
365
295
191
87
35
29
36
13
-29
-64
-83
-66
-28
15
32
37
77
139
196
242
294
339
360
384
405
406
403
411
422
404
357
302
235
168
85
-20
-122
-218
-304
-396
-483
-557
-633
-702
-776
-850
-889
-907
-916
-921
-944
-973
-976
-933
-886
-862
-858
-865
-848
-809
-758
-700
-657
-651
-656
-631
-611
-598
-574
-551
-538
-533
-525
-516
-495
-472
-455
-442
-434
-406
-388
-360
-298
-277
-264
-238
-216
-162
-110
-48
13
62
121
175
248
309
350
394
454
514
569
639
696
718
732
775
829
867
894
886
849
826
851
884
884
832
735
675
662
653
630
561
473
418
402
413
421
371
270
190
170
190
201
199
187
125
62
60
99
124
102
84
80
59
66
131
198
205
187
186
204
233
284
335
326
284
274
319
375
387
340
258
188
169
171
154
87
-21
-132
-218
-266
-308
-373
-473
-570
-653
-741
-791
-799
-811
-873
-954
-1001
-1000
-964
-917
-885
-877
-869
-819
-731
-655
-585
-535
-505
-441
-358
-277
-221
-184
-145
-135
-137
-107
-57
-39
-72
-116
-137
-165
-197
-195
-192
-237
-320
-371
-365
-365
-384
-394
-375
-351
-350
-324
-278
-225
-165
-112
-35
62
134
197
258
310
382
456
514
572
616
639
646
685
736
718
709
719
678
629
615
631
626
575
525
501
498
477
450
433
406
388
390
409
406
359
322
331
344
338
338
317
276
250
241
245
240
220
183
126
99
80
42
22
3
-52
-128
-165
-173
-192
-232
-276
-286
-288
-297
-293
-289
-312
-352
-335
-277
-242
-251
-269
-281
-270
-220
-180
-181
-201
-217
-222
-201
-159
-136
-154
-184
-182
-171
-174
-171
-156
-150
-200
-251
-236
-212
-217
-222
-250
-310
-338
-316
-285
-292
-329
-370
-393
-370
-320
-300
-337
-390
-398
-358
-335
-337
-327
-317
-314
-294
-268
-252
-229
-199
-155
-112
-84
-53
-12
41
101
153
201
275
358
424
460
482
530
603
662
716
754
721
664
660
724
750
694
627
554
509
488
478
461
375
253
177
182
195
152
61
-36
-77
-78
-57
-53
-86
-142
-179
-152
-117
-96
-102
-111
-84
-71
-74
-46
-4
9
6
4
2
-15
-20
19
50
40
-13
-41
-1
20
1
-18
-32
-26
-23
-19
-19
-48
-63
-66
-64
-41
-53
-105
-131
-99
-75
-106
-129
-116
-117
-152
-186
-198
-219
-248
-249
-244
-298
-392
-432
-403
-391
-432
-494
-519
-490
-476
-471
-456
-456
-449
-424
-361
-273
-242
-256
-235
-155
-67
-35
-3
58
95
87
100
162
228
242
236
245
228
213
221
262
299
252
174
142
173
203
190
173
155
132
133
190
252
253
224
238
295
322
324
350
390
409
391
370
384
427
435
409
383
348
298
277
314
319
249
155
100
113
101
48
5
-26
-69
-122
-142
-124
-130
-163
-173
-152
-147
-157
-141
-97
-68
-79
-91
-51
11
35
15
6
20
30
42
70
81
41
-10
-17
13
7
-39
-74
-85
-100
-151
-179
-168
-178
-217
-255
-269
-277
-297
-291
-282
-301
-335
-360
-354
-311
-279
-295
-317
-304
-274
-251
-219
-193
-179
-186
-200
-161
-123
-129
-133
-111
-97
-112
-120
-95
-55
-46
-70
-53
-23
-36
-16
42
63
45
41
78
104
119
149
162
170
170
173
190
211
225
208
190
199
205
195
187
194
215
199
167
175
196
204
205
206
224
227
200
224
278
285
273
284
305
293
280
290
310
303
247
202
198
217
227
178
111
65
22
8
33
37
-35
-142
-179
-149
-132
-143
-177
-226
-270
-287
-260
-204
-175
-207
-224
-190
-149
-123
-110
-85
-56
-52
-65
-40
8
34
33
8
-3
-1
-21
-21
-1
-36
-109
-148
-139
-141
-196
-237
-253
-305
-350
-352
-328
-323
-357
-373
-367
-354
-338
-304
-249
-216
-209
-190
-152
-109
-68
-23
15
19
19
35
58
93
131
136
123
125
133
142
148
169
168
120
97
122
146
138
129
117
103
100
105
139
154
131
121
128
137
132
134
162
157
123
109
107
127
154
152
118
95
102
101
98
98
89
59
17
7
16
25
27
15
19
17
12
53
92
99
88
67
79
103
122
145
144
123
99
99
145
178
148
92
53
47
61
70
66
19
-50
-93
-101
-80
-75
-109
-138
-160
-194
-193
-167
-157
-159
-177
-199
-211
-202
-185
-190
-193
-199
-215
-224
-218
-192
-189
-221
-243
-234
-224
-238
-257
-245
-236
-251
-254
-227
-208
-209
-186
-156
-141
-137
-113
-42
13
28
53
99
137
165
206
234
248
263
281
302
301
305
309
305
288
265
239
180
155
156
135
81
15
-11
-48
-93
-116
-125
-147
-204
-216
-188
-182
-184
-175
-143
-140
-141
-91
-34
2
26
50
68
103
171
237
260
256
254
256
279
314
340
338
295
251
243
250
253
237
200
164
121
77
73
62
20
-7
-33
-83
-114
-98
-78
-96
-147
-166
-154
-152
-135
-109
-115
-147
-159
-119
-70
-64
-65
-82
-113
-96
-63
-41
-42
-68
-88
-96
-96
-93
-93
-105
-116
-129
-147
-160
-146
-116
-119
-139
-143
-122
-106
-103
-79
-54
-53
-60
-24
22
31
26
36
57
76
84
74
82
96
82
48
17
15
20
13
4
-3
-31
-78
-84
-47
-24
-49
-86
-83
-77
-78
-71
-51
-41
-59
-72
-56
-44
-49
-27
1
28
28
19
35
61
93
97
75
76
94
109
121
127
131
99
66
103
140
139
112
79
70
63
59
85
105
75
29
6
8
30
49
46
27
-9
-25
-9
8
26
25
4
-10
-17
-12
5
-4
-2
3
-14
-14
3
34
43
13
-5
5
18
29
39
38
26
12
22
48
60
54
41
37
30
20
30
40
46
40
4
-30
-45
-33
-26
-37
-53
-77
-95
-96
-76
-51
-79
-121
-107
-78
-69
-71
-77
-84
-80
-68
-33
0
-2
-32
-25
2
10
19
27
52
51
27
17
20
41
59
68
58
38
19
21
41
62
52
4
-22
-8
2
-14
-38
-55
-65
-75
-68
-66
-86
-110
-134
-114
-88
-113
-134
-119
-98
-110
-120
-86
-67
-63
-47
-33
-30
-26
-6
35
54
46
50
65
86
100
106
119
126
138
141
119
105
109
122
125
107
96
81
68
71
87
86
43
34
52
60
55
38
26
4
4
33
46
14
-31
-24
3
3
-4
-4
-6
-6
-7
-15
-21
-30
-23
0
14
-4
-27
-25
-21
-11
0
-6
-11
-28
-35
-19
-7
0
7
-3
-10
-1
5
4
10
21
19
5
-5
6
23
1
-9
0
-3
0
0
11
-1
-42
-52
-41
-41
-58
-71
-74
-85
-93
-82
-68
-63
-58
-59
-67
-70
-66
-54
-45
-32
-27
-36
-35
-21
-1
14
26
33
29
26
35
45
44
22
7
4
6
0
-9
-7
-7
-20
-28
-14
0
-6
-15
-8
0
-14
-21
-9
-3
-10
-20
-13
-2
-5
-1
21
42
39
21
33
49
35
41
57
61
63
45
59
84
75
77
75
69
84
81
69
77
96
89
73
83
93
87
63
59
88
85
55
58
75
65
43
43
45
42
31
17
25
11
-27
-33
-21
-28
-54
-78
-82
-89
-104
-99
-100
-109
-107
-116
-129
-114
-93
-99
-110
-103
-87
-83
-76
-48
-11
-16
-32
1
33
35
44
59
60
43
39
59
68
65
45
26
32
20
4
16
1
-27
-43
-66
-65
-66
-78
-93
-105
-110
-109
-93
-84
-81
-77
-88
-94
-72
-60
-56
-42
-46
-46
-37
-27
2
32
27
15
26
41
58
72
73
51
21
28
53
50
33
27
13
7
25
41
53
52
34
30
44
58
69
73
64
66
71
69
78
91
103
105
89
74
87
91
96
104
74
50
38
41
39
21
2
-29
-40
-42
-41
-38
-54
-72
-74
-63
-45
-45
-54
-51
-56
-54
-42
-34
-25
-28
-29
-39
-41
-20
-13
-17
-18
-22
-27
-24
-23
-26
-24
-30
-30
-21
-19
-27
-31
-16
-10
-17
-8
-2
-7
-5
3
14
8
3
15
18
26
24
25
30
28
41
47
43
36
25
20
2
-10
-18
-24
-23
-38
-53
-65
-68
-59
-64
-66
-73
-87
-87
-85
-83
-72
-53
-59
-62
-45
-33
-17
7
25
35
39
48
86
105
87
89
108
102
100
122
109
91
87
82
84
84
61
39
45
40
16
1
-2
-2
-16
-31
-41
-54
-63
-57
-36
-31
-39
-47
-42
-19
-14
-21
-25
-18
-18
-24
-11
0
8
6
-10
-4
14
18
14
19
14
-5
-10
-7
3
-1
-21
-42
-50
-40
-40
-30
-17
-34
-46
-40
-18
-6
-24
-37
-26
-14
-28
-31
-12
-10
-2
-9
-12
-9
-9
10
22
22
15
1
-3
14
27
25
5
-12
2
3
9
16
13
8
-3
5
16
8
-1
3
4
3
-4
4
26
21
8
8
12
19
29
26
20
13
8
10
8
19
19
3
4
9
10
17
23
20
17
19
13
12
16
16
14
7
4
-8
-20
-8
0
-11
-25
-27
-16
-18
-30
-32
-35
-40
-43
-50
-51
-52
-60
-66
-58
-44
-47
-42
-14
-13
-15
-5
6
24
27
37
39
28
31
37
46
54
51
49
51
53
53
52
39
41
45
15
-11
-19
-14
-33
-60
-68
-88
-87
-80
-79
-71
-94
-107
-87
-67
-62
-62
-59
-53
-53
-44
-16
4
13
37
47
59
82
96
114
132
134
130
122
114
124
127
122
112
105
94
71
70
64
44
19
2
-10
-33
-50
-59
-71
-87
-102
-108
-112
-98
-97
-98
-81
-82
-69
-37
-31
-31
-24
-30
-15
6
2
14
15
16
26
27
28
37
37
37
37
30
32
24
9
10
-6
-29
-32
-43
-54
-47
-56
-56
-50
-58
-44
-23
-29
-37
-33
-24
-17
-7
0
-4
-16
-5
5
3
13
16
24
25
26
46
40
34
38
34
27
18
13
-4
-9
-11
-19
-16
-19
-21
-18
-17
-14
-4
9
0
9
13
2
9
10
19
28
33
35
33
53
61
65
69
58
56
43
42
55
35
23
30
23
13
19
15
6
-1
-10
-4
-6
-11
-13
-18
-17
-21
-30
-23
-18
-22
-19
-26
-28
-14
-2
4
-7
-13
-3
-1
4
13
1
-13
-11
-5
3
4
-6
-8
-3
3
13
18
23
25
24
27
26
27
28
18
20
9
-4
4
-8
-13
-14
-34
-44
-53
-61
-65
-69
-82
-92
-96
-108
-114
-119
-126
-130
-136
-127
-116
-111
-87
-67
-58
-29
-11
5
32
44
59
69
87
112
123
143
148
146
154
165
175
168
158
148
135
124
112
97
69
43
19
-6
-24
-47
-65
-82
-98
-108
-127
-134
-126
-132
-135
-135
-134
-114
-106
-94
-76
-62
-45
-28
-14
11
34
43
61
83
94
102
105
109
111
104
99
86
78
75
67
57
40
28
21
16
15
-7
-20
-26
-34
-25
-26
-34
-38
-43
-43
-37
-21
-18
-25
-25
-11
6
5
7
15
11
6
-5
-9
0
-14
-23
-29
-42
-41
-44
-48
-47
-63
-66
-65
-73
-73
-75
-81
-86
-80
-73
-59
-50
-37
-21
-15
9
22
34
44
55
74
75
83
89
94
101
107
107
103
100
97
91
87
80
70
58
47
33
14
-3
-16
-27
-43
-54
-66
-71
-73
-75
-75
-86
-79
-68
-68
-62
-64
-50
-40
-52
-36
-22
-17
-5
0
8
13
29
43
66
74
56
64
72
76
83
83
79
70
67
64
56
53
54
47
20
5
10
5
-2
-8
-16
-30
-42
-35
-41
-62
-67
-65
-70
-71
-71
-68
-62
-57
-68
-54
-39
-43
-31
-23
-17
-15
-8
8
19
33
42
46
43
50
64
63
63
65
63
59
55
55
53
51
40
24
24
26
15
0
-13
-24
-19
-16
-27
-38
-45
-44
-47
-56
-56
-41
-48
-59
-49
-38
-34
-32
-17
-5
2
6
13
24
22
29
37
37
36
40
44
46
58
55
58
54
58
68
54
50
42
42
42
29
35
25
10
4
-8
-5
-6
-10
-14
-15
-20
-30
-20
-15
-25
-30
-38
-37
-42
-49
-40
-45
-45
-40
-38
-38
-31
-31
-32
-26
-28
-19
-18
-31
-27
-24
-20
-11
-7
-11
-14
-9
6
16
11
4
13
25
27
28
31
31
28
29
27
28
32
28
40
36
24
26
26
39
38
22
18
6
6
13
-3
-12
-16
-35
-48
-48
-48
-45
-52
-64
-55
-61
-68
-57
-63
-78
-77
-77
-81
-76
-65
-55
-50
-36
-20
-10
12
34
39
48
63
75
93
99
102
115
116
119
126
125
127
126
122
114
101
91
86
64
44
28
-1
-19
-33
-56
-69
-73
-88
-100
-95
-97
-100
-105
-105
-100
-98
-92
-88
-77
-60
-57
-45
-25
-11
2
12
25
40
51
61
63
66
70
63
57
52
41
35
25
15
7
1
5
-6
-13
-11
-19
-13
-14
-21
-16
-19
-16
-18
-20
-10
-8
-3
9
14
22
31
32
40
47
44
36
23
18
14
1
-8
-24
-41
-49
-64
-75
-80
-78
-81
-90
-88
-83
-73
-66
-59
-56
-52
-38
-23
-10
-2
25
43
49
64
87
106
116
125
130
133
122
115
109
98
93
79
54
35
27
18
10
-12
-35
-48
-64
-81
-90
-99
-103
-106
-114
-114
-107
-94
-85
-81
-71
-57
-41
-21
-13
-6
14
22
31
39
46
60
60
54
65
60
57
62
44
41
35
26
27
12
12
11
0
-7
-7
-12
-18
-15
-21
-22
-17
-7
5
8
7
11
17
13
23
24
12
9
4
-4
-9
-8
-15
-28
-39
-45
-49
-62
-65
-64
-75
-85
-85
-78
-78
-72
-74
-73
-58
-42
-29
-20
-7
11
25
36
56
76
78
91
104
99
104
102
105
110
96
85
80
71
63
58
38
17
11
-10
-21
-26
-45
-59
-65
-75
-80
-75
-90
-93
-82
-85
-78
-77
-64
-46
-45
-31
-26
-23
-14
-6
15
15
11
26
30
26
32
39
41
39
36
35
32
31
35
34
34
34
30
28
27
30
31
33
37
38
35
39
37
41
45
43
42
35
39
35
20
18
8
2
-14
-27
-27
-39
-43
-57
-70
-71
-80
-93
-91
-94
-109
-116
-105
-96
-95
-87
-79
-71
-55
-42
-37
-20
-2
7
20
28
34
48
58
65
80
93
98
93
97
102
89
87
80
74
74
46
34
38
18
9
7
-12
-21
-28
-53
-52
-45
-67
-72
-72
-83
-92
-91
-91
-86
-75
-77
-74
-59
-57
-54
-46
-43
-35
-18
-7
6
14
22
34
43
50
53
65
73
75
76
84
88
95
100
88
91
82
72
74
66
66
59
39
23
16
5
-10
-20
-29
-37
-51
-65
-71
-72
-75
-87
-97
-89
-88
-84
-73
-75
-69
-61
-54
-40
-28
-16
-9
0
9
24
34
38
50
49
46
59
59
59
62
61
51
41
37
27
23
11
9
5
0
-7
-23
-16
-19
-24
-16
-17
-15
-12
-12
-13
-4
0
-10
-6
5
1
-1
-7
1
8
3
-5
-22
-19
-23
-43
-42
-42
-59
-68
-73
-84
-78
-69
-82
-78
-60
-59
-51
-35
-28
-13
5
13
32
50
61
81
97
107
118
129
138
148
149
144
138
134
125
106
93
76
47
33
13
-20
-31
-49
-73
-92
-114
-126
-133
-146
-152
-151
-149
-160
-156
-138
-138
-120
-91
-76
-59
-38
-12
16
28
40
67
81
89
99
109
113
113
126
121
102
100
97
89
83
66
52
56
44
25
13
-1
-7
-19
-25
-28
-37
-31
-36
-42
-41
-36
-25
-22
-19
-14
-18
-25
-22
-18
-24
-28
-33
-38
-44
-47
-47
-47
-51
-56
-63
-65
-61
-67
-63
-50
-47
-43
-37
-30
-18
-1
5
18
41
58
75
87
94
113
130
131
135
138
136
132
123
110
96
88
76
51
36
18
-4
-16
-42
-66
-76
-96
-116
-126
-137
-146
-149
-148
-146
-141
-125
-123
-104
-81
-71
-46
-25
-2
15
30
45
57
78
88
102
105
110
113
104
103
95
95
88
78
73
64
51
37
30
14
1
-15
-30
-41
-36
-35
-47
-36
-28
-28
-32
-34
-17
-21
-11
-12
-13
6
-2
-8
0
0
-13
-15
-17
-19
-24
-30
-27
-34
-33
-33
-43
-42
-44
-49
-51
-49
-44
-39
-32
-24
-14
2
16
22
43
66
71
82
87
86
100
106
100
94
94
92
81
76
76
70
58
44
21
4
-11
-32
-44
-66
-85
-95
-99
-107
-113
-107
-117
-120
-112
-112
-97
-89
-88
-67
-54
-41
-30
-18
0
10
23
28
42
68
75
84
89
87
98
100
92
95
89
89
88
67
63
64
47
45
32
18
16
3
-2
-4
-10
-18
-30
-34
-42
-51
-61
-68
-71
-69
-62
-68
-69
-62
-62
-55
-47
-51
-47
-40
-43
-41
-29
-21
-17
-2
7
7
20
27
38
51
50
59
62
65
67
54
54
56
51
45
43
44
38
41
39
27
19
11
3
-12
-30
-39
-44
-48
-50
-52
-50
-47
-48
-54
-48
-42
-33
-30
-32
-25
-18
-16
-13
-1
0
-2
1
5
11
16
24
15
24
30
18
19
17
20
17
15
16
9
16
12
1
9
14
5
17
23
20
33
37
39
35
36
44
38
27
25
24
13
16
13
2
9
-1
-15
-13
-19
-23
-27
-42
-43
-53
-62
-66
-68
-64
-66
-64
-50
-49
-41
-21
-15
1
12
22
25
35
44
46
58
60
64
64
67
69
67
70
59
54
57
41
31
24
9
-2
-11
-19
-29
-35
-48
-61
-65
-69
-73
-72
-68
-69
-66
-59
-48
-42
-38
-32
-25
-18
-20
-14
-2
5
8
13
19
13
19
30
18
16
28
24
22
15
11
9
-1
-2
-2
-6
1
-1
4
13
8
19
25
21
25
22
15
24
31
26
30
33
24
26
26
18
18
12
6
0
-8
-15
-24
-30
-41
-51
-57
-58
-60
-70
-67
-67
-69
-63
-59
-49
-39
-35
-26
-16
-4
11
22
27
30
39
52
52
66
77
84
94
87
84
82
82
79
57
49
46
32
23
11
3
4
-3
-16
-25
-31
-38
-46
-52
-56
-63
-62
-63
-70
-64
-61
-64
-55
-42
-34
-33
-23
-19
-9
1
1
12
19
18
23
23
25
31
34
42
46
44
41
46
55
39
44
49
34
33
23
13
16
10
7
5
1
3
-3
-11
-11
-10
-8
-16
-25
-18
-17
-32
-32
-22
-19
-22
-19
-11
-11
-11
3
9
13
22
20
21
11
2
8
-2
1
1
-4
0
-8
-3
-2
-4
-5
-12
-15
-23
-29
-31
-37
-37
-28
-31
-34
-25
-29
-17
-8
-3
14
17
30
35
29
37
38
47
52
49
49
43
43
30
26
38
26
13
11
-4
-15
-24
-38
-47
-53
-68
-80
-94
-97
-90
-87
-86
-82
-64
-66
-66
-50
-40
-32
-25
-3
6
17
28
31
47
55
67
80
78
84
91
85
79
79
76
67
58
41
25
7
-2
-6
-18
-29
-36
-43
-51
-59
-56
-51
-51
-48
-43
-53
-52
-45
-45
-34
-26
-16
-3
2
8
21
29
40
40
48
55
49
41
46
46
44
41
30
38
23
4
13
7
6
9
6
6
1
-4
-8
-10
1
1
-5
6
4
3
11
8
21
25
22
28
22
17
17
19
23
15
4
4
1
-14
-20
-19
-18
-15
-17
-30
-28
-26
-45
-36
-32
-41
-34
-30
-35
-39
-20
-15
-8
7
5
13
15
13
22
31
37
42
40
39
38
29
33
31
21
22
13
7
7
-2
-5
-2
-1
-7
-11
-13
-21
-19
-29
-31
-32
-32
-22
-39
-44
-33
-27
-27
-27
-9
-6
-20
-21
-19
-17
-19
-12
-8
-17
-9
-12
-14
-1
1
2
2
2
-2
-2
-4
-1
17
11
12
24
19
18
23
31
34
40
48
45
38
34
35
30
29
24
14
16
15
-3
-4
5
-2
-6
-18
-30
-29
-38
-42
-42
-48
-48
-39
-51
-58
-44
-47
-39
-32
-37
-22
-7
-8
-6
5
12
21
34
36
38
39
43
51
54
60
68
65
62
63
44
39
56
43
32
23
13
8
-3
-15
-15
-13
-21
-28
-34
-42
-44
-36
-33
-44
-39
-35
-43
-40
-32
-28
-26
-15
-6
-10
0
12
15
20
31
27
30
37
28
32
37
27
23
28
31
15
9
15
9
4
2
3
0
-7
-1
-11
-22
-14
-6
-6
-6
-2
-7
-1
3
0
7
10
14
14
6
6
9
9
9
7
5
-6
-3
-4
-18
-13
-13
-13
-18
-33
-30
-37
-42
-37
-44
-44
-39
-37
-34
-27
-19
-8
-3
-5
6
13
19
30
31
37
38
42
45
40
38
46
43
37
39
30
28
26
12
-1
-9
-11
-24
-31
-35
-42
-50
-56
-56
-60
-60
-59
-56
-63
-64
-57
-50
-47
-38
-27
-32
-26
-11
-11
-6
11
16
17
22
24
34
42
37
38
41
39
34
39
38
34
40
30
28
31
19
26
35
31
24
26
19
14
16
-1
-1
0
-8
-13
-23
-22
-18
-28
-22
-23
-34
-28
-31
-29
-38
-42
-35
-42
-35
-33
-43
-36
-21
-20
-19
-7
4
11
28
35
31
43
52
60
64
57
66
66
65
72
64
59
66
66
51
41
38
31
33
19
-1
2
-10
-31
-32
-37
-46
-49
-52
-58
-59
-61
-53
-45
-46
-39
-36
-46
-41
-40
-30
-18
-23
-12
1
1
4
10
13
18
24
19
20
20
19
26
20
14
16
16
17
14
7
12
14
8
13
14
13
25
17
17
20
15
16
8
11
1
-15
-4
-8
-12
-10
-13
-13
-23
-27
-32
-39
-37
-42
-55
-59
-61
-65
-56
-56
-51
-42
-36
-32
-36
-25
-13
-8
0
8
22
24
28
48
51
48
59
67
63
64
64
60
72
65
53
55
47
38
30
19
7
-2
-6
-14
-25
-25
-23
-36
-38
-36
-45
-49
-44
-47
-56
-49
-49
-46
-38
-37
-27
-26
-22
-7
-12
-9
5
11
15
9
16
28
26
27
29
31
30
26
31
31
37
44
47
48
45
49
47
45
49
39
35
39
33
18
16
16
11
2
-10
-10
-13
-21
-23
-33
-42
-44
-56
-68
-67
-71
-72
-76
-75
-69
-73
-64
-54
-48
-44
-29
-13
-11
5
20
27
39
43
50
64
67
67
77
79
74
82
86
77
75
75
67
53
37
32
22
9
-3
-23
-35
-34
-46
-60
-56
-60
-64
-65
-61
-59
-63
-51
-48
-55
-47
-43
-34
-24
-25
-8
-2
-4
12
13
16
26
24
25
36
35
26
25
22
29
15
7
19
13
17
16
10
17
20
19
15
17
22
18
11
24
33
27
27
33
27
21
19
10
13
21
4
1
-1
-19
-22
-28
-45
-48
-52
-57
-68
-65
-63
-73
-71
-74
-63
-62
-72
-55
-41
-34
-20
-13
-2
16
25
32
38
57
67
72
82
79
82
84
80
78
75
78
66
52
55
37
19
11
2
-3
-22
-33
-38
-56
-64
-71
-78
-83
-88
-85
-85
-91
-75
-72
-65
-44
-43
-42
-34
-18
-17
-13
5
8
14
22
25
30
35
40
49
53
49
55
58
57
49
42
50
39
29
36
33
24
20
24
25
17
15
14
15
4
-2
2
0
0
-7
-15
-23
-28
-35
-40
-39
-39
-37
-41
-41
-40
-45
-41
-42
-41
-41
-44
-44
-35
-26
-26
-14
3
8
17
24
28
44
46
52
65
64
66
75
71
63
67
68
60
62
60
47
46
40
31
25
10
5
-3
-20
-29
-42
-46
-47
-56
-59
-63
-64
-63
-65
-64
-58
-54
-50
-49
-37
-30
-31
-23
-16
-7
-11
-5
6
4
15
19
24
35
39
39
39
42
43
35
32
44
40
33
31
22
28
25
18
20
28
29
22
19
18
20
14
-1
-2
-10
-20
-27
-28
-25
-27
-30
-29
-29
-38
-38
-38
-47
-52
-51
-48
-53
-53
-49
-49
-44
-39
-39
-34
-16
-1
3
8
19
30
35
36
34
44
49
47
51
49
64
68
59
63
58
49
52
53
49
34
26
27
8
-8
-14
-21
-20
-36
-51
-46
-47
-54
-55
-52
-50
-58
-59
-51
-54
-51
-46
-46
-44
-43
-37
-31
-25
-6
0
1
16
24
35
38
34
40
49
46
39
50
55
50
50
48
46
46
44
43
38
36
27
21
25
12
5
5
-7
-10
-24
-26
-24
-28
-32
-42
-43
-42
-44
-42
-39
-35
-32
-37
-44
-42
-29
-28
-33
-17
-8
-7
-7
0
6
12
15
8
20
19
14
26
26
30
31
30
35
29
30
33
23
26
30
26
14
17
24
11
4
3
7
5
0
3
1
-7
-2
-4
-16
-12
-14
-28
-31
-32
-37
-33
-29
-31
-32
-32
-35
-42
-43
-27
-29
-33
-28
-29
-18
-21
-17
-7
-5
7
9
8
17
22
33
39
35
41
41
44
46
40
42
49
45
37
35
26
16
14
10
2
0
-1
-4
-4
-24
-29
-24
-39
-38
-46
-52
-43
-45
-51
-43
-37
-30
-23
-27
-24
-19
-16
-3
-3
-7
10
15
6
9
19
22
28
35
26
28
33
28
29
28
26
29
30
18
22
25
17
23
20
11
13
6
1
5
3
7
3
5
11
-1
-4
-11
-16
-16
-25
-23
-18
-23
-23
-16
-14
-25
-25
-23
-26
-28
-34
-29
-27
-25
-9
-7
-15
1
15
5
11
20
26
34
29
29
33
31
35
42
41
40
36
38
33
26
28
27
22
19
9
1
-1
-17
-24
-25
-38
-47
-48
-40
-37
-35
-28
-27
-27
-29
-30
-33
-32
-21
-20
-20
-14
-11
1
6
6
10
18
27
22
32
37
28
32
27
15
12
19
10
7
17
7
3
14
14
7
12
9
6
5
3
3
0
3
-3
-7
-7
-10
3
6
2
8
2
-3
-3
2
-4
-9
-3
-11
-14
-21
-20
-11
-21
-17
-23
-30
-22
-21
-10
-12
-9
2
-5
1
6
6
8
13
17
11
18
23
33
38
38
38
34
44
39
36
41
29
22
19
14
9
0
3
0
-16
-16
-13
-22
-26
-20
-25
-39
-36
-35
-39
-28
-28
-34
-28
-25
-24
-21
-17
-3
-4
-8
-4
0
6
9
20
14
13
18
11
12
22
26
18
15
18
11
7
15
14
10
7
8
5
-5
4
7
3
3
-1
-2
-2
2
1
-8
-3
-3
-12
-6
-7
-4
-1
-17
-14
-8
-25
-18
-9
-22
-11
-16
-20
-9
-6
-3
-13
-14
-5
-10
-14
1
2
5
12
7
9
14
23
28
22
23
20
18
16
19
22
19
25
21
14
9
10
13
9
2
-6
-4
-1
-9
-3
-4
-7
-4
-14
-17
-15
-9
-2
-11
-5
3
-7
-1
10
1
-5
2
2
-5
-3
0
7
7
-4
2
11
5
-5
5
6
-11
-10
-12
-5
5
-9
-3
7
-4
-1
7
5
7
7
4
4
7
9
13
20
19
9
9
14
6
4
12
9
1
4
-1
-9
0
-7
-8
-9
-19
-19
-23
-16
-23
-31
-18
-23
-31
-24
-15
-14
-17
-8
-4
-9
-9
-5
1
0
-3
-2
8
10
4
13
14
13
12
10
17
13
14
20
11
6
9
1
1
3
-7
-3
-3
-5
0
1
5
6
-1
-3
-7
-8
-7
-12
-7
-8
-13
-11
-14
-9
-7
-10
-4
-9
-10
-4
-9
-6
-5
-12
-6
-10
-12
-5
-2
4
-1
3
11
5
4
8
15
12
16
12
18
23
22
26
12
21
19
7
14
6
7
10
5
8
9
2
3
7
-7
-11
-12
-18
-14
-13
-19
-20
-17
-18
-14
-12
-13
-2
-1
-5
-3
-10
-10
-1
-2
-8
-6
9
9
4
14
18
15
7
6
15
6
0
9
15
9
4
2
1
-1
-3
2
2
-2
6
13
7
2
7
4
4
2
-5
0
1
-1
-4
-7
-4
-7
-5
-8
-7
-1
-3
-7
-4
-4
-11
-10
-22
-25
-12
-17
-28
-25
-13
-11
-17
-15
-4
0
-2
7
11
7
6
12
11
4
7
9
12
17
17
12
19
27
18
19
21
8
10
14
-2
-1
-1
-8
-6
-17
-20
-16
-18
-18
-17
-17
-12
-15
-17
-12
-13
-15
-16
-17
-14
-16
-8
-4
-5
2
3
6
11
14
13
18
21
18
18
18
17
18
17
10
7
5
7
9
9
5
13
13
6
5
8
9
-4
-7
-3
-9
-19
-8
1
-6
-1
-2
-1
0
-7
-1
0
-6
-2
-4
-2
3
0
4
-2
-1
4
0
0
1
6
5
1
-3
3
6
-3
5
4
-7
4
7
2
14
12
12
15
1
18
18
4
8
10
7
-1
3
2
5
11
9
9
0
3
10
4
0
-2
-10
-12
-9
-19
-23
-18
-11
-19
-23
-17
-18
-18
-14
-12
-15
-15
-8
2
1
-4
-3
3
0
-4
2
3
13
18
12
27
30
19
23
23
18
15
9
5
