1
7
5
5
-4
-6
-6
-9
8
15
4
8
11
15
13
0
10
15
15
25
22
19
18
9
5
8
15
13
12
19
15
19
17
13
20
20
19
25
24
18
15
16
21
32
31
30
25
15
26
35
31
24
21
11
4
11
9
11
12
8
11
9
16
22
12
11
5
-6
-4
-4
2
6
-11
-4
-6
-14
1
3
4
7
-7
-13
-6
-18
-28
-13
1
-2
-17
-12
-8
-12
-8
-9
-8
-12
-15
-14
-12
-19
-22
-17
-16
-14
-8
-6
-6
-9
-12
-13
-20
-14
-9
-22
-20
-18
-23
-24
-21
-20
-19
-22
-22
-11
-10
-19
-14
-8
-7
-11
-20
-5
2
-2
-1
-11
0
-10
-19
2
-4
-6
2
-2
-4
-9
-6
-2
9
9
1
9
8
2
-2
3
6
11
18
12
8
2
3
9
10
16
25
28
22
25
19
4
11
15
16
31
28
20
16
19
32
24
21
24
20
18
10
18
15
-1
13
21
11
16
15
9
12
9
10
15
8
8
16
-1
-8
5
4
-6
6
22
9
1
1
-5
-4
-4
-6
-8
-9
-11
-16
-11
-9
-9
-9
-12
-12
-12
-9
1
6
3
-2
-8
-8
-18
-26
-21
-14
-12
-10
-6
-10
-17
-17
-15
-16
-11
-3
-6
-8
-10
-1
5
0
-7
-11
-8
-6
-10
-10
3
-5
-10
1
-4
9
15
7
7
-8
-5
1
-9
-3
2
1
-2
-11
-11
-6
-2
5
8
2
-8
-10
-12
-4
-6
-8
3
1
5
8
-2
0
-4
-11
-3
3
5
-5
-10
2
0
1
7
6
7
6
8
-1
-6
0
4
9
15
0
-13
-11
-12
3
14
10
6
-2
0
0
-2
8
7
9
13
9
3
-6
-1
-3
-9
-1
-4
-5
-2
7
8
2
6
-4
-14
1
10
5
-2
-6
-3
0
0
9
17
4
3
9
-5
-2
1
-2
0
0
-2
-12
-10
7
3
7
22
3
-4
4
2
3
4
9
13
0
-15
-7
6
1
5
8
-3
-8
-6
-2
-6
-9
2
17
22
15
3
-2
-12
-29
-18
-6
3
4
4
11
-6
-23
-22
-12
-7
-11
-2
0
-6
-10
-8
9
6
8
26
23
5
2
9
9
13
17
21
18
13
10
0
7
25
19
16
14
2
-4
-7
-6
-5
5
19
20
19
20
6
-15
-12
-4
-4
6
13
2
-9
-12
-15
-3
-1
-10
0
6
-4
-14
-21
-14
-2
-9
-7
10
12
-6
-13
-1
-2
-7
-1
0
-7
-15
-23
-21
-18
-19
-7
-1
0
0
1
10
12
3
1
2
-13
-13
-1
-5
-6
7
24
16
4
-4
-13
-2
4
1
3
-2
-11
-4
7
-13
-14
8
10
13
10
3
5
-3
-7
-7
-2
17
22
19
6
-9
-17
-29
-29
-5
10
20
24
3
-24
-35
-30
-7
24
38
29
9
-14
-48
-54
-31
-28
1
31
15
-4
-13
-13
2
12
13
14
-11
-34
-44
-40
-19
7
21
15
-4
-31
-32
-3
17
35
45
33
7
-27
-47
-43
-17
5
18
36
41
23
7
9
14
19
21
9
-11
-29
-35
-29
-14
24
59
68
65
36
-5
-29
-28
-24
-14
-9
9
28
23
22
26
16
-2
-5
-10
-12
14
27
15
18
16
-7
-13
-11
-11
3
19
28
25
11
-7
-4
2
-2
2
-2
-1
-16
-23
-6
-11
-5
14
29
32
12
-10
-41
-60
-64
-51
-12
32
61
70
64
18
-32
-68
-94
-75
-35
9
60
76
65
39
-3
-30
-38
-36
-11
5
-4
-10
-23
-18
10
38
67
74
55
14
-32
-74
-94
-75
-27
29
76
85
54
24
1
-22
-25
-2
16
25
32
16
-6
-23
-47
-47
-20
15
48
69
62
38
12
-18
-46
-48
-41
-41
-28
-20
-5
21
37
54
55
49
28
-15
-44
-80
-104
-84
-52
-12
28
58
79
80
58
34
-1
-45
-80
-94
-88
-67
-22
34
62
64
50
22
-2
-20
-32
-17
-7
-22
-21
-33
-59
-55
-32
10
45
63
55
24
-16
-46
-55
-46
-15
11
18
-2
-21
-31
-27
4
26
34
31
1
-30
-51
-64
-52
-27
0
19
22
23
24
28
17
7
12
-11
-40
-56
-45
-13
21
59
75
53
24
4
-19
-27
-13
-9
-7
0
4
7
9
23
26
20
39
39
31
25
33
38
24
-1
-33
-52
-64
-53
-22
17
66
100
108
88
55
21
-7
-31
-57
-59
-51
-46
-15
26
72
98
99
77
34
-11
-44
-53
-40
-36
-34
-17
-18
-19
-10
0
18
22
18
20
1
-26
-14
-12
-14
4
-15
-29
-33
-34
-9
30
60
61
54
29
-22
-53
-63
-60
-29
2
-2
-18
-19
-20
-23
-19
1
21
30
23
4
-15
-41
-45
-40
-30
5
15
22
13
-21
-32
-32
-28
-3
21
39
43
30
10
-32
-57
-59
-50
-15
20
50
64
55
30
3
-15
-24
-19
-15
-17
-22
-14
1
16
49
66
55
37
-9
-58
-80
-82
-40
2
35
68
59
40
22
-12
-37
-37
-39
-41
-24
-13
15
47
68
80
67
30
-10
-36
-50
-46
-28
-6
10
9
-10
-15
-4
5
19
41
36
12
-13
-37
-38
-44
-42
-24
-13
-4
1
9
20
30
33
33
24
-11
-43
-66
-79
-67
-42
-7
16
26
26
11
2
-6
-5
5
3
10
8
-5
-7
-14
-25
-30
-12
10
29
52
55
54
41
30
22
-10
-30
-46
-66
-79
-71
-45
-5
59
97
110
101
54
-7
-52
-76
-72
-48
-29
-11
-14
-30
-27
-4
38
76
105
115
81
26
-24
-71
-97
-88
-65
-40
-10
14
43
61
73
86
74
52
22
-19
-61
-84
-83
-75
-49
-16
17
37
50
59
43
32
18
0
-7
-9
-6
5
10
-11
-25
-41
-56
-25
6
27
63
80
70
50
25
-2
-25
-34
-37
-45
-45
-42
-41
-27
7
28
62
84
71
50
24
-9
-40
-58
-76
-78
-65
-33
-4
7
31
38
33
28
14
17
13
-3
-10
-24
-49
-64
-56
-40
-22
4
22
31
31
31
29
16
18
14
-11
-25
-43
-57
-68
-64
-32
10
31
50
79
72
60
40
8
-2
-28
-50
-52
-44
-20
-14
-5
23
31
39
41
33
32
18
9
-2
-31
-51
-64
-73
-47
-8
10
33
42
45
52
38
39
20
-8
-21
-43
-39
-27
-10
15
18
19
16
5
-1
3
7
20
27
13
0
-17
-30
-27
-35
-43
-39
-37
-42
-27
0
28
42
47
58
35
18
12
-31
-45
-44
-68
-53
-29
-16
16
44
68
67
57
51
33
13
-12
-32
-44
-61
-76
-78
-63
-30
3
35
57
55
49
31
2
-8
-15
-19
-28
-41
-50
-51
-39
-22
9
28
45
69
56
39
28
12
0
-17
-24
-33
-33
-27
-29
-27
-27
-10
-9
-18
-10
3
15
23
38
34
21
19
11
9
18
20
39
65
71
77
91
86
82
87
75
75
64
46
33
15
21
26
26
27
29
23
12
21
28
41
54
62
59
28
18
-14
-54
-53
-54
-42
-7
25
37
46
64
64
55
44
30
-2
-36
-61
-103
-127
-110
-87
-47
-1
43
79
92
99
79
43
4
-39
-89
-150
-198
-227
-255
-265
-257
-246
-232
-228
-225
-231
-255
-279
-320
-347
-355
-369
-357
-340
-320
-262
-199
-140
-70
-10
43
94
141
169
184
189
182
180
173
152
142
135
134
139
147
158
163
161
160
164
159
161
162
169
198
220
243
269
292
308
322
328
328
321
304
294
299
306
325
345
364
391
404
399
383
369
358
316
275
269
258
269
325
387
488
595
651
645
555
364
75
-273
-664
-1071
-1467
-1817
-2088
-2251
-2284
-2175
-1957
-1656
-1284
-901
-545
-244
2
179
275
335
351
334
325
334
380
473
615
785
958
1117
1217
1242
1195
1063
863
606
320
35
-236
-471
-670
-806
-876
-918
-899
-824
-760
-681
-576
-511
-482
-480
-495
-524
-567
-554
-494
-405
-234
-22
208
456
686
870
995
1066
1057
968
829
665
498
326
184
75
0
-25
-3
63
133
211
283
310
299
259
193
111
41
-8
-29
-11
60
168
293
455
622
767
900
1006
1091
1173
1260
1365
1492
1601
1657
1630
1473
1190
769
215
-421
-1100
-1770
-2405
-2931
-3315
-3544
-3570
-3423
-3131
-2731
-2242
-1717
-1221
-749
-332
-8
237
417
547
664
795
961
1175
1418
1680
1938
2141
2278
2298
2182
1957
1607
1153
634
94
-416
-848
-1180
-1406
-1518
-1546
-1518
-1466
-1438
-1444
-1500
-1589
-1713
-1870
-2001
-2086
-2097
-1989
-1767
-1403
-915
-349
280
892
1419
1845
2128
2232
2176
1977
1673
1303
907
536
231
16
-105
-131
-76
49
207
351
456
508
497
417
287
149
22
-69
-82
-11
144
370
655
968
1259
1529
1746
1888
1956
1971
1957
1902
1855
1835
1817
1805
1733
1587
1339
949
422
-224
-955
-1747
-2543
-3292
-3924
-4403
-4701
-4767
-4611
-4267
-3749
-3089
-2351
-1597
-878
-222
339
791
1165
1458
1679
1883
2083
2278
2470
2645
2794
2868
2845
2724
2483
2122
1655
1116
536
-55
-598
-1077
-1483
-1786
-2000
-2148
-2251
-2319
-2379
-2434
-2477
-2539
-2596
-2620
-2597
-2506
-2317
-2012
-1592
-1056
-442
198
825
1395
1847
2175
2366
2386
2256
2007
1666
1269
883
537
236
25
-81
-101
-47
62
214
357
440
479
469
379
240
102
-15
-79
-65
31
212
453
742
1055
1348
1578
1762
1883
1927
1942
1944
1951
1979
2024
2071
2040
1885
1599
1157
536
-214
-1029
-1910
-2784
-3575
-4237
-4720
-5004
-5028
-4799
-4381
-3806
-3112
-2357
-1579
-832
-178
386
864
1262
1589
1862
2103
2336
2596
2849
3066
3253
3361
3347
3225
2968
2579
2064
1457
825
185
-414
-945
-1386
-1729
-1994
-2176
-2299
-2388
-2453
-2518
-2597
-2689
-2797
-2898
-2963
-2979
-2867
-2629
-2272
-1763
-1160
-496
184
832
1412
1861
2172
2316
2284
2098
1782
1413
1015
636
329
96
-25
-42
38
201
387
591
751
840
870
805
672
528
394
278
232
280
380
552
782
1044
1333
1585
1797
1966
2082
2168
2240
2276
2288
2274
2128
1838
1439
863
128
-698
-1560
-2438
-3280
-4006
-4584
-4974
-5162
-5106
-4828
-4397
-3795
-3095
-2351
-1592
-889
-247
336
861
1319
1718
2077
2385
2672
2960
3224
3439
3604
3693
3661
3502
3217
2793
2240
1628
967
276
-358
-922
-1401
-1766
-2022
-2191
-2286
-2322
-2335
-2347
-2372
-2438
-2547
-2692
-2837
-2953
-3005
-2944
-2760
-2430
-1943
-1333
-636
88
783
1408
1909
2244
2387
2345
2149
1829
1448
1048
664
350
138
51
93
224
423
658
886
1071
1167
1170
1092
948
782
617
489
419
423
499
659
892
1139
1395
1633
1819
1951
2018
2055
2051
2010
1937
1813
1606
1262
802
232
-495
-1300
-2105
-2934
-3720
-4377
-4884
-5217
-5344
-5249
-4957
-4519
-3916
-3168
-2383
-1606
-813
-64
588
1183
1696
2129
2524
2863
3175
3457
3694
3869
3956
3968
3867
3613
3239
2756
2154
1487
802
138
-475
-1011
-1439
-1754
-1959
-2105
-2182
-2199
-2212
-2230
-2266
-2346
-2485
-2644
-2795
-2920
-2980
-2929
-2735
-2403
-1938
-1344
-662
24
673
1258
1711
1980
2079
2013
1777
1443
1087
723
383
141
24
-2
93
336
613
886
1180
1405
1508
1507
1437
1259
1016
825
666
539
507
600
766
967
1250
1541
1751
1926
2071
2097
2031
1964
1848
1660
1482
1300
998
583
144
-415
-1132
-1864
-2594
-3374
-4117
-4674
-5087
-5399
-5448
-5232
-4885
-4370
-3646
-2816
-1985
-1137
-272
498
1173
1800
2328
2756
3131
3439
3666
3831
3932
3947
3873
3742
3512
3163
2750
2243
1651
1026
392
-247
-855
-1373
-1810
-2150
-2374
-2523
-2606
-2603
-2574
-2566
-2559
-2570
-2638
-2733
-2781
-2796
-2795
-2677
-2418
-2083
-1637
-1046
-387
234
844
1424
1820
2046
2167
2114
1883
1587
1281
917
573
372
261
217
342
600
852
1100
1393
1600
1640
1634
1572
1382
1156
1007
883
750
751
878
984
1146
1408
1599
1705
1817
1880
1819
1731
1670
1519
1312
1171
981
610
177
-295
-955
-1735
-2473
-3228
-4036
-4695
-5125
-5447
-5600
-5431
-5061
-4589
-3910
-3050
-2192
-1356
-457
370
1063
1726
2324
2799
3204
3559
3821
3996
4143
4216
4170
4065
3878
3561
3132
2619
2005
1300
597
-100
-796
-1415
-1930
-2362
-2683
-2864
-2962
-3002
-2964
-2908
-2878
-2846
-2832
-2886
-2952
-2930
-2886
-2840
-2618
-2252
-1839
-1309
-626
74
692
1305
1855
2179
2331
2394
2250
1921
1602
1262
848
517
346
233
213
385
624
813
1042
1307
1428
1392
1366
1270
1005
792
700
573
482
584
786
965
1215
1566
1800
1908
2060
2144
2055
1970
1926
1777
1569
1433
1230
829
367
-135
-856
-1684
-2430
-3238
-4105
-4778
-5215
-5562
-5711
-5499
-5093
-4597
-3865
-2930
-2037
-1183
-248
622
1330
1980
2570
3019
3364
3675
3931
4092
4186
4237
4189
4040
3808
3458
2974
2388
1714
985
263
-443
-1119
-1723
-2210
-2574
-2846
-3007
-3085
-3118
-3089
-3042
-3020
-2993
-2991
-3049
-3060
-2996
-2936
-2824
-2562
-2184
-1763
-1199
-486
177
765
1385
1931
2250
2422
2506
2385
2083
1792
1482
1074
729
529
395
348
461
661
812
996
1228
1328
1292
1237
1107
835
583
470
368
275
376
616
820
1092
1468
1734
1847
1975
2083
2015
1876
1796
1657
1438
1305
1210
932
558
191
-326
-1022
-1740
-2459
-3299
-4113
-4685
-5139
-5495
-5532
-5286
-4915
-4348
-3497
-2559
-1675
-712
281
1111
1817
2487
3009
3326
3616
3898
4023
4057
4110
4107
3953
3756
3525
3119
2613
2086
1489
812
137
-500
-1174
-1806
-2267
-2656
-3017
-3236
-3361
-3474
-3487
-3406
-3354
-3322
-3234
-3091
-2995
-2886
-2671
-2478
-2260
-1866
-1379
-891
-325
325
927
1479
2016
2408
2572
2635
2599
2381
2092
1783
1426
1072
833
709
612
622
733
819
898
1006
1043
924
758
605
369
133
35
-25
-106
-27
209
414
632
936
1203
1345
1507
1681
1691
1645
1686
1697
1616
1592
1577
1353
1021
700
177
-589
-1359
-2140
-3062
-3927
-4518
-5001
-5407
-5474
-5206
-4811
-4239
-3379
-2458
-1591
-633
328
1110
1750
2354
2825
3138
3449
3715
3858
3967
4075
4082
3978
3843
3617
3235
2782
2279
1653
958
271
-418
-1118
-1764
-2298
-2772
-3199
-3486
-3674
-3819
-3845
-3797
-3741
-3622
-3437
-3257
-3086
-2850
-2605
-2373
-2044
-1621
-1161
-639
-28
608
1186
1728
2225
2573
2746
2823
2785
2582
2319
2041
1700
1371
1125
937
763
660
651
628
585
590
565
444
341
260
108
-43
-96
-100
-110
-30
171
364
544
813
1091
1232
1350
1519
1604
1605
1660
1768
1799
1821
1918
1909
1666
1343
928
204
-679
-1535
-2483
-3517
-4394
-5014
-5516
-5827
-5726
-5354
-4857
-4098
-3118
-2137
-1203
-254
648
1365
1959
2495
2910
3208
3450
3678
3837
3925
4001
4014
3934
3787
3550
3190
2712
2141
1496
785
31
-725
-1460
-2136
-2731
-3228
-3593
-3865
-4050
-4094
-4035
-3936
-3796
-3604
-3407
-3229
-3002
-2727
-2471
-2179
-1774
-1286
-749
-149
500
1134
1723
2264
2713
3004
3158
3171
3059
2853
2566
2221
1833
1475
1155
879
697
559
452
381
343
292
179
54
-71
-229
-371
-440
-463
-474
-413
-224
3
239
529
832
1069
1255
1460
1629
1701
1779
1909
2013
2088
2181
2232
2105
1803
1413
835
-2
-928
-1860
-2858
-3828
-4586
-5148
-5555
-5671
-5438
-4995
-4400
-3587
-2641
-1735
-857
55
862
1490
2052
2555
2927
3215
3493
3708
3810
3901
3973
3935
3806
3605
3293
2839
2307
1717
1017
248
-513
-1276
-2016
-2668
-3218
-3705
-4091
-4284
-4379
-4411
-4296
-4089
-3887
-3629
-3270
-2946
-2662
-2299
-1904
-1542
-1105
-560
-27
504
1127
1749
2248
2695
3092
3304
3355
3333
3195
2898
2531
2163
1747
1324
992
709
423
225
117
-15
-123
-189
-298
-427
-481
-499
-550
-540
-414
-302
-173
86
376
589
839
1172
1390
1537
1760
1917
1927
1996
2172
2226
2207
2312
2341
2071
1735
1380
684
-273
-1158
-2069
-3151
-4120
-4782
-5335
-5767
-5776
-5434
-5019
-4412
-3498
-2539
-1678
-779
139
870
1447
2029
2513
2831
3124
3401
3588
3726
3858
3922
3891
3793
3603
3276
2829
2307
1647
865
94
-672
-1475
-2227
-2851
-3376
-3846
-4164
-4283
-4343
-4339
-4142
-3870
-3652
-3376
-3007
-2686
-2419
-2095
-1715
-1370
-1001
-498
19
502
1046
1627
2117
2493
2834
3061
3092
3015
2872
2595
2211
1861
1496
1084
743
499
282
77
-18
-48
-128
-189
-185
-221
-304
-344
-358
-376
-350
-260
-128
63
313
575
876
1196
1460
1669
1872
2031
2081
2118
2220
2277
2223
2244
2289
2078
1748
1408
817
-64
-940
-1760
-2753
-3734
-4391
-4882
-5318
-5429
-5133
-4741
-4254
-3446
-2504
-1687
-861
57
823
1376
1919
2410
2711
2924
3164
3337
3402
3487
3583
3561
3445
3302
3038
2609
2099
1500
763
-28
-771
-1533
-2300
-2937
-3428
-3860
-4169
-4271
-4261
-4203
-4021
-3743
-3481
-3234
-2924
-2610
-2373
-2084
-1737
-1411
-1022
-526
18
571
1194
1826
2354
2811
3187
3366
3340
3227
2999
2592
2129
1709
1264
809
482
252
38
-94
-98
-100
-151
-177
-199
-299
-438
-520
-597
-662
-613
-490
-315
-57
268
591
923
1297
1602
1808
2004
2173
2206
2220
2328
2377
2342
2394
2463
2287
1955
1642
1089
219
-633
-1448
-2445
-3438
-4120
-4641
-5132
-5295
-5055
-4718
-4265
-3498
-2607
-1834
-1034
-160
553
1096
1627
2109
2427
2679
2964
3169
3287
3426
3547
3533
3436
3295
3004
2553
2012
1409
694
-86
-793
-1483
-2180
-2755
-3172
-3545
-3872
-3997
-3997
-4030
-3959
-3732
-3523
-3383
-3127
-2782
-2531
-2243
-1820
-1386
-972
-441
176
740
1306
1896
2380
2736
3003
3146
3109
2934
2704
2385
1989
1632
1288
931
655
460
280
132
60
-4
-99
-202
-292
-400
-529
-598
-622
-634
-571
-423
-243
-21
250
529
813
1097
1346
1550
1757
1922
2013
2103
2232
2345
2397
2506
2624
2514
2250
1958
1440
626
-223
-1050
-2037
-3054
-3821
-4416
-4954
-5220
-5100
-4838
-4452
-3775
-2958
-2165
-1373
-538
222
819
1380
1892
2263
2559
2849
3086
3260
3414
3522
3553
3509
3378
3113
2712
2200
1618
942
199
-489
-1155
-1820
-2377
-2794
-3179
-3512
-3683
-3747
-3802
-3782
-3654
-3539
-3444
-3301
-3113
-2925
-2698
-2375
-1997
-1537
-967
-328
348
1041
1723
2316
2806
3181
3355
3340
3204
2944
2566
2139
1753
1379
1004
729
542
394
287
222
181
106
-4
-128
-289
-504
-731
-894
-977
-1023
-984
-787
-508
-192
214
676
1101
1469
1806
2069
2207
2254
2265
2251
2229
2225
2233
2283
2333
2276
2125
1873
1435
786
29
-803
-1789
-2799
-3663
-4432
-5086
-5452
-5503
-5320
-4896
-4213
-3358
-2446
-1490
-532
336
1095
1717
2206
2563
2813
2968
3040
3096
3134
3138
3121
3092
3007
2804
2528
2184
1699
1095
453
-203
-917
-1672
-2335
-2896
-3441
-3867
-4057
-4139
-4172
-4035
-3763
-3527
-3289
-2967
-2677
-2464
-2196
-1855
-1542
-1179
-688
-174
374
995
1608
2157
2651
3064
3293
3362
3345
3173
2839
2477
2098
1647
1218
868
565
271
60
-67
-201
-314
-392
-481
-616
-738
-818
-915
-989
-972
-869
-713
-481
-153
217
615
1033
1421
1736
2000
2208
2319
2370
2423
2465
2467
2511
2600
2638
2623
2539
2300
1901
1337
562
-349
-1354
-2451
-3525
-4448
-5203
-5769
-6006
-5887
-5535
-4957
-4099
-3105
-2152
-1168
-181
618
1238
1791
2230
2468
2620
2804
2923
2970
3071
3189
3213
3163
3075
2885
2524
2042
1493
830
68
-702
-1446
-2182
-2849
-3360
-3742
-4011
-4116
-4048
-3903
-3716
-3441
-3142
-2913
-2666
-2371
-2138
-1911
-1584
-1211
-841
-370
229
821
1392
2027
2612
3021
3328
3549
3541
3342
3103
2767
2286
1807
1390
951
524
217
-31
-285
-476
-605
-755
-927
-1067
-1186
-1300
-1374
-1364
-1265
-1092
-817
-441
-15
432
894
1355
1756
2082
2335
2488
2547
2539
2520
2482
2426
2450
2519
2576
2648
2716
2677
2434
2041
1479
653
-352
-1422
-2550
-3703
-4699
-5421
-5923
-6150
-5994
-5528
-4843
-3983
-2991
-1955
-1014
-194
536
1090
1424
1679
1904
2048
2163
2342
2585
2792
2991
3217
3339
3303
3153
2869
2364
1685
929
79
-834
-1691
-2460
-3136
-3647
-3955
-4098
-4108
-3962
-3685
-3367
-3049
-2707
-2379
-2146
-1954
-1743
-1565
-1417
-1197
-862
-499
-91
474
1096
1669
2238
2798
3206
3408
3504
3461
3187
2774
2315
1783
1189
661
223
-182
-510
-695
-810
-925
-959
-938
-959
-989
-970
-932
-916
-854
-700
-533
-344
-36
345
707
1101
1560
1971
2294
2606
2861
2962
2962
2940
2855
2688
2553
2485
2376
2242
2171
2077
1832
1480
1060
458
-340
-1222
-2154
-3151
-4117
-4877
-5452
-5821
-5860
-5598
-5084
-4379
-3518
-2561
-1618
-734
44
709
1233
1606
1889
2122
2308
2466
2666
2890
3063
3208
3310
3270
3071
2743
2247
1565
771
-68
-954
-1820
-2552
-3145
-3612
-3862
-3893
-3790
-3583
-3255
-2863
-2538
-2243
-1941
-1745
-1676
-1601
-1476
-1395
-1288
-1007
-620
-191
344
1021
1692
2256
2807
3252
3458
3489
3370
3060
2588
2069
1528
939
407
-3
-350
-630
-781
-852
-922
-954
-943
-983
-1076
-1104
-1111
-1166
-1141
-995
-799
-554
-162
343
825
1326
1886
2379
2728
3009
3211
3234
3135
2996
2775
2491
2231
2025
1845
1721
1685
1669
1620
1561
1403
1066
605
-13
-840
-1763
-2684
-3598
-4454
-5092
-5457
-5617
-5501
-5062
-4407
-3638
-2756
-1812
-962
-214
469
987
1362
1671
1903
2070
2225
2402
2562
2689
2826
2885
2792
2608
2300
1798
1145
423
-379
-1227
-1985
-2587
-3057
-3383
-3468
-3348
-3152
-2846
-2458
-2084
-1779
-1533
-1330
-1222
-1213
-1213
-1152
-1086
-968
-702
-337
94
607
1170
1701
2143
2501
2729
2786
2683
2457
2098
1653
1197
741
326
-15
-267
-450
-583
-642
-679
-724
-776
-844
-932
-1026
-1103
-1134
-1117
-1006
-779
-467
-62
429
932
1444
1951
2360
2683
2908
3004
3006
2924
2750
2508
2245
1999
1755
1520
1381
1293
1192
1155
1165
1138
1058
949
751
386
-85
-617
-1280
-2036
-2713
-3335
-3922
-4331
-4498
-4504
-4346
-3940
-3359
-2749
-2077
-1294
-599
-34
525
1000
1304
1525
1756
1905
1953
2048
2154
2167
2135
2095
1942
1655
1316
893
328
-281
-861
-1452
-2002
-2402
-2641
-2782
-2792
-2605
-2335
-2059
-1725
-1389
-1141
-978
-848
-776
-787
-786
-740
-661
-530
-288
35
358
736
1122
1416
1631
1760
1749
1600
1400
1148
821
497
244
43
-120
-164
-130
-128
-111
-47
-50
-144
-238
-350
-530
-699
-789
-815
-771
-598
-308
42
462
949
1409
1797
2145
2401
2510
2532
2475
2333
2146
1935
1734
1539
1373
1250
1134
1014
924
838
700
554
446
330
194
99
33
-55
-183
-338
-540
-841
-1214
-1598
-1980
-2373
-2721
-2924
-2998
-2960
-2764
-2416
-1968
-1480
-954
-430
14
344
579
732
760
710
660
598
537
517
543
583
619
632
595
482
288
25
-305
-671
-1018
-1318
-1552
-1659
-1623
-1499
-1283
-961
-602
-310
-45
187
271
242
188
77
-120
-316
-408
-462
-513
-429
-239
-109
40
247
372
371
346
318
186
2
-89
-159
-263
-251
-122
4
132
331
524
591
641
678
570
403
284
156
-6
-67
-3
85
234
523
856
1124
1380
1634
1758
1743
1698
1600
1373
1140
994
835
666
594
594
565
542
579
577
506
440
413
350
285
333
409
487
631
807
894
873
809
588
183
-300
-819
-1390
-1963
-2394
-2659
-2827
-2808
-2569
-2247
-1878
-1428
-1008
-691
-455
-303
-256
-295
-357
-397
-401
-352
-213
4
245
501
755
935
1009
996
878
659
371
59
-209
-446
-602
-624
-543
-403
-229
-35
119
177
147
45
-166
-447
-716
-974
-1204
-1343
-1347
-1286
-1170
-949
-710
-511
-331
-169
-103
-124
-109
-101
-144
-109
38
185
361
622
866
1008
1111
1189
1128
936
750
566
300
69
-34
-87
-118
-28
154
291
447
642
768
796
795
792
703
579
521
480
441
484
612
731
856
1027
1151
1182
1172
1135
1019
849
741
652
566
584
705
863
1054
1283
1477
1542
1466
1267
881
311
-340
-1030
-1724
-2342
-2798
-3074
-3179
-3085
-2825
-2484
-2116
-1758
-1445
-1235
-1141
-1126
-1149
-1174
-1142
-1017
-780
-422
35
552
1064
1517
1845
2026
2039
1857
1539
1146
718
313
-15
-215
-283
-228
-95
68
213
278
221
33
-254
-642
-1078
-1468
-1776
-1988
-2063
-1952
-1706
-1398
-1029
-641
-319
-116
19
87
36
-44
-94
-132
-99
29
225
454
697
946
1124
1189
1196
1102
889
633
361
88
-152
-313
-387
-414
-370
-242
-113
-2
145
289
371
435
529
593
631
718
824
906
1004
1137
1225
1252
1270
1266
1184
1054
945
828
706
624
595
586
610
698
799
896
1011
1126
1196
1220
1197
1084
854
539
150
-328
-845
-1333
-1769
-2154
-2422
-2530
-2550
-2463
-2270
-2027
-1787
-1580
-1400
-1281
-1214
-1158
-1087
-964
-793
-570
-238
167
580
1001
1393
1680
1822
1826
1705
1428
1059
679
295
-47
-288
-412
-444
-410
-300
-196
-159
-156
-226
-383
-594
-805
-990
-1170
-1262
-1236
-1177
-1068
-896
-720
-610
-525
-443
-469
-540
-577
-619
-666
-651
-536
-402
-269
-74
136
277
379
479
504
449
411
369
298
242
243
256
241
277
337
337
332
349
342
307
305
348
372
434
564
692
813
954
1097
1165
1181
1200
1151
1038
942
843
745
689
684
723
770
835
911
949
969
973
930
861
816
796
793
847
945
1037
1113
1157
1117
949
659
245
-271
-826
-1360
-1846
-2223
-2444
-2515
-2448
-2268
-2006
-1729
-1496
-1295
-1163
-1132
-1132
-1131
-1123
-1048
-873
-602
-267
121
546
903
1182
1378
1424
1353
1188
960
696
433
231
80
-28
-62
-56
-57
-68
-109
-208
-352
-506
-679
-856
-984
-1074
-1131
-1160
-1161
-1167
-1211
-1267
-1364
-1486
-1595
-1675
-1670
-1577
-1376
-1074
-728
-339
75
438
713
910
1017
1020
954
871
787
704
667
676
720
790
856
887
868
798
680
515
329
176
43
-50
-41
56
201
389
595
784
928
1010
1044
1011
935
874
812
782
805
866
968
1090
1212
1311
1367
1368
1316
1223
1112
1002
916
874
873
905
974
1079
1158
1182
1142
997
722
330
-136
-658
-1179
-1639
-2022
-2303
-2436
-2435
-2344
-2189
-2001
-1817
-1687
-1577
-1481
-1429
-1343
-1187
-974
-713
-381
13
391
729
1014
1198
1254
1210
1104
918
706
537
395
296
270
280
280
249
195
70
-181
-468
-781
-1132
-1442
-1675
-1825
-1877
-1819
-1668
-1495
-1346
-1215
-1163
-1203
-1288
-1402
-1534
-1627
-1605
-1487
-1287
-965
-570
-191
173
507
748
883
955
984
958
920
927
945
946
980
1031
1024
964
883
762
585
416
294
202
161
191
291
414
559
712
800
850
863
818
742
643
565
531
534
591
691
809
957
1106
1220
1308
1350
1355
1352
1308
1253
1214
1194
1183
1176
1201
1228
1239
1251
1254
1231
1168
1075
925
682
387
54
-336
-745
-1124
-1454
-1754
-1999
-2126
-2191
-2214
-2163
-2075
-1990
-1904
-1783
-1654
-1545
-1390
-1188
-980
-746
-470
-209
11
195
340
422
432
413
355
263
217
189
167
171
193
217
187
128
25
-160
-376
-622
-891
-1145
-1333
-1465
-1545
-1551
-1500
-1419
-1354
-1295
-1282
-1316
-1342
-1379
-1401
-1371
-1255
-1073
-839
-533
-220
72
336
571
750
869
995
1097
1193
1320
1440
1534
1604
1631
1579
1446
1254
1024
761
499
305
162
73
61
101
168
236
307
334
309
269
214
154
135
174
252
373
549
766
968
1132
1261
1328
1336
1327
1292
1248
1249
1304
1406
1531
1677
1804
1860
1854
1767
1585
1343
1073
812
584
399
281
204
148
109
8
-186
-432
-757
-1141
-1523
-1865
-2140
-2332
-2411
-2395
-2315
-2182
-2030
-1877
-1753
-1653
-1567
-1494
-1393
-1258
-1088
-875
-629
-375
-134
76
232
325
360
342
293
236
179
148
138
131
144
136
71
-13
-145
-343
-552
-765
-962
-1118
-1200
-1219
-1204
-1130
-1034
-969
-923
-891
-897
-936
-963
-956
-934
-866
-701
-502
-281
-10
256
450
619
759
833
875
907
953
986
1030
1131
1222
1276
1347
1393
1360
1280
1169
1018
841
673
532
400
294
251
233
212
229
262
270
286
332
376
426
500
602
708
802
908
990
1031
1081
1109
1118
1143
1177
1243
1311
1388
1478
1526
1546
1529
1454
1320
1151
986
810
642
511
421
347
294
245
153
36
-128
-371
-678
-1026
-1389
-1732
-2034
-2266
-2416
-2482
-2468
-2413
-2322
-2225
-2144
-2080
-2023
-1949
-1879
-1758
-1578
-1357
-1085
-788
-498
-230
9
184
272
304
311
293
272
268
296
326
367
410
389
319
197
28
-164
-395
-619
-790
-933
-1009
-1013
-980
-898
-803
-724
-663
-627
-624
-660
-700
-713
-700
-639
-519
-348
-125
123
364
572
742
872
940
968
988
996
1022
1089
1182
1275
1369
1448
1462
1421
1312
1148
945
716
525
366
244
201
205
230
281
316
326
316
279
250
218
209
245
309
407
545
706
852
988
1118
1214
1272
1314
1352
1358
1353
1378
1383
1361
1350
1320
1244
1144
1033
866
674
512
346
181
65
-23
-95
-156
-228
-316
-439
-598
-802
-1056
-1318
-1561
-1785
-1955
-2041
-2070
-2030
-1924
-1802
-1674
-1567
-1479
-1418
-1389
-1370
-1329
-1254
-1161
-1028
-861
-680
-505
-348
-216
-127
-53
-22
-24
-12
2
24
47
75
87
73
54
2
-91
-180
-271
-359
-438
-492
-516
-544
-539
-536
-547
-544
-542
-541
-557
-561
-541
-524
-486
-416
-331
-240
-143
-32
85
186
300
425
522
626
732
807
884
960
1003
1017
1019
1003
952
896
848
788
721
667
643
610
578
564
530
496
475
447
416
392
392
403
416
447
502
559
608
658
707
740
771
812
854
894
948
1017
1072
1119
1164
1181
1160
1117
1057
968
870
787
715
647
592
554
516
470
413
334
227
107
-33
-180
-335
-494
-649
-801
-940
-1081
-1218
-1351
-1452
-1518
-1580
-1610
-1619
-1620
-1602
-1560
-1524
-1490
-1450
-1401
-1327
-1257
-1168
-1034
-892
-750
-591
-425
-293
-191
-99
-36
-18
-36
-57
-90
-139
-182
-223
-246
-252
-265
-271
-269
-274
-280
-298
-328
-345
-359
-374
-383
-389
-379
-348
-328
-296
-254
-210
-143
-94
-43
20
58
104
152
179
224
286
342
417
503
582
672
746
801
833
822
807
764
714
665
627
619
634
672
704
740
749
729
675
590
495
393
288
226
197
180
217
275
335
392
432
464
481
477
479
508
513
525
578
619
673
727
773
807
805
824
809
764
750
734
712
687
694
700
674
649
589
504
403
263
105
-52
-196
-323
-433
-516
-562
-608
-671
-731
-817
-943
-1087
-1235
-1372
-1482
-1573
-1618
-1620
-1609
-1569
-1534
-1499
-1460
-1437
-1391
-1343
-1279
-1179
-1068
-946
-812
-668
-539
-429
-345
-290
-243
-203
-168
-128
-85
-28
40
103
154
179
194
192
156
122
91
52
33
18
5
7
24
44
42
42
46
31
18
5
9
33
73
136
215
300
392
489
564
607
649
674
681
688
693
709
737
786
831
859
883
879
854
793
691
588
471
356
261
177
138
104
82
93
90
89
104
103
93
113
142
180
243
317
409
495
567
657
716
749
803
817
811
825
816
815
800
785
777
733
679
617
555
471
370
283
185
103
26
-52
-127
-204
-277
-354
-431
-523
-609
-694
-795
-890
-989
-1098
-1186
-1272
-1372
-1433
-1489
-1540
-1563
-1574
-1552
-1520
-1479
-1415
-1345
-1278
-1198
-1102
-1014
-932
-853
-772
-686
-604
-524
-442
-360
-272
-184
-108
-31
43
111
170
209
230
237
232
218
210
212
219
236
257
290
327
352
371
375
375
372
350
330
312
297
293
306
335
362
399
448
488
508
538
569
570
564
581
590
584
595
604
592
569
555
541
510
480
446
404
360
333
315
288
269
261
260
258
267
284
287
294
299
297
285
291
302
300
315
347
380
419
472
510
538
560
564
556
524
487
449
402
361
345
333
328
331
319
295
260
207
140
63
-22
-113
-189
-266
-349
-415
-463
-512
-570
-616
-658
-706
-740
-763
-797
-833
-867
-907
-963
-1027
-1086
-1156
-1219
-1244
-1256
-1261
-1238
-1197
-1152
-1105
-1051
-980
-913
-851
-770
-684
-606
-513
-415
-335
-249
-162
-94
-35
27
82
124
171
219
252
275
284
289
292
284
279
277
287
310
334
372
408
437
466
482
506
532
547
554
563
574
581
579
572
551
522
489
432
384
347
305
272
242
244
237
230
242
237
247
262
266
271
269
278
279
265
267
274
276
278
283
286
292
291
283
283
278
275
291
300
313
336
345
362
365
353
327
289
270
231
197
192
188
191
208
227
232
229
214
184
134
75
28
-22
-72
-105
-137
-164
-177
-190
-200
-210
-227
-255
-295
-319
-339
-366
-391
-421
-444
-468
-494
-525
-559
-590
-635
-669
-699
-721
-734
-737
-742
-743
-738
-735
-746
-754
-765
-780
-776
-775
-758
-712
-667
-603
-516
-442
-378
-292
-212
-153
-85
-31
15
82
144
211
276
324
380
416
442
480
503
517
529
537
536
541
529
510
497
459
416
362
302
256
218
172
135
124
122
123
136
150
162
182
194
199
203
198
192
199
206
213
232
247
264
277
292
309
309
286
269
268
247
216
182
159
153
137
121
119
105
98
103
96
91
93
109
125
135
152
157
166
172
172
175
184
194
197
215
231
230
231
240
238
222
206
196
176
163
156
141
135
118
99
90
49
10
-29
-81
-129
-183
-231
-277
-322
-357
-400
-434
-460
-489
-525
-560
-590
-628
-668
-711
-770
-817
-849
-881
-905
-921
-910
-879
-844
-806
-761
-708
-661
-621
-576
-529
-481
-424
-367
-300
-234
-170
-95
-24
42
108
166
217
251
278
311
313
299
309
300
280
281
280
270
269
283
289
301
329
337
343
350
348
339
317
299
294
287
278
273
258
251
257
249
235
223
211
191
169
153
149
164
180
192
222
258
294
328
339
339
338
312
298
293
282
285
287
294
304
303
303
294
274
248
217
181
155
135
116
115
118
134
162
173
191
209
213
227
232
228
227
218
200
176
154
126
86
59
26
-18
-43
-72
-129
-178
-233
-294
-345
-413
-461
-502
-545
-556
-568
-593
-617
-654
-694
-732
-770
-785
-803
-814
-815
-809
-787
-766
-749
-733
-715
-685
-664
-648
-610
-561
-509
-456
-409
-356
-292
-236
-188
-135
-90
-41
12
59
104
144
178
215
241
251
257
256
253
255
257
254
259
267
277
285
292
303
311
324
338
333
342
354
354
383
394
393
398
394
389
387
375
351
346
343
326
314
323
337
332
338
337
324
319
307
294
268
246
234
216
203
191
195
207
210
216
218
223
234
235
234
228
217
207
201
197
193
192
205
220
227
241
255
256
235
208
180
143
91
49
22
-25
-56
-78
-114
-140
-174
-212
-249
-287
-332
-375
-402
-430
-459
-478
-493
-507
-531
-558
-576
-593
-618
-647
-663
-688
-696
-694
-712
-696
-685
-679
-646
-620
-594
-572
-544
-522
-500
-471
-455
-424
-390
-363
-323
-283
-234
-188
-145
-104
-78
-37
-16
9
50
72
119
167
209
260
299
329
359
375
372
381
395
397
399
409
421
420
421
420
411
397
371
350
338
311
281
273
258
243
239
241
247
243
243
251
247
262
273
276
295
298
293
282
265
258
249
232
219
221
226
230
239
246
249
245
238
228
207
184
167
152
144
140
143
154
163
175
186
193
200
209
217
227
224
206
182
142
99
51
5
-36
-74
-91
-122
-139
-137
-159
-186
-209
-243
-281
-327
-387
-427
-455
-485
-504
-507
-504
-493
-479
-487
-484
-470
-484
-486
-496
-514
-517
-520
-528
-536
-535
-531
-524
-500
-473
-440
-404
-374
-329
-284
-248
-216
-190
-170
-149
-130
-104
-73
-38
4
52
115
163
185
214
231
239
246
239
236
238
238
247
272
292
317
343
355
369
369
361
353
337
340
332
313
321
323
327
331
323
319
303
288
274
257
240
226
211
186
166
140
112
102
89
88
97
95
97
109
122
131
133
138
143
146
137
129
119
107
115
110
114
117
116
126
131
146
160
155
148
146
127
97
65
34
15
-16
-37
-37
-34
-28
-20
-21
-22
-39
-60
-89
-127
-152
-196
-229
-248
-273
-294
-303
-318
-338
-355
-382
-397
-398
-402
-420
-428
-427
-441
-455
-468
-477
-481
-484
-482
-476
-469
-436
-399
-361
-309
-262
-219
-176
-141
-121
-101
-94
-92
-69
-56
-47
-16
1
18
29
37
58
79
100
105
120
137
129
135
159
170
177
203
219
232
249
266
294
320
339
336
329
326
298
274
244
207
187
180
185
195
209
233
244
238
239
224
201
185
164
142
130
124
124
137
148
157
166
166
162
161
150
126
103
72
38
12
-14
-32
-30
-21
-15
6
36
57
92
127
144
147
143
134
113
99
84
70
70
65
58
69
82
84
81
61
44
13
-38
-85
-139
-192
-235
-274
-307
-337
-354
-353
-343
-336
-330
-320
-317
-312
-314
-317
-316
-325
-321
-311
-297
-280
-276
-252
-227
-226
-207
-182
-181
-162
-142
-145
-149
-148
-144
-148
-137
-126
-117
-95
-95
-78
-50
-42
-32
-20
-11
-5
-3
5
11
18
35
47
63
74
75
79
90
96
103
116
123
126
140
157
162
162
170
171
170
179
180
178
182
193
200
197
188
179
169
151
129
112
91
81
75
63
67
64
68
76
64
62
59
49
50
51
56
53
53
66
72
93
121
139
164
179
194
213
219
233
233
212
199
180
159
132
105
83
44
28
23
8
12
14
10
10
-7
-30
-47
-79
-112
-143
-168
-185
-194
-199
-208
-218
-214
-196
-197
-199
-189
-189
-197
-208
-214
-231
-252
-265
-280
-276
-267
-248
-230
-220
-194
-175
-153
-138
-145
-141
-147
-158
-156
-160
-167
-150
-137
-136
-131
-128
-116
-100
-86
-69
-52
-38
-19
2
19
36
46
66
79
81
92
100
126
146
154
173
177
176
187
182
172
171
168
160
159
166
170
167
153
143
130
106
84
68
47
28
21
15
16
9
2
0
-21
-31
-30
-46
-56
-51
-43
-30
-19
-15
2
14
23
38
50
52
59
90
113
124
146
167
178
178
178
176
164
147
118
102
101
96
89
85
83
86
89
69
66
59
26
9
-10
-27
-50
-68
-76
-101
-102
-100
-106
-114
-119
-119
-125
-129
-134
-140
-157
-166
-180
-190
-186
-182
-177
-184
-178
-162
-164
-159
-155
-158
-151
-151
-159
-156
-156
-157
-158
-158
-173
-174
-177
-195
-196
-184
-171
-159
-130
-104
-85
-63
-36
-16
-5
11
18
29
47
55
83
109
121
147
167
193
210
226
239
236
239
230
219
209
186
172
151
128
120
108
92
88
78
61
64
57
48
52
47
39
24
8
-3
-12
-25
-27
-21
-25
-24
-18
-14
3
15
19
36
51
60
75
71
69
68
59
63
63
49
47
59
61
62
72
72
68
72
68
57
45
33
17
-5
-15
-16
-32
-45
-45
-50
-63
-56
-47
-46
-34
-23
-26
-37
-29
-16
-26
-37
-39
-57
-67
-72
-80
-84
-85
-93
-104
-117
-124
-122
-140
-158
-160
-181
-183
-177
-182
-174
-183
-195
-191
-191
-200
-197
-193
-200
-187
-167
-152
-132
-108
-94
-76
-62
-43
-31
-25
-3
12
27
41
53
76
98
115
123
137
143
150
154
155
162
167
175
167
159
169
157
142
139
131
125
106
99
103
94
100
95
92
92
83
80
76
66
56
42
35
45
43
38
28
25
32
22
17
25
33
46
52
55
67
64
65
63
57
50
40
33
31
31
43
58
55
46
51
57
53
42
33
28
21
20
9
11
26
9
6
10
12
15
-1
-3
-2
-13
-15
-20
-35
-56
-67
-55
-69
-78
-80
-92
-89
-95
-105
-120
-140
-146
-151
-152
-154
-159
-151
-136
-140
-133
-118
-121
-116
-117
-114
-111
-105
-100
-107
-96
-83
-76
-64
-63
-46
-28
-27
-11
1
10
23
22
33
32
22
32
32
39
46
41
52
73
95
95
97
107
105
92
82
84
73
55
59
61
62
66
61
71
79
78
74
76
70
57
50
37
29
18
15
21
19
23
20
15
15
12
22
29
29
38
32
27
36
28
25
24
25
17
16
19
23
38
33
31
42
37
36
41
43
48
53
51
47
44
51
54
48
53
50
36
30
22
11
5
7
-2
-15
-11
-13
-28
-32
-33
-51
-62
-67
-87
-98
-108
-120
-129
-133
-125
-120
-118
-114
-109
-96
-91
-91
-89
-90
-86
-91
-86
-85
-92
-75
-64
-57
-34
-15
-8
0
6
22
24
14
12
-3
-3
-3
-19
-21
-30
-28
-4
-3
3
18
26
29
36
44
44
48
48
50
59
71
79
80
81
83
86
85
80
78
71
64
72
73
74
77
69
67
66
53
49
50
40
22
19
19
13
19
7
4
6
-11
-11
-12
-33
-48
-56
-56
-57
-65
-65
-62
-62
-63
-52
-42
-36
-26
-23
-12
-4
-6
12
19
23
34
33
41
44
44
45
36
35
25
11
-1
-19
-21
-36
-52
-41
-43
-49
-53
-61
-55
-55
-72
-79
-75
-87
-95
-91
-95
-97
-90
-81
-79
-63
-50
-55
-40
-37
-42
-34
-36
-41
-37
-36
-35
-31
-30
-34
-31
-29
-17
-4
-5
-2
-6
-9
-5
-13
-18
-21
-23
-19
-24
-15
-9
-12
4
14
21
30
33
38
39
41
59
65
69
65
66
76
70
75
78
84
102
105
103
109
120
119
102
95
89
76
66
60
54
50
50
46
45
43
38
38
25
21
18
0
-8
-23
-40
-34
-26
-33
-34
-34
-28
-21
-16
-1
7
14
9
2
0
-6
-4
-12
-16
-6
-2
11
17
13
8
-5
-4
-1
-4
-12
-15
-20
-30
-20
-15
-15
-9
-14
-28
-29
-46
-57
-46
-60
-70
-67
-60
-52
-55
-56
-61
-54
-46
-56
-66
-69
-68
-69
-65
-58
-53
-47
-40
-40
-34
-33
-41
-43
-35
-33
-33
-23
-31
-35
-32
-36
-35
-43
-47
-43
-50
-48
-42
-48
-41
-28
-30
-23
-13
-2
6
8
26
28
29
42
34
38
54
64
66
75
100
106
113
128
129
133
134
129
112
98
105
94
76
65
57
65
66
53
56
64
57
45
35
27
9
-5
-14
-23
-25
-34
-33
-34
-36
-30
-33
-38
-35
-23
-19
-23
-31
-30
-15
-7
-10
-11
-2
3
18
34
30
30
24
14
15
5
3
2
-5
-8
-10
-12
-14
-27
-40
-51
-55
-57
-72
-77
-71
-68
-66
-69
-65
-59
-58
-50
-44
-40
-32
-32
-23
-19
-13
-6
-13
-7
-13
-25
-17
-18
-23
-18
-6
-3
2
9
7
15
12
-11
-22
-21
-34
-36
-34
-38
-39
-32
-26
-25
-16
-18
-11
4
8
6
4
11
12
12
20
31
43
58
76
89
91
99
108
109
106
109
111
102
96
94
83
72
62
57
58
59
53
48
36
24
13
2
-8
-14
-18
-29
-31
-29
-28
-27
-33
-29
-27
-25
-25
-32
-32
-25
-18
-12
-9
-2
0
5
17
20
25
23
21
24
18
9
15
13
6
16
10
9
10
4
8
0
-3
-4
-11
-13
-19
-32
-32
-34
-36
-30
-31
-18
-24
-27
-26
-35
-24
-21
-19
-13
-12
-5
-2
7
10
7
-1
-3
7
9
5
7
14
18
26
31
26
27
25
8
-6
-8
-15
-33
-46
-45
-38
-42
-43
-35
-28
-26
-21
-24
-23
-16
-19
-11
-14
-18
-4
-6
-2
16
20
28
41
49
58
67
81
76
68
79
68
61
61
49
46
45
38
25
29
28
18
17
17
10
-3
-12
-23
-29
-32
-48
-54
-58
-61
-49
-53
-58
-48
-46
-45
-31
-25
-33
-27
-20
-28
-22
-14
-11
1
14
9
5
4
11
24
21
25
26
13
5
11
17
14
18
15
11
7
5
-1
-3
7
-4
-19
-18
-31
-34
-32
-40
-35
-26
-28
-24
-8
-4
-7
0
4
10
15
9
22
20
12
24
29
40
41
43
53
47
47
52
41
35
34
25
9
-8
-10
-21
-28
-26
-30
-28
-27
-26
-32
-37
-30
-30
-31
-31
-30
-6
5
-6
2
9
25
17
15
32
31
39
46
49
45
52
50
46
50
40
41
30
25
31
24
25
21
14
2
-12
-9
-12
-22
-24
-23
-26
-37
-38
-39
-48
-47
-62
-68
-65
-78
-77
-64
-65
-64
-48
-40
-38
-29
-25
-26
-27
-28
-12
-5
-8
-4
8
14
8
19
21
9
25
25
15
16
14
9
5
-3
-5
-1
-7
-17
-26
-37
-22
-13
-25
-17
-28
-23
-7
-11
-4
-4
2
14
12
20
23
29
35
39
46
44
48
48
47
47
47
42
44
39
33
38
28
22
22
17
11
0
-12
-11
-14
-20
-11
-3
0
5
-5
-18
-16
-15
-26
-35
-24
-24
-31
-23
-18
-5
4
7
8
6
6
6
15
7
12
24
21
38
36
37
43
33
38
26
12
21
12
10
15
5
-6
-16
-21
-26
-38
-41
-50
-59
-58
-62
-61
-55
-55
-44
-50
-54
-37
-42
-50
-48
-49
-40
-30
-22
-13
-8
-2
1
8
9
-1
-11
-2
-2
-9
4
1
-2
-2
-9
1
4
3
0
-12
-13
-23
-25
-17
-18
-8
-5
-10
-9
-6
-8
0
-3
-10
12
15
14
18
22
27
13
11
9
10
19
24
39
50
56
62
60
58
50
35
31
30
19
24
28
25
27
23
32
29
13
13
-2
-12
-16
-32
-34
-41
-45
-41
-30
-29
-32
-38
-38
-27
-24
-26
-20
-20
-19
-10
-9
-5
-1
-2
4
-2
-1
14
14
18
14
4
12
13
8
5
0
-6
-9
-5
-5
-7
-3
-4
-4
-9
-2
-3
-9
-17
-35
-31
-29
-23
-21
-29
-8
0
-2
-2
-16
-16
-12
-17
-13
-18
-20
-3
5
5
4
5
18
21
20
19
12
16
21
18
14
17
10
2
12
2
-2
-2
-9
-4
-3
10
9
1
6
3
-3
-11
-14
-19
-22
-11
-9
5
10
7
28
36
40
42
43
46
43
44
41
40
41
43
43
40
44
39
40
48
42
38
26
12
0
-14
-22
-16
-23
-36
-30
-33
-36
-37
-37
-28
-38
-38
-30
-46
-40
-34
-35
-34
-31
-24
-22
-12
-22
-13
4
-4
3
-5
3
14
6
1
-8
0
3
-8
-1
1
-5
4
2
-2
2
-11
-12
-11
-23
-25
-20
-22
-34
-25
-24
-32
-19
-17
-12
-11
-1
7
2
7
1
0
-8
-1
13
6
19
28
27
32
39
37
34
41
35
30
27
21
15
4
4
2
3
-1
-3
3
-7
-3
3
-6
-17
-20
-19
-24
-26
-21
-19
-19
-13
0
8
11
25
34
40
37
36
35
29
36
35
26
28
32
38
37
41
40
39
42
32
28
17
3
-7
-22
-28
-27
-26
-33
-21
-20
-30
-20
-29
-29
-27
-39
-38
-36
-39
-40
-33
-33
-29
-25
-19
-11
-17
-6
-10
-11
2
0
-5
-8
-8
-15
-17
-7
-13
-14
-4
-7
-8
-5
-17
-10
-5
-20
-20
-24
-24
-17
-23
-21
-21
-8
-4
-8
-2
-16
-14
-9
-13
0
1
9
12
9
11
14
23
20
29
35
28
27
33
30
38
50
37
33
30
22
21
6
9
13
5
7
8
13
6
-5
-9
-4
-2
-12
-8
-12
-19
-14
-11
-11
-7
5
15
19
16
13
12
11
16
27
29
38
44
40
38
33
35
24
24
27
21
27
22
22
21
14
18
19
-3
-9
4
-20
-36
-21
-19
-28
