-7
9
6
0
1
2
8
12
7
15
16
6
11
13
11
20
21
11
12
15
9
12
16
11
15
15
15
24
19
19
27
21
17
17
13
21
16
6
13
12
8
9
8
14
11
5
9
-3
-7
4
7
5
-5
-3
1
-2
-5
-7
-5
-3
-4
-6
-10
-7
-8
-14
-11
-16
-10
-14
-11
-4
-22
-17
-15
-27
-28
-29
-26
-25
-33
-28
-20
-18
-16
-19
-23
-27
-28
-34
-29
-19
-20
-17
-13
-6
-9
-7
1
-16
-8
1
-10
-7
2
-1
-8
-1
-7
-10
-1
2
5
11
9
6
18
11
-2
9
12
14
15
14
21
19
9
8
11
7
6
1
11
17
8
21
28
16
20
22
15
24
21
12
18
17
10
8
9
12
16
15
13
10
9
5
10
20
11
13
12
8
6
-5
6
10
6
6
-5
1
2
-6
3
3
7
7
-2
-1
-4
-6
-5
-8
-8
-12
-19
-16
-18
-14
-10
-18
-11
-11
-18
-13
-22
-22
-10
-15
-14
-9
-21
-20
-16
-24
-28
-16
-9
-12
-12
-11
-10
-18
-20
-18
-16
-14
-15
-15
-14
-14
-16
-11
-14
-9
-11
-16
-6
-9
-9
-3
0
-3
-3
8
12
12
15
8
3
7
10
18
14
9
19
17
14
8
15
19
7
15
22
17
16
8
7
17
18
14
18
17
19
22
22
25
26
31
24
22
27
21
21
22
16
23
23
8
9
7
9
12
7
10
14
8
4
9
2
-6
-7
-8
-2
-6
-11
-8
-12
-11
-9
-15
-21
-23
-12
-9
-10
-12
-22
-20
-17
-24
-24
-25
-18
-13
-21
-19
-17
-28
-22
-17
-18
-23
-30
-14
-13
-27
-18
-21
-22
-15
-26
-14
-4
-18
-16
-15
-17
-18
-16
-7
-11
-9
2
2
2
0
0
4
1
15
16
11
19
17
12
17
20
9
13
17
15
24
20
14
16
14
19
16
17
24
18
13
16
29
28
18
20
15
22
28
21
22
24
24
17
23
28
21
18
19
17
12
9
8
7
8
8
4
1
3
8
6
3
6
-6
-5
6
4
5
4
-3
-8
-7
-10
-6
0
-6
-14
-24
-26
-22
-24
-30
-30
-23
-15
-16
-14
-14
-16
-20
-18
-10
-13
-14
-19
-27
-26
-17
-14
-14
-13
-20
-13
-14
-19
-10
-15
-23
-24
-11
-11
-17
-9
-16
-23
-18
-18
-13
-7
-12
-7
-3
-10
-2
2
0
0
-6
-2
1
5
12
1
-7
-1
10
12
9
5
6
10
12
12
14
18
16
6
2
14
15
15
17
12
15
21
22
23
25
18
22
31
25
26
29
22
22
8
8
17
10
15
17
12
19
18
10
7
-4
-3
7
3
4
2
9
9
3
5
-11
-19
-10
-15
-9
0
-8
-10
-7
-1
-9
-12
-6
-20
-23
-10
-12
-14
-18
-27
-18
-15
-19
-15
-12
-10
-6
-6
-11
-18
-19
-16
-12
-6
-9
-13
-3
-4
-4
-2
-10
-12
-16
-13
-20
-15
1
-8
-5
0
-11
-9
-6
-6
3
-7
-6
9
0
1
10
6
5
8
5
-2
-1
-1
8
7
12
15
6
18
16
12
20
18
19
21
18
16
21
18
17
19
22
29
21
21
23
22
24
18
17
15
11
16
12
3
7
11
9
7
6
2
1
2
6
6
6
6
-3
-10
-7
-4
-6
2
3
-7
-13
-8
-5
-4
-3
-7
-4
-7
-12
-12
-18
-18
-16
-17
-20
-21
-19
-20
-15
-13
-17
-18
-23
-25
-26
-23
-19
-24
-20
-16
-14
-5
-6
-8
-15
-13
-17
-10
-8
-17
-7
-8
-5
-5
-7
2
-12
-15
-4
-8
-7
1
7
10
3
-2
-2
0
9
10
9
8
6
14
5
-5
7
15
14
10
23
30
25
23
11
6
16
18
7
11
22
14
19
30
24
20
27
19
19
28
22
24
24
12
5
6
9
10
16
11
9
16
9
10
13
-2
-9
-8
-2
-1
-8
-9
-9
-7
-2
-9
-11
-9
-9
-9
-12
-5
-2
-16
-17
-12
-20
-20
-15
-9
-8
-9
-9
-14
-14
-9
-5
0
-3
-9
-9
0
-9
-10
-10
-15
-13
-15
-11
-11
-19
-17
-12
-7
-13
-19
-16
-16
-12
-10
-13
-10
-9
-7
1
-1
-3
0
-4
-3
-8
-11
-12
-8
-3
-2
1
-4
1
15
15
6
11
10
8
15
4
11
14
1
7
11
13
14
14
19
18
15
13
9
19
24
21
14
5
9
11
11
16
13
8
11
15
11
0
13
20
10
11
11
15
9
0
6
7
2
5
7
3
2
1
-3
0
3
4
3
-9
-7
-1
-2
-10
-12
-6
-5
0
-4
-9
-10
-7
-1
-2
-6
-9
-5
-13
-18
-5
-3
-5
-18
-10
-6
-10
0
-3
-13
-16
-13
-15
-21
-26
-24
-19
-14
-13
-21
-18
-18
-27
-20
-14
-12
-6
-8
-7
-2
-1
-8
-13
-6
-2
-1
5
3
-9
-6
-11
-10
-8
-15
-1
2
-5
6
13
17
15
15
8
4
24
19
12
13
7
20
22
17
19
16
13
19
30
27
25
20
17
24
25
17
14
13
19
24
23
20
23
27
26
32
29
24
22
19
25
13
8
22
22
11
17
23
13
9
5
5
2
-7
-8
-14
-10
-7
-13
-10
-6
-6
-16
-12
-5
-16
-25
-25
-26
-13
-18
-29
-20
-20
-22
-29
-31
-24
-20
-18
-26
-27
-25
-30
-30
-23
-23
-32
-27
-17
-21
-16
-11
-16
-15
-10
-13
-7
4
-6
-10
-7
1
3
-7
-4
0
-2
10
19
13
12
9
8
12
19
19
8
12
16
11
16
16
6
8
17
15
12
13
13
10
4
9
18
13
12
13
3
8
10
7
9
9
9
2
5
6
3
6
1
-3
1
2
-13
-14
-8
-18
-9
-1
-10
-8
-3
-11
-9
-6
-7
-5
-4
-4
-14
-13
-5
-10
-12
-7
-6
4
4
-1
8
5
1
6
-8
2
11
0
8
10
14
11
2
9
6
3
5
12
18
21
21
21
19
18
19
15
15
27
33
39
44
35
42
46
38
37
37
31
36
55
45
39
48
41
33
34
39
38
37
31
28
27
15
12
16
22
21
6
-6
-5
-15
-24
-17
-23
-28
-25
-32
-30
-31
-37
-35
-32
-33
-40
-46
-54
-54
-53
-49
-48
-58
-54
-48
-43
-39
-45
-46
-38
-37
-39
-38
-42
-42
-43
-35
-38
-43
-42
-34
-34
-39
-32
-40
-41
-41
-41
-44
-48
-32
-36
-43
-42
-48
-47
-40
-41
-36
-29
-24
-20
-17
-19
-17
-3
-1
8
16
23
34
40
45
42
47
55
64
83
88
94
102
97
102
111
111
119
121
120
128
132
136
138
139
138
130
129
130
136
134
118
113
108
101
99
80
62
60
39
23
22
10
-10
-15
-24
-31
-36
-43
-57
-72
-70
-77
-73
-68
-82
-86
-87
-88
-82
-98
-114
-115
-134
-142
-145
-153
-168
-186
-192
-192
-202
-221
-227
-241
-243
-229
-231
-229
-246
-253
-246
-253
-243
-242
-246
-248
-241
-222
-222
-222
-214
-202
-187
-174
-157
-146
-131
-113
-99
-76
-53
-35
-4
21
39
68
89
110
139
161
185
207
229
250
261
278
297
311
332
338
346
362
381
404
407
424
446
444
459
466
471
485
487
493
499
492
501
515
507
499
485
487
484
462
448
431
413
394
384
369
349
330
297
286
271
243
216
169
142
121
76
42
-2
-63
-117
-179
-257
-335
-428
-517
-593
-673
-763
-855
-944
-1021
-1077
-1130
-1183
-1232
-1263
-1259
-1251
-1228
-1190
-1154
-1099
-1038
-957
-870
-788
-683
-595
-497
-381
-284
-192
-100
-16
52
110
157
182
216
247
247
241
239
223
206
185
153
131
113
86
68
65
53
49
47
47
54
64
84
104
134
159
185
215
240
276
314
348
394
445
487
530
582
636
686
728
773
818
854
899
928
943
974
982
991
998
988
985
970
954
920
875
849
811
773
736
698
660
626
599
572
557
532
511
508
490
471
463
445
421
385
337
285
205
83
-41
-167
-306
-444
-597
-767
-933
-1096
-1255
-1407
-1540
-1657
-1775
-1852
-1880
-1902
-1920
-1909
-1873
-1815
-1710
-1598
-1469
-1311
-1159
-996
-812
-641
-477
-307
-158
-6
129
230
330
404
455
494
507
502
469
416
359
280
191
98
-3
-115
-220
-323
-434
-531
-610
-691
-772
-826
-866
-881
-872
-876
-857
-813
-769
-698
-619
-521
-406
-292
-159
-16
127
262
397
549
680
802
948
1070
1171
1262
1327
1391
1432
1449
1464
1479
1480
1460
1432
1396
1359
1320
1277
1228
1173
1133
1089
1042
993
938
893
837
790
758
726
703
676
653
644
636
635
649
665
681
707
733
741
754
753
729
704
666
617
531
396
244
88
-71
-249
-435
-640
-870
-1086
-1280
-1451
-1627
-1813
-1975
-2098
-2180
-2217
-2250
-2285
-2290
-2255
-2177
-2069
-1948
-1825
-1678
-1510
-1333
-1147
-957
-783
-633
-463
-292
-147
-29
62
126
177
215
226
214
185
138
76
18
-48
-130
-215
-300
-361
-414
-474
-520
-556
-597
-631
-644
-651
-643
-610
-562
-518
-462
-399
-340
-246
-133
-18
103
232
379
535
685
813
923
1036
1158
1292
1413
1490
1551
1597
1616
1627
1627
1615
1581
1548
1527
1488
1452
1389
1303
1252
1187
1119
1082
1033
979
943
907
846
775
722
691
692
694
673
649
647
675
722
763
768
773
798
852
921
951
937
889
846
834
795
666
454
224
24
-125
-282
-504
-809
-1140
-1400
-1615
-1813
-2041
-2317
-2535
-2652
-2687
-2698
-2766
-2879
-2958
-2918
-2788
-2611
-2429
-2282
-2111
-1878
-1615
-1365
-1180
-1030
-842
-594
-312
-68
92
177
234
294
361
396
380
350
323
323
329
271
140
-16
-140
-215
-254
-291
-358
-433
-497
-540
-571
-613
-652
-670
-642
-576
-493
-415
-359
-292
-185
-55
84
216
364
527
714
898
1039
1175
1302
1426
1558
1680
1775
1839
1889
1918
1940
1952
1935
1899
1864
1821
1769
1707
1616
1526
1459
1369
1265
1171
1068
993
941
875
789
694
633
606
585
575
544
506
519
603
696
749
752
733
774
869
967
1019
1010
982
970
982
950
790
512
219
-18
-150
-274
-518
-882
-1298
-1649
-1908
-2165
-2475
-2802
-3059
-3179
-3164
-3152
-3241
-3388
-3518
-3498
-3304
-3056
-2821
-2611
-2374
-2071
-1747
-1455
-1240
-1074
-858
-558
-198
147
385
512
591
662
701
708
688
642
619
636
646
583
435
253
60
-118
-249
-333
-388
-424
-470
-529
-608
-711
-805
-867
-888
-866
-794
-679
-533
-393
-271
-163
-76
49
227
466
753
1032
1274
1487
1671
1842
1980
2069
2134
2182
2248
2338
2415
2445
2413
2302
2158
2013
1884
1791
1700
1609
1509
1397
1288
1176
1045
894
754
639
568
543
530
505
448
375
329
349
416
483
544
574
592
647
727
803
851
864
866
911
971
946
775
460
119
-132
-236
-283
-428
-736
-1148
-1508
-1785
-2046
-2349
-2721
-3022
-3117
-3029
-2919
-2962
-3178
-3444
-3562
-3450
-3200
-2938
-2712
-2459
-2105
-1704
-1382
-1225
-1182
-1098
-858
-454
-20
322
518
607
669
681
599
435
292
249
317
462
556
499
309
41
-230
-446
-578
-631
-622
-555
-484
-448
-493
-619
-771
-907
-965
-915
-752
-499
-249
-50
89
168
227
314
461
671
952
1266
1578
1873
2072
2184
2216
2185
2175
2203
2273
2381
2485
2539
2510
2408
2223
2005
1803
1636
1545
1499
1462
1425
1343
1227
1090
913
737
602
508
477
495
519
523
508
497
502
545
592
590
568
583
651
779
910
973
981
976
976
953
811
488
81
-236
-380
-380
-412
-641
-1052
-1499
-1855
-2110
-2377
-2733
-3081
-3269
-3223
-3038
-2931
-3039
-3310
-3547
-3588
-3426
-3167
-2926
-2687
-2364
-1956
-1543
-1254
-1152
-1147
-1067
-821
-437
-35
296
552
721
807
770
622
433
272
262
384
534
619
574
406
142
-158
-448
-659
-747
-714
-587
-463
-413
-463
-589
-730
-858
-945
-946
-839
-612
-298
1
220
333
367
444
591
774
1008
1270
1541
1855
2184
2423
2506
2447
2327
2245
2278
2409
2550
2621
2603
2511
2369
2201
2007
1811
1642
1528
1465
1444
1432
1377
1270
1120
935
747
591
455
371
364
403
489
584
638
613
518
418
402
520
683
849
1001
1141
1324
1464
1369
881
106
-633
-1033
-952
-630
-461
-646
-1085
-1550
-1928
-2244
-2650
-3144
-3484
-3462
-3058
-2530
-2271
-2413
-2822
-3225
-3406
-3376
-3218
-2960
-2565
-2029
-1464
-1055
-953
-1102
-1267
-1254
-1026
-660
-266
96
438
756
937
884
593
159
-191
-311
-198
51
279
377
301
90
-217
-572
-878
-1071
-1104
-993
-810
-629
-467
-319
-236
-245
-358
-524
-592
-463
-163
193
421
480
532
706
975
1204
1196
940
721
868
1498
2440
3309
3739
3657
3272
2856
2625
2630
2746
2827
2764
2575
2325
2086
1866
1577
1214
861
663
760
1072
1405
1559
1395
1015
645
443
480
709
1040
1375
1553
1505
1279
1005
861
907
1066
1196
1257
1363
1461
1257
356
-1401
-3574
-5270
-5695
-4800
-3354
-2293
-2042
-2359
-2697
-2708
-2507
-2377
-2311
-1948
-997
362
1498
1723
816
-746
-2193
-2983
-3008
-2540
-1924
-1356
-953
-866
-1193
-1837
-2513
-2837
-2491
-1457
-4
1436
2454
2821
2467
1490
153
-1148
-2063
-2384
-2075
-1440
-935
-879
-1388
-2301
-3168
-3597
-3426
-2671
-1534
-296
810
1550
1809
1563
951
346
37
166
710
1380
1857
1993
1750
1199
584
148
64
403
1054
1750
2226
2360
2166
1772
1332
970
805
899
1256
1760
2182
2320
2086
1612
1157
906
985
1331
1783
2223
2500
2587
2525
2338
2088
1819
1627
1613
1762
1987
2088
1834
1308
782
481
535
789
962
916
820
914
1224
1606
1870
1998
2070
2053
1510
-153
-2865
-5797
-7756
-7883
-6343
-4329
-3028
-2640
-2691
-2545
-1916
-1193
-785
-559
-3
1115
2404
3060
2398
556
-1600
-3137
-3699
-3430
-2775
-2227
-1891
-1789
-2003
-2512
-3077
-3349
-3034
-1993
-478
1069
2275
2836
2657
1847
615
-783
-1982
-2686
-2846
-2554
-2077
-1799
-1881
-2220
-2568
-2616
-2193
-1345
-246
891
1882
2551
2733
2368
1563
610
-109
-349
-179
202
602
822
831
694
467
261
239
524
1062
1692
2182
2324
2150
1803
1336
867
554
461
665
1127
1641
1972
2009
1818
1555
1382
1409
1678
2121
2625
3003
3101
2997
2811
2610
2344
1928
1423
966
801
926
991
815
419
95
207
762
1423
1766
1795
1756
1838
2185
2575
2722
2568
2009
647
-1705
-4604
-7317
-8750
-8208
-6266
-4168
-2780
-2204
-2075
-1762
-1069
-429
-37
392
1099
2024
2734
2508
1013
-1207
-3235
-4460
-4672
-4076
-3224
-2480
-1951
-1769
-1983
-2346
-2533
-2320
-1484
-96
1435
2729
3503
3490
2693
1427
-17
-1387
-2391
-2926
-3096
-2977
-2678
-2494
-2596
-2787
-2819
-2502
-1614
-343
793
1578
1976
1977
1738
1377
859
196
-352
-578
-572
-356
-35
88
53
133
303
594
1172
1770
2193
2502
2590
2444
2208
1923
1514
1103
891
881
1076
1422
1670
1678
1630
1680
1788
1983
2244
2373
2374
2457
2507
2369
2278
2184
1991
1854
1738
1490
1223
1169
1113
969
932
869
846
1207
1717
1939
1970
1827
1513
1424
1637
1923
2245
2497
2342
1109
-1481
-4782
-7902
-9509
-8692
-6389
-4016
-2354
-1819
-1945
-1707
-1134
-726
-374
-2
517
1403
2200
1992
481
-1729
-3849
-5133
-5076
-4055
-2844
-1775
-1111
-1109
-1489
-1893
-2149
-1930
-1034
311
1703
2877
3548
3379
2403
1040
-469
-1911
-2788
-3189
-3455
-3347
-2962
-2799
-2687
-2436
-2336
-1979
-996
25
813
1440
1610
1313
1041
810
278
-250
-549
-827
-828
-393
18
277
639
980
1241
1661
2119
2323
2383
2461
2419
2275
2212
2011
1502
1057
777
533
559
839
1049
1292
1683
1994
2168
2345
2449
2415
2403
2400
2294
2108
1958
1881
1737
1579
1481
1282
1046
930
767
476
450
809
1258
1847
2456
2686
2705
2816
2761
2393
2237
2280
2167
1888
491
-2635
-6247
-8904
-9674
-8111
-5301
-3144
-2165
-1863
-1721
-1150
-263
311
477
715
1305
1972
2206
1387
-574
-2812
-4389
-4977
-4567
-3568
-2678
-2081
-1730
-1791
-2046
-2068
-1774
-1102
4
1296
2365
3071
3372
2927
1789
563
-680
-1883
-2481
-2890
-3620
-3927
-3854
-3922
-3563
-2794
-2306
-1620
-408
456
916
1342
1275
869
891
1014
684
318
-66
-790
-1230
-1013
-694
-232
585
1183
1486
1851
2066
1985
1919
1945
1899
1906
2078
2076
1669
1153
642
154
142
606
1051
1509
1999
2183
2233
2366
2349
2321
2430
2511
2629
2719
2605
2382
1952
1418
1164
1048
966
1113
1140
935
1035
1251
1258
1480
1733
1718
2093
2678
2770
2772
2855
2602
2246
1456
-970
-4456
-7419
-9067
-8537
-6038
-3598
-2504
-2420
-2777
-2750
-1678
-202
855
1514
2005
2281
2222
1590
94
-1914
-3498
-4160
-4001
-3255
-2470
-2178
-2308
-2619
-2950
-2945
-2339
-1313
-177
904
1728
2155
2358
2392
1999
1346
711
-168
-1121
-1913
-3004
-4034
-4355
-4355
-4017
-3144
-2477
-2027
-1155
-345
153
730
968
894
1160
1489
1523
1335
697
-311
-1108
-1465
-1391
-860
-139
480
961
1246
1339
1459
1641
1815
2058
2292
2349
2252
1951
1395
823
493
512
849
1317
1707
1794
1616
1522
1572
1677
2117
2801
3124
3314
3500
3067
2524
2387
1986
1571
1800
1889
1555
1599
1410
537
234
389
251
742
1698
1929
2037
2297
1765
1258
1744
2157
2248
1877
-438
-4053
-6832
-8027
-7322
-5001
-3011
-2622
-3040
-3354
-3052
-1870
-363
605
1033
1533
1937
1817
1213
-42
-1700
-2738
-2853
-2581
-2160
-1835
-2012
-2480
-2747
-2847
-2742
-2055
-1014
-162
520
1037
1153
1210
1540
1680
1467
1115
422
-681
-1773
-2604
-3260
-3489
-3133
-2823
-2903
-2948
-2895
-2789
-2047
-927
-262
234
781
984
1170
1527
1368
753
267
-102
-350
-250
23
12
-158
-101
53
269
848
1461
1615
1747
1937
1779
1739
1856
1564
1228
1163
1129
1282
1680
1895
1801
1658
1568
1566
1801
2189
2406
2444
2524
2538
2552
2638
2353
1833
1526
1282
1424
1960
2010
1788
1670
1313
1250
1758
1979
2004
2314
2363
2201
2237
2175
1983
1850
1493
8
-2652
-5185
-6832
-6943
-5156
-3206
-2781
-3342
-4118
-4458
-3199
-970
572
1301
1489
1166
772
486
-94
-981
-1544
-1661
-1786
-1919
-2173
-2823
-3262
-3059
-2688
-2183
-1408
-895
-568
-95
132
368
1054
1792
2297
2507
2089
940
-333
-1446
-2587
-3255
-3253
-3135
-2868
-2552
-2909
-3543
-3550
-3124
-2152
-599
376
604
711
618
577
890
1074
901
644
389
119
-32
-62
-145
-209
-17
355
678
1032
1301
1249
1222
1363
1405
1478
1591
1466
1228
1173
1234
1299
1507
1693
1564
1393
1421
1480
1676
2147
2369
2322
2501
2663
2743
2879
2671
2201
1986
2056
2294
2433
2068
1470
1143
1072
1474
2149
2269
2231
2355
2135
2006
2274
2327
2275
2249
964
-1831
-4581
-6467
-6819
-5106
-3079
-2752
-3769
-4942
-5384
-4150
-1666
220
865
836
489
181
200
248
-26
-300
-259
-452
-1167
-1942
-2675
-3129
-2752
-1990
-1650
-1519
-1380
-1468
-1318
-799
-312
438
1397
2042
2240
1795
781
-192
-847
-1212
-1286
-1540
-2242
-2801
-3212
-3626
-3531
-3274
-3285
-2938
-2231
-1684
-1036
-265
61
286
866
1206
1224
1245
1002
575
470
639
634
475
354
149
-27
160
504
564
643
1008
1130
1129
1337
1177
862
1151
1592
1756
2024
2098
1625
1328
1393
1389
1621
2199
2474
2409
2410
2279
2106
2340
2667
2653
2492
2320
2103
2030
2161
2170
1909
1796
1856
1895
2156
2343
2110
1901
1823
1610
1765
2298
2339
1847
416
-2315
-4651
-5377
-4790
-3286
-2300
-3205
-4993
-5974
-5402
-3251
-751
513
271
-712
-1396
-1282
-632
204
628
325
-145
-830
-1840
-2371
-2335
-2046
-1359
-837
-1135
-1715
-2005
-2007
-1498
-570
177
605
900
1015
851
634
465
70
-351
-608
-1024
-1513
-1815
-2089
-2390
-2487
-2518
-2862
-3226
-3214
-2983
-2448
-1500
-760
-479
-111
225
304
605
891
865
963
1147
1176
1165
1060
779
514
414
487
556
475
460
567
688
892
953
706
646
963
1416
1901
2173
2039
1711
1527
1590
1815
2136
2386
2389
2205
2048
2001
2172
2521
2605
2458
2239
1883
1927
2294
2296
2196
2154
1847
1853
2485
2659
2446
2536
2196
1765
2140
2503
2410
2289
1394
-949
-3282
-4317
-4302
-3354
-2289
-2929
-5136
-6575
-6116
-4246
-1547
290
-278
-1846
-2520
-2227
-1018
680
1370
681
-239
-986
-1721
-1832
-1359
-1082
-927
-826
-1346
-2171
-2311
-1882
-1273
-441
7
-181
-283
-29
352
842
1163
828
75
-589
-1128
-1342
-1173
-1180
-1578
-2109
-2689
-3236
-3416
-3251
-3074
-2780
-2374
-2012
-1519
-875
-291
113
434
696
805
963
1199
1319
1466
1632
1523
1246
972
640
510
634
682
760
833
691
582
593
639
904
1339
1640
1793
1873
1778
1632
1679
1844
2005
2153
2206
2048
1820
1834
2073
2318
2477
2412
2098
1787
1775
2025
2199
2320
2334
2035
1872
2081
2226
2303
2548
2668
2430
2246
2255
2107
2010
1879
600
-1647
-3176
-3602
-3271
-2338
-2409
-4441
-6374
-6510
-5106
-2633
-556
-680
-2261
-3260
-2901
-1394
452
1347
706
-609
-1374
-1464
-1203
-588
-224
-565
-989
-1409
-2020
-2082
-1428
-793
-338
-230
-710
-1028
-662
91
960
1374
856
-109
-919
-1303
-978
-326
-233
-826
-1767
-2738
-3194
-2907
-2336
-2098
-2364
-2800
-3104
-2860
-1760
-512
104
189
-50
-352
-55
868
1589
1854
1847
1464
1048
1059
1220
1267
1279
1093
698
408
287
289
414
551
713
905
1010
1104
1242
1341
1506
1708
1777
1798
1886
1960
2012
2049
2013
2012
2094
2235
2346
2274
2102
1974
1908
1984
2155
2146
2058
2060
2013
2073
2211
2250
2324
2440
2387
2134
1914
1899
2106
2231
1707
193
-1746
-2859
-2737
-2031
-1747
-2744
-4758
-6184
-5772
-3944
-2034
-1349
-2302
-3806
-4239
-3037
-1079
362
459
-614
-1765
-1974
-1203
-227
360
266
-490
-1284
-1565
-1388
-871
-167
82
-325
-889
-1302
-1257
-456
587
989
654
-143
-1095
-1452
-887
-149
57
-265
-1149
-2317
-2715
-2260
-1816
-1530
-1717
-2789
-3715
-3475
-2444
-1130
-69
-145
-1123
-1724
-1363
-186
1300
2169
1946
1116
567
788
1566
2321
2409
1706
850
446
630
1164
1474
1300
913
524
410
730
1152
1422
1512
1401
1179
1045
1190
1545
1922
2222
2248
1944
1693
1822
2175
2580
2806
2543
2075
1848
1872
2021
2216
2278
2150
1975
1821
1813
2006
2298
2543
2478
1957
1402
1474
2077
2593
2451
963
-1472
-2956
-2622
-1448
-702
-1499
-4039
-6350
-6277
-4157
-1910
-1236
-2673
-4854
-5587
-4054
-1450
218
-29
-1497
-2781
-2697
-1207
305
801
369
-528
-1226
-1248
-732
-98
338
395
3
-702
-1221
-995
-138
741
1101
574
-608
-1436
-1232
-407
351
539
-268
-1566
-2247
-2125
-1582
-1009
-1083
-1928
-2890
-3379
-3100
-2162
-1237
-920
-1198
-1797
-2107
-1550
-417
693
1287
1088
509
261
694
1630
2412
2458
1832
1072
724
1066
1715
2036
1770
1083
488
391
748
1220
1412
1170
781
573
672
1093
1557
1795
1813
1619
1387
1462
1820
2304
2755
2758
2328
1924
1751
1942
2393
2574
2299
1955
1782
1836
2179
2475
2348
2077
2000
1982
1891
1800
1827
1931
1971
1665
511
-1167
-2042
-1621
-861
-729
-1769
-3937
-5621
-5232
-3450
-2123
-2251
-3733
-5416
-5542
-3757
-1602
-698
-1379
-2702
-3314
-2499
-799
483
538
-215
-877
-992
-522
214
703
726
470
129
-215
-298
57
559
782
559
-111
-922
-1240
-771
-16
283
-123
-1056
-1888
-1876
-1101
-483
-664
-1473
-2433
-2882
-2490
-1818
-1523
-1730
-2130
-2337
-2115
-1515
-858
-380
-119
52
240
442
733
1205
1666
1915
1907
1648
1414
1494
1892
2282
2177
1616
1069
792
922
1352
1497
1160
728
451
482
855
1252
1397
1304
1117
1089
1334
1696
2048
2268
2177
1898
1729
1748
1935
2225
2364
2170
1821
1683
1806
2013
2217
2196
1898
1602
1505
1573
1752
1911
1785
1492
1331
1305
1315
1179
539
-473
-1105
-1127
-1080
-1400
-2351
-3799
-4752
-4462
-3464
-2930
-3392
-4477
-5286
-4938
-3483
-2049
-1744
-2438
-3120
-2993
-1908
-511
234
2
-662
-973
-643
42
661
892
648
188
-128
-206
-91
193
396
275
-128
-587
-797
-594
-171
74
-93
-597
-1045
-1080
-779
-496
-586
-1122
-1852
-2325
-2286
-1989
-1770
-1847
-2165
-2359
-2145
-1598
-1046
-719
-580
-436
-125
325
733
1009
1196
1400
1726
2039
2190
2265
2271
2207
2169
2058
1733
1409
1319
1343
1350
1303
1064
715
640
834
993
1053
986
794
720
897
1142
1320
1399
1358
1283
1318
1535
1800
1964
2020
1914
1740
1719
1883
2093
2161
2043
1792
1574
1698
2107
2375
2296
1979
1623
1503
1826
2305
2425
2013
1188
145
-692
-886
-689
-862
-1716
-2989
-4266
-4845
-4280
-3370
-3247
-4010
-5043
-5591
-5035
-3644
-2475
-2287
-2951
-3539
-3245
-2128
-820
-36
-146
-709
-902
-452
320
947
1108
752
160
-172
-35
335
649
737
463
-40
-352
-303
-60
182
209
-138
-647
-989
-1056
-871
-752
-1118
-1828
-2458
-2781
-2639
-2192
-2007
-2275
-2619
-2716
-2382
-1663
-985
-740
-875
-940
-573
172
984
1478
1571
1581
1781
2157
2532
2669
2473
2238
2170
2136
2112
2091
1975
1765
1565
1405
1246
1141
1168
1194
1066
875
737
703
809
962
987
934
948
1099
1408
1644
1638
1590
1609
1656
1781
1909
1877
1836
2006
2174
2138
1999
1866
1799
1905
2175
2355
2213
1945
1779
1639
1634
1817
1783
1363
689
-207
-952
-1130
-984
-1114
-1876
-3130
-4193
-4397
-3805
-3107
-3159
-4131
-5166
-5339
-4522
-3342
-2606
-2793
-3496
-3694
-2956
-1737
-765
-492
-813
-1130
-911
-241
425
694
547
283
159
291
592
832
861
658
376
149
10
16
68
-48
-374
-754
-1052
-1222
-1250
-1233
-1412
-1822
-2180
-2304
-2255
-2108
-2002
-2149
-2373
-2304
-1930
-1465
-1124
-1023
-1007
-778
-243
449
935
1016
980
1135
1532
2059
2473
2550
2405
2357
2520
2759
2869
2736
2404
2047
1849
1825
1801
1678
1446
1142
857
655
586
655
741
704
579
460
416
568
876
1069
1028
933
930
1067
1368
1678
1752
1651
1696
1924
2165
2362
2419
2264
2093
2139
2275
2231
2043
1862
1678
1533
1517
1522
1381
1132
804
274
-381
-825
-955
-1144
-1688
-2485
-3357
-4004
-4052
-3647
-3500
-3995
-4693
-5026
-4801
-4087
-3294
-3095
-3500
-3735
-3332
-2447
-1565
-1142
-1188
-1353
-1199
-550
263
735
765
651
581
599
798
1039
1010
758
542
351
73
-161
-231
-262
-383
-601
-897
-1223
-1408
-1324
-1217
-1410
-1797
-2095
-2189
-2095
-1885
-1755
-1872
-2011
-1825
-1398
-1015
-799
-745
-733
-511
33
630
1018
1207
1381
1725
2196
2611
2874
2953
2896
2891
3015
3078
2965
2755
2479
2178
1958
1788
1583
1328
1069
904
768
561
420
404
383
341
353
313
231
343
614
774
829
903
1024
1228
1525
1835
1944
1866
1913
2141
2320
2299
2143
1922
1768
1847
2026
1972
1633
1406
1463
1542
1532
1380
991
541
340
226
-188
-832
-1398
-1782
-2087
-2467
-3042
-3749
-4276
-4326
-4057
-4031
-4472
-4955
-4979
-4497
-3818
-3289
-3213
-3466
-3369
-2597
-1672
-1110
-890
-874
-831
-426
234
667
667
476
388
488
650
704
621
412
196
158
172
33
-147
-259
-374
-504
-656
-853
-1027
-1116
-1117
-1095
-1200
-1475
-1702
-1695
-1550
-1364
-1277
-1411
-1608
-1566
-1139
-578
-208
-39
54
262
741
1392
1901
2085
2098
2147
2386
2792
3093
3118
2974
2776
2648
2686
2710
2529
2225
1942
1710
1504
1339
1155
911
705
616
563
436
292
227
254
357
470
511
456
406
492
691
864
942
962
990
1083
1234
1403
1540
1606
1657
1717
1734
1718
1743
1775
1740
1637
1457
1238
1132
1179
1180
1007
682
283
24
-4
-61
-419
-1066
-1767
-2224
-2352
-2368
-2584
-3133
-3795
-4139
-3982
-3616
-3442
-3592
-3892
-4026
-3773
-3212
-2719
-2577
-2657
-2639
-2402
-1986
-1498
-1149
-1019
-983
-869
-608
-287
-7
183
232
156
113
212
357
438
436
328
141
6
-39
-43
-91
-233
-371
-455
-528
-595
-649
-758
-924
-987
-912
-828
-791
-764
-725
-631
-405
-83
166
240
244
341
567
894
1243
1491
1574
1599
1730
1961
2179
2346
2464
2482
2411
2347
2335
2302
2216
2103
1920
1641
1406
1276
1162
1085
1024
875
682
535
455
418
392
366
321
239
209
273
346
433
583
723
784
851
981
1120
1257
1417
1607
1698
1669
1661
1644
1575
1558
1567
1455
1234
1021
863
778
725
628
449
186
-66
-208
-299
-482
-812
-1239
-1624
-1876
-1996
-2072
-2304
-2726
-3108
-3275
-3254
-3173
-3151
-3260
-3473
-3588
-3464
-3207
-2963
-2809
-2754
-2688
-2497
-2193
-1869
-1597
-1391
-1226
-1039
-782
-472
-210
-44
36
42
57
160
319
409
375
270
156
72
82
146
139
59
-12
-13
28
36
26
-22
-102
-134
-76
-22
-46
-61
-79
-101
-23
91
159
220
302
405
570
801
1017
1174
1270
1346
1468
1629
1792
1888
1867
1805
1812
1876
1934
1934
1822
1634
1505
1465
1422
1319
1117
897
751
697
704
676
574
454
420
468
521
554
554
551
572
648
769
848
876
922
1016
1100
1147
1190
1193
1141
1094
1089
1072
975
849
752
635
531
511
509
428
308
222
137
34
-29
-79
-233
-500
-785
-1045
-1277
-1471
-1661
-1889
-2175
-2483
-2703
-2777
-2832
-2967
-3077
-3190
-3325
-3303
-3115
-2968
-2935
-2916
-2858
-2728
-2460
-2099
-1828
-1702
-1579
-1355
-1036
-703
-456
-345
-323
-246
-8
300
490
512
469
473
581
758
883
842
681
547
501
547
607
555
366
128
-34
-84
-45
-2
-43
-113
-165
-134
26
185
255
254
247
304
456
662
816
861
873
940
1088
1292
1452
1512
1503
1478
1532
1663
1741
1698
1572
1453
1402
1431
1471
1382
1177
979
912
960
995
934
726
508
452
551
685
683
549
448
452
557
704
782
732
653
678
795
916
976
967
935
906
927
962
922
822
724
651
576
503
431
317
214
153
77
-21
-132
-261
-372
-463
-576
-753
-1004
-1251
-1453
-1605
-1730
-1919
-2172
-2409
-2592
-2705
-2738
-2785
-2924
-3053
-3110
-3065
-2915
-2742
-2643
-2614
-2551
-2394
-2127
-1824
-1564
-1342
-1193
-1026
-746
-453
-256
-127
1
98
217
407
541
550
498
479
531
625
677
647
572
474
458
562
630
551
424
332
270
306
395
363
236
158
173
272
386
404
330
246
268
441
640
738
727
708
782
963
1198
1363
1367
1290
1282
1391
1522
1582
1539
1414
1306
1275
1318
1337
1237
1079
959
902
888
896
868
762
666
659
682
681
657
586
539
575
656
736
754
679
611
643
720
778
779
696
559
480
518
561
536
467
363
278
267
302
297
201
52
-64
-92
-94
-148
-270
-439
-562
-621
-664
-786
-1024
-1296
-1483
-1539
-1580
-1722
-1973
-2241
-2434
-2486
-2426
-2430
-2557
-2681
-2693
-2608
-2460
-2306
-2246
-2244
-2162
-1951
-1685
-1445
-1274
-1157
-1043
-873
-648
-440
-289
-180
-85
31
177
323
436
509
558
619
695
764
778
737
725
753
765
754
687
573
469
440
464
438
373
313
268
277
359
454
487
481
484
531
634
747
815
814
800
842
936
1047
1108
1074
993
978
1059
1160
1212
1185
1075
979
988
1057
1097
1057
928
814
785
827
898
886
782
673
614
630
669
680
639
531
434
410
407
406
412
379
320
299
335
369
375
386
362
327
326
306
252
194
141
84
43
20
-50
-156
-246
-291
-281
-287
-365
-456
-544
-603
-591
-566
-638
-791
-910
-983
-1062
-1106
-1135
-1273
-1477
-1611
-1671
-1738
-1804
-1876
-2013
-2146
-2199
-2177
-2121
-2096
-2098
-2099
-2042
-1879
-1639
-1408
-1255
-1120
-952
-731
-472
-259
-117
-31
54
200
375
531
621
644
650
681
742
787
803
793
765
760
767
767
780
776
761
734
708
702
697
685
658
631
589
545
510
471
446
434
431
444
468
481
498
548
616
669
723
780
818
862
944
1011
1007
995
1012
1012
1001
1017
999
926
862
827
784
714
644
576
504
436
370
315
251
200
196
205
219
230
219
201
199
240
296
309
266
206
159
154
163
146
94
0
-70
-85
-90
-101
-120
-153
-181
-172
-149
-145
-168
-198
-214
-220
-226
-252
-328
-414
-484
-575
-660
-762
-919
-1064
-1195
-1334
-1467
-1594
-1728
-1849
-1919
-1963
-2000
-2017
-2030
-2016
-1951
-1847
-1740
-1642
-1549
-1435
-1287
-1111
-926
-773
-635
-515
-389
-244
-94
55
177
288
403
515
600
671
738
792
847
897
939
961
962
958
941
911
881
826
753
697
643
580
534
478
413
368
327
306
299
275
252
244
253
269
308
387
448
505
570
603
647
694
732
773
800
823
815
789
754
721
701
672
643
611
548
485
461
443
417
388
336
275
243
236
241
252
243
208
199
219
236
268
271
228
197
197
212
228
226
193
168
155
161
204
238
216
186
194
206
215
233
216
164
138
119
76
23
-29
-105
-176
-216
-257
-320
-428
-520
-581
-663
-731
-805
-916
-1033
-1119
-1160
-1217
-1303
-1385
-1474
-1533
-1546
-1543
-1551
-1577
-1616
-1628
-1578
-1497
-1399
-1312
-1256
-1188
-1079
-927
-770
-632
-495
-384
-269
-122
33
167
267
365
431
488
572
649
700
731
737
715
698
691
690
684
636
564
512
465
432
421
396
346
300
266
256
269
266
253
237
233
249
291
335
339
345
357
366
398
436
451
453
477
505
524
561
573
550
552
564
560
559
554
543
548
555
537
510
482
458
449
447
441
442
442
432
431
449
460
467
483
482
461
458
463
453
447
445
425
400
379
381
394
380
343
305
265
227
210
176
118
78
43
9
-23
-63
-114
-173
-220
-250
-298
-361
-444
-536
-619
-685
-751
-846
-955
-1059
-1138
-1185
-1233
-1318
-1410
-1485
-1528
-1523
-1503
-1498
-1524
-1556
-1538
-1482
-1402
-1324
-1276
-1224
-1151
-1046
-903
-784
-675
-543
-414
-290
-160
-50
58
160
250
363
453
496
526
538
564
607
642
634
570
492
452
454
471
487
433
339
297
282
318
361
322
251
221
234
285
358
368
306
275
295
346
415
442
423
415
462
534
588
613
591
562
591
652
713
745
731
712
698
717
763
781
785
774
751
736
733
741
743
708
657
623
604
599
591
568
547
529
517
527
506
469
456
413
390
390
361
310
253
228
204
175
156
104
46
-13
-61
-88
-130
-187
-236
-302
-367
-404
-446
-505
-567
-636
-694
-725
-753
-797
-875
-968
-1055
-1114
-1141
-1201
-1288
-1379
-1471
-1518
-1527
-1556
-1609
-1663
-1681
-1643
-1575
-1496
-1448
-1405
-1335
-1237
-1087
-953
-844
-745
-647
-504
-335
-192
-100
-36
32
116
229
341
410
411
399
436
491
540
565
546
505
480
493
514
520
496
461
436
427
456
467
444
421
404
418
437
445
433
408
403
438
484
510
525
520
523
564
608
657
692
695
707
741
771
791
805
806
782
771
770
751
742
739
720
699
681
673
674
666
669
660
653
654
655
666
666
656
658
659
645
632
619
591
562
532
499
458
406
356
313
240
161
98
23
-36
-87
-132
-180
-265
-343
-415
-485
-528
-573
-635
-709
-787
-850
-898
-942
-988
-1050
-1113
-1163
-1225
-1286
-1341
-1399
-1440
-1496
-1538
-1560
-1609
-1639
-1640
-1617
-1579
-1554
-1530
-1496
-1441
-1363
-1273
-1181
-1093
-1017
-928
-818
-701
-591
-485
-370
-260
-155
-59
22
91
163
247
331
393
443
475
491
512
553
607
632
646
651
648
671
708
730
736
734
722
715
707
708
720
723
723
713
713
708
687
705
723
723
719
695
669
666
679
696
698
691
680
670
675
682
689
681
654
648
642
633
637
624
599
587
581
590
614
627
609
597
624
659
680
695
668
625
631
640
635
626
579
514
451
403
367
312
232
149
79
16
-64
-153
-240
-319
-385
-448
-523
-600
-680
-750
-799
-839
-876
-940
-1000
-1053
-1092
-1108
-1147
-1197
-1229
-1260
-1288
-1306
-1329
-1366
-1388
-1410
-1434
-1439
-1441
-1427
-1413
-1421
-1410
-1373
-1318
-1256
-1212
-1167
-1123
-1068
-982
-867
-755
-664
-582
-522
-435
-310
-192
-77
13
90
163
250
353
443
525
567
606
666
726
797
845
876
891
901
938
962
976
977
974
978
978
975
959
932
896
884
885
872
862
832
793
770
767
749
722
710
677
648
636
620
602
583
566
553
551
542
538
532
512
515
536
553
549
544
561
558
551
570
587
587
574
562
550
540
527
514
498
463
414
371
328
278
236
177
120
70
7
-54
-129
-209
-271
-340
-407
-465
-538
-614
-693
-751
-794
-839
-886
-960
-1014
-1047
-1080
-1093
-1122
-1161
-1191
-1219
-1214
-1203
-1199
-1216
-1243
-1248
-1251
-1245
-1237
-1246
-1256
-1256
-1248
-1219
-1184
-1165
-1153
-1141
-1104
-1050
-969
-900
-855
-791
-716
-614
-501
-408
-312
-224
-122
-12
88
195
276
349
436
511
594
666
717
768
821
872
921
961
982
997
1014
1025
1045
1069
1057
1043
1043
1035
1031
1018
982
949
915
877
848
820
780
731
685
651
618
584
569
545
521
517
500
502
514
515
539
563
571
582
602
612
618
626
616
615
609
589
584
575
548
524
490
446
420
396
372
341
292
243
199
171
140
92
34
-17
-74
-119
-159
-226
-292
-361
-437
-489
-547
-615
-679
-752
-830
-881
-936
-1003
-1044
-1092
-1144
-1178
-1199
-1213
-1243
-1267
-1286
-1302
-1315
-1331
-1327
-1320
-1323
-1318
-1316
-1314
-1293
-1264
-1242
-1213
-1171
-1136
-1102
-1059
-1018
-970
-900
-822
-754
-677
-602
-533
-441
-345
-254
-154
-61
26
123
224
322
409
483
552
610
678
745
811
879
926
962
992
1033
1074
1106
1125
1131
1135
1147
1161
1166
1158
1125
1090
1065
1051
1036
997
950
905
863
828
802
778
734
685
655
632
625
616
590
574
548
549
560
544
540
526
510
518
513
505
491
469
456
452
440
413
378
332
298
268
233
190
146
114
68
30
-9
-59
-104
-152
-178
-208
-251
-295
-350
-405
-447
-477
-512
-564
-631
-696
-735
-768
-807
-849
-905
-954
-1004
-1049
-1074
-1094
-1108
-1145
-1178
-1203
-1226
-1225
-1223
-1229
-1230
-1224
-1226
-1220
-1200
-1198
-1191
-1163
-1130
-1093
-1053
-1019
-979
-944
-897
-822
-746
-681
-629
-577
-508
-416
-303
-200
-139
-88
-2
95
202
311
393
449
503
581
668
745
796
833
879
911
955
1007
1033
1046
1056
1066
1077
1093
1096
1079
1065
1047
1036
1023
992
960
924
898
866
842
815
766
752
717
682
663
633
604
569
553
540
526
509
482
461
456
458
454
443
421
400
377
361
360
342
315
294
260
227
192
164
136
94
56
28
-6
-36
-56
-86
-122
-161
-193
-228
-263
-290
-318
-352
-388
-415
-445
-483
-528
-566
-605
-642
-671
-707
-745
-781
-813
-843
-860
-888
-915
-918
-929
-940
-958
-981
-973
-965
-966
-954
-958
-959
-953
-945
-922
-908
-894
-878
-872
-838
-793
-754
-709
-669
-633
-596
-540
-479
-421
-356
-300
-243
-179
-119
-41
32
74
136
212
273
338
390
430
482
526
574
625
669
696
711
745
774
814
833
829
848
856
869
893
906
906
903
891
884
880
869
862
834
806
792
772
754
726
684
652
633
625
597
578
557
525
497
468
453
445
434
412
372
345
324
313
300
261
243
224
193
184
167
152
129
90
63
33
9
-15
-34
-65
-101
-119
-145
-164
-201
-238
-269
-308
-329
-352
-387
-430
-476
-513
-543
-564
-589
-625
-662
-691
-715
-736
-741
-765
-804
-819
-836
-831
-822
-839
-848
-866
-886
-883
-869
-863
-863
-858
-848
-840
-816
-797
-786
-771
-745
-712
-663
-607
-575
-546
-510
-466
-402
-348
-302
-254
-206
-175
-131
-72
-32
20
59
90
139
185
238
280
312
351
370
411
456
486
533
565
597
627
654
687
710
726
737
764
783
784
792
794
787
783
780
772
772
766
753
736
715
708
697
682
661
635
620
605
585
560
534
503
469
434
405
386
371
347
316
286
257
246
228
192
169
152
137
138
125
101
81
54
39
33
13
-9
-23
-55
-83
-100
-136
-163
-195
-233
-262
-288
-330
-372
-407
-454
-486
-514
-545
-568
-595
-622
-641
-648
-671
-697
-718
-738
-738
-734
-740
-749
-760
-768
-760
-749
-743
-736
-722
-701
-688
-660
-631
-615
-589
-564
-543
-510
-476
-449
-423
-399
-373
-340
-298
-273
-242
-212
-189
-143
-110
-74
-37
-22
0
29
67
106
139
185
217
243
281
314
347
378
416
459
488
518
544
566
584
602
627
635
643
654
660
661
659
665
653
640
638
628
627
622
600
582
560
546
531
499
474
465
438
413
399
360
324
292
256
240
230
212
188
155
131
126
122
116
102
78
66
58
62
67
60
50
26
20
24
7
5
-8
-39
-48
-64
-87
-105
-132
-162
-191
-224
-249
-266
-298
-335
-374
-403
-430
-453
-469
-497
-525
-546
-564
-585
-607
-616
-625
-637
-635
-621
-618
-613
-614
-614
-598
-574
-544
-538
-518
-492
-483
-450
-418
-407
-389
-373
-354
-322
-297
-263
-241
-241
-226
-198
-171
-136
-111
-106
-83
-58
-35
-5
23
56
75
100
134
167
208
236
256
282
318
352
381
411
422
446
479
489
504
524
525
527
533
542
547
548
549
541
541
525
505
498
481
475
453
427
413
382
346
327
311
275
242
226
210
185
165
147
123
105
94
83
75
76
64
52
43
30
26
26
20
16
16
14
8
5
5
-6
-13
-14
-13
-20
-31
-49
-60
-65
-89
-114
-131
-146
-167
-194
-222
-239
-260
-285
-303
-322
-337
-341
-359
-382
-386
-395
-404
-406
-408
-407
-411
-410
-406
-403
-386
-378
-370
-361
-366
-356
-336
-315
-304
-290
-273
-265
-255
-226
-210
-208
-187
-171
-153
-131
-109
-95
-87
-70
-57
-43
-16
4
16
36
52
72
105
119
149
168
187
228
247
270
299
312
329
356
379
396
416
425
424
442
455
444
433
435
439
441
429
417
402
384
373
351
346
326
289
268
237
217
199
171
148
109
76
69
45
18
-6
-31
-40
-58
-71
-87
-112
-119
-129
-128
-125
-137
-140
-144
-145
-138
-132
-130
-129
-113
-106
-111
-110
-106
-114
-121
-119
-131
-138
-144
-152
-159
-170
-179
-190
-209
-213
-198
-201
-206
-208
-219
-223
-215
-202
-198
-196
-196
-199
-189
-182
-191
-194
-190
-195
-182
-164
-173
-166
-161
-163
-150
-136
-118
-114
-106
-93
-95
-74
-57
-48
-43
-46
-38
-36
-35
-25
-24
-20
-14
-12
-7
3
16
29
33
52
76
82
102
122
130
148
169
186
205
223
240
254
259
264
275
281
289
293
296
302
280
278
277
251
247
233
210
208
197
184
164
141
129
113
105
93
75
62
46
24
3
-9
-30
-59
-72
-78
-88
-105
-126
-139
-152
-154
-146
-147
-150
-147
-143
-135
-133
-123
-113
-105
-101
-108
-95
-95
-101
-87
-94
-97
-101
-106
-105
-105
-109
-110
-100
-110
-104
-94
-95
-82
-90
-88
-64
-63
-61
-51
-54
-55
-52
-43
-32
-41
-34
-25
-28
-18
-13
-10
-7
-1
-1
9
29
33
39
36
31
39
39
39
38
41
36
29
24
22
15
6
3
2
2
-2
-3
-11
-19
-16
-15
-10
-1
3
-2
-6
9
21
23
37
41
45
54
67
83
80
78
80
81
88
88
82
71
68
68
66
66
61
67
59
39
48
61
49
44
41
33
23
13
8
-8
-25
-34
-43
-61
-72
-83
-91
-99
-105
-106
-108
-98
-93
-86
-70
-68
-69
-59
-50
-46
-37
-26
-20
-19
-21
-19
-18
-16
-12
-1
13
3
0
12
14
22
32
31
40
44
45
53
44
34
48
49
46
54
43
32
40
41
46
50
41
40
41
48
53
52
60
69
63
60
72
71
68
72
65
65
64
62
62
59
46
37
31
30
16
-5
-7
-23
-38
-48
-61
-68
-84
-94
-85
-85
-95
-90
-82
-86
-83
-78
-73
-57
-47
-47
-46
-48
-55
-55
-57
-61
-54
-52
-61
-61
-63
-66
-61
-54
-39
-35
-32
-31
-33
-14
-4
-20
-14
-11
-17
-18
-30
-36
-50
-60
-61
-70
-78
-75
-81
-86
-73
-64
-55
-52
-53
-38
-31
-16
4
5
6
16
22
29
33
30
36
43
40
37
47
59
66
66
70
77
79
84
97
97
99
104
104
108
103
96
106
110
113
114
112
118
108
109
104
110
128
109
112
115
103
99
86
96
96
75
77
77
80
79
74
78
71
65
67
66
60
47
30
19
7
-3
-23
-49
-60
-77
-91
-100
-125
-132
-135
-153
-152
-149
-150
-143
-141
-143
-147
-143
-137
-140
-136
-144
-149
-140
-131
-133
-141
-135
-129
-118
-105
-101
-94
-82
-65
-46
-42
-36
-19
-24
-18
-4
-10
-1
-1
-3
-2
-14
-14
-10
-6
-3
-2
-3
-8
-9
-8
-4
2
11
7
9
10
10
17
22
22
22
34
35
50
59
53
74
77
69
83
94
90
85
88
95
96
87
83
77
77
73
71
79
73
65
64
65
71
76
72
74
81
82
77
72
68
72
70
56
46
40
42
42
42
38
32
35
40
36
41
40
44
50
43
42
28
20
12
2
-1
-27
-48
-55
-66
-87
-106
-111
-116
-123
-123
-130
-135
-142
-144
-141
-146
-148
-155
-158
-157
-151
-151
-158
-153
-151
-140
-144
-140
-115
-114
-111
-100
-83
-73
-68
-63
-56
-44
-37
-25
-31
-33
-21
-22
-22
-10
3
1
10
15
23
32
28
39
42
46
50
46
47
50
64
62
56
58
56
66
77
80
88
97
99
110
124
135
140
147
156
156
163
154
137
139
135
129
121
114
107
96
94
85
87
94
75
76
78
71
80
69
68
74
61
54
49
43
40
29
20
16
10
7
5
9
7
9
14
9
13
15
15
11
4
5
5
-4
-15
-18
-23
-37
-46
-59
-67
-81
-91
-102
-113
-115
-136
-140
-145
-161
-169
-178
-180
-179
-186
-191
-191
-193
-195
-194
-183
-170
-168
-166
-152
-144
-135
-121
-120
-115
-101
-88
-81
-83
-77
-70
-69
-60
-37
-30
-30
-18
-16
-1
12
26
39
32
39
58
65
61
65
68
71
73
60
58
66
69
70
79
75
76
93
102
110
111
121
130
138
142
139
143
144
153
152
143
143
132
131
129
122
118
101
98
89
87
87
83
88
76
68
69
54
53
51
36
33
32
21
10
9
7
-2
-5
4
0
-13
-11
-5
-4
-11
-10
1
5
-2
3
6
-6
-8
-9
-16
-17
-12
-24
-32
-25
-33
-31
-39
-55
-58
-67
-73
-83
-95
-103
-114
-118
-118
-131
-141
-144
-142
-138
-144
-151
-153
-145
-131
-131
-140
-124
-108
-115
-105
-99
-97
-90
-92
-78
-72
-78
-72
-59
-53
-45
-35
-31
-20
-18
-20
3
17
14
16
21
29
30
28
32
39
47
40
39
48
53
60
62
79
86
90
102
107
116
116
123
125
122
133
124
122
127
121
121
124
123
124
119
125
126
115
121
118
108
102
87
84
80
70
52
38
32
24
15
6
-11
-15
-10
-25
-31
-36
-31
-22
-43
-39
-25
-34
-30
-30
-33
-29
-38
-35
-30
-39
-40
-45
-47
-45
-46
-47
-48
-51
-62
-56
-47
-51
-46
-52
-62
-54
-52
-66
-81
-78
-75
-87
-92
-90
-97
-93
-94
-94
-82
-84
-86
-85
-84
-77
-80
-84
-79
-74
-70
-71
-65
-54
-50
-42
-32
-28
-18
-6
0
7
14
18
27
21
15
21
27
25
20
24
27
30
37
38
39
57
60
55
64
72
80
74
85
92
86
95
91
92
93
94
101
88
87
95
92
82
79
90
99
90
90
96
94
89
93
95
90
89
83
82
63
47
49
34
18
8
3
-4
-18
-23
-26
-30
-32
-36
-47
-41
-35
-46
-41
-45
-53
-44
-40
-43
-47
-42
-40
-38
-31
-34
-42
-37
-37
-30
-22
-33
-39
-38
-41
-40
-39
-40
-42
-40
-37
-32
-27
-35
-33
-27
-34
-41
-38
-37
-46
-54
-46
-54
-57
-48
-70
-74
-60
-69
-62
-60
-72
-56
-52
-55
-48
-38
-32
-31
-27
-25
-14
-23
-19
-11
-22
-11
-11
-19
-24
-27
-26
-28
-33
-34
-20
-16
-14
-7
-2
9
15
16
17
23
33
30
33
38
32
34
38
40
40
44
38
49
62
50
57
64
74
82
80
89
93
91
93
90
84
91
93
79
87
89
74
74
68
63
63
52
38
39
36
24
29
23
14
15
5
9
5
1
-1
-2
6
2
3
3
-1
9
14
11
4
11
8
-3
0
-3
1
-4
-10
-15
-13
-6
-14
-16
-16
-17
-10
-7
-9
-11
-10
-12
-18
-17
-25
-39
-42
-43
-49
-55
-68
-70
-67
-80
-77
-69
-70
-71
-70
-60
-67
-62
-51
-61
-57
-52
-55
-58
-59
-61
-62
-68
-69
-58
-58
-67
-64
-56
-59
-53
-49
-51
-39
-30
-35
-35
-24
-16
-15
-12
-13
-16
-2
-4
-2
1
1
15
16
17
21
28
37
44
47
45
54
62
71
69
69
84
84
87
96
92
94
100
100
104
101
92
94
90
90
87
81
80
69
70
67
62
71
63
51
52
48
52
52
37
35
38
32
19
17
11
-3
-1
-10
-12
-10
-19
-22
-29
-25
-18
-29
-32
-27
-29
-24
-27
-35
-26
-23
-24
-24
-26
-26
-30
-43
-43
-42
-57
-56
-62
-68
-65
-71
-69
-79
-73
-69
-75
-72
-67
-67
-69
-58
-56
-62
-66
-67
-63
-68
-69
-74
-79
-77
-85
-80
-72
-71
-69
-59
-57
-52
-44
-38
-29
-24
-14
-8
-10
6
8
4
12
17
15
9
14
21
19
18
24
32
28
27
34
39
42
47
50
54
63
62
66
74
76
79
79
84
84
91
87
80
92
86
82
87
85
76
71
77
70
58
62
63
60
64
62
64
66
54
59
59
51
52
37
33
33
22
10
1
-3
-22
-36
-31
-36
-48
-52
-48
-50
-52
-48
-45
-34
-34
-38
-28
-35
-37
-23
-35
-36
-29
-32
-36
-47
-41
-45
-46
-50
-54
-51
-57
-47
-42
-50
-43
-37
-43
-38
-38
-49
-36
-33
-44
-42
-47
-48
-48
-54
-51
-47
-58
-60
-54
-54
-57
-51
-52
-52
-42
-42
-35
-32
-25
-21
-18
-13
-12
0
2
7
16
8
14
23
17
15
21
22
28
26
21
26
35
30
32
41
40
50
51
48
63
67
59
58
64
71
75
72
71
73
74
70
69
76
77
65
65
71
63
60
62
60
59
58
58
58
53
54
55
51
47
39
33
32
18
11
18
3
-10
-19
-25
-24
-34
-32
-34
-44
-48
-46
-40
-48
-49
-48
-58
-52
-54
-66
-64
-59
-59
-63
-70
-61
-53
-59
-53
-49
-41
-41
-44
-38
-38
-35
-30
-35
-35
-35
-40
-42
-35
-33
-40
-37
-38
-35
-30
-38
-31
-32
-32
-26
-30
-27
-22
-22
-23
-23
-24
-29
-22
-15
-24
-24
-21
-18
-13
-14
-13
0
5
-3
3
10
14
21
21
15
28
36
27
32
36
39
38
39
36
41
45
42
48
48
55
51
45
47
50
54
52
51
46
51
60
59
64
67
68
76
70
71
73
78
76
61
61
63
62
49
44
43
41
33
27
27
14
23
27
15
18
15
12
10
3
-1
-5
-9
-20
-25
-39
-42
-35
-52
-63
-68
-69
-72
-77
-77
-82
-83
-81
-78
-73
-69
-65
-62
-58
-58
-50
-40
-49
-44
-40
-39
-33
-40
-41
-39
-39
-41
-43
-40
-33
-35
-36
-23
-22
-18
-13
-8
-4
-2
7
9
12
12
8
15
12
16
17
6
14
6
0
15
10
6
8
15
19
11
22
31
33
40
29
33
53
54
48
53
49
54
58
47
45
42
41
38
31
30
29
29
21
22
26
24
26
27
31
29
35
46
45
44
52
53
48
51
47
44
39
26
28
19
13
11
3
5
-1
-8
-2
-1
-6
-4
1
5
4
4
5
0
-5
-9
-12
-26
-30
-30
-49
-51
-60
-66
-62
-75
-78
-69
-77
-83
-76
-77
-71
-68
-73
-63
-62
-62
-54
-52
-48
-49
-47
-48
-53
-42
-44
-47
-47
-50
-49
-49
-38
-40
-44
-33
-27
-20
-10
-9
0
12
9
19
29
27
32
33
35
33
35
35
34
36
27
26
33
38
34
33
34
35
49
45
49
54
50
62
61
58
68
71
61
56
68
62
54
53
48
38
34
33
33
29
27
28
21
26
33
33
34
35
41
39
39
41
42
45
39
30
28
25
25
22
7
0
0
2
-9
-10
-9
-11
-7
-16
-17
-9
-11
-11
-15
-13
-11
-12
-16
-22
-25
-28
-31
-43
-45
-46
-61
-60
-62
-64
-57
-66
-70
-62
-54
-57
-58
-54
-49
-44
-52
-53
-40
-46
-52
-46
-52
-56
-52
-55
-54
-56
-56
-55
-54
-48
-48
-46
-44
-41
-35
-38
-29
-17
-19
-9
-5
-10
2
10
10
10
12
16
13
12
22
13
14
25
13
17
23
28
35
30
37
41
46
57
50
52
59
56
58
52
44
42
48
45
33
30
31
30
21
21
19
19
23
21
16
17
25
29
32
26
22
31
31
25
22
19
24
17
4
5
3
0
-2
-7
-12
-15
-13
-14
-14
-14
-7
-13
-15
-2
-7
-15
-10
-8
-19
-19
-19
-23
-22
-27
-27
-30
-29
-31
-31
-34
-32
-23
-25
-25
-26
-18
-10
-15
-6
-2
-4
-1
-3
10
8
-1
4
4
7
1
2
6
-4
-1
-4
-4
0
-6
6
5
-4
2
7
13
7
8
14
11
13
15
6
10
13
7
9
9
7
2
4
10
7
6
5
8
11
7
1
16
15
5
15
10
5
16
15
6
9
9
-2
-1
4
-2
-6
-11
-11
-8
-17
-14
-10
-15
-19
-21
-16
-12
-16
-17
-10
-13
-16
-13
-11
-10
-13
-17
-11
-15
-15
-15
-20
-12
-23
-24
-17
-21
-19
-25
-23
-17
-21
-20
-21
-18
-15
-19
-19
-14
-18
-21
-18
-21
-21
-21
-22
-22
-23
-26
-22
-18
-22
-13
-16
-11
0
-10
-1
6
7
9
9
12
15
18
21
21
17
20
27
25
24
27
32
33
29
31
39
39
37
39
39
35
38
45
37
35
39
37
36
43
37
29
42
40
32
32
31
30
30
26
18
20
25
22
9
13
15
11
16
10
6
13
11
5
7
6
4
1
-3
-8
-10
-7
-14
-21
-21
-21
-21
-25
-26
-27
-23
-25
-30
-21
-25
-23
-22
-25
-17
-16
-17
-21
-18
-11
-19
-15
-15
-14
-4
-15
-19
-9
-8
-9
-9
-9
-10
-1
-3
-6
-2
-2
3
-4
-4
1
-4
3
0
-8
-9
2
1
-8
-6
-8
1
0
-12
-7
-2
-4
-8
-8
-2
-6
-9
-2
-6
-4
-3
-2
-1
-3
8
1
-2
8
10
1
-6
3
7
0
-8
-4
-4
-6
-7
-8
-3
-9
-5
-2
-14
-4
1
-2
-3
2
0
-3
4
6
10
-3
-4
5
0
1
-5
-2
1
-5
-5
-9
-6
1
-4
-6
-2
-1
1
2
4
3
3
7
7
2
-2
3
1
-4
-5
-9
-8
-14
-15
-9
-15
-19
-11
-13
-16
-17
-11
0
-5
-8
-7
-3
-1
4
4
-5
1
2
3
4
-3
1
8
1
-3
2
0
2
11
3
3
6
5
13
14
12
10
17
15
20
23
9
20
28
21
15
11
22
19
13
15
11
14
11
12
17
13
18
13
16
24
18
19
16
25
28
13
20
11
15
24
8
5
2
1
7
-4
-10
-6
-9
-6
-12
-20
-14
-11
-13
-16
-15
-21
-22
-16
-15
-17
-23
-24
-24
-23
-27
-33
-28
-25
-32
-30
-29
-29
-30
-22
-17
-30
-25
-18
-20
-16
-18
-16
-16
-16
-12
-13
-13
-12
-6
-8
-16
-6
-2
-14
-5
2
-6
-4
-4
-5
-2
1
-1
-2
0
2
4
5
11
13
9
14
14
12
14
19
18
13
20
9
12
20
14
19
14
10
16
19
18
12
16
19
16
20
11
15
21
13
19
15
11
14
14
15
12
10
12
11
4
6
14
2
4
11
1
3
2
1
12
1
-2
4
0
0
1
-1
0
1
-4
-6
-5
-1
-2
-12
-3
-4
-16
-6
-9
-15
-9
-12
-13
-17
-21
-12
-11
-18
-14
-12
-14
-9
-9
-7
-10
-11
-4
-8
-12
-12
-10
-8
-12
-11
-15
-16
-10
-8
-6
-14
-9
-6
-8
-1
-5
-3
2
4
2
-6
4
8
-2
5
3
-2
2
1
3
-1
4
-1
-5
6
3
-2
7
5
3
10
5
11
13
4
20
19
7
7
17
19
9
9
13
9
7
11
9
6
9
10
15
9
7
19
15
16
14
19
24
12
15
26
19
15
17
15
19
13
5
10
12
13
1
1
9
6
4
1
2
3
-1
0
7
4
-3
-1
2
-1
-5
-3
-4
-9
-9
-9
-15
-13
-14
-17
-18
-18
-18
-21
-18
-16
-16
-21
-17
-10
-13
-12
-7
-10
-15
-8
-2
-12
-16
-9
-9
-8
-12
-16
-7
-10
-10
-12
-16
-4
-3
-8
-9
-5
5
2
0
6
4
3
5
7
6
2
3
5
2
3
2
8
3
0
7
1
-3
8
10
-1
4
11
8
