-2
0
2
1
1
4
3
-3
5
0
-1
5
0
-6
-6
-3
5
-2
2
4
-3
4
5
9
5
2
8
-1
3
5
4
4
3
1
-1
-2
-15
-4
-11
-16
-9
-14
-13
-12
-5
-10
-7
1
-2
2
4
10
4
0
-2
-2
6
0
-3
-4
-4
-1
-3
-2
-5
-4
-7
-4
-1
-3
-9
-11
-10
-12
-8
-6
2
-2
-3
-2
-4
2
3
7
5
1
5
7
4
2
9
1
2
4
-1
0
1
-2
-7
-5
4
2
5
4
3
6
5
1
1
3
3
4
2
9
4
-4
-1
0
10
5
12
6
-4
-10
-9
-4
-8
-11
-6
-10
-8
-8
-4
1
1
6
2
6
2
14
18
10
19
25
16
15
4
7
12
7
10
8
4
1
1
0
-1
-3
-6
-9
-9
-12
-11
-5
-2
-14
-6
-10
-14
-7
-5
-3
-2
-4
-4
-2
1
-4
-1
-1
-9
-6
-14
-10
-10
-10
-9
-8
-10
3
-11
-7
-5
-9
1
-1
2
-2
-1
2
18
6
7
6
14
21
9
7
12
12
12
11
0
8
7
1
10
8
1
3
6
4
-2
0
-3
2
4
-4
1
4
0
3
2
3
0
-5
-5
-6
-11
-5
-9
-8
-7
-10
-6
-9
-13
-11
-3
-9
-5
3
5
1
0
1
8
5
-2
6
1
-2
6
9
9
9
3
5
6
7
6
2
-3
-5
-11
-8
-5
-12
-5
-6
-6
-11
-9
-7
-7
-4
-1
6
3
1
0
-5
2
1
-3
3
3
8
14
3
1
10
14
12
10
16
10
5
3
-1
-4
-1
-3
-7
3
2
0
5
5
6
0
-6
-7
2
-3
-8
-4
-4
-1
-4
-3
-14
-15
-19
-15
-13
-10
-12
-16
-12
-12
-4
-3
4
0
-1
-3
-6
4
12
10
22
17
3
10
11
15
5
5
12
10
10
8
9
3
2
3
0
-3
-5
-8
-4
8
-1
0
6
3
5
6
3
3
3
-1
0
3
2
3
8
5
0
0
2
-9
-6
-13
-10
-12
-11
-4
-2
3
-5
-2
-4
-8
-9
-10
-2
0
9
-1
6
11
0
10
5
5
6
-3
-4
3
9
4
1
-1
-4
0
-3
1
-5
-6
1
1
-4
4
-2
-6
-2
-12
2
3
1
-3
-4
-4
-8
0
-3
-3
-5
-5
-1
-5
-8
-11
-10
-10
-9
-12
-15
-13
-3
-7
-2
-2
2
5
-1
11
5
8
13
7
4
15
10
9
3
-1
1
-7
1
3
12
3
-4
2
0
-9
-3
-2
-12
1
-4
-4
1
-7
0
0
2
9
5
4
5
7
9
2
-3
7
4
2
5
3
3
1
-3
6
0
5
7
5
5
-1
2
-1
14
4
7
12
0
12
4
8
2
0
1
2
6
7
10
-3
-3
-7
-12
-13
-7
-7
-8
-9
-9
1
0
-1
1
-2
4
7
4
4
0
1
-6
4
0
-4
-5
4
5
5
0
3
4
-4
-2
-9
-2
-2
-2
-9
3
-9
-8
0
-1
-1
4
4
4
-3
-1
-3
-3
-7
-17
-11
-18
-16
-18
-7
-9
-4
-4
6
7
4
7
3
3
6
4
5
0
3
-2
3
7
-8
0
-6
-3
-1
5
2
0
-1
0
6
5
1
2
4
4
4
2
-1
2
8
-2
6
0
-2
6
5
10
10
7
0
12
8
11
12
5
8
4
3
-7
-7
-10
-18
-11
-13
-9
-7
-4
0
2
-1
-5
-7
0
-3
3
8
0
3
4
1
-5
4
4
-3
6
8
9
10
13
11
4
11
7
7
4
-4
-2
0
1
0
2
1
8
5
-1
5
2
-4
-9
-9
-5
-4
-6
-6
2
-4
1
0
-9
-10
-8
-13
-12
-1
-4
-10
-9
-6
-8
0
-2
0
-2
2
12
0
3
-2
4
7
4
9
1
6
9
9
8
3
6
5
-3
1
-2
-14
-16
-11
-18
-23
-22
-35
-24
-34
-29
-19
-22
-17
-9
-4
-3
-6
-12
-1
-8
-1
-6
-15
-6
-7
-10
-2
2
7
15
19
11
5
8
3
2
0
3
-2
8
20
17
20
26
33
29
34
29
32
28
25
20
19
14
17
11
-5
3
9
10
9
2
12
16
18
11
8
13
9
11
4
5
5
-2
-3
-2
-6
2
1
6
6
10
9
9
10
1
2
-6
0
-16
-18
-14
-15
-14
-15
-12
-9
-9
-12
-17
-14
-13
-21
-28
-19
-16
-20
-16
-20
-19
-21
-22
-13
-5
-11
-13
-17
-10
-11
-10
-6
-12
-2
-8
-16
-13
-12
-16
-10
-14
-9
-12
-14
-11
-7
-7
-11
-4
-2
-4
4
6
1
3
-1
-2
-1
2
9
5
5
9
3
0
1
7
16
8
8
10
17
15
9
10
18
36
24
26
35
38
35
35
33
31
29
28
25
15
17
12
17
13
17
14
23
22
24
25
17
21
23
18
17
24
17
16
18
8
14
5
1
1
-1
-4
-6
-13
-17
-22
-29
-25
-35
-33
-46
-51
-54
-59
-58
-63
-53
-49
-45
-44
-41
-44
-47
-45
-47
-49
-49
-43
-47
-37
-37
-40
-35
-32
-32
-30
-27
-17
-15
-12
-7
-4
-6
-1
7
1
16
17
26
31
39
43
46
48
50
53
47
56
62
63
72
67
70
73
67
75
78
79
75
69
67
67
53
59
59
46
44
42
39
36
33
29
24
12
14
13
3
-6
-4
-8
-14
-14
-23
-22
-26
-26
-27
-36
-31
-29
-37
-41
-42
-36
-44
-44
-47
-37
-44
-40
-35
-56
-51
-59
-68
-76
-68
-77
-73
-83
-97
-102
-108
-108
-123
-131
-132
-137
-138
-137
-140
-141
-142
-135
-134
-139
-127
-123
-123
-115
-100
-94
-75
-45
-32
-2
13
41
74
92
132
170
200
236
266
290
310
316
334
332
332
325
323
318
304
295
283
275
253
233
213
183
158
135
102
82
50
27
14
-4
-26
-54
-65
-66
-87
-98
-108
-117
-117
-129
-131
-127
-133
-137
-136
-139
-128
-129
-127
-123
-126
-122
-113
-110
-120
-113
-112
-110
-120
-112
-114
-127
-125
-128
-138
-153
-155
-172
-179
-187
-195
-210
-228
-251
-273
-313
-356
-395
-437
-467
-478
-474
-469
-435
-388
-342
-279
-197
-122
-40
39
132
206
286
357
418
482
534
578
616
652
679
708
736
743
748
746
729
714
685
643
591
541
479
426
360
289
218
152
82
22
-28
-79
-129
-165
-190
-219
-233
-248
-251
-250
-246
-245
-238
-229
-221
-202
-196
-190
-186
-182
-183
-186
-194
-193
-196
-206
-208
-206
-205
-206
-202
-199
-182
-185
-187
-189
-192
-190
-185
-187
-188
-188
-191
-184
-189
-201
-209
-205
-207
-216
-220
-234
-243
-261
-296
-349
-404
-471
-547
-610
-668
-706
-728
-727
-694
-643
-569
-473
-356
-227
-98
34
165
302
431
549
664
763
848
924
996
1050
1099
1149
1180
1203
1207
1198
1184
1139
1087
1014
927
831
722
608
478
362
243
132
31
-64
-143
-214
-260
-300
-323
-334
-357
-353
-352
-343
-330
-326
-315
-305
-296
-289
-268
-251
-239
-236
-228
-231
-225
-218
-221
-223
-236
-244
-252
-259
-259
-247
-256
-263
-253
-252
-254
-263
-264
-262
-249
-230
-223
-220
-217
-215
-205
-205
-198
-186
-183
-172
-158
-152
-136
-123
-117
-106
-106
-101
-116
-161
-225
-314
-425
-554
-690
-805
-915
-1014
-1065
-1074
-1040
-981
-868
-725
-567
-381
-195
10
213
403
578
746
887
1011
1120
1220
1305
1369
1443
1503
1555
1596
1611
1609
1590
1539
1466
1373
1249
1109
961
790
608
417
235
55
-113
-275
-417
-543
-640
-709
-770
-792
-798
-779
-748
-691
-623
-553
-490
-420
-350
-299
-239
-188
-147
-89
-51
-15
0
5
-14
-31
-41
-53
-79
-109
-151
-210
-251
-290
-302
-317
-317
-310
-298
-286
-267
-250
-257
-263
-268
-277
-276
-280
-288
-262
-240
-213
-186
-177
-164
-163
-164
-162
-150
-147
-136
-115
-98
-85
-61
-47
-63
-110
-201
-340
-516
-719
-931
-1118
-1284
-1422
-1493
-1508
-1436
-1314
-1129
-880
-605
-313
-9
281
563
812
1028
1214
1367
1483
1583
1656
1722
1785
1830
1880
1918
1942
1948
1942
1900
1831
1728
1584
1410
1203
962
708
447
186
-62
-290
-492
-649
-772
-863
-920
-955
-975
-974
-960
-928
-905
-866
-815
-760
-678
-590
-488
-382
-274
-164
-62
30
103
175
230
257
252
208
132
55
-25
-87
-154
-208
-237
-263
-294
-326
-353
-375
-391
-397
-366
-343
-314
-299
-297
-314
-348
-370
-382
-368
-357
-318
-264
-217
-163
-124
-94
-96
-97
-106
-118
-121
-117
-111
-101
-93
-75
-55
-32
-27
-83
-214
-419
-665
-954
-1241
-1524
-1767
-1952
-2068
-2073
-1972
-1774
-1485
-1121
-716
-282
154
576
968
1313
1600
1829
2001
2106
2182
2220
2245
2258
2266
2288
2303
2307
2292
2258
2193
2080
1932
1729
1482
1200
875
541
193
-138
-443
-727
-956
-1132
-1245
-1302
-1325
-1303
-1250
-1185
-1094
-1002
-913
-798
-701
-596
-483
-370
-248
-128
3
108
201
272
330
357
360
326
277
208
116
20
-83
-179
-276
-352
-417
-457
-483
-479
-466
-461
-444
-433
-433
-437
-453
-467
-480
-501
-507
-504
-500
-468
-429
-401
-349
-311
-281
-242
-208
-168
-141
-116
-83
-77
-71
-62
-55
-44
-15
14
36
-21
-203
-497
-868
-1261
-1670
-2063
-2421
-2701
-2858
-2878
-2726
-2411
-1956
-1393
-756
-65
610
1264
1855
2352
2729
2980
3125
3187
3184
3119
3035
2917
2818
2739
2675
2604
2522
2430
2299
2135
1909
1623
1269
880
447
-16
-479
-884
-1244
-1541
-1758
-1886
-1911
-1845
-1715
-1563
-1368
-1160
-948
-755
-584
-433
-312
-219
-140
-41
59
150
263
371
460
540
602
622
599
522
383
223
33
-178
-367
-541
-665
-752
-807
-819
-792
-714
-632
-552
-473
-418
-374
-359
-386
-446
-518
-585
-644
-676
-667
-645
-601
-540
-462
-383
-309
-248
-198
-158
-140
-125
-130
-137
-149
-151
-153
-135
-105
-67
-109
-345
-789
-1311
-1839
-2334
-2845
-3299
-3636
-3804
-3733
-3413
-2817
-2067
-1177
-203
790
1735
2607
3354
3908
4238
4357
4328
4177
3966
3713
3423
3128
2889
2724
2597
2494
2392
2256
2081
1837
1523
1132
667
140
-406
-972
-1495
-1904
-2158
-2302
-2339
-2240
-2011
-1661
-1241
-840
-503
-214
17
189
282
317
284
192
86
12
-7
8
66
135
185
240
277
285
252
153
-11
-206
-394
-568
-698
-786
-828
-810
-736
-620
-480
-318
-179
-99
-85
-112
-190
-296
-428
-573
-710
-823
-863
-869
-832
-766
-688
-601
-520
-434
-345
-271
-213
-177
-161
-145
-133
-102
-72
-51
-31
11
37
33
-192
-763
-1583
-2416
-3118
-3785
-4408
-4869
-5072
-4950
-4459
-3567
-2422
-1157
181
1507
2740
3779
4626
5205
5438
5368
5080
4681
4253
3846
3467
3079
2768
2614
2552
2515
2443
2308
2076
1711
1251
696
70
-592
-1236
-1848
-2382
-2700
-2748
-2573
-2274
-1880
-1376
-828
-291
178
531
728
750
652
451
239
67
-75
-213
-299
-238
-72
164
394
534
583
541
423
267
48
-255
-572
-834
-1032
-1099
-1036
-894
-677
-445
-213
-9
172
292
295
151
-81
-330
-570
-796
-986
-1118
-1174
-1176
-1092
-952
-782
-586
-446
-341
-269
-225
-184
-179
-215
-277
-352
-383
-388
-357
-326
-268
-206
-163
-264
-798
-1772
-2868
-3756
-4466
-5143
-5648
-5829
-5614
-4938
-3769
-2233
-594
1029
2587
3949
5034
5790
6225
6247
5878
5273
4560
3916
3385
2977
2631
2355
2264
2338
2453
2475
2358
2092
1623
1004
291
-486
-1241
-1901
-2411
-2773
-2881
-2626
-2052
-1357
-652
20
655
1226
1592
1640
1437
1093
636
54
-547
-1022
-1296
-1410
-1371
-1122
-715
-251
215
574
766
782
650
414
101
-255
-647
-955
-1128
-1125
-982
-743
-440
-89
227
400
470
454
322
51
-331
-736
-1075
-1332
-1486
-1560
-1528
-1392
-1183
-952
-734
-540
-391
-271
-208
-215
-230
-238
-261
-280
-302
-327
-319
-298
-276
-239
-195
-168
-313
-960
-2202
-3627
-4742
-5456
-6035
-6426
-6446
-5999
-4961
-3371
-1360
680
2478
4052
5324
6211
6689
6807
6488
5750
4832
3919
3211
2773
2564
2448
2315
2339
2524
2697
2701
2436
1916
1143
256
-621
-1430
-2085
-2509
-2661
-2585
-2245
-1533
-557
419
1199
1728
2051
2200
2078
1562
761
-134
-938
-1587
-2022
-2109
-1904
-1479
-960
-347
303
858
1234
1313
1098
641
114
-392
-819
-1116
-1312
-1339
-1151
-746
-240
218
563
768
799
606
268
-118
-537
-998
-1454
-1784
-1925
-1851
-1610
-1337
-1071
-813
-602
-454
-390
-419
-509
-628
-719
-708
-598
-430
-263
-108
3
60
90
69
-24
-143
-328
-605
-1243
-2545
-4217
-5653
-6434
-6808
-6968
-6743
-6037
-4773
-2969
-739
1548
3434
4914
5986
6609
6834
6679
6206
5367
4396
3543
2904
2620
2642
2784
2816
2771
2783
2776
2557
2016
1224
230
-804
-1621
-2165
-2433
-2381
-1995
-1383
-673
196
1165
2008
2487
2551
2290
1841
1351
689
-253
-1236
-1968
-2366
-2508
-2335
-1838
-1232
-631
-77
471
940
1148
1145
887
458
41
-289
-509
-623
-618
-609
-518
-274
53
286
318
237
76
-166
-461
-714
-904
-1104
-1281
-1386
-1377
-1263
-1077
-932
-924
-977
-1013
-989
-929
-816
-693
-575
-439
-235
14
200
272
205
18
-247
-513
-741
-898
-982
-1026
-1176
-1794
-3123
-4796
-6056
-6615
-6815
-6840
-6441
-5539
-4072
-2056
346
2681
4457
5713
6496
6878
6874
6516
5816
4798
3783
2981
2504
2431
2641
2876
2871
2732
2619
2415
2002
1252
274
-791
-1679
-2127
-2173
-1901
-1339
-545
332
1167
1990
2690
3037
2870
2184
1244
315
-428
-1063
-1657
-2090
-2261
-2129
-1742
-1131
-458
44
314
386
423
432
360
219
-3
-217
-265
-157
92
377
544
482
294
117
-31
-244
-577
-914
-1178
-1318
-1304
-1133
-897
-701
-625
-656
-711
-726
-757
-912
-1160
-1409
-1540
-1488
-1258
-921
-545
-205
65
311
470
517
396
115
-267
-654
-976
-1195
-1307
-1328
-1339
-1595
-2584
-4291
-5937
-6838
-7020
-6944
-6585
-5684
-4258
-2283
150
2710
4787
6075
6711
6850
6669
6197
5480
4482
3404
2626
2217
2215
2566
3005
3201
2984
2570
2086
1489
749
-186
-1176
-1954
-2187
-1782
-1023
-38
1001
1944
2631
3057
3229
3078
2535
1528
280
-856
-1527
-1776
-1838
-1773
-1501
-1049
-616
-347
-267
-427
-794
-1209
-1477
-1470
-1193
-724
-165
459
1100
1631
1955
2001
1745
1116
223
-665
-1334
-1727
-1920
-1897
-1611
-1090
-473
89
421
489
254
-254
-880
-1471
-1890
-2114
-2158
-1985
-1614
-1027
-339
303
763
956
909
680
356
-66
-528
-932
-1207
-1324
-1292
-1137
-911
-635
-426
-373
-852
-2418
-4797
-6941
-8030
-8118
-7754
-6890
-5352
-3222
-602
2241
4910
6671
7297
7061
6293
5372
4432
3514
2596
1890
1751
2108
2832
3704
4336
4330
3575
2470
1264
105
-925
-1824
-2450
-2553
-1803
-388
1208
2651
3660
4133
3976
3356
2502
1479
405
-729
-1710
-2220
-2032
-1353
-634
-138
-42
-421
-1157
-1887
-2392
-2655
-2715
-2483
-1800
-645
858
2312
3302
3690
3441
2684
1606
469
-615
-1671
-2570
-3000
-2761
-1969
-916
50
714
1015
1011
696
93
-642
-1417
-2134
-2578
-2518
-1939
-1150
-401
181
506
600
510
263
-106
-550
-910
-1071
-1009
-762
-457
-208
-103
-115
-245
-478
-737
-942
-1131
-1443
-2150
-3717
-5901
-7622
-8066
-7450
-6499
-5294
-3668
-1727
477
2780
4830
5988
6111
5606
4841
4219
3850
3556
3169
2820
2913
3262
3707
4079
4036
3387
2153
853
-227
-908
-1149
-1162
-987
-509
516
1881
3037
3715
3778
3291
2455
1521
712
20
-461
-811
-1075
-1070
-679
-76
281
243
-278
-1199
-2165
-2851
-3182
-3218
-2882
-2174
-1084
305
1781
2955
3429
3214
2563
1611
513
-468
-1196
-1742
-2003
-1885
-1414
-649
77
487
474
181
-202
-645
-1041
-1324
-1503
-1527
-1348
-910
-313
171
407
385
89
-346
-796
-1171
-1403
-1443
-1294
-998
-524
63
499
639
476
83
-365
-862
-1266
-1517
-1587
-1487
-1407
-1873
-3526
-5822
-7498
-7876
-7295
-6459
-5307
-3713
-1767
554
2996
5128
6220
6207
5536
4593
3927
3556
3250
2873
2652
2889
3350
3884
4247
4071
3267
1945
586
-477
-1018
-968
-684
-279
370
1447
2735
3681
4026
3622
2712
1617
594
-163
-648
-770
-796
-813
-649
-250
208
236
-304
-1340
-2512
-3282
-3452
-2981
-2056
-944
201
1295
2335
3086
3256
2633
1521
309
-776
-1469
-1691
-1553
-1262
-875
-435
29
428
582
315
-279
-917
-1362
-1509
-1326
-957
-593
-319
-135
59
140
-13
-418
-1023
-1595
-1903
-1865
-1500
-920
-287
247
577
731
728
472
-44
-702
-1349
-1770
-1867
-1611
-1088
-537
-206
-485
-2133
-4995
-7597
-8689
-8310
-7330
-6006
-4107
-1781
838
3459
5570
6605
6281
5097
3566
2439
2132
2261
2459
2687
3271
4143
4882
5187
4649
3389
1696
-53
-1377
-1978
-1560
-533
562
1551
2603
3732
4459
4414
3472
1948
424
-736
-1327
-1345
-841
-173
251
465
644
725
348
-565
-1853
-3108
-3758
-3644
-2952
-1888
-629
589
1566
2289
2715
2654
1976
843
-252
-1053
-1344
-1156
-793
-376
-51
147
182
55
-225
-648
-1130
-1497
-1579
-1333
-787
-139
364
597
539
270
-101
-528
-957
-1314
-1580
-1686
-1492
-1046
-398
161
430
402
180
-90
-400
-695
-945
-1126
-1190
-1126
-873
-469
-96
102
-65
-960
-3162
-6261
-8628
-9148
-8114
-6496
-4639
-2414
-80
2190
4064
5229
5391
4559
3246
1885
1267
1715
2764
3739
4357
4908
5343
5374
4771
3427
1668
-14
-1223
-1780
-1524
-367
1296
2714
3484
3782
3844
3549
2701
1411
46
-933
-1340
-1122
-348
739
1605
1724
1150
281
-516
-1289
-2142
-2860
-3153
-2898
-2228
-1186
50
1005
1363
1152
658
162
-124
-312
-443
-479
-278
200
693
1028
1045
705
-9
-805
-1387
-1677
-1606
-1306
-918
-499
-10
521
805
708
289
-292
-828
-1266
-1489
-1380
-1030
-627
-339
-161
-53
-28
-197
-522
-846
-1044
-1085
-915
-524
-142
55
0
-219
-499
-696
-794
-785
-779
-893
-1594
-3593
-6429
-8404
-8385
-6993
-5405
-3849
-1991
-69
1704
3145
4036
4149
3592
2809
1967
1700
2431
3746
4705
4944
4984
4960
4644
3848
2581
1187
94
-453
-504
-140
835
2243
3304
3483
3088
2655
2130
1375
556
-48
-332
-336
-55
468
1163
1685
1514
554
-717
-1634
-2115
-2350
-2363
-2087
-1733
-1270
-520
346
909
863
400
-237
-755
-881
-615
-228
124
453
792
1019
1010
774
207
-554
-1250
-1645
-1680
-1324
-723
-147
202
385
543
537
232
-273
-730
-1061
-1219
-1137
-832
-463
-159
15
15
-184
-515
-898
-1201
-1252
-1050
-739
-408
-106
151
251
149
-185
-652
-1105
-1345
-1280
-1029
-691
-420
-740
-2572
-5591
-8079
-8520
-7283
-5693
-4047
-2085
-36
1680
2963
3750
3876
3349
2551
1697
1224
1791
3314
4862
5472
5391
5119
4593
3618
2297
1081
159
-284
-249
206
1190
2554
3677
3833
3065
2141
1420
680
-24
-339
-151
222
511
839
1305
1620
1397
437
-1020
-2302
-2875
-2739
-2290
-1791
-1214
-582
-19
352
479
340
-69
-567
-882
-821
-278
521
1198
1482
1364
1016
468
-215
-895
-1393
-1636
-1639
-1440
-1025
-381
289
621
512
129
-292
-578
-783
-885
-808
-573
-291
-43
140
222
128
-226
-738
-1198
-1469
-1442
-1149
-784
-477
-227
-46
1
-105
-285
-492
-744
-1019
-1214
-1183
-887
-422
-21
-101
-1301
-3893
-6894
-8498
-7945
-6166
-4290
-2419
-462
1170
2194
2701
2936
2767
2202
1606
1202
1363
2441
4300
5836
6127
5480
4549
3510
2254
1114
485
337
434
763
1423
2372
3228
3580
3131
2024
897
120
-310
-457
-108
660
1332
1463
1240
1016
727
90
-876
-1878
-2642
-2863
-2333
-1282
-186
568
884
689
-35
-862
-1322
-1423
-1451
-1393
-929
5
939
1538
1683
1358
660
-222
-1026
-1562
-1636
-1201
-554
-53
155
242
289
160
-186
-589
-843
-960
-921
-621
-64
476
722
622
229
-225
-612
-876
-1076
-1183
-1161
-994
-753
-571
-440
-264
-123
-178
-424
-710
-854
-827
-698
-582
-461
-320
-182
-110
-178
-719
-2382
-5174
-7866
-8663
-7304
-5091
-2946
-899
900
1848
1754
1307
1148
1170
1236
1419
1757
2360
3555
5255
6490
6395
5199
3748
2385
1053
188
342
1252
2087
2423
2638
2954
3008
2549
1728
850
81
-476
-649
-370
356
1317
2025
1986
1142
8
-936
-1542
-1942
-2121
-1945
-1636
-1384
-1060
-506
111
455
311
-188
-711
-987
-807
-259
372
889
1279
1438
1126
407
-267
-518
-557
-752
-1003
-1044
-791
-483
-240
-54
-25
-237
-620
-859
-800
-536
-227
59
236
231
55
-211
-453
-672
-745
-735
-717
-809
-964
-974
-768
-513
-419
-452
-518
-514
-489
-509
-566
-641
-731
-793
-755
-633
-462
-289
-185
-304
-1196
-3234
-5933
-7773
-7560
-5768
-3620
-1628
211
1465
1625
845
162
212
745
1365
1959
2649
3378
4285
5287
5880
5617
4592
3304
2097
1021
463
926
2136
3162
3420
3166
2753
2083
1046
158
-113
43
83
-29
80
537
1014
1204
1042
529
-371
-1368
-2013
-2110
-1763
-1217
-534
73
225
-193
-765
-1001
-903
-725
-556
-296
-64
-27
-62
100
543
907
901
582
142
-315
-673
-767
-602
-291
-86
-65
-135
-308
-514
-635
-497
-235
-32
-20
-168
-343
-485
-559
-526
-379
-316
-380
-526
-648
-700
-716
-729
-748
-735
-762
-842
-900
-813
-587
-352
-229
-266
-473
-754
-994
-1095
-1006
-780
-497
-212
-198
-887
-2528
-4686
-6261
-6371
-5147
-3353
-1435
318
1504
1567
600
-398
-686
-178
665
1574
2567
3504
4159
4397
4321
4123
3889
3639
3274
2705
2099
1738
1897
2416
2925
3168
3098
2687
1844
739
-187
-551
-416
-74
296
652
834
662
146
-443
-834
-1009
-1077
-1105
-1063
-976
-821
-610
-379
-275
-351
-573
-847
-1020
-1125
-1068
-746
-223
311
702
844
775
543
193
-131
-300
-257
-112
41
170
211
159
-18
-247
-466
-597
-616
-562
-502
-497
-530
-610
-661
-642
-627
-649
-638
-631
-663
-736
-807
-850
-838
-772
-720
-724
-736
-727
-657
-564
-477
-461
-523
-605
-691
-757
-765
-677
-522
-306
-84
79
136
2
-410
-1167
-2195
-3075
-3375
-2962
-2023
-890
153
851
955
477
-154
-558
-583
-296
265
1088
2017
2767
3061
2889
2421
1958
1792
1852
1944
2013
2053
2122
2146
2089
1945
1765
1609
1477
1353
1154
932
685
477
360
346
425
475
457
296
51
-236
-485
-709
-873
-910
-780
-535
-338
-325
-528
-781
-936
-989
-981
-863
-712
-500
-289
-178
-121
-166
-246
-288
-256
-194
-139
-115
-145
-165
-225
-277
-309
-325
-318
-255
-158
-134
-134
-211
-306
-341
-303
-215
-135
-62
-44
-71
-109
-200
-308
-405
-440
-433
-416
-381
-406
-465
-539
-604
-651
-653
-580
-472
-365
-256
-205
-203
-240
-276
-272
-240
-118
-11
112
138
67
-189
-632
-998
-1177
-1131
-932
-723
-582
-554
-565
-490
-400
-352
-405
-441
-327
-60
327
665
832
863
845
849
895
911
888
928
1062
1285
1531
1684
1715
1677
1623
1570
1529
1441
1310
1196
1123
1090
1080
1009
878
741
611
482
357
198
9
-136
-206
-200
-199
-262
-389
-562
-700
-774
-822
-840
-829
-784
-709
-619
-554
-503
-526
-540
-546
-542
-491
-424
-332
-259
-166
-106
-53
-62
-93
-102
-111
-28
77
169
226
257
243
188
102
-13
-130
-211
-254
-271
-286
-318
-341
-381
-436
-501
-559
-623
-673
-674
-590
-493
-388
-308
-261
-231
-239
-220
-188
-134
-77
-26
23
43
55
42
-48
-271
-657
-1042
-1261
-1212
-934
-617
-419
-378
-474
-553
-573
-595
-646
-709
-640
-390
-21
326
510
560
467
396
436
515
617
759
1006
1316
1601
1778
1781
1658
1529
1459
1442
1447
1411
1359
1321
1318
1292
1198
1051
843
678
536
410
269
103
-23
-113
-129
-122
-158
-282
-387
-465
-537
-684
-827
-890
-895
-804
-644
-573
-569
-607
-671
-615
-567
-529
-506
-454
-363
-223
-117
-111
-111
-151
-153
-66
26
89
115
83
75
88
37
-36
-87
-119
-129
-94
-75
-87
-150
-243
-294
-324
-347
-386
-357
-276
-177
-97
-89
-132
-223
-292
-288
-247
-218
-217
-222
-185
-141
-109
-106
-112
-105
-104
-85
-68
-161
-410
-753
-991
-993
-860
-672
-592
-604
-713
-802
-797
-802
-856
-944
-915
-681
-303
103
366
526
561
532
558
594
678
804
983
1266
1599
1837
1911
1842
1702
1572
1500
1425
1306
1175
1088
1065
1074
1087
1028
903
764
622
472
312
124
-45
-145
-151
-102
-84
-146
-278
-440
-572
-643
-698
-723
-734
-715
-661
-600
-559
-543
-543
-523
-483
-467
-453
-424
-373
-289
-230
-202
-205
-222
-207
-155
-76
-15
4
-8
-37
-58
-61
-66
-74
-52
-16
10
25
10
-34
-77
-106
-97
-91
-102
-114
-151
-212
-244
-270
-299
-321
-339
-347
-346
-335
-314
-299
-304
-290
-261
-216
-162
-131
-105
-106
-136
-180
-315
-577
-868
-1082
-1115
-964
-777
-636
-589
-680
-743
-746
-711
-649
-618
-509
-306
-18
318
562
678
680
672
729
792
854
919
1035
1204
1396
1513
1522
1421
1300
1221
1214
1249
1258
1254
1203
1167
1122
1042
922
772
629
536
447
357
256
133
76
28
-2
-89
-222
-389
-538
-611
-677
-719
-725
-699
-640
-562
-528
-531
-597
-708
-738
-719
-668
-585
-493
-363
-240
-160
-140
-172
-223
-263
-236
-167
-69
31
133
203
238
248
185
117
58
30
54
70
95
84
67
46
-16
-98
-167
-236
-294
-329
-343
-345
-330
-333
-344
-351
-368
-355
-370
-364
-347
-332
-326
-304
-273
-248
-211
-174
-140
-134
-149
-233
-383
-601
-828
-911
-851
-683
-515
-431
-417
-453
-474
-484
-471
-479
-440
-308
-120
105
324
444
464
464
464
490
552
647
750
931
1150
1341
1442
1429
1368
1277
1222
1210
1203
1212
1183
1174
1147
1058
937
804
666
553
453
338
240
123
39
0
-35
-72
-141
-261
-376
-457
-522
-585
-651
-718
-749
-718
-649
-540
-515
-529
-547
-590
-562
-525
-506
-444
-364
-248
-108
-4
25
21
-2
-32
-10
10
42
86
118
177
213
201
152
84
27
-19
-61
-98
-155
-185
-214
-223
-238
-268
-321
-383
-394
-410
-417
-412
-415
-420
-409
-349
-289
-245
-214
-210
-208
-225
-228
-226
-221
-175
-118
-59
-37
-29
-53
-139
-293
-480
-650
-737
-713
-599
-473
-388
-393
-453
-490
-497
-505
-486
-441
-311
-77
145
336
448
484
498
514
538
618
725
846
984
1139
1266
1338
1306
1244
1199
1131
1103
1080
1043
1015
996
954
896
792
665
565
466
374
298
214
121
47
-6
-54
-95
-137
-216
-297
-374
-441
-516
-566
-574
-560
-495
-446
-420
-429
-449
-440
-437
-432
-434
-399
-357
-273
-180
-143
-128
-146
-167
-160
-140
-102
-84
-53
-33
-18
-24
-58
-93
-134
-142
-112
-92
-93
-101
-131
-162
-175
-224
-242
-253
-242
-212
-181
-169
-193
-247
-271
-268
-296
-278
-290
-303
-285
-254
-220
-198
-186
-184
-185
-168
-160
-160
-148
-135
-122
-101
-107
-187
-311
-445
-531
-543
-489
-418
-378
-367
-359
-346
-324
-303
-293
-269
-198
-83
51
208
332
400
451
509
580
645
692
753
819
913
1028
1079
1101
1098
1068
1040
1017
977
932
891
875
853
809
752
697
638
583
508
432
355
267
183
107
59
15
-54
-127
-196
-254
-324
-389
-437
-527
-561
-569
-574
-546
-539
-545
-567
-544
-563
-532
-490
-470
-415
-373
-318
-294
-261
-252
-225
-210
-182
-150
-122
-73
-44
-10
8
33
31
23
32
16
20
17
14
-8
-51
-88
-136
-169
-199
-234
-251
-255
-264
-272
-296
-315
-316
-315
-330
-316
-300
-294
-227
-162
-140
-135
-140
-147
-141
-122
-99
-84
-46
-37
-51
-56
-106
-170
-269
-378
-439
-439
-410
-350
-310
-300
-272
-235
-213
-207
-208
-182
-137
-46
75
218
315
357
396
430
475
527
568
625
703
804
923
996
1035
1034
1019
990
970
948
921
896
866
851
830
763
682
584
517
457
378
304
220
133
71
6
-51
-122
-198
-275
-359
-393
-434
-496
-546
-579
-579
-548
-524
-527
-534
-519
-511
-485
-456
-434
-417
-376
-312
-258
-191
-176
-156
-136
-128
-110
-108
-99
-84
-57
-44
-1
-15
-66
-101
-133
-136
-121
-110
-113
-108
-118
-102
-122
-156
-180
-194
-195
-185
-165
-167
-159
-169
-170
-186
-194
-206
-224
-212
-192
-164
-172
-155
-143
-154
-140
-130
-118
-112
-109
-90
-81
-88
-93
-103
-144
-200
-250
-288
-304
-290
-272
-252
-226
-228
-226
-175
-146
-113
-77
-22
42
121
203
254
313
378
422
467
526
583
639
694
755
815
862
897
883
860
853
838
818
799
767
745
711
661
592
537
478
411
362
302
229
169
102
48
2
-32
-94
-173
-258
-322
-340
-351
-357
-374
-382
-410
-436
-429
-444
-459
-438
-414
-385
-363
-337
-322
-337
-345
-334
-305
-286
-261
-229
-199
-166
-135
-125
-119
-118
-123
-121
-110
-104
-94
-88
-77
-69
-79
-109
-134
-155
-165
-162
-167
-184
-179
-169
-160
-152
-166
-178
-198
-208
-193
-185
-174
-180
-175
-161
-154
-129
-136
-122
-119
-103
-76
-64
-63
-54
-44
-34
-23
-24
-59
-81
-91
-110
-106
-119
-114
-106
-87
-76
-61
-50
-46
-24
-9
4
51
83
121
155
189
243
280
322
344
387
406
426
467
489
530
571
598
611
620
611
592
601
603
600
597
596
585
563
529
488
439
378
335
308
263
219
168
120
68
15
-32
-66
-103
-147
-175
-210
-244
-274
-306
-319
-350
-370
-369
-390
-387
-380
-383
-372
-356
-356
-362
-364
-354
-335
-319
-310
-311
-304
-302
-310
-309
-287
-279
-267
-227
-222
-195
-183
-194
-201
-202
-191
-173
-141
-125
-99
-93
-104
-107
-116
-128
-124
-104
-81
-48
-19
-10
-21
-34
-47
-58
-65
-74
-61
-35
-31
-33
-39
-58
-56
-64
-72
-57
-54
-51
-32
-29
-30
-48
-58
-51
-51
-27
-12
1
4
30
47
77
98
107
115
148
183
222
252
274
303
329
351
367
367
376
396
432
472
489
488
502
499
476
481
460
454
429
394
391
395
372
344
331
300
259
240
193
144
85
48
37
10
-17
-46
-84
-117
-142
-172
-202
-233
-241
-238
-257
-275
-298
-312
-335
-333
-334
-343
-342
-336
-334
-336
-322
-318
-320
-328
-324
-296
-290
-291
-268
-259
-236
-231
-232
-219
-222
-219
-204
-182
-152
-130
-103
-82
-54
-55
-68
-63
-70
-74
-66
-45
-50
-39
-24
-36
-32
-52
-65
-62
-80
-76
-61
-57
-64
-54
-31
-38
-47
-47
-43
-35
-26
-19
8
30
52
61
73
73
77
85
89
85
95
119
129
155
154
148
149
157
155
160
183
201
227
231
244
249
243
245
246
251
256
286
294
310
323
321
329
329
318
287
285
281
261
263
268
250
237
218
180
157
127
105
101
79
60
53
38
28
2
-31
-68
-83
-99
-117
-137
-148
-150
-178
-206
-214
-214
-236
-251
-253
-260
-271
-282
-299
-319
-334
-329
-327
-316
-307
-291
-262
-262
-245
-243
-223
-227
-230
-216
-211
-205
-179
-159
-146
-126
-124
-120
-124
-121
-121
-126
-114
-99
-92
-86
-81
-61
-53
-57
-53
-29
-28
-23
0
-5
6
14
29
35
45
57
65
75
73
78
83
82
96
93
107
130
129
140
144
135
155
157
153
150
151
163
169
173
176
177
168
163
152
135
144
141
121
132
129
131
136
139
150
139
152
146
148
147
125
134
154
171
177
198
188
189
193
173
165
151
128
134
134
145
159
140
113
82
71
44
7
-17
-39
-63
-68
-71
-98
-106
-131
-146
-173
-192
-215
-236
-237
-262
-261
-254
-262
-250
-255
-260
-257
-257
-249
-247
-240
-223
-232
-226
-226
-222
-221
-216
-209
-207
-195
-186
-173
-166
-142
-129
-99
-84
-79
-71
-55
-50
-31
-20
-6
-1
10
26
26
29
19
26
36
36
44
49
50
72
72
57
51
64
74
80
86
97
108
125
132
134
131
120
119
117
121
112
120
124
130
126
107
92
90
71
65
68
74
71
70
87
99
93
84
88
84
80
79
73
82
93
104
114
127
122
112
122
116
122
117
112
115
107
108
104
108
105
102
106
99
90
83
73
50
34
29
13
7
-11
-18
-30
-47
-54
-73
-84
-100
-120
-132
-132
-155
-156
-153
-176
-165
-176
-187
-195
-215
-215
-210
-215
-220
-204
-187
-175
-175
-169
-165
-164
-164
-149
-134
-130
-111
-96
-89
-80
-72
-61
-62
-51
-29
-28
-3
15
3
13
15
22
24
24
37
31
45
58
59
60
57
39
30
28
37
40
49
48
48
31
26
37
25
22
35
34
33
50
60
51
54
47
45
48
58
64
72
78
80
89
88
76
62
51
41
43
36
49
50
60
59
57
59
64
63
60
66
79
87
100
95
102
98
92
88
81
88
99
92
87
89
84
72
66
59
54
57
38
24
23
7
-8
-29
-40
-47
-43
-50
-59
-66
-72
-80
-73
-86
-101
-98
-103
-105
-109
-106
-99
-105
-106
-107
-105
-94
-97
-84
-89
-91
-92
-86
-92
-84
-75
-79
-76
-73
-68
-55
-41
-34
-41
-43
-37
-37
-30
-27
-20
-10
0
-1
5
8
8
2
7
0
-5
-4
-1
16
28
31
31
17
18
17
13
12
27
39
45
45
35
35
28
34
32
21
8
13
17
21
14
13
16
15
17
12
14
16
14
7
-4
1
-2
6
6
15
19
3
14
4
13
30
25
41
45
37
54
56
57
73
79
72
76
71
59
69
72
67
58
42
51
49
40
37
34
31
20
16
15
8
9
5
-7
-8
-18
-18
-28
-20
-21
-35
-33
-29
-35
-48
-44
-58
-63
-71
-68
-66
-48
-47
-44
-57
-64
-47
-59
-73
-64
-66
-63
-50
-44
-31
-26
-20
-30
-19
-8
-8
-7
10
6
15
20
26
41
42
49
32
37
28
34
37
30
30
19
24
35
27
16
17
9
2
-9
-14
5
6
-3
-3
-2
1
-1
-20
-24
-24
-34
-35
-39
-34
-35
-21
-28
-29
-32
-48
-50
-47
-44
-43
-40
-28
-20
-5
-10
-6
-21
-24
-1
-8
5
20
15
32
43
43
39
35
46
49
50
52
52
51
47
54
58
53
46
46
42
26
24
24
31
42
35
30
25
18
-1
-17
-17
-20
-15
-25
-22
-25
-25
-24
-29
-25
-21
-30
-29
-37
-31
-27
-28
-8
-6
-9
-6
-9
-18
-12
-2
-13
-11
-6
-11
-2
-12
-9
-12
-4
2
1
2
13
25
27
21
14
6
-8
-1
1
-2
20
18
19
18
13
13
8
15
7
11
18
21
18
14
31
26
22
20
4
16
11
3
-9
-21
-14
-19
-18
-19
-32
-50
-45
-45
-34
-22
-40
-45
-44
-54
-38
-36
-35
-21
-25
-28
-29
-25
-32
-22
-29
-25
-12
-10
4
9
19
26
24
23
27
29
34
36
47
49
49
47
40
41
23
13
9
12
6
6
7
-1
-2
-6
-11
-6
-6
0
0
-12
-12
-20
-6
-3
2
7
21
13
3
12
11
21
12
7
-1
-12
-10
-2
-2
1
16
-2
4
17
8
9
0
-12
-19
-18
2
-3
-6
1
2
11
3
-5
-10
-6
-3
-4
4
12
6
11
28
17
17
26
28
29
22
20
23
24
27
16
21
18
14
7
-2
-4
-12
-15
-13
-8
-18
-11
-10
-5
-1
-8
-9
-15
-24
-20
-25
-27
-28
-28
-24
-21
-26
-23
-34
-37
-13
-24
-16
-20
-20
-23
-23
-18
-21
-9
-18
-11
-10
-2
1
-8
-29
-32
-23
-15
-20
-18
-13
-12
-7
-1
-4
0
4
12
16
13
23
26
22
29
27
35
35
19
24
31
40
32
25
23
21
22
16
8
3
8
9
10
6
-1
-22
-12
-17
-26
-24
-32
-25
-20
-34
-16
-4
-17
-15
-21
-12
-2
-15
-13
-7
-2
5
9
12
14
21
28
17
28
35
31
31
27
29
35
36
24
28
27
13
19
33
32
37
35
24
37
50
48
36
40
30
25
33
34
33
23
6
-9
-12
-20
-23
-11
-9
-19
-41
-47
-47
-44
-46
-44
-49
-50
-38
-32
-27
-21
-28
-23
-31
-31
-13
-13
-23
-28
-13
0
5
0
-1
1
13
15
13
14
6
13
17
17
16
10
5
-1
-10
-6
-6
-17
-24
-29
-29
-20
-18
-16
-10
-10
-13
-42
-35
-30
-42
-48
-51
-42
-55
-58
-57
-66
-65
-72
-80
-74
-64
-58
-39
-51
-55
-46
-27
-12
-6
-1
0
8
14
28
32
31
41
48
46
48
38
45
49
64
76
80
85
78
87
99
89
87
82
70
74
73
93
81
78
76
77
91
67
60
66
45
47
33
22
17
3
0
8
4
-13
-17
-21
-27
-31
-31
-32
-43
-38
-28
-34
-35
-36
-33
-41
-40
-41
-35
-27
-32
-31
-26
-18
-22
-31
-28
-33
-32
-27
-18
-17
-17
-5
-8
-3
-6
-17
-27
-29
-25
-29
-23
-16
-16
-10
-6
-19
-12
-9
-26
-18
-18
-27
-42
-40
-27
-30
-25
-43
-48
-32
-28
-26
-19
-14
-11
-12
-13
-15
-7
-4
11
1
-1
1
-4
-3
-4
-5
-8
4
-1
13
3
6
12
19
27
23
29
30
38
49
50
59
61
62
62
65
64
66
68
72
72
72
70
63
60
61
71
50
38
33
20
15
15
24
15
20
17
11
9
-7
-8
-3
-2
-6
-12
-20
-13
-17
-16
-5
-22
-25
-26
-22
-17
-10
-11
-16
-9
-20
-32
-34
-38
-25
-37
-42
-39
-38
-39
-38
-35
-41
-44
-35
-41
-55
-48
-47
-52
-52
-49
-52
-42
-39
-37
-33
-40
-53
-51
-52
-54
-53
-54
-52
-64
-57
-60
-56
-48
-40
-36
-38
-32
-39
-43
-48
-41
-44
-51
-39
-43
-35
-44
-33
-31
-33
-21
-27
-26
-28
-17
-19
-1
12
26
37
28
43
59
68
87
90
83
84
106
110
109
103
118
126
125
120
120
127
123
119
121
118
112
109
119
122
121
123
109
107
98
93
90
70
66
70
49
49
50
49
40
32
31
23
10
-4
4
11
10
12
15
1
-5
-9
-23
-24
-13
-11
-18
-22
-22
-29
-42
-40
-47
-49
-48
-55
-49
-54
-47
-46
-49
-49
-42
-58
-55
-56
-61
-66
-67
-59
-67
-60
-56
-59
-63
-65
-68
-80
-71
-68
-78
-69
-71
-66
-71
-72
-76
-78
-85
-79
-80
-79
-82
-80
-85
-84
-80
-83
-71
-71
-67
-66
-64
-56
-55
-55
-46
-45
-44
-49
-42
-30
-28
-14
0
0
-1
7
11
3
4
1
4
13
15
20
19
16
11
10
20
13
10
7
18
21
23
39
40
48
46
50
51
52
57
56
50
51
51
64
62
68
71
63
62
57
60
46
45
49
52
58
51
48
45
49
51
50
44
49
52
49
44
48
52
40
51
51
48
49
37
48
50
47
45
45
34
27
29
35
52
42
36
37
38
33
34
31
35
31
29
23
25
32
20
27
22
11
19
19
11
-4
-12
-13
-17
-27
-30
-36
-40
-35
-36
-40
-36
-44
-50
-53
-61
-66
-68
-60
-59
-66
-55
-58
-60
