10
26
17
31
28
38
43
43
33
40
41
29
35
41
30
36
40
-1
17
27
18
15
8
7
0
-16
-19
-19
-24
-20
0
2
17
14
-9
-14
-13
-7
0
10
-5
-21
-11
-18
-16
-12
-23
-22
-22
-11
10
-12
-9
-1
-14
3
-2
20
26
7
6
32
34
34
45
41
53
47
61
59
48
34
49
38
31
42
29
14
15
-5
-4
-16
-15
-8
-3
4
-2
11
1
14
-7
-21
-22
-32
-34
-51
-49
-24
-18
-14
-6
-7
-13
-7
-11
-6
-1
-23
-19
-31
-19
0
-20
-9
2
14
14
9
9
-3
14
20
14
5
-11
-13
-16
-2
1
-15
-19
-10
-1
-15
-5
-6
-11
-20
-23
-14
-16
-5
6
17
-1
7
15
12
20
21
7
-10
-17
-11
2
1
1
-15
-20
-13
-24
-20
-31
-21
-14
-14
-6
-7
-1
4
7
13
9
10
-9
-11
15
16
18
16
27
37
41
28
36
9
6
5
9
1
4
8
-1
18
6
23
16
5
-7
4
-7
3
13
1
-1
4
-2
8
-3
6
9
1
14
12
-5
-15
-10
-5
-7
-33
-18
-22
-25
-23
-26
-48
-43
-32
-37
-34
-26
-8
-5
-14
-7
-21
-22
-2
5
7
0
-7
-2
6
-22
-12
-10
-13
1
-11
9
10
0
1
-8
6
18
15
3
13
9
17
16
9
25
30
18
29
47
45
28
22
31
9
16
13
17
15
11
17
20
9
22
27
16
9
10
18
26
11
19
12
17
47
18
0
-1
-3
-19
-23
-27
-40
-40
-23
-13
-20
-5
-12
-25
-20
-13
-10
-26
-16
5
-11
-6
-13
-15
-15
-30
-10
-5
-11
-20
-11
-19
-22
-21
-8
-1
-14
-8
-2
16
10
23
19
14
12
28
20
22
14
25
42
37
45
33
24
14
7
15
20
-6
-2
-6
-16
-24
-4
-2
-17
-27
-36
-37
-34
-37
-30
-11
-37
-26
-13
-9
-12
8
-1
-2
0
3
-4
-1
-6
-27
-35
-22
-3
-17
-21
-14
-2
-13
2
4
-5
-10
-11
-19
-32
-24
-11
-18
1
22
9
40
37
34
23
30
44
36
25
22
25
12
4
7
-10
-4
16
18
-1
-8
4
14
22
11
-3
-5
-1
-12
-21
-9
-14
7
17
5
13
22
28
16
13
28
5
4
0
-9
6
-13
-27
-8
2
-8
-20
-10
-5
-17
0
-6
10
22
4
-14
2
8
1
0
-3
-5
-14
2
9
6
2
-5
-2
-4
-2
3
-10
-30
-37
-15
-17
-3
-5
3
-6
-27
-21
-28
-14
-36
-40
-12
-8
7
9
16
33
18
13
12
27
7
24
15
2
20
6
14
12
11
16
39
38
19
12
21
25
31
45
33
25
24
21
16
1
-2
6
11
-1
-13
-18
-31
-24
-1
-10
-24
-30
-34
-38
-52
-33
-22
-27
-17
-32
-45
-35
-34
-17
-25
-23
-11
-10
4
4
-2
-5
1
3
-3
-20
0
18
17
-8
-15
-4
-7
-19
-4
-4
-11
-8
-8
-1
4
-2
-11
14
21
16
20
16
23
23
1
23
16
9
20
11
9
25
19
31
35
37
48
12
25
14
0
-8
7
7
1
15
4
9
-3
10
19
32
18
10
14
3
16
8
-2
-5
-9
4
11
-1
5
-18
-24
-34
-35
-22
-23
-33
-49
-31
-28
-38
-29
-17
-2
-17
-11
3
-12
15
5
8
22
16
6
2
26
21
6
3
-4
5
-5
1
7
-2
1
-8
-15
-25
-6
-24
-7
2
0
-7
-2
6
5
-1
5
15
-6
11
15
9
2
-1
-27
-17
-7
-14
-3
-17
-12
5
-7
-8
1
4
-5
-19
-6
3
-5
6
3
15
11
6
20
13
20
16
15
20
-1
-10
-7
-4
7
-1
8
-5
-17
-7
-6
-17
-8
0
5
0
10
-2
-5
9
-3
-3
-5
5
-11
1
4
10
18
23
22
28
19
14
8
11
2
-5
5
-12
30
33
13
9
9
-7
5
10
-2
-14
-13
-6
-23
-19
-7
-3
-11
0
-1
16
-1
-1
-12
-18
-6
-9
-8
0
-15
-20
-16
-17
-8
-21
-26
-19
-21
-21
-18
-19
-8
1
4
-16
-22
-17
-14
-2
1
-14
-30
0
-5
-17
-7
-12
3
19
-5
7
29
16
11
-5
6
12
14
27
17
26
13
19
23
28
16
17
34
33
30
34
37
22
46
43
26
25
27
-7
0
28
-2
-13
-3
-19
0
5
-28
-14
-8
-41
-19
-10
-21
-9
-6
-24
-20
-13
-41
-37
-18
-47
-42
9
5
-16
1
-10
-14
-18
-39
18
12
-30
-3
4
-16
-15
18
11
32
23
-24
21
27
-18
45
78
-19
-13
34
0
-43
4
48
19
-15
16
54
-31
-61
-6
-12
-48
-37
0
2
-45
21
102
-4
-66
56
85
-86
-21
140
26
-103
66
149
-60
-76
164
46
-169
46
164
-92
-123
179
60
-205
20
169
-148
-145
183
49
-206
43
205
-140
-126
213
19
-247
75
141
-227
-104
193
-95
-239
159
82
-266
-12
206
-178
-161
219
-25
-249
126
124
-247
-6
215
-180
-185
217
-8
-235
129
195
-219
4
285
-116
-130
269
22
-212
192
121
-244
98
234
-170
18
304
-104
-159
274
26
-275
120
136
-291
-10
244
-162
-130
255
-35
-239
189
71
-215
71
135
-154
26
210
-107
-66
184
-15
-151
143
103
-166
77
165
-152
-47
190
-135
-134
173
-50
-216
123
71
-207
80
147
-181
-47
214
-168
-125
222
-65
-167
204
7
-213
162
88
-183
89
217
-201
32
215
-142
-14
200
-61
-103
180
-23
-118
115
23
-194
83
57
-137
127
76
-114
36
144
-203
15
168
-101
-93
142
-36
-182
121
0
-30
-17
94
-61
-37
57
-78
-45
31
-10
-110
25
14
-101
-63
148
-47
-119
89
39
-155
-2
99
-211
19
78
-159
-31
115
-95
-28
124
-99
-36
127
-58
-81
164
-28
-72
72
26
-236
39
30
-175
51
89
-110
-107
44
-110
-11
64
-79
-84
87
-98
33
13
66
-26
38
43
42
-24
13
50
-28
-1
101
47
13
60
79
32
63
74
4
42
8
28
-63
57
-41
18
82
59
-25
47
49
-2
-40
169
5
-10
-8
83
-7
11
-77
22
-24
-16
33
29
-33
-89
54
71
-142
-18
157
-59
-69
61
68
-84
-2
28
30
-33
54
56
-31
84
-19
52
-15
-65
-1
0
-53
-76
75
-64
7
-37
19
-56
-11
16
-77
15
-54
-80
-3
48
-166
81
98
-116
82
208
-28
-89
268
-58
14
121
-22
0
4
7
-15
88
-25
-28
69
23
-128
138
-88
-63
106
-30
-47
-37
4
-70
37
-104
-30
19
-62
-103
125
-128
25
57
-139
25
25
-61
-34
70
-92
2
34
-82
-86
86
-159
78
-113
24
-9
-67
-56
13
27
-101
-6
63
38
-63
110
-21
-76
10
17
-169
128
-97
26
23
25
-42
44
61
12
75
46
49
-2
50
-41
-56
94
-54
-92
99
-89
83
-116
-79
75
33
-194
88
129
-211
85
185
-163
-48
98
50
-86
-31
203
2
-56
124
153
-184
50
110
-44
-20
112
50
-11
-85
8
54
-32
-80
74
120
-186
43
171
-108
-282
174
64
-297
82
123
-13
-137
54
201
-157
60
215
-3
-82
-3
152
-117
-9
88
37
-64
-154
155
-148
-172
221
56
-29
-18
113
15
-170
182
83
-107
-31
181
-59
-330
276
20
-231
85
234
-161
-99
272
45
-121
22
116
-115
-139
61
151
-259
-7
171
-223
-44
41
-13
-132
87
-7
-41
79
7
-29
-71
-43
38
-5
-176
197
-20
-266
135
2
-109
-18
81
61
-86
-16
186
27
-198
108
173
-145
37
287
-76
-138
119
16
-226
23
154
-176
-18
158
44
-218
73
175
-247
-56
227
-15
-135
184
104
-106
-136
204
-12
-267
195
74
-106
76
-17
25
73
-167
68
-79
-162
191
-52
-213
230
139
-263
-8
237
-257
83
70
-110
144
62
71
-126
-10
170
-138
13
197
-69
15
58
-192
46
48
-118
86
-106
54
29
-79
-200
52
53
-158
87
178
-124
-23
158
-174
-167
254
-69
-66
189
-33
7
-7
22
-18
132
-151
-25
79
-115
145
-94
3
58
-32
80
-142
-17
20
53
118
-65
-24
125
-39
-111
260
-197
1
209
-88
-194
29
93
-18
-112
104
80
-211
52
71
-240
121
7
-267
107
157
-93
41
224
-43
70
-151
-56
59
-285
66
56
-235
113
6
39
-85
116
89
-55
-11
-126
46
90
161
-139
-12
177
-90
-84
158
92
-265
-4
40
-177
176
46
-128
275
-34
33
64
73
-253
-88
240
49
-125
40
29
-96
172
86
-77
-86
246
-110
29
29
11
185
-73
-179
59
-30
-276
194
-34
-172
127
53
-78
55
-127
2
-36
-71
140
-88
18
148
-96
-47
90
10
-82
84
-96
87
-73
-53
124
-65
-92
57
-21
-139
157
31
69
6
-64
-5
23
94
-109
24
234
-101
-230
155
-36
18
72
-17
57
-61
-39
246
-195
-23
186
-199
68
16
-75
39
94
-155
-87
138
-162
-76
99
-67
-32
50
39
-41
-53
-16
52
-208
87
153
-94
43
118
-123
-125
202
1
-43
86
89
-75
-104
160
22
-151
208
-64
6
-37
-172
28
65
-224
-94
233
-192
-180
168
-82
-172
271
-10
-121
157
115
-93
-2
156
-176
18
113
22
-83
128
144
-176
31
66
-59
-39
244
-45
-18
95
29
-132
48
-25
39
-61
-68
-29
27
127
-47
168
-98
-191
-119
245
-120
-144
256
4
-142
22
105
-280
89
60
-152
52
48
91
-2
-9
185
-57
-184
96
-44
-154
90
21
102
-116
235
-13
-238
115
4
-155
134
12
-92
64
-52
-2
82
-187
133
52
-195
81
69
198
-111
18
176
-141
11
89
34
-87
-151
74
-57
-27
44
28
85
75
-241
91
143
-379
71
81
-12
22
-131
-49
149
-89
-200
261
172
-306
81
387
-310
-45
294
190
-201
54
186
-256
109
135
-222
140
230
-340
46
182
-373
35
144
-176
-2
-2
-20
-51
-15
-227
-45
120
-134
253
141
-3
38
-43
35
-194
13
100
-86
100
-50
-252
-48
-61
31
5
98
224
-107
13
23
-212
155
-189
-50
14
21
159
-150
93
73
34
-28
-53
53
-60
183
201
-51
-11
208
-202
-82
183
-120
-40
85
130
-196
-48
109
140
56
-256
150
159
-250
-50
293
-75
-177
-20
-59
-34
-63
-186
194
-5
-136
181
38
-181
-128
280
-169
-22
206
-176
69
224
-265
-322
276
-31
-485
155
260
-313
-19
363
-255
-14
279
-117
6
5
-104
-79
111
108
47
207
-109
148
-22
-163
108
-25
55
97
-27
-112
199
-23
-264
-24
14
-22
-56
288
64
-45
197
-45
-342
85
133
-111
95
449
-118
-218
105
45
-119
180
202
-181
138
108
-80
-27
178
-129
-157
-14
50
-50
0
2
67
-59
64
-125
-278
186
50
-232
157
89
-81
188
-306
-159
326
-173
-250
182
71
-120
-155
159
25
-302
130
-22
-119
44
24
-199
-61
179
-85
31
201
64
-205
72
109
-197
6
291
-326
-164
543
-353
-216
448
-131
-122
330
-109
36
52
-101
140
-152
-71
134
-83
-131
46
-10
-77
84
160
-358
121
161
-248
-13
179
-72
-205
274
-156
-245
200
105
-366
145
246
-93
-421
348
96
-481
319
134
-222
-23
242
-235
-45
201
-34
-104
318
202
-103
215
256
-196
-29
292
-135
29
179
54
-41
207
27
-114
181
74
-73
34
135
-24
-154
1
9
-17
-46
-29
39
-7
-187
214
194
-285
57
211
-311
-85
171
-162
-14
-13
47
-43
9
0
11
-51
-2
16
32
-88
-15
-25
-86
104
-170
-38
18
-84
-138
169
-77
-123
9
-48
45
-92
-26
64
11
-226
17
48
-73
-216
187
102
-265
162
195
-289
128
227
-101
-79
90
38
-176
-39
113
78
-209
38
-21
-132
-86
-10
61
60
0
-54
187
-3
-200
206
5
-69
12
-26
36
-39
154
150
-106
72
150
-46
19
156
-124
-23
137
-37
-48
84
15
127
-26
-157
243
-3
-295
154
180
-246
-59
373
-156
-202
268
79
-232
-49
63
-36
-161
229
8
-231
102
101
-147
-96
188
64
-75
-95
61
89
-94
-12
38
-116
-53
-10
81
-94
14
184
-23
-186
143
151
-149
-163
178
-283
-51
118
-91
-25
90
63
-126
-169
58
133
-54
12
219
113
-73
170
91
-77
-4
272
-55
-117
91
144
-126
-8
152
-66
47
23
59
-130
-47
54
-37
-149
63
-100
-299
11
59
-101
-134
188
52
-320
-111
373
-192
-435
256
224
-259
-197
284
54
-267
127
91
-240
-55
195
133
-100
140
80
-131
108
110
-192
135
354
-174
12
161
-57
-223
-60
267
1
-53
326
83
-246
112
-19
12
105
-173
-5
-64
-215
-144
104
-20
-123
35
160
-137
-191
206
-151
-257
44
20
-27
-85
128
202
-111
21
171
-117
-32
149
-107
-83
157
-9
-22
136
38
-112
-42
169
19
-110
80
175
-86
-131
163
53
-131
-9
140
-78
-73
220
96
-136
252
251
-314
49
233
-168
-50
146
-6
-99
123
28
-182
-81
2
184
39
6
431
-149
-314
358
62
-346
82
147
-204
-228
106
-159
-442
116
218
-117
34
132
-282
-160
227
120
-116
49
195
-175
-147
386
-172
-517
208
130
-464
-102
420
-342
-350
388
220
-257
-67
172
-146
-252
-133
245
75
-354
-62
293
-83
-189
303
32
-219
330
309
-209
19
280
-209
-119
439
127
-49
86
206
45
3
196
-178
-148
358
180
-49
194
-48
-255
-241
-74
192
-378
-133
329
82
-187
72
98
-186
-364
-201
130
-50
-121
34
109
-75
-326
-128
37
-135
-71
274
148
-189
-53
9
9
-48
-48
109
60
69
134
91
89
40
-112
-133
126
97
15
149
274
136
-141
19
37
-100
-67
201
226
63
287
233
-120
-117
101
-252
-238
84
-16
-112
-117
89
-157
-391
-204
-22
30
-3
237
266
-34
-66
-36
-42
-96
-99
14
197
123
165
98
-25
-17
-137
-108
-5
51
-37
81
126
-43
-169
-193
-144
-32
98
96
63
84
19
95
117
-19
112
79
-22
35
143
182
-53
-190
-101
74
22
-177
30
266
51
-222
-52
24
-149
-157
66
118
-60
-79
-108
-21
45
-4
3
16
-32
-141
-81
-16
111
11
-37
119
6
-42
75
41
13
-5
-61
-85
-188
-187
-92
-128
-44
41
10
-55
-96
14
32
-65
-1
89
7
36
186
122
21
-44
-12
15
-29
-11
-47
-89
-73
-87
-28
-46
-66
22
24
42
13
-70
-116
-66
24
144
207
158
68
40
45
2
34
55
50
37
-19
-20
-8
42
43
71
144
124
93
41
-10
-2
20
2
-12
-27
-54
-48
-68
-90
-78
-92
-88
-39
6
2
17
17
24
67
91
105
98
108
34
-33
-28
-21
-28
-3
50
28
36
24
-47
-97
-65
-3
85
195
249
262
230
206
160
118
33
4
70
52
32
-12
-59
-101
-94
-65
-70
-16
16
4
-7
-17
-82
-175
-209
-209
-162
-148
-152
-137
-133
-190
-214
-213
-267
-283
-248
-224
-207
-167
-208
-264
-301
-343
-396
-376
-329
-334
-315
-275
-229
-238
-231
-198
-175
-88
16
134
218
318
381
388
431
481
533
550
667
741
777
809
801
761
705
660
596
583
607
600
607
569
511
432
354
302
232
251
248
222
150
44
-31
-41
-49
-62
-79
-131
-181
-261
-242
-217
-233
-273
-284
-277
-272
-199
-242
-313
-377
-452
-511
-614
-785
-1263
-1938
-2652
-3065
-3129
-2993
-2797
-2636
-2349
-2109
-1855
-1629
-1333
-935
-494
171
937
1651
2066
2316
2446
2583
2793
2962
3118
3220
3265
3132
2907
2587
2131
1625
1210
948
741
516
187
-208
-628
-1020
-1310
-1453
-1540
-1564
-1507
-1409
-1383
-1454
-1484
-1292
-959
-574
-91
314
597
806
970
1098
1172
1238
1284
1389
1481
1438
1223
952
637
375
219
111
11
-97
-239
-403
-583
-792
-954
-1000
-890
-705
-558
-428
-384
-413
-424
-468
-443
-313
-75
138
274
400
462
496
556
615
567
297
-504
-2095
-4030
-5284
-5158
-4055
-3109
-2940
-3262
-3527
-3560
-3378
-2968
-2346
-1509
-416
985
2356
3071
2960
2481
2489
3241
4235
4964
5191
4993
4510
3943
3445
2979
2371
1727
1399
1385
1261
701
-338
-1450
-2185
-2459
-2380
-2175
-2020
-2039
-2062
-1919
-1662
-1451
-1297
-996
-409
471
1267
1738
1810
1682
1575
1601
1754
1636
1321
990
885
844
636
279
-215
-600
-815
-759
-715
-818
-1033
-1220
-1187
-1009
-812
-820
-857
-814
-585
-236
72
272
355
518
762
1055
1153
992
728
613
722
835
843
627
240
-105
-294
-370
-471
-588
-715
-719
-637
-557
-583
-659
-673
-682
-817
-1335
-2676
-4484
-5628
-5115
-3420
-2169
-2004
-2501
-2762
-2676
-2280
-1648
-898
-47
822
1905
2925
3507
3179
2417
2283
3050
4161
4726
4662
4091
3345
2655
2221
2005
1660
1202
838
757
641
122
-818
-1799
-2254
-2115
-1675
-1291
-1151
-1270
-1475
-1427
-1119
-668
-300
-9
439
1056
1602
1763
1569
1290
1113
996
970
1038
1072
895
486
79
-279
-570
-831
-956
-928
-817
-789
-932
-1081
-1266
-1268
-1102
-774
-400
-118
25
74
227
380
525
684
921
1073
1115
1074
978
843
671
555
455
340
225
74
-170
-416
-555
-636
-646
-594
-512
-440
-406
-321
-383
-580
-1186
-2543
-4490
-5883
-5445
-3634
-2028
-1819
-2553
-3167
-3196
-2762
-2050
-1057
-38
872
1744
2604
3194
3051
2407
2175
3008
4301
5067
4955
4222
3328
2544
2153
2092
2042
1716
1198
791
454
3
-808
-1792
-2307
-2129
-1604
-1180
-1111
-1381
-1743
-1847
-1512
-846
-136
323
621
969
1367
1611
1569
1375
1311
1512
1802
1777
1293
564
-161
-555
-744
-737
-826
-1092
-1364
-1509
-1418
-1367
-1347
-1293
-978
-525
-81
233
255
243
284
544
905
1223
1319
1190
1112
1090
1157
1078
916
716
628
587
422
153
-239
-563
-794
-864
-855
-760
-721
-726
-711
-718
-739
-938
-1467
-2714
-4386
-5548
-5157
-3441
-1984
-1805
-2587
-3226
-3234
-2704
-1875
-852
138
876
1465
2075
2657
2763
2422
2324
3018
4153
4805
4597
3855
3026
2426
2173
2218
2271
2002
1365
659
156
-212
-725
-1369
-1785
-1743
-1402
-1173
-1248
-1535
-1828
-1907
-1547
-794
-11
432
526
604
894
1268
1472
1506
1529
1676
1734
1588
1129
523
91
-104
-80
-118
-265
-649
-1036
-1267
-1224
-1083
-1121
-1077
-1004
-753
-507
-271
-140
-88
113
413
739
934
1029
969
861
898
1019
1143
1091
987
833
672
543
289
-48
-397
-532
-528
-406
-344
-470
-642
-815
-824
-777
-877
-1450
-2738
-4422
-5562
-5088
-3358
-1982
-2009
-2948
-3611
-3536
-2846
-1942
-961
-40
573
1026
1545
2217
2553
2400
2363
3009
4109
4699
4484
3773
3066
2613
2474
2632
2748
2467
1704
893
327
3
-343
-860
-1273
-1381
-1232
-1210
-1446
-1765
-2036
-2051
-1713
-1019
-308
53
34
-24
184
673
1158
1422
1553
1634
1667
1496
1197
806
423
208
178
302
229
-140
-704
-1094
-1135
-972
-786
-802
-841
-868
-795
-640
-467
-267
-150
9
238
539
702
721
619
586
782
972
1092
1067
938
740
546
394
227
79
-51
-135
-168
-206
-287
-444
-605
-679
-670
-812
-1438
-2851
-4583
-5449
-4547
-2705
-1665
-2125
-3272
-3903
-3749
-2931
-1829
-766
-79
109
318
922
1785
2197
2109
2204
2962
3985
4441
4243
3667
3075
2670
2721
3138
3343
2960
2068
1183
660
446
195
-216
-565
-752
-878
-1114
-1420
-1773
-2132
-2215
-1880
-1266
-721
-599
-768
-834
-566
-40
509
849
934
893
930
1112
1347
1405
1096
705
551
675
759
574
173
-210
-450
-505
-434
-431
-566
-802
-953
-831
-588
-412
-396
-460
-387
-173
54
211
276
225
217
342
573
771
801
671
466
382
400
409
329
185
56
-27
-31
7
-45
-205
-387
-634
-991
-1751
-3036
-4343
-4644
-3499
-2143
-1892
-2711
-3647
-4003
-3697
-2795
-1687
-774
-499
-644
-460
372
1385
1846
1898
2139
2829
3530
3908
4002
3786
3336
2989
3193
3692
3877
3418
2509
1704
1257
1077
927
659
306
-129
-632
-1059
-1321
-1572
-1874
-2042
-1887
-1543
-1366
-1410
-1543
-1518
-1250
-774
-277
44
190
198
173
263
592
888
837
588
502
714
871
847
778
584
325
220
285
375
353
135
-171
-324
-268
-135
-105
-173
-240
-305
-346
-257
-119
-73
-116
-110
21
174
239
214
131
87
127
189
230
187
95
-19
-89
-62
-8
-24
-124
-331
-652
-1318
-2425
-3453
-3568
-2678
-1744
-1671
-2387
-3188
-3537
-3320
-2633
-1718
-1131
-1082
-1274
-1090
-318
538
953
1013
1201
1678
2259
2779
3125
3085
2694
2464
2795
3402
3734
3516
2885
2230
1797
1655
1698
1745
1514
993
375
-106
-332
-514
-731
-941
-1056
-1096
-1162
-1246
-1310
-1413
-1483
-1374
-1167
-964
-845
-836
-877
-836
-608
-333
-305
-374
-304
-65
195
412
538
465
326
373
636
900
994
835
581
396
451
658
774
683
438
175
43
131
255
197
-1
-251
-399
-411
-302
-196
-259
-456
-615
-599
-450
-340
-384
-500
-604
-585
-474
-316
-165
-149
-258
-367
-442
-473
-654
-1145
-1718
-1974
-1672
-1199
-961
-1132
-1509
-1804
-1884
-1668
-1243
-828
-669
-736
-761
-518
-119
209
378
472
605
819
1170
1606
1810
1725
1538
1547
1842
2185
2371
2315
2057
1715
1531
1614
1777
1809
1562
1159
783
577
548
553
536
413
157
-106
-246
-309
-383
-505
-638
-700
-728
-707
-687
-739
-873
-1045
-1128
-1061
-954
-937
-924
-866
-776
-671
-539
-350
-205
-103
-23
89
229
328
394
451
526
582
564
509
440
358
304
262
245
216
107
-32
-162
-228
-235
-248
-318
-423
-548
-606
-590
-539
-492
-479
-502
-547
-537
-482
-418
-372
-319
-316
-306
-240
-156
-117
-116
-111
-151
-151
-92
-15
23
-56
-163
-243
-239
-133
-41
-4
-72
-171
-248
-205
-92
5
17
-63
-96
-59
8
60
62
67
87
131
237
351
382
375
371
380
463
593
727
820
850
817
781
787
831
831
768
720
649
562
499
433
344
238
142
66
24
-25
-85
-150
-210
-254
-284
-304
-318
-274
-241
-254
-303
-322
-297
-242
-152
-95
-84
-134
-184
-166
-121
-48
-13
-27
-75
-111
-113
-125
-130
-159
-196
-213
-220
-182
-164
-179
-232
-285
-249
-168
-116
-88
-64
-96
-130
-109
-66
-33
-50
-72
-106
-91
-46
-40
-45
-82
-97
-114
-81
-40
-33
-49
-88
-106
-95
-62
-60
-65
-44
-18
-12
-19
-38
-44
-63
-49
-53
-59
-34
-42
-45
-45
-31
-67
-88
-95
-83
-22
21
42
53
57
57
49
98
146
151
160
146
141
147
160
168
159
130
102
77
87
86
58
4
-6
-2
37
60
56
82
103
133
146
177
189
195
231
287
323
328
297
241
240
272
289
305
285
247
179
139
125
124
82
16
-34
-77
-82
-81
-126
-173
-218
-233
-201
-179
-202
-251
-296
-286
-243
-209
-191
-225
-252
-234
-202
-166
-164
-174
-170
-143
-97
-35
-10
-44
-76
-55
9
39
67
33
24
43
72
89
76
42
4
-17
-23
-15
1
-14
-62
-77
-94
-91
-118
-138
-166
-181
-147
-106
-44
-34
-38
-86
-78
-31
-1
26
24
21
31
38
28
41
17
-12
-12
-16
29
5
-31
-28
-50
-35
-33
-36
-35
-30
-14
-21
-28
-26
3
37
68
84
94
89
80
102
117
154
174
189
172
144
149
157
171
227
245
207
167
161
154
157
155
144
135
98
92
76
47
15
-10
-17
-2
4
-2
-19
-29
-51
-79
-79
-93
-113
-85
-62
-55
-41
-46
-53
-61
-10
28
58
38
-9
10
29
49
76
65
31
24
-19
-60
-44
-55
-90
-114
-138
-125
-156
-207
-239
-240
-224
-197
-144
-152
-141
-170
-149
-89
-57
-53
-63
-35
7
55
55
34
16
2
7
9
13
23
-6
-39
-43
-40
-48
-53
-67
-69
-49
-57
-70
-69
-44
-15
6
33
58
57
57
83
108
127
128
138
133
142
144
140
142
136
131
120
110
94
73
61
53
40
51
37
27
23
3
-29
-50
-61
-50
-35
-53
-66
-69
-51
-83
-61
-21
-31
-2
2
-1
3
-3
13
16
49
87
107
120
100
75
93
108
107
124
112
102
78
77
95
87
62
45
10
-9
-24
-41
-65
-84
-88
-74
-72
-87
-99
-94
-76
-75
-90
-114
-164
-186
-159
-112
-86
-103
-118
-152
-146
-136
-93
-57
-75
-68
-68
-36
-3
0
-8
-10
-7
8
27
34
42
38
57
67
92
85
55
54
40
54
90
96
81
50
37
53
48
52
60
25
33
37
36
36
25
14
16
55
66
58
22
-34
-75
-48
-23
24
22
-25
-65
-96
-106
-105
-103
-114
-106
-104
-103
-71
-50
-81
-60
-40
0
28
44
70
45
60
68
90
113
130
129
124
106
103
100
78
66
32
19
26
13
-11
-5
-7
-6
3
-9
-8
-13
22
46
49
28
8
-15
-21
9
39
39
6
-6
-39
-50
-34
-34
-38
-70
-81
-78
-82
-66
-70
-94
-121
-113
-79
-72
-60
-57
-53
-63
-59
-39
-22
3
16
33
66
74
79
51
49
62
68
81
85
72
53
55
46
38
23
32
40
13
15
15
16
-7
-32
-33
-29
7
20
28
8
-17
-42
-35
-35
-39
-40
-39
-24
-42
-34
-14
-33
-43
-41
-3
17
16
8
-8
-8
-11
8
27
31
35
15
3
21
28
31
6
7
-4
-16
1
9
14
20
25
34
23
10
3
9
32
38
22
26
27
10
41
33
5
-16
-4
-20
-18
0
9
6
-26
-9
2
17
-11
-30
-41
-37
-6
11
31
14
-11
-35
-31
-13
11
8
-8
11
4
13
15
-7
-11
-16
-23
-26
-5
8
-24
-29
-32
-45
-4
7
2
9
17
16
10
14
23
16
6
24
15
12
10
4
-18
-20
-8
-3
0
2
-19
-33
-31
-26
-33
-55
-57
-30
-19
-16
3
2
-12
-15
0
8
0
3
-26
-28
-3
-2
13
1
0
17
7
1
7
3
9
2
-13
7
33
18
-3
-8
-13
0
-27
-12
7
-8
-3
-27
-22
-54
-60
-45
-54
-48
-49
-36
-35
-37
-39
-46
-60
-40
-6
3
5
21
26
27
41
49
61
66
67
86
80
95
114
119
120
120
118
113
100
97
85
71
78
72
63
54
53
45
51
56
43
31
15
-1
-2
0
12
7
-4
-20
-40
-54
-71
-73
-64
-73
-98
-117
-125
-122
-100
-101
-106
-107
-119
-96
-95
-93
-88
-80
-74
-50
-27
-25
1
-17
-37
-36
-29
-3
11
9
16
28
39
23
41
67
69
77
80
67
75
67
68
85
61
47
44
49
18
7
-17
-24
-41
-55
-47
-51
-51
-62
-66
-76
-73
-63
-66
-65
-77
-93
-63
-49
-28
-17
-12
-23
-11
-10
-10
8
0
9
10
32
41
24
39
36
22
33
41
46
75
70
82
84
79
100
111
133
136
131
133
106
95
95
89
90
78
74
85
57
52
23
0
-9
-21
-37
-56
-75
-89
-88
-98
-89
-106
-94
-92
-116
-122
-144
-154
-137
-111
-105
-96
-94
-91
-86
-70
-57
-29
-13
-2
16
13
15
27
24
28
25
26
29
55
87
79
87
80
62
76
82
106
103
99
84
58
49
40
22
12
1
-4
-2
-21
-13
-9
-18
-18
-29
-33
-34
-41
-32
-48
-51
-37
-44
-34
-33
-22
-31
-11
-3
-1
2
-6
12
-10
-1
-15
-36
-29
-12
-5
-14
-9
-24
-9
15
7
4
5
-8
-1
29
27
38
50
57
43
53
39
34
31
30
36
28
28
7
-4
-27
-48
-52
-59
-61
-71
-73
-86
-94
-86
-99
-82
-43
-31
-24
-24
-51
-58
-49
-36
-27
-14
1
-4
3
2
29
44
61
53
45
78
76
83
91
80
82
81
60
61
68
68
53
46
44
43
29
20
16
7
-8
-9
-2
-22
-23
-12
-33
-34
-21
-13
-16
-31
-28
-32
-31
-35
-30
-22
-34
-20
-18
-14
-38
-46
-46
-34
-20
-36
-31
-35
-23
-22
-41
-48
-39
-24
-15
13
27
23
37
36
46
74
73
93
101
83
87
84
62
64
78
65
69
75
67
34
3
-3
19
18
2
-21
-53
-66
-78
-77
-80
-92
-92
-91
-105
-112
-116
-103
-99
-100
-62
-66
-41
-35
-31
-35
-37
-15
0
27
25
37
55
68
54
49
70
97
94
84
94
83
47
32
28
39
28
14
28
6
-14
-22
-38
-48
-39
-19
-25
-33
-49
-41
-41
-41
-14
-20
11
43
21
28
22
20
24
33
46
47
26
-3
-8
-15
-9
-26
-37
-46
-61
-73
-52
-52
-52
-51
-38
-24
-6
20
11
10
20
27
45
65
74
79
77
81
82
62
71
90
82
90
62
41
7
5
3
-20
-7
-28
-54
-58
-88
-94
-76
-92
-94
-83
-81
-110
-116
-111
-104
-77
-87
-75
-50
-44
-42
-51
-35
-16
6
7
32
40
30
50
76
85
80
92
119
110
98
96
99
99
76
93
89
78
78
72
49
29
22
15
13
-8
-7
-26
-36
-51
-54
-53
-46
-34
-56
-43
-180
-347
-517
-589
-546
-341
-60
269
556
731
837
784
595
261
-75
-358
-515
-523
-305
-56
240
466
598
617
452
224
-26
-220
-371
-364
-235
-69
106
215
262
213
105
-45
-209
-308
-347
-332
-257
-163
-67
-2
-5
-21
-85
-168
-236
-319
-285
-190
-101
-122
-57
28
-98
-118
-158
-187
-166
-153
-88
-49
-65
-30
-10
-50
-59
-104
-96
-85
-115
-69
11
46
27
64
117
104
41
76
83
66
114
136
186
130
172
181
134
119
138
133
122
110
98
101
83
131
124
96
121
140
132
131
94
43
58
54
55
148
170
117
115
109
52
43
52
78
19
-13
61
68
37
4
1
-51
-87
-93
-54
-53
-67
9
73
-28
-106
-82
-84
-127
-140
-67
11
53
47
17
-4
-107
-148
-105
-91
-90
21
93
38
27
16
-11
-101
-148
-94
-107
-77
-10
65
9
-3
22
-30
-113
-133
-108
-160
-130
-66
-5
-56
-65
-37
-89
-69
-94
-40
16
35
15
56
78
-10
-38
8
29
13
107
107
46
123
30
40
49
-59
-15
26
-4
-76
-5
32
-107
-118
-14
-64
-153
-44
-52
-104
-93
-15
-54
-55
-30
-77
-22
-90
-57
46
-48
10
65
74
45
9
6
38
-25
39
124
82
42
95
45
22
80
42
69
55
65
75
101
22
87
92
55
32
3
16
-76
-31
0
10
26
47
125
-23
-24
34
-24
-61
-19
46
109
112
110
37
3
13
-75
-59
26
-2
-9
41
56
7
16
25
-18
-96
-12
49
-66
0
74
31
-27
-30
78
-24
-10
76
15
-61
-29
4
-41
44
50
43
29
35
8
33
-8
-96
34
23
-148
-5
84
-75
-66
22
2
-43
-18
39
-4
-142
-73
-26
-114
-109
29
25
-60
-41
-67
-73
-108
-70
14
-2
35
-11
-29
22
-12
-43
-28
-4
73
33
8
142
71
-45
15
22
-39
-70
-13
23
-82
5
125
52
-64
-1
19
-70
-98
5
-16
-33
64
33
45
29
35
34
-37
-4
128
37
12
117
34
10
-22
66
24
-16
69
1
-12
-32
-66
-10
-98
-30
2
-55
-18
44
-46
-74
3
-30
-51
4
26
35
111
58
13
77
-22
0
62
-8
71
118
65
-51
56
26
-35
-16
137
31
-10
42
3
12
-131
27
-2
-147
-117
5
-6
-163
-23
-20
-133
-91
-81
-29
-100
-46
73
-57
-90
1
-25
-73
-11
-29
23
8
45
-7
53
96
-20
-10
41
-20
91
8
-21
84
-123
94
51
22
63
67
-20
-8
10
-86
67
-8
22
67
-23
23
31
25
-56
44
52
-89
53
6
-28
33
25
-46
60
-18
-25
64
-51
-53
32
40
14
-91
33
72
-155
75
79
-57
-19
-30
51
-67
-31
45
11
36
31
32
66
36
-6
11
-17
-45
101
55
-15
93
-16
-18
31
-51
-33
-21
-10
-48
2
4
37
52
-27
40
-34
-143
19
-83
7
45
-2
8
2
3
-58
-106
-17
71
-66
-49
55
-4
-66
57
12
-70
39
-82
-53
2
-12
35
-15
28
97
-24
-164
92
-5
-219
78
109
-36
-30
76
45
-113
-76
125
-99
-85
77
16
10
-103
160
33
17
40
48
4
-146
85
13
-44
89
163
141
60
0
92
-17
-89
75
11
-22
87
68
-7
160
99
-49
27
7
-32
-103
12
50
-43
98
26
-48
-60
-58
-91
-101
22
65
-23
20
22
-52
-79
23
-41
-61
100
-56
-14
67
-4
-55
13
-16
-74
-36
-42
-62
-156
-37
30
-162
-60
71
-146
-55
57
-82
-34
72
10
-42
-34
-1
-71
-117
54
42
-9
69
64
-26
85
24
39
22
37
75
-73
51
49
28
-11
53
34
-129
68
-5
-45
9
13
-25
-17
27
27
18
-21
-79
-59
-57
-49
-5
104
53
30
71
-18
29
-14
68
46
12
164
37
19
27
-23
151
60
-79
100
34
-94
90
93
66
9
-7
-2
-88
-108
34
7
-136
143
-26
-169
-4
-26
-160
-31
43
-118
-38
37
22
18
-5
58
-58
-157
0
97
-103
5
196
75
-62
72
97
-194
-83
159
-122
-138
72
68
-102
-63
61
-77
-191
107
-4
-207
61
17
-110
37
190
-37
95
118
3
9
40
86
-5
59
160
46
-47
86
-5
-29
65
-85
-20
18
24
-77
-73
13
-21
-71
-56
58
-123
-61
75
-1
-105
35
49
-51
-77
-36
152
-150
-96
159
64
-119
56
111
-66
-8
113
115
-81
-15
157
-25
-144
28
84
-177
-7
130
-19
92
99
-27
-94
-104
9
-171
-69
166
-10
43
141
-2
23
126
-116
-77
100
-49
-117
196
75
-64
-22
27
-28
-90
-19
50
-98
-61
203
-65
-25
30
23
-126
-102
66
-88
-165
171
-47
-180
95
84
13
-44
98
-46
-63
102
-43
91
96
-14
160
34
-70
156
30
10
-40
15
17
49
-17
-90
115
-35
-55
60
-28
-50
-8
7
-18
-47
-41
-108
39
91
-96
54
28
-79
40
-66
-109
170
64
-170
131
149
-93
-109
137
-60
-28
73
20
-13
48
103
-103
-76
-2
-10
-118
25
-44
-50
-17
-42
-163
-53
43
-99
-55
2
30
-123
-107
120
-54
-99
140
-2
-59
86
61
-152
27
94
-135
-11
234
32
-76
172
44
-113
1
106
-28
-91
104
37
-198
131
25
-201
49
130
-119
-64
200
48
-84
141
166
-73
110
135
-79
-23
170
-5
-162
161
207
-69
74
218
26
-112
118
-30
-203
35
62
-60
-100
104
-9
-64
-23
88
-144
-146
34
-75
-98
-80
24
-145
-104
35
-1
-146
43
41
-189
-39
83
-32
-18
50
-6
-88
127
163
-87
50
158
36
-97
196
61
-127
85
82
-144
-45
79
-176
-67
68
-20
-88
26
33
-109
-7
154
-52
-115
54
-59
-157
59
28
34
97
75
82
-58
-43
-68
37
13
-87
96
19
42
-69
-51
-47
60
-77
-7
89
-23
52
-53
120
-37
16
143
22
34
109
-34
-68
57
154
-164
43
264
28
28
139
36
-123
37
-48
-139
39
-31
-192
4
154
-74
-205
200
-124
-278
60
128
-140
-154
128
-90
-113
133
-91
-147
-27
-25
-75
17
161
-5
-111
73
64
-48
48
98
32
91
11
-23
104
31
-44
96
132
85
9
-50
45
-30
-122
178
22
-170
68
-31
-219
23
49
-183
-108
179
-27
-136
26
93
-66
17
199
-128
-147
119
14
-180
116
137
-215
11
212
-256
-71
105
-47
-75
110
161
-107
-40
82
-107
-4
120
-26
-48
30
28
-47
10
130
47
99
161
17
-1
34
2
-82
-29
150
-30
-62
231
143
-140
11
62
-124
-46
80
-42
4
79
5
-117
66
-29
-300
-68
51
-12
-107
101
41
-233
-19
-88
-223
-13
106
-119
20
250
-60
-147
107
73
-103
44
48
-50
2
31
74
-78
43
154
-66
-125
204
12
-135
198
48
-161
42
96
-121
0
127
55
-59
109
47
-128
21
95
32
-75
50
76
-63
6
75
-72
-76
59
-92
-82
115
-16
-118
-18
105
-115
-172
34
1
-108
57
146
-109
-44
104
-108
-143
144
37
-149
74
273
-37
-117
167
39
-195
70
211
-124
-93
237
-41
-174
176
115
-216
-24
136
-50
-169
138
116
-261
72
233
-211
-173
171
21
-141
11
175
-4
-251
56
162
-259
-63
284
-57
-350
133
135
-199
-57
214
-3
-259
98
119
-256
-17
149
-71
-99
62
123
-142
-81
200
29
-225
165
153
-218
70
280
-5
-176
248
81
-304
42
285
-93
-237
239
215
-209
-44
252
-55
-183
124
38
-216
70
173
-162
-28
178
-1
-137
42
80
-70
-91
84
40
-131
98
39
-45
-27
65
52
-29
59
74
-10
54
77
-89
-27
-4
33
-33
-4
9
3
8
23
130
67
-64
-53
38
-95
-11
159
-5
-166
-104
-83
-51
-58
37
90
-58
-102
57
5
-208
-27
97
-116
-145
120
110
-226
-126
38
15
-125
38
70
-86
-30
8
85
-10
35
-3
-18
11
15
112
54
25
-6
0
120
74
-68
35
102
-194
26
115
-22
-62
50
81
-106
45
85
120
-82
-40
26
-79
7
72
55
-20
57
-3
-28
76
-4
-22
1
69
-69
-89
83
4
-64
3
169
-49
-58
93
-62
-49
19
-42
-28
92
40
-21
45
68
-99
-23
95
-3
-45
105
126
-99
-73
48
24
-75
-7
83
-131
-107
40
24
-102
-60
57
-97
-95
9
-55
35
-10
-95
-22
-34
-54
-50
22
-14
-65
41
69
5
94
52
83
19
-45
-18
6
21
31
47
0
19
20
10
42
13
-41
24
18
-75
13
94
-17
-79
45
76
-10
3
16
26
-84
-57
76
29
-55
-62
96
-14
-187
-42
51
-54
-116
7
68
-80
-94
9
33
-61
-71
41
45
-27
-7
97
49
-1
-3
-7
21
-32
-90
26
136
47
48
66
64
-136
-110
54
50
28
61
93
29
-25
-7
52
42
8
1
-32
-44
-15
3
26
-46
89
-6
-75
28
45
-43
-101
37
30
-64
-68
59
32
-21
79
53
-61
32
74
-43
-33
51
72
-49
-20
77
13
-164
3
85
-110
-59
180
53
-117
53
27
-77
-85
9
51
-45
-94
16
-2
-78
10
57
-44
-9
42
-19
37
26
-41
27
80
8
-44
28
19
-35
-7
14
0
-6
-17
-57
-55
-36
-39
-40
-39
-53
-41
-40
-85
-81
-34
-24
-51
-25
78
37
-30
63
99
48
56
114
84
33
48
56
69
32
35
48
28
24
40
94
107
86
18
-24
12
10
-36
-12
-7
-38
-47
-23
-36
-62
-73
-48
-54
-87
-50
-28
-47
-21
6
-12
-55
-17
5
-55
-48
18
17
-13
69
40
-26
36
38
-40
-50
4
3
-39
-27
47
-19
-27
59
46
3
30
68
27
-1
15
10
-13
24
41
-6
-8
31
-2
-46
-15
0
-18
-10
21
-7
-18
-10
3
-23
-24
-5
-5
-30
-49
9
29
-9
-4
13
-17
-29
3
-1
-34
-1
27
23
-18
41
78
-5
21
93
1
-5
50
29
-9
12
55
5
-25
33
52
-2
-20
36
22
-35
-9
25
-24
-49
0
-10
-53
-33
9
-11
-7
0
-18
-8
6
7
-15
-7
2
-39
-41
-5
23
4
16
21
-3
-21
-34
-26
-19
-27
-37
5
20
6
4
5
12
-12
-26
-14
-5
-8
1
24
12
5
-1
5
17
29
44
28
18
13
14
3
-24
-16
-28
-45
-29
-12
-20
-17
6
1
-8
-8
-23
-22
-13
-8
-3
-17
-15
20
16
-4
-14
-11
14
1
16
19
3
16
29
10
1
16
13
6
8
10
20
9
-3
-5
27
25
-12
-5
24
-2
-12
28
37
11
-35
-32
-11
-48
-52
-29
-22
-35
-35
-15
-12
-24
-15
0
-4
5
23
10
10
24
31
25
25
31
31
29
48
51
19
36
62
38
22
32
27
7
-4
14
7
-8
1
22
25
17
19
8
18
14
-1
-1
22
25
18
26
4
-25
0
10
-16
-43
-23
-43
-74
-70
-55
-44
-64
-51
-45
-50
-69
-51
-67
-69
-66
-69
-58
-29
-31
-49
-36
-31
-30
-14
9
15
5
20
24
12
18
34
34
18
16
33
12
-11
23
44
24
19
26
27
43
27
10
23
17
3
23
27
7
34
24
0
22
-3
10
23
23
22
9
16
28
32
28
9
-4
-2
3
17
31
16
1
15
8
11
1
-12
-5
-4
-26
-28
-11
-11
7
9
16
8
-5
-4
-4
3
20
17
15
25
4
-14
-38
-38
-1
-2
37
44
25
-13
-13
-13
-19
1
9
10
-19
3
6
0
2
9
0
-16
-13
-15
-23
-10
0
-19
-8
1
-2
-12
-9
6
-1
22
24
-5
-4
-23
-27
-23
-17
-16
-31
-19
-1
1
11
6
-2
8
8
-11
-16
-8
2
-3
2
14
-6
-8
1
-1
13
-8
-6
-9
-30
-16
0
-6
-22
-4
-20
-10
-5
-23
0
-8
-6
-4
-9
-11
2
1
-21
-17
1
1
-4
4
2
-10
-15
-18
-27
-12
-20
-21
2
10
18
12
13
9
6
16
-2
-14
7
20
12
8
0
15
0
-2
21
30
25
11
17
30
35
30
59
52
38
37
40
14
-9
-1
-5
-14
-23
-10
-21
-26
-21
-17
-20
-18
11
8
10
21
8
16
-2
2
16
-6
-3
1
-11
21
16
-4
-9
-7
9
-22
-45
-34
-29
-28
-18
-30
-29
-19
-16
-18
-28
-24
-17
-6
3
-9
4
13
33
38
33
39
17
32
27
29
37
36
6
6
39
23
26
33
16
7
31
21
10
-8
-8
-20
-32
-32
-28
-20
-38
-14
-22
-25
-23
-13
-18
-15
-15
-16
-6
-20
-9
2
-8
-5
2
-2
-8
-20
-5
-7
-10
-1
-5
-15
-17
-18
-5
-18
-5
-11
3
-10
-21
1
-13
3
9
4
12
26
5
4
18
15
10
8
6
9
1
7
12
-5
14
14
13
16
13
15
26
17
24
38
22
27
35
30
18
8
9
15
11
2
9
7
8
12
-11
-9
-10
-18
-12
-19
-38
-28
-16
-25
-29
-3
8
1
-10
-9
14
4
-3
16
21
8
12
9
23
20
9
9
5
3
-4
-26
-29
-4
-29
-13
9
-17
-14
-24
-16
-10
-13
-16
-11
-23
-21
-21
-34
-21
8
-2
-29
0
4
-20
-17
-11
-18
-17
-6
0
16
16
4
18
8
-1
0
-4
-5
-3
-10
-7
7
2
4
7
24
3
3
11
16
25
5
6
14
12
-9
7
6
-5
-13
10
2
-15
-9
-13
-13
-23
-17
-20
-18
-20
-9
-11
-14
4
5
11
35
36
38
46
36
35
26
37
27
27
46
21
23
21
20
13
23
40
10
4
8
3
3
-9
-10
-4
-21
-12
-14
-23
-16
-20
-17
-34
-33
-35
-13
-23
-25
-32
-30
-19
-39
-37
-29
-26
-30
-7
-8
-3
-1
6
-2
10
3
-6
14
6
11
3
8
22
10
21
27
25
31
34
18
16
15
8
34
17
10
8
0
-6
-9
-11
-17
-20
-14
-8
-20
-21
-33
-4
-22
-36
-28
-6
-24
-18
-2
3
-2
-2
9
7
9
-13
-7
-10
1
-6
2
1
0
18
18
15
9
15
10
11
11
5
6
17
12
10
22
22
30
23
15
27
21
26
23
24
22
29
18
-2
-4
-12
-6
-28
-7
4
9
9
-4
-5
-3
-10
-19
-22
-19
-24
-17
-25
-38
-28
-24
-35
-26
-20
-27
-36
-27
-31
-26
-21
-19
-24
-14
-14
-7
4
14
20
7
-1
2
7
-8
18
26
6
27
23
12
28
15
23
33
26
11
24
38
46
31
2
-2
13
-9
12
11
-27
-14
-24
-30
-25
-10
-5
-1
-11
-27
-27
-20
-9
-22
7
-12
-2
7
-8
-3
4
0
-7
5
-4
7
9
2
5
9
2
5
7
21
11
23
38
31
27
21
23
17
10
-1
11
9
4
13
2
2
2
13
-19
-14
5
13
11
16
-1
-1
3
2
1
-11
-11
-3
-8
-25
-12
-16
-13
-23
-32
-29
-29
-37
-23
