-1
2
-10
-8
-8
-7
0
-2
0
-4
-5
0
-3
-5
-3
-4
7
-1
-4
0
-5
2
6
8
12
-3
7
5
9
16
8
16
7
9
12
10
9
9
8
1
4
6
0
-1
-3
3
2
-3
7
10
9
7
6
11
9
16
17
6
16
10
6
1
2
-3
0
2
-2
4
-2
-4
-3
1
-4
-8
-12
-5
-6
-6
-7
-6
-2
0
1
-7
-13
-5
-3
-3
0
3
3
-2
5
-2
-2
1
-2
-10
-1
-12
-3
-10
-10
-7
-11
-12
-20
-25
-16
-22
-24
-21
-18
-12
-7
1
-1
-2
2
7
-2
5
0
3
2
3
2
-10
0
1
0
3
5
5
2
-1
-3
-3
1
-1
-4
2
1
-3
-6
4
5
8
9
13
8
6
12
10
15
0
-1
1
2
3
0
0
-1
-13
-8
-9
-11
-3
-3
-8
-7
0
5
6
7
8
6
8
1
6
10
6
12
11
1
13
13
7
7
7
6
4
2
-2
-3
-5
-1
1
2
5
4
3
5
-1
-2
5
8
7
6
6
11
6
11
5
-5
-1
2
-6
-10
3
-1
2
-3
-7
-5
-1
-3
-6
1
1
11
6
3
7
7
4
-2
3
5
7
-4
6
0
5
13
11
7
5
10
6
2
-8
-12
1
2
-4
-6
-14
-7
-9
-12
-12
-17
-12
-7
-11
-9
-7
-6
-2
-8
-13
-8
-9
-11
2
-10
-10
-12
-10
-9
-12
-6
-13
-9
-6
-2
-5
-6
-4
6
11
5
9
10
5
7
6
0
-1
-8
-1
-2
-5
0
-1
-4
-9
4
-7
-5
3
-4
-1
-1
2
1
-3
-7
3
6
8
9
16
16
16
9
2
6
9
4
9
16
3
5
1
-7
4
-9
-5
2
-6
-7
-10
-1
-3
4
3
0
9
5
6
17
12
5
9
7
4
7
9
11
8
3
5
-2
0
-7
-4
0
-9
-3
-6
-6
4
3
-5
2
3
3
7
7
10
5
1
4
7
10
7
9
3
-3
-2
1
6
0
2
-4
-4
-6
-8
-1
-11
-13
-5
-4
1
-7
-7
-5
-10
-12
-3
-8
-2
-1
1
1
-3
3
0
7
4
-3
-1
-1
-14
-11
-10
-9
-9
-9
-15
-4
-3
-9
-16
-9
-8
-13
-5
-6
-3
-2
4
5
11
12
14
15
12
6
4
6
5
0
-2
2
-8
-9
-1
-14
-3
0
-15
-10
-15
-8
-13
-6
-4
-1
4
1
-1
4
8
3
4
8
6
15
11
6
0
-4
-1
-4
9
-1
1
3
-3
2
-3
0
5
9
5
7
15
4
4
10
14
9
6
13
11
15
4
5
14
1
3
-1
3
2
-4
6
6
1
-5
-4
-3
-6
-5
0
-11
-11
-3
2
-8
-5
-3
-3
3
1
4
-4
4
4
3
-4
-4
-4
-11
-5
-6
-4
-9
-7
-15
-16
-5
-8
-10
-8
-4
-3
4
7
9
16
11
19
16
11
5
8
0
-1
6
2
2
0
-2
5
-7
-8
3
-4
9
1
1
3
1
-2
-11
-2
-3
3
0
5
2
-5
-6
-8
-6
-5
-5
-3
1
-7
-5
-3
-6
-2
-6
-7
-8
-7
-7
-4
-11
-13
-8
-7
-3
-3
-5
-9
-3
-5
3
2
-1
-2
-6
-2
3
2
1
1
2
5
1
-5
1
9
4
2
8
12
7
6
7
6
9
7
7
14
5
12
17
8
12
3
7
5
3
0
-2
2
6
10
10
3
9
7
0
5
-6
-7
1
-1
1
6
1
-9
-7
-3
-1
-4
-1
-5
-1
-11
-5
-9
-13
2
-10
-4
-2
-4
-6
-4
-2
2
3
-3
2
3
-2
1
6
-2
2
10
7
5
1
4
8
11
1
-7
-4
0
17
5
-7
3
3
-5
-6
-3
-4
-4
0
4
-4
-9
3
9
7
2
4
2
3
2
3
2
-2
-1
-6
-5
-6
-8
-5
-9
-7
-12
-14
-11
-11
-15
-7
-10
-7
-10
-8
-7
-7
-1
-12
0
-1
3
3
8
3
3
-2
-3
2
-2
-1
-5
-2
-7
0
8
6
8
1
-5
-1
-3
1
3
4
3
11
14
6
15
9
5
11
5
8
9
7
7
5
5
6
8
0
1
3
0
-6
-5
-9
-10
1
-9
-9
-6
1
0
-1
4
2
8
4
4
13
9
7
2
6
5
-2
2
-3
2
-6
2
2
-11
-8
-7
-6
-11
-3
0
4
-6
0
1
3
10
7
8
-1
5
0
9
5
13
10
8
13
0
9
-1
-2
-2
-12
-14
-15
-17
-3
-11
-12
-10
-19
-13
-3
-11
-11
-10
-9
-1
3
14
0
4
7
2
8
10
9
13
14
15
2
6
5
-3
6
-2
-7
-5
-3
5
-6
2
-1
-9
-3
-16
-8
-10
-11
2
-6
-1
1
-1
4
-4
2
5
5
0
6
-5
-11
-1
-7
-11
-9
-9
-8
-9
-11
-8
-7
-8
-6
-2
-1
1
0
-3
4
4
1
12
7
2
7
-6
4
-2
3
3
-2
2
0
6
0
0
-9
-7
3
0
0
-1
4
10
11
15
13
6
9
19
16
8
17
14
10
13
3
3
5
7
0
6
5
5
5
-1
-15
-10
-2
-4
-2
-7
-3
3
2
2
1
-7
-6
-1
-4
1
-4
-7
-9
-13
-4
-6
-4
-11
-1
-2
-5
3
4
4
2
5
1
11
-1
2
5
7
3
-2
6
-2
0
15
8
7
9
8
7
8
7
-7
-9
-8
-10
-7
-11
-13
-4
-11
-9
-8
-2
-5
-6
-4
-5
-13
-5
-1
0
6
-3
5
9
2
6
8
2
2
7
10
4
-2
0
3
2
0
2
-6
-2
-1
-4
-1
-7
-3
6
4
3
3
-2
-3
-2
4
-5
-3
-9
-16
-7
-13
-14
-18
-6
-7
-12
-8
-1
-12
-8
-4
-13
-3
-1
1
-9
2
1
1
2
4
5
1
-1
-3
7
3
8
7
5
7
5
-2
6
9
4
5
11
8
-3
8
7
3
10
2
7
8
5
10
2
7
7
7
9
8
3
10
4
0
-1
-1
-1
-1
-4
-8
-6
-12
-5
-5
-8
-10
-6
3
-1
0
4
-1
0
-4
8
9
7
0
0
0
-3
8
11
3
2
6
4
8
10
9
-2
4
3
-6
0
-3
-8
-1
-6
-4
-6
-4
-4
-8
2
0
3
3
11
4
1
-1
5
-3
0
9
-5
-1
0
0
-3
4
5
-5
-1
-9
3
3
1
-1
1
-3
-6
-9
-4
0
-4
-3
0
2
-1
4
5
1
0
3
0
3
-1
-6
-13
-16
-15
-13
-13
-16
-13
-2
-6
-1
-9
-19
-7
-9
-8
-4
-5
-3
-4
-4
-3
-5
-8
-1
1
-1
4
5
5
8
5
6
3
2
-5
4
0
3
6
12
18
7
15
9
7
-2
0
9
-1
5
12
4
7
8
1
-4
-1
-2
-1
1
-4
0
2
-3
-5
-9
-4
0
-3
-7
-2
1
0
0
-4
0
1
0
1
7
7
1
-4
0
-3
-2
5
4
2
5
7
7
5
4
2
-1
6
11
4
10
9
10
4
9
3
5
7
11
6
2
3
-6
7
1
6
5
2
8
-3
-6
-5
-1
1
1
-4
-3
2
-2
2
1
2
-3
0
-8
-7
-5
-13
-9
-7
-8
-2
-6
-6
-12
-17
-22
-18
-15
-14
-18
-20
-4
-11
-7
-8
-5
-5
-12
1
4
6
11
-1
8
8
9
11
9
13
7
10
9
8
9
5
5
1
6
3
-4
2
5
3
-2
-6
-4
-1
3
-4
1
7
2
-4
5
-1
1
6
5
1
0
2
-4
-3
2
0
0
-4
-19
-17
-14
-12
-13
-7
-9
-2
6
4
5
2
-5
-3
-2
-4
3
2
-9
-1
-1
-1
-1
9
16
14
14
5
4
6
9
11
0
8
3
-6
-7
-14
-6
-2
0
4
12
18
24
21
21
-2
-102
-280
-448
-472
-327
-126
47
185
312
471
577
544
331
61
-148
-165
-89
-81
-181
-269
-187
36
298
384
261
133
130
275
341
162
-152
-350
-298
-80
72
83
79
219
458
604
490
154
-174
-334
-317
-277
-319
-354
-301
-114
68
129
108
72
68
26
-108
-323
-515
-575
-498
-371
-272
-199
-104
-24
29
42
-35
-106
-148
-179
-243
-326
-350
-273
-74
134
284
318
268
189
110
6
-121
-253
-351
-377
-325
-226
-87
95
261
356
346
248
106
-6
-83
-156
-150
-85
14
162
260
338
359
396
415
380
270
98
3
-30
-19
62
154
243
321
355
357
303
240
193
140
84
23
-5
10
48
142
199
241
320
367
381
327
223
109
16
-77
-145
-163
-159
-68
58
186
253
255
222
120
-11
-159
-277
-386
-435
-388
-337
-247
-146
-43
42
76
65
30
-69
-193
-330
-448
-503
-531
-496
-439
-344
-220
-138
-75
-56
-68
-149
-267
-389
-462
-516
-531
-481
-413
-310
-187
-104
-58
-21
-52
-113
-205
-290
-378
-395
-376
-323
-214
-71
80
233
380
446
510
549
579
564
526
509
522
558
625
743
847
905
950
954
902
828
694
560
429
313
239
153
99
44
10
-6
-25
-43
-96
-161
-225
-306
-383
-445
-492
-496
-485
-459
-395
-320
-259
-230
-243
-272
-303
-343
-391
-448
-510
-526
-501
-480
-449
-383
-345
-325
-324
-341
-372
-434
-475
-514
-544
-573
-571
-563
-565
-567
-632
-790
-997
-1166
-1278
-1342
-1366
-1350
-1241
-1021
-736
-432
-122
224
562
866
1095
1290
1449
1595
1719
1838
1974
2120
2288
2440
2536
2596
2621
2576
2455
2241
1935
1600
1276
955
641
358
87
-141
-338
-525
-667
-817
-955
-1098
-1215
-1307
-1355
-1346
-1292
-1207
-1075
-891
-694
-461
-254
-76
78
189
262
291
302
286
259
233
209
171
126
80
17
-106
-225
-355
-501
-661
-826
-958
-1059
-1122
-1164
-1193
-1191
-1156
-1099
-1017
-920
-787
-677
-574
-491
-422
-352
-296
-238
-201
-167
-160
-235
-417
-735
-1141
-1517
-1806
-2024
-2191
-2258
-2193
-1978
-1638
-1245
-798
-355
55
385
684
932
1151
1360
1523
1729
1973
2275
2592
2894
3163
3410
3590
3710
3685
3524
3263
2915
2543
2123
1683
1273
905
572
267
40
-162
-394
-632
-898
-1179
-1452
-1726
-2035
-2304
-2482
-2544
-2531
-2451
-2288
-2017
-1659
-1262
-881
-542
-215
68
339
564
742
879
974
1088
1173
1238
1282
1267
1221
1111
948
746
524
256
-43
-312
-566
-744
-883
-993
-1058
-1120
-1128
-1123
-1115
-1122
-1092
-1052
-1020
-937
-819
-674
-488
-343
-224
-92
38
150
229
269
272
264
211
182
125
15
-212
-638
-1174
-1741
-2244
-2621
-2926
-3151
-3289
-3234
-2936
-2506
-1994
-1465
-918
-400
66
467
802
1105
1354
1573
1823
2142
2515
2898
3283
3619
3956
4248
4408
4401
4245
3988
3627
3199
2699
2168
1631
1133
680
289
-24
-274
-497
-765
-1042
-1299
-1534
-1770
-2034
-2317
-2538
-2709
-2821
-2882
-2785
-2510
-2189
-1835
-1431
-975
-429
27
376
655
887
1094
1223
1289
1306
1334
1326
1298
1250
1197
1149
1073
899
658
443
240
0
-301
-592
-832
-990
-1108
-1202
-1269
-1282
-1272
-1234
-1163
-1090
-997
-920
-840
-733
-576
-386
-232
-127
-32
97
235
327
364
384
395
389
366
281
101
-250
-786
-1465
-2132
-2646
-3045
-3410
-3719
-3831
-3661
-3258
-2729
-2183
-1593
-963
-405
63
461
832
1139
1365
1545
1780
2127
2521
2930
3309
3706
4115
4463
4651
4662
4547
4301
3937
3438
2873
2300
1729
1156
621
209
-95
-350
-603
-860
-1087
-1270
-1463
-1714
-2005
-2288
-2553
-2791
-3000
-3085
-2996
-2771
-2508
-2219
-1774
-1213
-643
-123
330
742
1119
1396
1608
1719
1781
1776
1696
1605
1501
1400
1293
1155
957
780
621
433
210
-58
-318
-534
-763
-968
-1138
-1304
-1425
-1538
-1589
-1561
-1473
-1343
-1213
-1064
-865
-641
-407
-239
-119
11
115
201
232
277
304
319
330
334
282
41
-456
-1131
-1779
-2290
-2687
-3143
-3603
-3869
-3817
-3511
-3101
-2598
-1997
-1349
-759
-247
244
717
1090
1289
1435
1664
1971
2315
2636
2949
3332
3797
4199
4475
4610
4642
4545
4300
3915
3437
2914
2298
1647
1030
518
118
-238
-600
-909
-1113
-1257
-1419
-1605
-1841
-2088
-2296
-2490
-2675
-2866
-3008
-3054
-2933
-2688
-2351
-1962
-1431
-810
-224
349
902
1391
1779
2009
2133
2154
2094
1931
1703
1469
1217
1010
823
652
497
401
336
252
100
-70
-248
-465
-732
-1003
-1245
-1489
-1718
-1838
-1865
-1809
-1675
-1482
-1221
-921
-610
-320
-80
100
235
306
319
289
237
203
177
125
83
-27
-358
-900
-1466
-1898
-2246
-2668
-3156
-3541
-3651
-3530
-3301
-2952
-2482
-1913
-1332
-788
-227
369
894
1262
1486
1761
2098
2422
2675
2878
3171
3534
3886
4161
4346
4487
4534
4448
4229
3925
3539
3024
2413
1764
1195
682
175
-337
-786
-1099
-1327
-1511
-1684
-1880
-2036
-2210
-2384
-2526
-2638
-2685
-2791
-2908
-2924
-2748
-2458
-2158
-1780
-1289
-647
1
577
1173
1669
2054
2273
2349
2364
2250
2023
1665
1296
959
688
477
266
127
43
42
19
-33
-88
-199
-373
-658
-931
-1181
-1447
-1694
-1908
-1978
-1934
-1777
-1565
-1297
-952
-587
-228
70
311
492
570
529
438
337
258
175
66
-87
-346
-766
-1307
-1764
-2071
-2374
-2788
-3220
-3444
-3385
-3210
-3014
-2692
-2208
-1672
-1160
-652
-71
492
944
1278
1599
1977
2377
2695
2914
3176
3477
3810
4062
4243
4375
4470
4444
4294
4060
3758
3381
2847
2281
1717
1196
664
123
-404
-819
-1153
-1433
-1677
-1939
-2163
-2337
-2474
-2596
-2675
-2701
-2732
-2785
-2824
-2794
-2663
-2437
-2155
-1771
-1311
-758
-147
481
1088
1614
2034
2310
2489
2529
2425
2194
1846
1424
1029
692
387
155
-37
-145
-157
-153
-132
-145
-202
-310
-515
-762
-1039
-1314
-1603
-1839
-1989
-2035
-1963
-1775
-1477
-1099
-726
-350
16
328
574
695
714
625
493
381
257
132
-41
-336
-782
-1299
-1719
-1982
-2250
-2616
-2988
-3156
-3102
-2959
-2773
-2511
-2094
-1662
-1261
-803
-262
282
716
1048
1382
1803
2202
2509
2772
3031
3348
3664
3892
4052
4200
4285
4255
4137
3967
3753
3398
2928
2408
1910
1433
913
375
-154
-599
-965
-1294
-1578
-1834
-2049
-2246
-2444
-2547
-2617
-2717
-2866
-2950
-2937
-2854
-2723
-2547
-2248
-1826
-1320
-760
-133
509
1091
1575
2005
2300
2483
2507
2376
2127
1809
1516
1156
815
514
285
142
17
-34
-37
-55
-115
-234
-399
-624
-886
-1184
-1496
-1773
-1987
-2118
-2139
-2047
-1858
-1553
-1186
-803
-400
-38
287
522
658
712
698
620
480
328
205
84
-172
-608
-1116
-1546
-1822
-2043
-2382
-2748
-2991
-3011
-2922
-2803
-2567
-2213
-1816
-1446
-1029
-495
92
546
883
1231
1654
2066
2419
2688
2960
3259
3528
3775
3937
4079
4202
4194
4107
3967
3787
3526
3109
2627
2147
1693
1183
615
86
-410
-813
-1196
-1531
-1809
-2045
-2215
-2402
-2496
-2573
-2699
-2830
-2889
-2862
-2807
-2722
-2564
-2260
-1885
-1419
-886
-309
304
891
1429
1874
2221
2460
2538
2477
2280
2009
1686
1316
924
563
287
66
-92
-185
-223
-228
-291
-364
-477
-624
-867
-1151
-1419
-1713
-1934
-2115
-2201
-2162
-2016
-1767
-1410
-1012
-611
-203
169
471
672
788
830
776
655
519
390
230
-39
-436
-967
-1449
-1766
-2014
-2320
-2714
-2948
-2953
-2816
-2692
-2481
-2130
-1743
-1386
-1024
-529
0
441
761
1070
1481
1925
2250
2527
2800
3096
3423
3678
3889
4054
4188
4213
4142
4012
3859
3603
3201
2724
2236
1774
1286
751
207
-256
-664
-1032
-1360
-1649
-1877
-2086
-2276
-2404
-2538
-2689
-2839
-2928
-2945
-2926
-2856
-2707
-2442
-2075
-1612
-1084
-519
102
698
1239
1725
2102
2374
2492
2442
2262
2028
1740
1386
1009
641
354
96
-93
-183
-240
-262
-309
-375
-459
-603
-803
-1046
-1308
-1590
-1846
-2034
-2149
-2177
-2091
-1858
-1536
-1156
-753
-340
57
389
649
818
886
864
813
697
550
407
197
-138
-618
-1143
-1512
-1753
-2024
-2406
-2740
-2841
-2780
-2688
-2547
-2277
-1922
-1578
-1251
-818
-298
184
557
863
1213
1605
1993
2294
2551
2834
3150
3434
3652
3837
4011
4109
4095
4017
3917
3737
3432
3031
2564
2129
1675
1140
614
129
-308
-695
-1044
-1384
-1676
-1902
-2095
-2242
-2362
-2450
-2609
-2792
-2932
-2939
-2869
-2851
-2776
-2572
-2191
-1716
-1183
-576
70
692
1217
1745
2190
2467
2573
2483
2320
2056
1723
1345
888
480
159
-60
-206
-301
-298
-292
-286
-327
-389
-476
-654
-936
-1263
-1536
-1790
-1991
-2147
-2200
-2107
-1900
-1579
-1194
-778
-350
71
404
688
884
951
957
878
749
596
426
199
-167
-637
-1169
-1560
-1787
-2022
-2404
-2753
-2839
-2750
-2619
-2480
-2216
-1853
-1530
-1202
-791
-297
164
503
783
1122
1540
1946
2253
2509
2811
3148
3441
3658
3856
4020
4123
4111
4017
3896
3712
3408
2984
2548
2107
1661
1155
647
160
-270
-645
-1004
-1312
-1597
-1824
-2027
-2204
-2306
-2403
-2565
-2748
-2895
-2895
-2843
-2819
-2748
-2535
-2148
-1699
-1159
-547
64
664
1209
1686
2126
2402
2519
2425
2237
1999
1679
1318
865
469
172
-48
-225
-304
-305
-309
-331
-372
-407
-484
-657
-883
-1160
-1441
-1703
-1894
-2051
-2116
-2044
-1910
-1659
-1303
-911
-494
-89
260
569
788
915
947
890
782
655
487
285
-56
-556
-1106
-1493
-1760
-2016
-2376
-2727
-2843
-2794
-2684
-2518
-2249
-1909
-1575
-1231
-826
-344
107
458
750
1066
1463
1829
2147
2399
2660
3000
3303
3535
3757
3948
4065
4089
4023
3942
3789
3508
3127
2708
2289
1856
1360
832
333
-131
-528
-888
-1199
-1485
-1715
-1927
-2100
-2239
-2397
-2546
-2705
-2775
-2828
-2865
-2851
-2734
-2522
-2219
-1808
-1314
-749
-181
386
970
1514
1938
2238
2395
2412
2300
2108
1782
1387
980
588
248
-58
-269
-364
-412
-455
-456
-422
-419
-489
-614
-782
-976
-1212
-1469
-1714
-1858
-1976
-2013
-1922
-1754
-1495
-1165
-772
-371
7
348
628
809
926
962
919
833
693
479
139
-377
-939
-1360
-1660
-1991
-2400
-2721
-2811
-2739
-2629
-2444
-2160
-1794
-1434
-1074
-658
-195
221
525
790
1057
1382
1703
1932
2146
2438
2770
3078
3340
3607
3846
4015
4078
4074
4045
3905
3634
3253
2843
2403
1927
1389
843
342
-124
-515
-870
-1185
-1458
-1683
-1865
-2011
-2127
-2258
-2411
-2595
-2700
-2732
-2766
-2840
-2831
-2696
-2452
-2083
-1665
-1158
-607
-27
528
1106
1626
1989
2227
2322
2318
2194
1954
1598
1173
747
373
47
-206
-355
-440
-472
-468
-439
-377
-359
-450
-575
-720
-938
-1172
-1411
-1650
-1831
-1930
-1907
-1795
-1626
-1350
-1009
-629
-241
145
482
717
872
948
963
922
763
588
385
28
-456
-966
-1366
-1658
-1964
-2330
-2601
-2680
-2613
-2503
-2336
-2067
-1726
-1363
-1018
-633
-212
197
527
814
1119
1468
1810
2058
2280
2552
2861
3156
3394
3594
3800
3943
3998
3998
3927
3781
3534
3174
2787
2365
1905
1405
856
338
-123
-515
-900
-1249
-1533
-1775
-1966
-2158
-2314
-2443
-2549
-2652
-2747
-2778
-2781
-2745
-2706
-2551
-2275
-1928
-1545
-1089
-589
-53
489
1005
1474
1810
2053
2192
2194
2080
1902
1600
1244
858
482
174
-95
-305
-453
-503
-519
-499
-482
-485
-495
-603
-726
-891
-1087
-1305
-1482
-1628
-1738
-1734
-1683
-1529
-1276
-987
-653
-298
39
318
557
740
855
898
877
789
658
479
164
-291
-790
-1202
-1531
-1880
-2259
-2550
-2663
-2640
-2568
-2437
-2185
-1835
-1499
-1141
-713
-249
173
506
803
1122
1471
1775
1998
2219
2456
2720
2971
3189
3397
3580
3730
3816
3868
3866
3775
3573
3259
2905
2502
2061
1543
1004
487
9
-409
-824
-1179
-1489
-1732
-1921
-2068
-2168
-2274
-2389
-2508
-2552
-2535
-2544
-2585
-2558
-2458
-2257
-1965
-1666
-1276
-849
-349
177
721
1218
1631
1930
2090
2183
2170
2034
1752
1388
999
616
248
-55
-282
-441
-540
-586
-557
-481
-434
-450
-518
-595
-711
-900
-1107
-1331
-1537
-1660
-1726
-1737
-1657
-1495
-1273
-969
-624
-256
101
398
597
751
864
884
841
735
598
390
68
-355
-785
-1162
-1474
-1781
-2118
-2380
-2468
-2461
-2402
-2274
-2044
-1711
-1385
-1057
-675
-239
169
515
825
1155
1494
1796
2031
2254
2499
2749
2978
3179
3374
3570
3717
3780
3797
3754
3651
3445
3149
2809
2433
2000
1494
986
498
38
-400
-829
-1204
-1512
-1771
-1968
-2108
-2202
-2302
-2418
-2519
-2544
-2525
-2543
-2589
-2585
-2467
-2277
-2042
-1750
-1370
-950
-496
2
530
1038
1445
1748
1977
2119
2147
2047
1802
1467
1114
737
404
91
-176
-373
-479
-516
-510
-455
-434
-436
-483
-547
-652
-814
-1004
-1235
-1442
-1589
-1700
-1738
-1682
-1552
-1346
-1066
-737
-359
4
308
549
748
866
918
886
784
657
492
250
-83
-480
-876
-1193
-1458
-1749
-2044
-2223
-2295
-2279
-2210
-2047
-1802
-1514
-1220
-889
-497
-74
306
621
936
1258
1574
1856
2111
2334
2563
2795
3003
3173
3326
3474
3575
3598
3575
3520
3391
3175
2860
2534
2157
1715
1233
742
270
-170
-594
-991
-1317
-1608
-1836
-2019
-2141
-2236
-2323
-2397
-2436
-2415
-2404
-2378
-2345
-2266
-2122
-1933
-1690
-1411
-1094
-718
-310
131
567
982
1347
1621
1825
1949
1991
1905
1698
1429
1120
762
432
131
-117
-335
-492
-568
-601
-570
-548
-570
-601
-658
-724
-820
-968
-1110
-1270
-1388
-1459
-1490
-1422
-1310
-1139
-924
-671
-378
-99
141
338
511
631
683
686
638
556
427
241
-24
-372
-738
-1048
-1312
-1588
-1868
-2094
-2200
-2209
-2151
-2014
-1785
-1491
-1213
-910
-505
-85
307
639
945
1259
1564
1845
2064
2268
2477
2675
2829
2967
3121
3262
3337
3341
3344
3314
3192
2997
2749
2432
2097
1705
1269
818
361
-73
-504
-877
-1198
-1473
-1689
-1861
-1974
-2038
-2057
-2090
-2136
-2163
-2155
-2074
-2045
-2027
-1991
-1854
-1642
-1434
-1171
-853
-498
-126
297
721
1133
1431
1650
1782
1854
1855
1744
1504
1182
849
517
207
-89
-348
-539
-636
-687
-674
-618
-570
-576
-600
-621
-668
-747
-900
-1052
-1194
-1305
-1364
-1354
-1292
-1218
-1051
-846
-601
-330
-79
120
304
436
552
625
623
548
440
326
138
-142
-471
-776
-1061
-1317
-1568
-1777
-1938
-2000
-1996
-1927
-1782
-1555
-1288
-1000
-673
-305
103
437
756
1058
1360
1634
1870
2093
2266
2437
2590
2727
2871
2981
3072
3123
3151
3115
3043
2914
2699
2450
2172
1837
1467
1076
658
259
-118
-496
-850
-1125
-1359
-1539
-1699
-1783
-1869
-1950
-1981
-1977
-1920
-1926
-1906
-1882
-1818
-1717
-1602
-1442
-1242
-994
-731
-431
-76
285
607
895
1137
1357
1484
1559
1528
1406
1213
979
704
418
160
-102
-319
-491
-591
-627
-643
-638
-626
-608
-593
-608
-650
-726
-819
-940
-1040
-1116
-1172
-1171
-1142
-1075
-963
-793
-583
-371
-168
16
201
348
435
507
520
484
427
330
211
8
-284
-563
-808
-1054
-1272
-1505
-1672
-1756
-1784
-1723
-1616
-1439
-1222
-947
-641
-295
65
391
692
969
1261
1533
1756
1930
2095
2227
2347
2466
2554
2627
2694
2728
2750
2739
2704
2628
2491
2307
2072
1804
1502
1171
795
421
80
-252
-570
-842
-1073
-1284
-1437
-1533
-1592
-1602
-1621
-1662
-1695
-1720
-1677
-1658
-1673
-1678
-1635
-1518
-1384
-1192
-985
-724
-435
-93
265
629
938
1169
1332
1427
1490
1453
1325
1095
827
545
276
-3
-249
-438
-569
-638
-643
-576
-508
-462
-444
-420
-442
-469
-587
-717
-868
-1025
-1150
-1227
-1248
-1246
-1165
-1037
-861
-651
-425
-195
13
189
361
476
533
532
506
457
355
184
-41
-291
-549
-796
-1016
-1233
-1403
-1525
-1602
-1593
-1512
-1367
-1193
-974
-749
-485
-184
128
418
670
919
1152
1367
1558
1721
1861
1998
2103
2224
2358
2462
2547
2597
2620
2627
2608
2529
2372
2190
1985
1739
1442
1116
783
459
123
-184
-465
-709
-939
-1112
-1245
-1375
-1478
-1561
-1608
-1646
-1687
-1706
-1683
-1660
-1630
-1582
-1506
-1397
-1233
-1055
-835
-581
-305
-12
265
545
793
1004
1159
1235
1260
1221
1117
943
725
495
274
49
-159
-297
-423
-490
-538
-528
-514
-493
-501
-522
-542
-608
-678
-777
-866
-997
-1079
-1125
-1158
-1128
-1053
-926
-772
-574
-379
-153
32
193
330
420
491
495
487
446
367
240
53
-161
-406
-628
-843
-1075
-1258
-1407
-1516
-1543
-1516
-1424
-1284
-1101
-868
-606
-330
-51
216
495
735
961
1185
1379
1549
1700
1832
1960
2087
2206
2308
2401
2476
2541
2580
2579
2547
2440
2294
2111
1903
1638
1348
1020
695
356
24
-281
-562
-806
-1023
-1203
-1337
-1430
-1537
-1617
-1648
-1679
-1702
-1692
-1697
-1667
-1601
-1523
-1432
-1286
-1104
-893
-665
-413
-138
144
430
663
876
1037
1145
1183
1173
1108
970
804
609
383
160
-36
-224
-351
-441
-489
-544
-556
-558
-547
-564
-613
-663
-716
-798
-899
-954
-1032
-1074
-1078
-1047
-977
-857
-707
-536
-343
-139
69
254
395
502
566
621
606
572
499
379
234
7
-234
-465
-694
-941
-1151
-1330
-1466
-1541
-1567
-1520
-1425
-1293
-1105
-897
-641
-364
-82
177
429
693
940
1168
1379
1574
1723
1889
2024
2160
2286
2396
2474
2532
2581
2586
2586
2514
2389
2223
2010
1764
1480
1175
832
497
158
-159
-442
-709
-921
-1115
-1281
-1387
-1465
-1566
-1649
-1693
-1693
-1687
-1687
-1669
-1632
-1556
-1448
-1314
-1147
-957
-756
-522
-239
66
344
595
787
941
1100
1200
1212
1143
1022
857
693
482
276
73
-129
-297
-420
-487
-532
-566
-574
-563
-545
-535
-557
-598
-667
-746
-833
-903
-957
-989
-980
-939
-859
-728
-551
-361
-164
22
196
338
451
507
537
532
470
376
273
152
-44
-246
-476
-686
-870
-1069
-1240
-1394
-1522
-1573
-1571
-1524
-1414
-1266
-1085
-871
-621
-347
-72
215
478
760
1020
1264
1496
1687
1862
2020
2162
2289
2413
2488
2547
2570
2571
2541
2476
2369
2224
2038
1834
1591
1326
1044
724
410
110
-164
-428
-680
-904
-1081
-1225
-1335
-1430
-1517
-1575
-1592
-1595
-1586
-1565
-1540
-1459
-1376
-1272
-1141
-998
-849
-651
-450
-215
18
220
412
595
743
850
923
930
908
832
742
602
449
272
86
-64
-208
-315
-391
-461
-501
-519
-523
-517
-521
-544
-558
-589
-613
-635
-688
-713
-721
-717
-681
-618
-537
-442
-313
-188
-61
60
160
234
274
289
280
235
178
111
20
-66
-199
-355
-530
-702
-865
-1028
-1186
-1309
-1405
-1469
-1482
-1429
-1337
-1194
-1010
-798
-540
-254
42
341
630
897
1142
1377
1580
1756
1908
2020
2120
2202
2261
2297
2323
2323
2305
2276
2225
2132
2022
1881
1699
1488
1253
991
719
420
145
-128
-383
-613
-826
-987
-1140
-1256
-1347
-1419
-1454
-1479
-1501
-1480
-1447
-1386
-1307
-1243
-1155
-1048
-924
-781
-631
-468
-270
-84
101
280
446
580
673
737
770
753
713
641
519
402
262
120
-9
-132
-237
-312
-369
-407
-436
-435
-432
-441
-461
-474
-482
-515
-550
-602
-651
-672
-675
-671
-635
-577
-509
-405
-307
-199
-98
-22
43
109
136
141
126
103
56
1
-65
-144
-239
-357
-474
-601
-732
-870
-980
-1070
-1128
-1172
-1171
-1112
-1010
-867
-723
-533
-312
-69
182
409
661
904
1136
1336
1516
1667
1779
1890
1954
2023
2053
2086
2095
2086
2074
2049
1982
1878
1774
1622
1449
1261
1051
835
599
361
124
-112
-348
-568
-749
-906
-1054
-1175
-1274
-1343
-1370
-1400
-1421
-1398
-1348
-1295
-1216
-1134
-1034
-917
-781
-648
-504
-344
-189
-34
102
245
365
480
555
597
631
631
615
558
490
406
305
187
84
-13
-111
-215
-292
-354
-411
-429
-484
-516
-559
-594
-612
-644
-669
-694
-705
-704
-688
-652
-603
-531
-461
-393
-303
-211
-129
-71
-13
29
69
91
104
94
78
62
26
-15
-79
-174
-267
-387
-499
-616
-744
-862
-950
-1013
-1042
-1037
-990
-889
-771
-620
-435
-198
32
275
523
772
992
1185
1360
1510
1624
1719
1782
1828
1862
1887
1905
1905
1898
1869
1826
1770
1695
1583
1458
1305
1134
948
746
523
294
63
-168
-371
-577
-741
-902
-1039
-1150
-1241
-1286
-1324
-1349
-1356
-1327
-1267
-1209
-1152
-1057
-933
-829
-685
-542
-387
-206
-55
77
225
359
473
558
615
647
630
612
563
486
393
293
183
70
-38
-141
-229
-323
-409
-457
-503
-553
-576
-601
-636
-675
-688
-700
-731
-739
-751
-739
-691
-638
-564
-495
-400
-284
-183
-79
23
114
168
217
230
235
236
197
169
128
55
5
-63
-174
-278
-396
-512
-611
-704
-798
-856
-877
-903
-884
-839
-745
-639
-513
-346
-155
46
255
470
683
879
1063
1230
1362
1488
1580
1648
1712
1753
1777
1780
1771
1749
1708
1658
1586
1503
1406
1283
1168
1005
827
647
452
246
49
-136
-328
-509
-669
-809
-948
-1078
-1159
-1218
-1262
-1290
-1285
-1241
-1184
-1112
-1026
-916
-794
-667
-527
-385
-260
-126
-7
91
197
279
337
377
417
427
422
402
367
324
252
198
118
24
-53
-137
-227
-300
-380
-445
-493
-536
-562
-592
-604
-621
-621
-624
-617
-588
-571
-532
-478
-424
-350
-271
-199
-124
-49
16
73
115
153
174
184
190
158
137
98
68
27
-30
-70
-146
-223
-282
-367
-452
-534
-603
-664
-724
-761
-774
-744
-719
-647
-562
-455
-301
-123
51
247
436
619
801
943
1101
1225
1329
1411
1482
1528
1558
1583
1575
1556
1536
1506
1450
1389
1324
1237
1151
1034
895
748
592
429
245
62
-111
-293
-476
-613
-754
-879
-994
-1077
-1110
-1139
-1132
-1104
-1049
-977
-889
-766
-647
-508
-402
-298
-192
-112
-22
36
80
121
142
163
204
213
220
212
192
179
157
118
80
30
-30
-97
-164
-242
-324
-407
-470
-523
-578
-617
-643
-629
-620
-613
-573
-526
-482
-420
-359
-291
-227
-182
-118
-67
-38
-7
34
57
80
72
59
40
28
26
-17
-35
-57
-94
-112
-139
-174
-196
-240
-297
-338
-385
-430
-472
-506
-525
-527
-523
-497
-447
-379
-295
-197
-64
76
230
381
520
655
802
935
1052
1150
1229
1297
1337
1365
1394
1397
1371
1368
1332
1297
1245
1173
1108
1029
939
827
695
557
417
282
144
4
-133
-256
-357
-467
-550
-620
-675
-716
-724
-732
-724
-704
-677
-635
-592
-568
-522
-483
-452
-427
-397
-373
-359
-346
-344
-321
-304
-268
-251
-211
-189
-172
-151
-139
-142
-155
-173
-187
-211
-243
-282
-314
-341
-353
-352
-362
-358
-341
-320
-298
-264
-245
-206
-176
-145
-115
-94
-77
-58
-39
-49
-48
-52
-57
-51
-48
-63
-67
-71
-88
-86
-80
-76
-75
-69
-74
-66
-71
-82
-85
-81
-97
-110
-92
-98
-86
-64
-47
-18
29
72
128
195
259
327
389
475
532
589
649
695
738
765
785
805
816
825
817
803
803
780
738
701
667
622
567
508
444
390
322
253
186
120
32
-40
-80
-147
-196
-241
-277
-304
-337
-341
-337
-348
-352
-356
-337
-329
-314
-296
-287
-277
-266
-257
-255
-234
-238
-244
-232
-233
-234
-244
-222
-227
-237
-266
-281
-271
-285
-300
-321
-320
-342
-349
-359
-384
-403
-419
-407
-406
-409
-401
-379
-382
-365
-333
-314
-289
-259
-230
-212
-195
-194
-163
-152
-135
-118
-114
-98
-86
-69
-45
-1
22
48
73
87
111
133
148
163
186
204
200
212
224
234
238
244
247
267
292
298
333
357
382
413
446
478
496
519
516
528
538
529
527
537
525
498
485
463
449
423
396
362
339
309
275
237
216
186
146
126
78
46
3
-27
-58
-79
-96
-114
-125
-153
-153
-156
-163
-168
-174
-171
-177
-181
-181
-179
-194
-186
-197
-196
-195
-205
-203
-220
-235
-233
-245
-263
-262
-278
-291
-299
-308
-312
-330
-343
-359
-365
-373
-376
-370
-378
-377
-373
-363
-364
-342
-342
-334
-321
-314
-301
-296
-269
-256
-252
-226
-221
-198
-178
-148
-120
-87
-67
-34
-4
3
39
66
95
110
138
145
161
187
194
219
241
246
265
285
299
312
321
346
366
386
382
391
399
407
396
396
394
383
375
355
337
325
304
279
264
246
231
212
215
195
186
185
167
154
162
170
169
168
171
165
138
143
148
129
121
109
120
84
68
71
59
45
23
5
-11
-29
-56
-85
-111
-141
-162
-186
-211
-232
-248
-272
-300
-309
-323
-339
-344
-347
-350
-349
-354
-362
-355
-347
-347
-345
-334
-325
-323
-302
-292
-276
-274
-257
-238
-257
-246
-239
-246
-241
-246
-234
-239
-228
-208
-198
-168
-138
-128
-98
-73
-49
-37
-28
7
27
39
54
65
78
99
109
122
139
155
179
216
246
266
309
324
347
357
374
384
389
387
363
348
329
322
297
286
266
236
235
217
193
183
181
161
146
139
127
113
110
108
76
80
57
42
38
28
21
24
28
27
44
59
66
51
74
76
67
66
49
44
23
9
4
-19
-54
-53
-72
-102
-116
-127
-132
-137
-141
-136
-136
-145
-157
-167
-156
-177
-185
-192
-194
-194
-196
-196
-200
-189
-195
-199
-186
-192
-183
-166
-176
-187
-176
-181
-189
-180
-186
-188
-190
-186
-183
-170
-153
-154
-138
-137
-126
-95
-85
-72
-59
-43
-21
2
8
12
26
32
31
43
37
40
69
81
86
102
121
133
147
168
184
191
190
196
206
213
205
195
209
197
199
180
180
186
173
179
166
161
164
169
163
160
151
138
122
119
91
78
81
71
76
58
45
40
43
26
37
48
53
55
45
53
49
60
52
32
18
15
7
-14
-26
-33
-43
-42
-47
-56
-57
-58
-68
-76
-69
-96
-109
-99
-97
-116
-114
-117
-109
-107
-121
-125
-137
-133
-140
-139
-130
-136
-134
-142
-136
-142
-143
-136
-137
-146
-125
-122
-130
-124
-116
-99
-98
-86
-81
-83
-69
-69
-58
-53
-55
-45
-34
-19
-8
-9
9
20
6
17
18
30
28
24
24
33
41
45
39
37
52
49
47
45
54
64
64
65
90
86
85
93
94
93
103
97
108
110
120
119
125
123
107
117
98
87
83
81
85
65
71
72
61
61
56
63
69
68
48
47
39
38
40
29
30
35
6
7
6
-13
-4
-22
-23
-10
-8
-23
-20
-11
-1
1
-11
-15
-27
-31
-34
-33
-51
-47
-49
-49
-32
-49
-57
-50
-44
-53
-64
-64
-58
-69
-71
-72
-63
-63
-78
-83
-83
-97
-81
-79
-59
-56
-43
-53
-58
-36
-42
-31
-37
-30
-29
-24
-20
-7
0
-7
1
12
-3
18
29
23
27
28
21
16
19
5
7
-8
6
-9
-11
-4
-14
-12
-16
-9
-11
-11
-5
10
-1
-3
10
-6
-15
-10
-12
-1
10
16
28
31
33
31
45
52
50
39
36
41
31
34
38
38
39
48
46
53
54
54
50
50
53
36
40
28
22
21
17
15
10
20
5
31
43
31
37
35
51
54
44
38
34
38
27
20
26
35
30
35
23
6
-18
-19
-27
-37
-43
-55
-56
-71
-69
-74
-85
-80
-69
-83
-74
-63
-64
-65
-59
-53
-51
-35
-33
-27
-26
-26
-22
-13
-9
-3
5
11
17
21
30
24
11
6
14
5
2
-20
-22
-14
-24
-32
-34
-28
-34
-28
-21
-21
-23
-21
-17
-22
-28
-17
-26
-16
-4
-9
-4
-8
-11
-2
8
11
26
22
32
23
29
40
28
39
21
18
16
12
8
5
1
15
4
-2
11
17
16
6
13
20
11
15
26
16
33
27
28
31
28
37
44
40
51
48
46
53
60
49
40
46
53
54
42
45
32
33
28
17
3
3
-13
-24
-43
-61
-53
-66
-61
-72
-69
-73
-69
-68
-70
-57
-62
-54
-48
-45
-31
-27
-18
-10
-4
9
6
2
12
8
14
21
28
26
27
26
24
23
25
20
8
21
14
18
13
8
1
1
1
-4
14
9
7
-12
-15
-14
-13
-4
-16
-8
-19
-19
-24
-25
-24
-28
-25
-17
-16
-14
-8
-2
-14
-17
-12
-18
-21
-17
-17
-18
-28
-19
-3
-12
-2
6
1
11
-8
-2
1
-22
-12
2
8
13
14
18
22
27
43
55
65
71
69
88
77
70
69
56
55
40
47
43
38
33
29
36
18
7
-1
-1
-19
-19
-19
-21
-26
-44
-37
-44
-50
-55
-57
-59
-55
-50
-43
-37
-29
-23
-18
-8
-3
8
-2
-3
2
8
-3
5
9
-3
2
-8
-18
-15
-18
-13
-20
-12
-17
-13
-13
-14
-3
-7
-12
-12
-14
-5
-1
-4
0
2
2
-7
-7
-3
0
1
-7
-4
-7
-3
-14
-5
-11
-7
-13
-18
-6
-13
-4
-6
-9
-23
-10
-19
-13
-11
-6
-1
-6
10
-7
-8
3
11
6
18
18
28
23
29
41
36
42
36
43
45
43
37
34
47
50
43
45
56
56
51
54
42
47
36
28
19
12
15
5
2
-5
-17
-22
-45
-39
-37
-31
-24
-37
-49
-45
-42
-42
-32
-24
-17
-15
-20
-13
1
1
5
-2
5
9
10
20
12
12
2
7
3
-6
-2
-5
-11
-6
-8
-16
-7
-16
-12
-20
-24
-25
-26
-20
-20
-2
3
-3
3
15
-2
3
13
1
6
6
2
1
-11
-16
-4
-19
-15
-20
-15
-12
-21
-17
-23
-11
-22
-22
-28
-12
-5
-9
-17
-9
-9
-11
-10
-7
-9
-14
-12
-12
-6
2
14
-1
15
11
6
9
16
32
23
24
23
38
36
45
39
35
39
24
21
16
18
12
9
-2
-4
-7
0
-15
-10
-7
-5
-7
-11
-1
1
0
6
2
3
3
-1
-4
-13
-4
2
0
15
22
24
34
39
31
39
27
29
25
22
15
7
7
-1
5
5
5
0
-1
-6
-19
-17
-17
-10
-15
-26
-25
-22
-28
-22
-17
-12
-12
-13
1
-3
-3
1
-13
-9
0
-9
-20
-28
-30
-27
-22
-15
-15
-21
-8
-11
-8
-8
-6
-17
-17
-16
-15
-3
3
-2
-2
5
-3
-6
2
2
5
16
4
8
16
15
13
25
27
21
24
15
19
8
12
8
-6
4
9
4
6
8
2
-1
-5
-4
-7
-10
-16
-14
-14
-23
-26
-29
-27
-27
-25
-39
-31
-8
-11
-1
-13
-10
8
11
18
15
13
9
16
27
28
29
28
29
24
40
35
30
30
19
15
18
13
19
38
22
30
28
20
13
5
8
6
4
-5
-4
-8
-7
0
-8
-6
-4
-10
-16
-28
-33
-31
-36
-52
-43
-38
-43
-38
-42
-45
-43
-39
-43
-41
-31
-27
-10
-10
1
2
-4
1
6
14
26
20
34
33
31
45
47
33
37
36
32
37
20
24
19
19
19
19
17
7
12
-1
2
1
-8
-14
-11
-16
-13
-9
-10
-10
-20
-15
-16
-17
-18
-15
-11
-13
-12
-4
-6
-5
-5
3
1
2
5
6
6
11
3
-1
10
8
15
1
1
0
1
-5
0
5
-5
4
7
0
-10
2
4
1
6
-4
1
11
8
12
19
21
13
10
20
24
16
8
0
11
8
12
15
4
13
3
0
-3
-19
-19
-27
-36
-47
-46
-32
-48
-50
-48
-53
-55
-51
-45
-40
-40
-39
-25
-17
-13
-7
6
6
2
25
18
5
7
19
15
31
37
33
30
24
21
14
13
9
5
14
12
16
16
2
18
23
26
19
16
17
6
12
13
15
22
22
27
28
18
16
24
18
14
8
10
15
2
5
1
9
6
7
8
4
-4
-2
5
2
2
-3
-1
-5
-6
-18
-14
-17
-16
-13
-16
-27
-28
-28
-36
-12
-6
-13
-16
-15
-5
-7
3
11
7
15
19
31
29
24
35
32
44
28
23
20
12
2
-7
1
-7
-9
-18
-29
-27
-39
-44
-46
-44
-61
-51
-44
-48
-33
-37
-35
-24
-23
-24
-12
-12
-5
-3
-2
10
7
-2
2
10
5
13
8
8
7
11
9
2
-1
-9
-2
8
4
6
5
-2
-13
0
3
-1
2
-1
0
-4
7
3
-3
-3
0
1
13
20
16
17
14
9
11
8
7
6
22
16
9
15
24
22
27
18
24
26
20
24
11
17
17
11
7
-1
-2
4
-14
-14
-12
-1
-4
4
10
6
10
0
0
10
9
2
9
15
10
11
15
12
20
26
22
24
29
16
24
21
15
8
10
11
-4
-3
-10
-15
-13
-29
-31
-30
-33
-45
-38
-44
-40
-33
-39
-35
-31
-37
-29
-22
-11
-13
-11
-18
-23
-13
-20
-7
-5
-16
-10
-7
-1
8
6
1
-5
-5
0
-5
-7
-9
-9
-3
-5
3
-2
13
7
17
15
4
8
8
9
6
1
9
17
-2
-3
-1
5
4
5
-5
-2
13
5
1
14
22
21
18
19
16
10
25
18
13
13
3
3
1
-6
-12
-5
-14
-14
-21
-14
-27
-31
-12
-21
-14
-20
-20
-8
-11
-15
-12
-2
3
7
19
25
18
21
30
26
29
22
21
22
31
28
27
34
32
27
9
5
1
3
4
4
-6
-3
3
1
12
-1
-1
2
3
-2
-10
-1
-9
-14
-9
-5
1
-7
-2
-2
-5
-7
-11
-25
-17
-18
-22
-19
-20
-8
-16
-8
-11
-7
-11
-2
-16
-15
-11
-10
-12
-13
-7
-14
-14
-10
-7
-11
-9
-13
-7
1
-1
-1
-1
0
1
6
14
16
14
12
8
17
14
12
27
25
23
18
17
20
15
13
12
15
15
9
5
2
-14
-18
-16
-10
-16
-16
-18
-21
-13
-7
2
-4
-6
4
-2
5
5
4
12
5
5
3
-8
4
5
11
15
11
9
13
10
-5
-4
-3
3
11
14
-4
-6
1
-9
-11
-8
3
-5
-1
16
8
9
1
-4
2
-1
-19
-26
-24
-22
-15
-17
-19
-14
-15
-18
-25
-25
-29
-30
-16
-7
6
5
10
3
-4
-1
-3
-3
12
12
8
23
18
14
14
12
9
19
8
7
9
17
11
-3
7
4
4
0
14
-3
9
20
2
16
9
9
7
9
8
3
10
8
-1
2
-6
-6
-2
0
-14
-8
-11
-17
-12
-19
-21
-15
-8
-6
-4
-15
-10
-5
7
4
10
14
11
19
11
12
12
16
12
9
15
20
10
11
18
19
14
10
6
8
5
1
9
11
3
1
4
-3
-3
-6
-12
-10
-3
-1
-11
-8
-10
-9
-6
0
-12
-16
-19
-13
-14
-22
-19
-25
-23
-31
-31
-25
-28
-25
-25
-24
-26
-18
-17
-19
-13
-9
-14
-11
-3
-7
6
-3
0
2
1
4
-9
-10
-1
-14
-2
2
2
6
