-6
-4
-4
-3
-5
-13
-13
-9
-11
-13
-8
-6
-4
-3
-2
-4
-4
-3
1
8
3
10
10
16
20
13
9
9
19
19
19
16
18
8
6
9
7
15
4
3
8
8
9
10
12
8
1
-4
-4
-4
-3
-5
-5
0
0
5
-1
-2
-7
-7
-1
1
1
-3
6
4
-2
1
0
-13
-8
-11
-13
-7
-5
-4
-4
2
1
4
1
-3
-1
-2
10
9
13
13
11
17
19
20
16
11
7
16
8
5
3
8
7
5
0
6
7
2
-2
-12
-1
-3
-8
-5
-9
-7
-3
-12
-2
6
-7
-4
7
-2
-8
-15
-8
-5
-8
-12
-4
-9
-1
-7
-1
-1
-18
-8
-7
-13
-14
-2
-9
-8
-7
-10
-8
-16
-18
-16
-18
-16
-14
-21
-17
-11
-14
-11
-11
-16
-16
2
-1
-11
3
6
13
8
7
8
7
11
13
18
21
23
12
18
23
16
18
16
20
19
7
9
12
12
16
13
9
10
10
9
7
7
-1
-9
-6
-5
-7
-3
3
3
0
-7
-9
-8
-1
6
-1
0
-3
-4
-4
-1
-7
-7
-5
-11
-17
-17
-17
-11
4
-11
-7
-3
-1
1
4
-5
0
1
-6
2
0
8
7
6
7
-6
1
8
0
-4
2
3
2
7
9
8
7
9
4
13
9
10
13
13
12
14
7
10
14
8
14
9
2
-2
-2
-9
-10
-10
-7
-5
-8
-4
-4
-9
-8
-16
-9
-6
-4
6
3
3
6
-1
-2
-5
-3
5
2
-3
-3
-7
-5
-8
-12
-8
-13
-10
-10
-9
-14
-16
-12
-8
-14
-17
-7
-4
-2
-3
-5
6
-4
-2
3
1
0
1
0
0
-4
-5
-14
-8
-1
-13
-14
-5
-3
-1
7
2
8
4
2
4
4
8
6
7
3
14
11
10
16
15
15
14
18
18
17
15
16
15
15
7
9
3
-6
-8
-3
-2
-9
-3
-5
-6
-8
-4
-6
-13
-6
-3
-7
-2
1
0
4
0
5
4
8
2
-2
5
0
-5
-8
-11
-8
-3
-3
-12
-9
-6
-6
0
5
-10
-5
-1
-7
3
-5
0
3
11
3
5
11
10
19
10
12
10
3
3
-1
1
-3
1
8
4
-1
1
5
8
11
8
1
5
3
3
2
3
11
2
-4
5
4
3
6
2
-5
-6
-3
-9
-2
-6
-11
-11
-18
-12
-13
-14
-13
-11
-14
-13
-8
-2
-10
-5
-6
-7
3
-6
0
-2
-8
-6
-5
-1
-10
-10
-8
-3
-7
-4
5
-5
-5
-12
-6
-9
-11
-3
-10
-5
-2
-3
4
3
-2
8
5
-4
4
5
8
4
9
5
7
9
7
6
8
5
6
14
14
20
15
10
7
10
12
8
10
4
10
9
12
17
18
19
11
11
2
7
3
8
-2
-6
-10
-20
-5
-7
-8
-11
-13
-13
-15
-15
-11
-5
-11
-13
-10
-5
-1
3
1
2
12
4
8
2
0
5
6
-4
-3
1
-3
4
0
-4
1
12
4
13
11
8
9
10
5
-1
1
4
-1
6
4
-1
3
-3
14
10
4
5
-1
-2
-5
-3
-8
-10
-12
-11
-11
-8
-5
-10
-7
-9
-7
-6
-8
-4
-3
-1
-6
-6
2
3
4
-3
3
-1
-8
-4
3
0
3
3
-1
5
1
6
0
-6
-1
-7
-1
2
4
8
-3
-10
-2
-6
0
1
-1
-11
-17
-6
-5
9
4
-8
-8
-10
-12
-8
-18
-11
0
-12
2
-8
-6
-9
-13
-3
-7
-3
4
2
1
2
-6
4
-4
6
6
4
5
17
22
20
14
14
16
14
9
0
2
-1
10
7
3
-1
-8
-10
4
13
17
18
13
6
5
11
19
20
24
6
0
-6
2
15
24
18
-3
1
-6
-11
-4
-3
-1
-9
-10
-15
-18
-7
-4
1
3
3
0
-10
-12
4
6
15
5
-4
-12
-17
-7
1
5
-4
-10
-20
-19
-17
-6
0
-1
-4
-5
-10
-2
2
6
7
9
0
-3
7
7
5
3
6
5
7
10
13
1
4
0
2
0
0
-5
-13
-5
-8
-8
1
-6
-16
-13
-5
-5
4
5
-7
-9
-8
-9
1
6
-2
-8
-9
-14
-2
5
-1
-1
0
-3
-11
-10
-8
-11
-13
-9
-9
-4
-3
2
0
-6
-6
-7
5
7
2
-1
-5
1
1
10
17
6
-9
2
-2
6
14
17
32
11
5
-8
3
14
17
21
13
8
-2
-4
10
18
20
20
4
-6
-8
-4
12
21
6
1
-8
-17
0
10
10
8
7
2
-6
2
15
12
6
-2
-3
-5
3
-2
0
0
-4
-5
-10
-11
-2
4
4
2
2
5
0
6
4
-10
-11
-7
0
-1
7
1
-9
-11
-11
1
-6
-9
-11
-16
-11
-8
-5
-3
-7
-8
-5
-16
-11
-11
-17
-12
0
4
-1
-18
-24
-17
-7
4
5
-3
-17
-27
-11
7
29
26
5
-6
-10
6
13
24
21
9
4
-2
14
17
12
-3
-9
1
3
18
17
6
-9
-10
6
16
13
14
-7
-18
-16
-10
13
20
13
4
-9
0
12
16
17
9
-9
-23
-19
-10
-3
-3
-13
-23
-28
-34
-20
-10
-13
-16
-10
-13
-19
-13
-1
8
9
-1
-6
-4
3
8
17
11
6
7
9
7
-1
14
8
14
15
9
9
3
8
11
8
14
14
12
16
12
4
5
11
14
22
19
11
6
8
13
17
16
16
8
-6
-7
1
2
13
3
-2
-8
-16
-11
-7
3
-5
-14
-17
-7
4
2
-7
-25
-26
-18
-6
-1
0
-14
-22
-19
-15
-8
-11
-22
-28
-28
-27
-8
-11
-30
-29
-20
-9
7
2
-8
-32
-25
-12
6
11
1
-1
-12
6
18
28
25
16
7
2
14
31
37
29
16
17
4
15
33
33
31
19
12
7
31
33
17
10
3
9
26
29
21
13
2
1
19
21
21
9
-1
1
-7
1
2
-1
-11
-22
-28
-20
-18
-35
-28
-40
-40
-37
-41
-38
-38
-39
-33
-42
-37
-29
-20
-17
-32
-50
-54
-55
-51
-39
-30
-31
-40
-46
-51
-44
-39
-24
-13
-14
-13
-2
5
18
40
44
53
59
65
64
64
78
81
82
81
84
72
68
71
69
70
60
52
47
47
43
50
48
42
40
31
34
43
55
57
52
43
40
45
46
52
51
30
16
9
16
21
1
-12
-36
-52
-54
-40
-46
-58
-91
-109
-104
-87
-77
-96
-123
-171
-210
-239
-249
-256
-249
-236
-238
-265
-282
-259
-217
-164
-100
-52
-24
-26
-9
48
122
189
225
228
210
212
225
237
257
269
241
195
161
150
149
150
133
118
106
82
70
59
55
63
64
65
78
73
62
45
49
64
74
80
69
42
32
24
32
49
37
26
-6
-30
-44
-42
-33
-25
-37
-62
-96
-113
-100
-76
-71
-90
-123
-160
-172
-161
-159
-215
-332
-460
-518
-444
-325
-285
-351
-462
-511
-446
-287
-121
-16
-7
-62
-90
2
189
361
429
383
334
305
331
396
442
443
380
289
226
201
206
180
126
82
45
27
-6
-39
-71
-90
-74
-48
-17
1
-13
-37
-32
14
71
92
95
85
78
82
104
137
157
152
115
79
67
67
73
67
35
-5
-38
-46
-37
-20
-11
-43
-89
-97
-62
5
53
52
24
-13
-21
24
67
90
58
-21
-62
-49
-17
-8
-36
-111
-165
-178
-169
-137
-132
-186
-241
-274
-264
-229
-222
-249
-284
-315
-317
-310
-305
-289
-304
-327
-336
-327
-282
-232
-208
-190
-176
-124
-54
9
70
108
137
166
205
255
297
315
320
315
333
352
369
374
364
345
313
299
303
307
291
263
235
230
225
220
205
181
173
157
149
147
129
120
109
96
92
102
96
78
64
62
67
77
72
38
-5
-29
-26
-36
-43
-67
-115
-152
-178
-159
-141
-147
-162
-182
-183
-176
-169
-158
-150
-163
-207
-289
-417
-562
-638
-602
-535
-541
-661
-804
-873
-840
-719
-536
-366
-306
-341
-358
-229
14
287
457
529
544
543
587
685
813
902
888
782
670
611
587
557
504
432
336
220
105
12
-41
-80
-117
-140
-155
-172
-198
-219
-187
-107
-33
20
12
-25
-49
-34
45
133
191
166
87
51
71
129
180
187
150
103
66
69
103
111
106
64
25
10
16
20
7
-4
-9
-25
-21
-23
-24
-30
-39
-46
-50
-55
-72
-108
-134
-132
-142
-153
-188
-255
-299
-279
-207
-112
-104
-148
-211
-342
-614
-972
-1117
-932
-643
-596
-884
-1259
-1443
-1372
-1048
-573
-203
-174
-462
-691
-475
122
744
1045
1013
863
752
795
1050
1409
1604
1472
1143
884
810
832
851
783
647
471
248
35
-102
-140
-164
-208
-237
-225
-259
-352
-424
-362
-186
-6
88
93
61
44
97
215
340
393
326
204
116
132
214
251
205
110
10
-66
-84
-51
15
11
-77
-162
-202
-183
-129
-57
-19
-30
-42
-61
-37
21
83
131
127
107
73
43
35
66
86
64
-24
-153
-260
-304
-316
-322
-327
-329
-313
-279
-250
-225
-195
-251
-523
-1017
-1429
-1430
-1091
-794
-855
-1233
-1663
-1852
-1643
-1115
-496
-158
-281
-641
-717
-232
526
1146
1389
1328
1143
1039
1182
1569
1942
1997
1750
1399
1160
1088
1079
1032
898
726
470
175
-80
-240
-323
-396
-431
-424
-436
-551
-669
-698
-574
-324
-106
4
12
-29
6
139
357
584
600
421
239
197
288
393
419
332
150
-53
-144
-97
12
47
-46
-200
-293
-293
-235
-173
-147
-141
-145
-146
-100
-14
42
79
102
140
185
178
144
120
120
141
136
89
4
-112
-248
-360
-398
-375
-343
-319
-283
-280
-273
-232
-193
-371
-1032
-1930
-2393
-1930
-1042
-723
-1349
-2312
-2789
-2526
-1719
-677
108
112
-625
-1248
-799
598
1907
2287
1922
1479
1308
1467
1976
2633
2944
2546
1772
1274
1292
1464
1418
1159
845
565
239
-123
-359
-455
-540
-644
-678
-592
-607
-857
-1217
-1255
-760
-83
235
69
-251
-388
-207
260
843
1210
1053
539
146
186
564
831
779
443
46
-253
-356
-257
-59
-39
-301
-621
-729
-600
-436
-346
-303
-279
-284
-276
-217
-96
70
169
192
222
274
306
274
240
298
375
366
276
172
68
-17
-109
-190
-293
-442
-568
-596
-504
-377
-257
-229
-221
-192
-157
-458
-1384
-2589
-3055
-2201
-922
-563
-1528
-2844
-3407
-2986
-1889
-490
563
417
-811
-1746
-1066
879
2498
2815
2263
1641
1348
1489
2222
3220
3631
2998
1903
1335
1475
1754
1714
1434
1115
734
229
-243
-473
-521
-608
-775
-816
-724
-828
-1277
-1714
-1513
-723
-32
49
-254
-520
-564
-250
418
1163
1462
1103
393
-3
282
896
1295
1155
696
177
-230
-286
45
417
363
-81
-539
-706
-611
-440
-281
-237
-316
-456
-564
-525
-308
-86
10
-9
21
77
36
-18
67
254
352
300
157
-7
-155
-220
-224
-209
-252
-376
-564
-685
-620
-413
-215
-107
-114
-319
-657
-1037
-1628
-2499
-2977
-2345
-1172
-884
-1811
-2964
-3318
-2750
-1675
-463
317
186
-646
-1242
-667
1000
2526
2894
2330
1765
1652
1947
2549
3273
3570
3044
2154
1636
1662
1892
1891
1582
1139
720
330
-67
-363
-474
-571
-793
-993
-1060
-1174
-1408
-1489
-1196
-763
-509
-500
-564
-492
-237
128
516
832
952
778
536
604
977
1290
1247
982
677
436
295
284
356
320
42
-330
-562
-610
-581
-617
-684
-720
-735
-763
-739
-637
-486
-385
-295
-182
-61
-20
-44
24
215
434
491
386
221
79
52
0
-96
-183
-229
-251
-267
-201
-89
-44
-51
-41
-184
-1040
-2643
-3938
-3694
-2038
-665
-989
-2714
-4360
-4700
-3522
-1450
409
877
-347
-2011
-2251
-444
2159
3730
3592
2482
1567
1539
2458
3822
4735
4495
3291
2152
1865
2245
2598
2464
1954
1315
671
72
-315
-513
-683
-932
-1181
-1241
-1391
-1829
-2339
-2322
-1681
-949
-651
-820
-1094
-1145
-815
-103
778
1327
1170
566
223
604
1412
1940
1884
1402
792
370
331
640
909
731
101
-577
-916
-854
-668
-611
-725
-931
-1102
-1187
-1108
-858
-565
-404
-338
-278
-203
-183
-89
191
540
748
693
442
231
124
37
20
50
111
67
-126
-290
-247
-51
95
137
77
-190
-1025
-2593
-4052
-4116
-2542
-871
-833
-2549
-4518
-5162
-4068
-1877
186
933
-91
-1870
-2528
-944
1880
3898
4033
2858
1716
1546
2451
3920
5018
4986
3838
2522
2032
2387
2898
2880
2317
1559
845
218
-215
-426
-590
-895
-1281
-1507
-1620
-1911
-2442
-2682
-2198
-1394
-948
-1055
-1327
-1419
-1130
-425
489
1141
1169
694
338
617
1411
2088
2122
1644
1096
703
611
793
1029
927
349
-362
-782
-802
-689
-678
-802
-986
-1164
-1315
-1335
-1125
-816
-553
-458
-418
-367
-309
-188
52
437
703
679
437
196
81
93
131
215
280
242
48
-203
-279
-91
189
359
321
-4
-870
-2502
-4184
-4497
-2912
-882
-514
-2333
-4733
-5725
-4636
-2249
70
1054
102
-1917
-2976
-1586
1493
3992
4404
3121
1727
1376
2274
3877
5234
5459
4384
2878
2085
2399
3065
3244
2760
1969
1201
460
-97
-399
-507
-690
-1067
-1408
-1715
-2146
-2712
-2919
-2416
-1592
-1140
-1311
-1742
-1905
-1540
-684
306
953
996
515
178
504
1397
2181
2342
1941
1384
1005
927
1129
1396
1334
822
102
-454
-602
-548
-509
-626
-869
-1118
-1368
-1515
-1410
-1096
-795
-665
-699
-775
-749
-556
-215
149
402
396
170
-62
-119
65
349
554
531
322
71
-30
112
347
489
425
182
-373
-1558
-3257
-4448
-3894
-1958
-620
-1423
-3778
-5614
-5506
-3665
-1285
374
420
-1130
-2844
-2700
-244
2825
4347
3771
2298
1445
1879
3280
4869
5715
5283
3903
2650
2484
3150
3653
3449
2730
1856
1025
341
-93
-273
-407
-772
-1275
-1775
-2234
-2715
-2951
-2736
-2177
-1723
-1777
-2119
-2259
-1941
-1224
-438
204
519
460
317
507
1176
1932
2294
2165
1828
1521
1415
1503
1626
1591
1279
683
53
-319
-400
-375
-497
-749
-1036
-1344
-1592
-1618
-1399
-1108
-934
-957
-1052
-1099
-925
-562
-157
141
196
33
-161
-180
103
480
732
736
481
199
106
296
629
783
693
394
-81
-1010
-2555
-4056
-4222
-2642
-831
-909
-3097
-5460
-6029
-4584
-2239
-218
402
-788
-2774
-3432
-1553
1769
4085
4095
2628
1432
1510
2804
4550
5841
5910
4662
3151
2617
3231
4001
4066
3414
2516
1639
822
241
1
-85
-382
-930
-1617
-2239
-2746
-3083
-3057
-2609
-2096
-2016
-2384
-2712
-2513
-1859
-1054
-369
125
275
191
272
809
1625
2256
2396
2141
1840
1684
1708
1847
1930
1786
1293
559
10
-185
-198
-311
-601
-940
-1298
-1607
-1731
-1621
-1419
-1288
-1278
-1343
-1379
-1245
-948
-590
-261
-106
-71
-159
-228
-25
392
738
776
594
397
387
505
735
920
875
683
309
-449
-1861
-3585
-4385
-3238
-1116
-431
-2257
-5061
-6308
-5256
-2952
-762
278
-504
-2579
-3908
-2636
697
3583
4160
2770
1307
1158
2364
4169
5702
6145
5170
3571
2737
3256
4231
4510
3922
3035
2169
1351
705
351
225
-21
-589
-1257
-1871
-2472
-3081
-3341
-2942
-2255
-2055
-2506
-3072
-3099
-2445
-1577
-794
-223
-43
-148
-137
402
1362
2167
2427
2268
1996
1822
1848
2015
2217
2251
1846
1089
401
61
37
13
-227
-604
-1079
-1586
-1881
-1798
-1540
-1347
-1408
-1598
-1704
-1648
-1318
-842
-407
-201
-260
-409
-410
-149
254
642
821
778
596
458
548
812
1072
1133
978
639
101
-967
-2703
-4200
-3927
-1848
-237
-1203
-4134
-6284
-6067
-4087
-1703
-95
-140
-1961
-4020
-3929
-1059
2534
4171
3229
1450
769
1610
3359
5203
6268
5860
4277
2954
3073
4166
4887
4588
3701
2793
1951
1194
702
517
396
-60
-812
-1491
-2055
-2725
-3359
-3351
-2656
-2066
-2335
-3107
-3524
-3220
-2413
-1487
-664
-262
-389
-696
-473
563
1819
2467
2292
1843
1662
1812
2149
2513
2662
2310
1493
722
457
566
597
275
-274
-794
-1237
-1520
-1592
-1447
-1328
-1426
-1650
-1823
-1797
-1573
-1234
-826
-517
-417
-496
-557
-410
-63
335
656
858
801
586
465
615
924
1173
1196
1005
663
55
-1176
-3003
-4220
-3463
-1262
-156
-1756
-4729
-6424
-5712
-3520
-1298
-77
-632
-2703
-4390
-3610
-334
2928
3849
2512
905
689
1875
3735
5439
6160
5427
3844
2943
3457
4584
5036
4545
3673
2842
2086
1402
1007
848
647
90
-685
-1335
-1893
-2584
-3224
-3190
-2524
-2080
-2503
-3317
-3678
-3301
-2528
-1661
-932
-638
-849
-1126
-729
453
1751
2305
2018
1548
1443
1776
2299
2725
2788
2293
1444
791
741
992
1011
554
-119
-682
-1054
-1219
-1228
-1144
-1189
-1414
-1694
-1845
-1739
-1519
-1235
-957
-762
-708
-829
-864
-653
-248
184
503
645
603
473
426
622
988
1274
1262
1003
671
241
-746
-2487
-3915
-3454
-1320
-44
-1460
-4444
-6216
-5604
-3621
-1564
-381
-781
-2722
-4501
-3887
-798
2466
3453
2129
539
381
1650
3471
5131
5891
5279
3810
2961
3537
4765
5295
4762
3877
3140
2495
1877
1444
1304
1134
570
-250
-946
-1469
-2008
-2602
-2827
-2629
-2454
-2642
-3136
-3454
-3363
-2921
-2262
-1617
-1192
-1188
-1336
-1086
-199
947
1649
1726
1464
1374
1637
2180
2666
2833
2515
1836
1264
1108
1327
1383
1005
336
-273
-632
-812
-858
-853
-994
-1284
-1608
-1811
-1804
-1632
-1391
-1185
-1056
-1025
-1062
-1097
-940
-590
-175
121
263
286
272
377
626
902
1064
1085
989
838
591
-95
-1540
-3172
-3538
-2039
-285
-563
-3015
-5407
-5768
-4224
-2181
-810
-757
-2143
-3952
-4259
-2100
1079
2794
2199
653
65
1001
2696
4323
5251
5132
4162
3264
3428
4436
5213
5064
4323
3629
3093
2530
2006
1714
1568
1231
548
-243
-917
-1478
-2008
-2292
-2140
-2053
-2590
-3484
-3807
-3288
-2642
-2324
-2244
-2193
-2206
-2114
-1527
-521
409
753
605
533
970
1697
2240
2432
2436
2330
2007
1704
1737
1961
1842
1318
746
389
149
-97
-324
-476
-631
-877
-1213
-1517
-1618
-1536
-1431
-1375
-1248
-1214
-1361
-1457
-1248
-821
-494
-386
-336
-217
-48
201
522
795
910
858
799
813
900
833
100
-1526
-3179
-3324
-1660
-14
-543
-3050
-5230
-5299
-3692
-1856
-791
-948
-2324
-3895
-3891
-1695
1121
2322
1493
218
86
1193
2700
3951
4622
4531
3826
3266
3578
4476
4978
4700
4108
3702
3338
2759
2151
1848
1787
1528
884
77
-618
-1223
-1721
-1900
-1776
-1840
-2423
-3235
-3572
-3283
-2761
-2395
-2255
-2295
-2487
-2513
-1981
-939
51
450
277
148
440
1102
1801
2308
2442
2185
1747
1519
1703
2040
2091
1700
1119
670
362
172
71
21
-139
-538
-1002
-1329
-1385
-1318
-1240
-1190
-1229
-1353
-1560
-1582
-1321
-928
-656
-638
-694
-632
-374
-32
272
527
671
632
563
658
889
1008
580
-659
-2343
-3237
-2341
-427
216
-1532
-4140
-5198
-4180
-2433
-1132
-787
-1625
-3137
-3926
-2782
-232
1655
1600
431
-168
521
1837
3008
3807
4130
3886
3362
3288
3928
4558
4601
4215
3905
3729
3294
2659
2181
2071
2002
1581
853
99
-530
-1063
-1383
-1360
-1329
-1816
-2798
-3439
-3217
-2583
-2271
-2429
-2718
-2934
-2914
-2428
-1475
-559
-222
-433
-611
-229
633
1461
1866
1945
1885
1732
1622
1755
2129
2327
2044
1539
1146
910
709
519
464
400
101
-443
-928
-1117
-1059
-984
-1060
-1208
-1384
-1615
-1770
-1616
-1231
-963
-958
-1113
-1153
-921
-558
-151
175
326
267
168
246
546
931
1014
530
-627
-2114
-2911
-2132
-349
425
-1093
-3694
-4857
-3829
-2045
-897
-786
-1546
-2803
-3534
-2631
-444
1314
1331
265
-256
396
1610
2554
3151
3541
3618
3336
3182
3541
4011
4165
4048
3983
3939
3528
2782
2167
2051
2219
2096
1434
565
-158
-656
-930
-924
-863
-1282
-2240
-3103
-3172
-2623
-2193
-2246
-2550
-2872
-2987
-2694
-1940
-1049
-610
-741
-943
-703
19
861
1398
1573
1529
1412
1349
1550
1972
2282
2153
1713
1324
1101
985
930
922
814
464
-54
-522
-762
-765
-753
-851
-1046
-1297
-1552
-1736
-1689
-1448
-1186
-1120
-1252
-1357
-1301
-1010
-563
-131
94
22
-96
9
345
774
998
812
129
-964
-2033
-2250
-1195
188
159
-1716
-3729
-3988
-2664
-1285
-769
-1060
-1827
-2759
-2984
-1862
-44
1018
646
-164
-203
600
1535
2158
2691
3164
3257
2976
2800
3092
3596
3912
4025
4005
3707
3018
2308
2110
2465
2751
2326
1302
309
-212
-316
-268
-246
-531
-1351
-2415
-3010
-2728
-2070
-1818
-2183
-2690
-2995
-3036
-2662
-1869
-1105
-829
-1106
-1310
-989
-244
523
995
1191
1221
1128
1078
1345
1850
2167
2058
1715
1398
1234
1158
1156
1191
1113
734
184
-280
-473
-460
-457
-575
-876
-1239
-1566
-1706
-1585
-1302
-1126
-1229
-1498
-1654
-1517
-1156
-699
-363
-288
-372
-387
-193
214
588
783
712
370
-312
-1276
-1976
-1629
-309
578
-290
-2348
-3645
-3150
-1666
-620
-515
-1109
-2058
-2774
-2468
-969
560
918
212
-403
-72
767
1521
2063
2544
2806
2702
2507
2626
3092
3483
3659
3700
3611
3258
2713
2328
2382
2627
2542
1934
1132
537
202
29
-63
-198
-554
-1240
-2039
-2494
-2388
-1947
-1688
-1925
-2458
-2860
-2895
-2476
-1752
-1129
-968
-1272
-1568
-1332
-548
353
833
889
705
566
719
1156
1706
2053
1987
1575
1212
1121
1255
1410
1414
1175
744
262
-68
-159
-123
-122
-352
-752
-1156
-1418
-1435
-1313
-1184
-1171
-1324
-1542
-1613
-1452
-1153
-855
-708
-659
-634
-542
-341
-50
270
475
493
319
108
-235
-834
-1410
-1279
-342
312
-389
-2035
-3001
-2473
-1212
-487
-611
-1217
-1926
-2346
-1927
-649
528
624
-140
-597
-134
758
1409
1796
2129
2296
2199
2109
2345
2822
3219
3378
3351
3197
2848
2434
2269
2487
2758
2548
1841
1045
573
476
506
452
161
-372
-1084
-1739
-2064
-1901
-1502
-1324
-1626
-2276
-2768
-2746
-2215
-1544
-1133
-1152
-1453
-1668
-1472
-779
44
542
551
300
204
444
940
1474
1790
1762
1406
1057
1005
1202
1429
1456
1260
838
351
25
-38
90
139
-82
-545
-1037
-1313
-1294
-1086
-918
-960
-1245
-1566
-1656
-1445
-1080
-796
-719
-765
-820
-775
-534
-181
159
327
301
228
183
189
-45
-592
-1149
-1105
-388
194
-256
-1537
-2453
-2166
-1136
-427
-477
-1071
-1713
-2042
-1667
-639
292
389
-206
-573
-183
590
1166
1487
1742
1909
1923
1898
2079
2434
2740
2941
3045
2994
2696
2287
2111
2278
2508
2398
1885
1221
741
579
574
535
308
-141
-742
-1359
-1686
-1577
-1215
-1063
-1416
-2047
-2462
-2395
-1961
-1466
-1165
-1219
-1498
-1674
-1407
-737
-102
177
115
0
72
350
739
1139
1372
1314
1083
914
925
1052
1161
1218
1119
814
417
107
40
135
187
-6
-386
-777
-1022
-1026
-908
-806
-841
-1055
-1273
-1340
-1175
-905
-707
-679
-755
-789
-683
-441
-203
-39
22
32
73
167
242
263
78
-395
-970
-1129
-612
2
-99
-1004
-1899
-1942
-1290
-706
-580
-831
-1231
-1540
-1459
-850
-100
177
-75
-284
2
551
898
1057
1291
1625
1849
1935
2008
2132
2227
2341
2567
2796
2738
2347
1979
1898
2061
2148
1942
1521
1030
675
533
491
417
67
-482
-942
-1063
-957
-954
-1193
-1529
-1709
-1698
-1619
-1557
-1486
-1426
-1425
-1391
-1223
-984
-799
-696
-518
-263
-43
79
156
272
439
605
747
849
826
707
615
631
734
773
667
448
264
139
56
11
-53
-163
-318
-475
-594
-636
-652
-659
-677
-708
-741
-784
-777
-720
-611
-535
-497
-478
-491
-427
-326
-218
-90
-15
28
36
3
-54
-151
-350
-658
-880
-778
-428
-271
-638
-1222
-1474
-1227
-832
-629
-633
-794
-978
-1063
-820
-268
148
163
12
58
385
750
969
1118
1295
1450
1565
1702
1861
1957
1926
1935
2097
2235
2136
1868
1673
1643
1679
1627
1460
1227
907
613
446
384
245
-39
-313
-477
-585
-703
-840
-957
-1030
-1082
-1129
-1153
-1118
-1132
-1157
-1096
-965
-847
-800
-763
-679
-556
-419
-270
-128
-64
-58
-38
55
187
302
347
322
305
271
249
289
325
342
279
159
65
9
-15
-21
-46
-114
-206
-327
-391
-392
-383
-407
-466
-513
-561
-559
-550
-554
-527
-501
-512
-498
-477
-442
-418
-398
-350
-315
-287
-279
-266
-245
-269
-347
-484
-587
-505
-327
-193
-233
-420
-551
-512
-370
-170
-16
35
-25
-138
-121
74
323
489
527
522
560
638
718
835
938
1017
1049
1077
1122
1142
1142
1106
1117
1168
1185
1134
1025
932
834
772
728
695
591
418
271
160
119
95
43
-34
-121
-217
-310
-364
-387
-375
-384
-437
-489
-540
-565
-562
-533
-490
-492
-521
-521
-487
-445
-401
-393
-386
-374
-330
-281
-242
-224
-226
-235
-208
-153
-127
-139
-161
-131
-123
-103
-95
-124
-146
-126
-78
-44
-56
-121
-171
-169
-108
-48
-56
-110
-194
-241
-212
-158
-137
-154
-206
-244
-255
-231
-186
-163
-165
-185
-202
-192
-160
-113
-77
-49
-32
-37
-28
-18
31
87
111
122
110
111
98
121
178
219
255
249
218
188
196
262
309
319
285
246
230
238
253
284
283
241
222
203
209
203
200
191
193
193
164
157
162
147
131
146
156
173
137
109
104
94
112
124
111
70
55
42
63
55
45
26
-8
-17
8
34
19
20
-11
-32
-33
-21
-1
-16
-35
-55
-57
-61
-59
-66
-92
-114
-123
-116
-83
-89
-136
-178
-218
-202
-160
-166
-195
-253
-290
-269
-249
-228
-229
-242
-280
-302
-300
-277
-243
-223
-237
-254
-256
-240
-229
-196
-161
-140
-139
-143
-129
-78
-20
4
31
23
1
8
46
96
128
136
112
84
77
116
163
193
195
176
161
174
200
210
208
197
209
205
189
183
181
154
138
132
139
135
109
65
33
40
61
80
69
33
-1
-21
-6
19
32
15
-24
-41
-23
20
38
28
33
21
29
24
29
87
115
128
108
103
105
121
155
179
186
170
133
110
120
150
171
161
124
82
29
4
17
8
-2
-40
-89
-150
-163
-155
-157
-164
-206
-258
-297
-304
-279
-268
-261
-275
-307
-322
-332
-310
-274
-253
-234
-234
-245
-239
-214
-185
-146
-111
-112
-113
-118
-90
-26
-6
14
28
32
33
29
36
69
113
135
135
114
120
116
133
164
176
184
170
146
155
196
216
205
179
149
139
149
157
158
142
126
115
99
102
84
67
24
-11
-10
-39
-53
-59
-77
-80
-87
-83
-86
-77
-72
-69
-57
-58
-35
-5
11
26
33
38
58
78
115
137
153
155
120
110
127
148
161
182
166
138
124
99
107
117
107
79
24
-20
-27
-21
-42
-65
-105
-135
-157
-173
-162
-148
-164
-200
-197
-184
-189
-179
-161
-165
-160
-163
-151
-126
-126
-125
-119
-93
-95
-102
-107
-95
-76
-64
-39
-52
-61
-57
-46
-26
2
4
5
-23
-25
14
48
57
41
32
39
62
89
113
112
93
73
89
102
136
140
133
127
100
89
88
86
68
61
57
52
39
13
-19
-45
-36
-26
-31
-63
-96
-105
-111
-90
-81
-69
-84
-91
-75
-62
-25
-24
-8
8
31
58
98
112
112
116
113
152
178
171
156
157
153
146
131
111
94
74
62
58
46
21
-19
-51
-61
-57
-72
-78
-110
-145
-163
-144
-111
-91
-79
-96
-104
-115
-91
-70
-57
-46
-58
-51
-36
-29
-14
9
15
5
-2
-2
11
19
8
-4
-2
-8
-14
6
29
32
17
5
0
21
35
36
34
36
27
20
29
33
38
16
12
22
25
16
12
30
30
35
34
13
-6
2
-7
-13
-25
-24
-47
-72
-71
-65
-59
-75
-87
-112
-106
-115
-106
-85
-78
-80
-93
-75
-36
-16
2
9
16
33
42
57
75
89
118
140
139
137
139
153
141
161
176
130
114
97
110
123
98
73
26
-3
-17
-28
-37
-57
-84
-117
-132
-118
-103
-102
-99
-129
-123
-114
-102
-76
-76
-73
-71
-53
-39
-21
-8
-1
-6
6
21
26
34
34
33
19
-1
-2
11
9
-5
-8
-10
4
2
22
34
29
37
41
46
40
38
52
68
65
71
70
75
75
67
60
83
90
85
69
42
34
38
52
38
16
-26
-51
-63
-59
-66
-81
-100
-127
-140
-136
-147
-154
-148
-161
-157
-151
-141
-135
-111
-86
-62
-45
-15
5
19
33
48
81
127
134
117
107
125
129
142
157
142
143
111
105
101
85
73
60
25
-7
-32
-43
-36
-31
-33
-55
-67
-82
-87
-99
-81
-68
-67
-65
-67
-50
-35
-20
-2
-8
-11
2
14
25
40
40
33
39
21
5
-4
3
8
-13
-19
-39
-52
-50
-50
-41
-40
-36
-48
-42
-34
-18
-10
13
14
19
33
54
72
61
80
110
116
119
121
113
101
92
104
76
84
80
52
45
17
5
-18
-39
-53
-60
-71
-88
-95
-112
-115
-115
-137
-140
-133
-118
-108
-94
-85
-80
-69
-46
-20
-16
-1
7
14
29
46
59
59
65
65
69
78
84
84
73
51
56
65
48
29
2
-17
-34
-21
-24
-28
-37
-49
-53
-74
-50
-26
-24
-34
-38
-41
-37
-15
10
35
46
46
41
42
60
70
77
83
72
51
37
30
37
31
26
2
-33
-35
-45
-44
-42
-41
-55
-55
-73
-79
-61
-57
-38
-41
-27
-22
-26
-17
17
53
62
44
52
71
69
90
89
88
91
77
84
82
66
52
46
38
30
7
-5
-19
-43
-54
-58
-66
-75
-102
-129
-127
-122
-115
-93
-81
-84
-91
-82
-53
-25
-6
-12
-11
-16
-10
20
33
46
64
49
37
41
49
51
49
44
40
22
16
10
8
-8
-18
-15
-18
-39
-58
-50
-60
-45
-45
-53
-48
-39
-35
-26
2
15
18
33
40
29
30
54
85
84
78
66
70
80
78
92
81
55
51
46
36
15
6
8
-5
-18
-35
-48
-47
-40
-51
-65
-51
-43
-45
-40
-22
-32
-18
-3
1
18
20
44
62
69
76
79
85
94
84
53
26
26
50
59
59
46
7
-13
-18
-36
-50
-62
-91
-105
-114
-115
-114
-110
-119
-128
-130
-127
-98
-68
-49
-49
-41
-29
9
24
32
49
67
65
75
81
77
77
74
82
75
51
27
19
28
23
9
0
-22
-25
-36
-47
-46
-51
-56
-61
-57
-64
-61
-41
-29
-17
-15
-25
-24
-8
24
44
59
55
29
27
45
48
58
65
40
23
14
8
13
23
16
4
-25
-52
-55
-51
-41
-39
-51
-58
-64
-65
-57
-33
-32
-23
-14
-18
6
14
32
39
54
76
81
68
71
87
109
116
112
113
94
94
96
87
65
36
22
1
-21
-19
-29
-46
-60
-84
-95
-109
-102
-106
-117
-110
-112
-99
-95
-88
-77
-66
-35
-27
-22
-22
-14
16
35
60
70
69
60
53
58
85
94
62
41
52
37
36
45
45
44
18
-5
-16
-13
-5
-16
-20
-22
-11
-26
-24
-15
-6
-2
3
2
-4
7
15
31
26
31
35
27
23
16
2
1
5
-4
-3
-22
-29
-27
-48
-44
-44
-49
-55
-58
-54
-62
-70
-66
-59
-64
-43
-48
-40
-36
-27
-14
-26
-5
23
34
42
40
44
62
78
82
91
91
80
76
75
80
75
72
46
41
32
19
10
-1
-26
-39
-45
-66
-71
-75
-86
-90
-89
-95
-93
-95
-83
-72
-66
-65
-58
-37
-10
3
11
28
40
29
30
47
57
58
61
48
35
39
44
49
51
55
19
12
4
-1
-4
0
-10
-19
-11
-22
-25
-20
0
3
21
25
19
8
8
24
40
52
38
23
27
22
25
49
39
25
21
16
0
-5
-3
-2
-14
-37
-41
-32
-33
-49
-31
-34
-40
-40
-34
-21
-32
-27
-24
-16
-11
-6
10
12
13
22
37
47
48
39
54
63
71
67
55
46
45
45
30
16
9
1
-10
-18
-32
-28
-25
-37
-56
-59
-54
-59
-59
-62
-50
-56
-60
-63
-40
-48
-49
-45
-30
-13
-14
-6
-5
-13
-3
27
35
46
37
24
15
17
36
34
14
9
7
-4
-13
3
3
0
-4
-18
-18
-39
-26
-16
-7
-6
-18
-14
-7
2
16
24
15
7
12
17
10
18
32
46
39
17
26
17
27
20
-10
6
-9
-5
1
-14
-11
-22
-31
-39
-42
-30
-17
-10
-11
-23
-18
-8
-3
10
18
18
15
23
31
43
32
41
56
53
54
46
56
43
35
37
32
-1
-5
3
2
-4
-10
-20
-27
-31
-36
-38
-59
-54
-60
-52
-59
-56
-40
-45
-32
-29
-35
-19
-6
-15
-3
7
5
10
13
32
41
43
50
50
44
38
39
33
36
46
37
23
16
14
13
12
16
6
10
-5
-16
-13
-18
-9
-12
-23
-20
-20
-18
-17
-21
-8
-3
-23
-14
0
-9
-11
-8
-17
-21
-4
10
-2
-15
-18
-30
-32
-27
-18
-31
-33
-34
-41
-40
-38
-30
-34
-25
-22
-20
-18
-13
-9
0
14
21
31
36
34
44
58
51
47
56
61
70
71
69
56
38
37
27
29
26
1
-6
1
-2
-2
-24
-28
-36
-41
-45
-32
-37
-58
-59
-65
-57
-43
-41
-35
-36
-32
-10
-1
-2
9
18
17
20
25
24
27
33
24
21
21
25
31
33
40
41
23
21
23
19
37
39
23
3
7
24
19
15
-2
1
-8
-5
-13
-12
-2
-16
-8
-11
-15
-15
-12
-18
-15
-13
-15
-12
-7
-18
-28
-25
-47
-22
-19
-27
-38
-33
-32
-52
-25
-24
-25
-23
-19
-28
-16
-6
3
7
9
9
23
24
25
27
27
43
52
60
54
54
49
50
60
62
57
52
43
34
22
28
11
3
-3
-3
-26
-28
-42
-54
-40
-51
-51
-49
-54
-50
-39
-46
-53
-55
-56
-55
-38
-44
-39
-34
-20
-11
-12
7
14
3
7
12
11
24
36
39
20
14
18
19
33
20
12
18
6
16
26
21
30
31
27
27
18
20
22
15
9
1
4
-8
-4
-9
-6
-5
-13
-17
-13
-9
-17
-3
-5
-6
-10
-7
-6
-6
3
-16
-10
-8
-9
2
-11
-12
-15
-21
-15
-33
-22
-15
-10
-7
-12
0
-3
-4
-5
7
16
18
22
26
17
18
34
31
46
32
32
37
25
41
26
21
8
17
13
15
6
-9
-13
-15
-13
-21
-23
-20
-25
-22
-37
-30
-26
-35
-35
-36
-29
-31
-23
-20
-28
-15
3
4
17
13
13
25
25
35
36
24
24
24
23
29
26
18
13
3
-7
-4
-11
-6
-6
-16
-3
-5
6
9
12
13
14
20
7
-10
-11
5
5
4
-14
-21
-11
-7
-18
-31
-21
-25
-18
-19
-26
-32
-23
-20
-12
-9
-8
-5
-16
-5
-6
8
14
20
5
3
3
-3
11
21
22
14
19
18
12
13
19
15
22
9
8
1
-3
5
14
14
-4
-8
-3
-17
-2
1
3
7
3
5
-7
0
-6
-10
-22
-16
-29
-31
-35
-27
-26
-28
-19
-27
-22
-20
-1
-9
-7
-2
-5
1
4
20
19
19
12
17
23
18
15
20
12
9
13
17
27
28
38
37
37
32
22
12
15
22
15
5
13
5
-2
9
13
19
23
23
13
-7
-15
-12
-6
-9
3
-17
-25
-24
-32
-35
-35
-27
-20
-29
-41
-33
-27
-21
-21
-14
-20
-25
-25
-13
-12
-4
7
12
6
0
8
19
22
29
36
19
16
17
17
10
10
7
2
1
0
-1
9
8
2
6
-6
-14
-29
-14
-13
-26
-20
-13
-23
-24
-12
-5
-11
-4
-6
-11
-24
-10
-2
-2
-6
-18
-14
-11
8
-2
3
11
11
10
18
15
11
12
12
18
18
21
25
24
23
18
14
25
15
20
21
5
7
15
-1
11
11
6
14
-1
2
-7
-12
-20
-4
-5
-1
1
-11
-3
-7
-5
-13
-3
-19
-18
-14
-25
-18
-25
-20
-13
-12
-16
-12
-15
-24
-6
5
5
2
-3
4
9
7
16
17
18
22
20
23
26
18
23
33
23
27
23
19
15
9
18
15
17
9
10
3
-9
-4
-10
-17
-9
-16
-20
-23
-27
-24
-33
-24
-10
-19
-19
-25
-17
-11
-10
-16
-29
-36
-40
-34
-24
-27
-21
-14
-16
-13
-6
-12
1
7
-14
0
2
2
7
14
15
22
16
18
22
18
24
13
17
14
20
16
14
12
10
17
13
15
6
6
15
16
8
5
1
3
11
-4
-7
-5
-5
5
-11
-7
1
-1
8
3
-3
-10
-5
-12
-17
-8
0
-5
-7
-6
-1
8
7
17
24
20
32
28
16
23
22
26
21
17
14
13
6
10
24
5
18
14
7
3
8
5
1
-4
-13
-8
-30
-44
-42
-38
-18
-8
-19
-28
-27
-30
-23
-19
-15
-10
-21
-17
-25
-14
-27
-14
-5
-12
-20
-22
-15
-17
-11
0
5
1
-6
-6
9
9
7
2
9
9
12
30
26
24
32
24
19
27
30
25
33
