-9
-14
-6
-4
0
-9
-2
-1
-4
13
1
-5
4
9
14
12
8
-1
-2
-2
-19
-6
-11
-19
-27
-18
-14
-17
-7
-14
-16
-29
-22
-15
-11
-16
-13
-8
-13
-3
2
3
-14
-11
-12
-27
-19
-13
-21
-25
-20
-15
-16
-14
-18
-17
-9
-7
-9
-7
2
-4
-10
-8
2
-5
6
7
5
1
6
0
11
30
16
9
20
22
18
2
0
25
17
19
22
20
35
30
32
37
27
30
35
43
47
31
43
40
34
34
28
27
17
20
13
6
2
3
-3
8
4
-1
-4
-5
-7
-14
-7
-1
-1
-5
-13
-7
-13
-14
-11
-27
-26
-19
-18
-16
-22
-20
-21
-22
-26
-21
-30
-31
-31
-34
-25
-36
-34
-28
-30
-23
-19
-12
-8
-4
-6
-21
-24
-16
-4
-3
-13
-11
-12
-15
-18
-13
-12
-19
-26
-25
-29
-22
-26
-28
-25
-39
-35
-41
-33
-35
-40
-33
-32
-27
-23
-14
4
4
-3
-2
17
13
5
20
17
13
24
19
17
23
13
8
9
5
19
20
17
23
18
33
37
29
26
25
17
23
23
32
40
28
43
46
48
55
48
50
56
58
57
45
44
44
40
46
49
35
37
27
20
32
23
26
17
18
10
5
13
20
16
8
5
9
18
12
4
15
7
-3
2
12
7
10
12
6
1
1
5
6
4
6
3
10
5
3
12
4
-1
-5
-4
2
-2
-1
-7
-10
-4
-20
-27
-28
-22
-22
-28
-23
-19
-20
-15
-12
-17
-20
-32
-34
-31
-37
-28
-34
-32
-23
-21
-23
-22
-15
-11
-21
-21
-23
-25
-14
-44
-35
-41
-38
-37
-44
-35
-29
-16
-13
-17
-22
-19
-23
-22
-12
-10
-16
-12
-4
-8
-11
-6
1
5
1
-1
-2
-2
1
3
5
1
4
17
17
7
15
17
15
1
6
11
12
12
3
3
-4
-2
0
2
1
-6
2
-4
-4
-6
-8
-9
-11
-8
-14
-17
-16
-15
-26
-30
-26
-22
-15
-13
-11
-8
-11
-8
-14
-7
-1
8
14
-1
5
8
-1
-2
6
-15
-13
-1
-2
-7
-4
1
-7
2
-7
6
12
3
2
13
15
20
22
16
24
8
18
32
35
46
42
52
48
49
42
25
35
32
24
16
18
27
4
8
17
9
14
12
13
12
16
9
24
7
3
11
0
12
9
20
13
13
11
6
2
-1
-2
-13
-18
-15
-22
-14
-14
-13
-4
-1
-1
-10
-1
-12
-6
-8
-14
-6
0
3
11
12
11
15
24
18
13
17
31
24
18
24
18
21
18
15
14
17
12
5
-8
-17
-2
1
3
-8
-12
-12
-19
-24
-31
-14
-12
-9
-9
-14
-15
-17
-11
-13
-3
-11
-1
-4
-6
15
4
5
-4
-2
-10
-14
-2
-7
-17
-12
-4
-9
-7
-3
-2
-8
-10
-6
0
-6
-7
-16
-18
-11
-10
-1
-1
3
-6
-1
-6
-8
-15
-12
-9
-11
-18
-17
-14
-16
-11
-12
-7
-4
-7
-11
-16
-14
-17
-21
-21
-18
-20
-22
-16
-15
-23
-26
-24
-23
-38
-34
-21
-9
-4
-18
1
-1
-8
7
13
2
-3
-3
0
0
-1
7
10
4
4
2
11
8
12
16
1
-1
0
5
0
-4
0
5
2
-3
-4
2
-8
-3
-2
-12
1
-3
-9
-12
6
3
7
6
-4
11
8
9
5
-1
3
8
0
1
-6
-1
20
23
31
30
36
27
31
33
36
36
41
40
39
47
37
35
32
30
19
8
21
11
7
10
14
9
13
3
-2
-5
-20
-3
-5
-15
-2
-3
-12
-1
-17
-15
-17
-11
-17
-17
-19
-19
-18
-10
-5
-3
-6
8
5
8
4
9
17
8
9
-6
0
-11
-11
0
-8
-2
5
11
13
-5
3
9
8
9
7
14
17
24
14
2
9
7
20
11
14
19
10
8
13
13
8
10
5
5
12
15
9
4
14
4
-2
0
9
17
16
13
3
8
9
0
5
3
5
7
9
-2
-9
-1
-12
-10
-3
-6
-15
-15
-19
-20
-16
-23
-16
-10
-20
-13
-7
-13
-10
-15
-22
-23
-30
-29
-18
-20
-20
-15
-14
-17
-25
-25
-22
-29
-29
-26
-21
-26
-29
-33
-20
-17
-24
-17
-23
-27
-27
-30
-33
-28
-35
-35
-29
-29
-21
-29
-36
-34
-28
-27
-23
-19
-16
-8
-6
-7
6
-5
-8
5
-4
6
20
20
22
19
16
11
10
6
15
10
5
18
16
11
20
6
4
9
6
15
16
10
13
11
4
-3
3
-2
9
4
4
9
13
19
10
21
18
13
7
3
7
16
17
15
17
14
11
14
9
16
25
25
23
22
26
24
24
34
31
28
40
47
43
32
32
33
17
15
17
9
6
10
20
20
14
23
23
27
22
17
27
24
20
10
10
16
22
19
16
13
20
23
15
9
16
18
12
14
11
0
-2
-10
-15
-10
-7
-6
-16
-15
-20
-28
-23
-25
-16
-6
-20
-21
-21
-27
-30
-16
-20
-27
-20
-17
-8
-7
-2
-13
-12
-11
-21
-22
-7
-11
-24
-16
-11
-27
-31
-24
-39
-43
-26
-19
-27
-25
-17
-22
-21
-16
-16
-30
-23
-22
-25
-13
-8
-8
-16
-19
-27
-30
-24
-25
-17
-18
-18
-13
-18
-12
-13
-12
-16
-13
-8
-12
-19
-21
-17
-13
-10
-11
-17
-9
1
0
-8
-4
10
5
8
7
10
20
24
23
18
23
27
35
42
29
28
37
39
44
45
29
27
30
31
37
35
30
29
25
14
20
4
12
2
-7
-4
-3
-1
-13
-2
-6
-3
-6
1
5
4
8
9
13
17
10
4
8
3
6
-3
-1
1
-7
-7
-10
-3
-4
-7
-8
-11
-11
-7
-12
-13
-11
-18
-5
3
-5
-12
7
-1
-5
0
-2
-13
-9
2
7
12
5
10
5
11
-1
1
-11
-4
6
-11
-20
-9
-9
-21
-17
-10
-19
-15
-11
-7
4
-7
-3
-2
7
4
1
-2
-3
-8
-12
-4
5
-6
10
10
8
6
2
12
5
21
22
25
40
40
33
17
25
22
19
13
10
24
24
34
26
18
19
6
-1
0
0
-2
-9
-20
-16
-16
-18
-29
-41
-43
-39
-41
-34
-42
-41
-43
-44
-31
-46
-41
-35
-38
-30
-34
-21
-11
-20
-23
-9
-3
4
0
2
15
17
26
34
41
33
35
37
39
48
43
45
63
62
62
58
63
52
59
71
70
78
75
73
73
74
83
84
72
70
66
64
57
44
49
43
35
26
23
13
2
9
2
7
-6
-8
-16
-32
-37
-51
-62
-58
-72
-84
-77
-107
-103
-104
-106
-90
-97
-107
-110
-113
-109
-103
-122
-122
-114
-123
-127
-128
-138
-130
-123
-123
-120
-125
-125
-124
-126
-124
-139
-141
-159
-178
-180
-179
-183
-183
-168
-165
-155
-142
-120
-92
-72
-47
-18
18
54
92
122
154
190
216
252
282
316
348
369
383
405
413
413
407
412
412
409
395
366
357
332
307
289
259
236
206
189
160
128
109
80
49
18
-5
-27
-62
-89
-107
-131
-155
-161
-180
-189
-201
-215
-223
-235
-241
-241
-225
-228
-233
-227
-226
-222
-211
-219
-213
-204
-190
-190
-187
-172
-175
-166
-174
-193
-218
-256
-297
-331
-358
-378
-390
-396
-398
-392
-393
-399
-371
-339
-282
-244
-183
-136
-83
-19
27
77
141
206
268
333
399
466
504
564
589
629
665
676
705
717
725
722
717
672
622
589
552
497
465
423
372
325
263
214
144
90
27
-13
-44
-74
-102
-141
-162
-196
-213
-234
-250
-260
-270
-263
-260
-264
-266
-263
-267
-268
-254
-246
-224
-215
-215
-214
-208
-198
-193
-188
-185
-189
-190
-179
-182
-206
-201
-201
-202
-206
-188
-181
-186
-168
-180
-158
-154
-145
-129
-105
-96
-95
-99
-140
-188
-241
-288
-325
-340
-359
-388
-403
-400
-402
-394
-372
-353
-323
-296
-253
-197
-142
-91
-44
18
80
156
224
284
346
396
456
505
552
587
623
643
676
717
732
729
729
712
697
687
644
606
575
532
490
461
409
348
291
214
158
108
46
15
-27
-64
-103
-144
-169
-195
-209
-237
-246
-245
-233
-230
-226
-226
-231
-233
-237
-236
-241
-231
-217
-216
-203
-188
-206
-207
-222
-226
-217
-199
-200
-199
-188
-187
-173
-167
-160
-163
-152
-145
-128
-111
-99
-85
-71
-75
-66
-63
-46
-26
1
15
30
38
27
2
-42
-88
-134
-168
-212
-243
-288
-313
-354
-377
-395
-397
-393
-390
-355
-332
-289
-259
-224
-176
-124
-72
5
86
165
243
313
363
433
485
524
570
609
639
664
698
716
726
711
698
682
633
595
549
493
467
432
403
356
303
246
176
126
75
33
0
-35
-73
-115
-149
-184
-217
-244
-256
-264
-266
-252
-243
-241
-231
-221
-221
-221
-225
-218
-202
-190
-191
-178
-179
-180
-183
-207
-217
-223
-212
-217
-220
-230
-239
-238
-238
-231
-235
-227
-208
-212
-200
-186
-182
-169
-146
-131
-128
-87
-60
-21
7
35
61
49
27
-63
-150
-243
-314
-349
-373
-393
-421
-452
-500
-543
-566
-563
-540
-484
-401
-318
-215
-150
-90
-36
30
107
192
291
373
468
558
626
679
725
756
798
827
864
901
926
917
896
853
796
741
674
593
543
501
464
423
357
277
187
104
36
-33
-89
-137
-165
-183
-214
-235
-274
-300
-316
-325
-312
-308
-286
-270
-243
-217
-196
-182
-183
-156
-155
-133
-98
-75
-79
-72
-63
-78
-103
-111
-101
-110
-108
-90
-111
-140
-161
-179
-192
-208
-210
-207
-204
-206
-209
-215
-219
-216
-214
-213
-195
-183
-157
-142
-107
-92
-86
-80
-55
-33
1
58
66
58
4
-81
-201
-307
-369
-382
-396
-405
-423
-476
-528
-568
-567
-527
-466
-408
-336
-250
-166
-76
14
85
152
210
290
380
474
577
666
753
819
866
890
904
909
916
924
930
942
933
876
810
721
616
537
439
357
286
208
140
80
13
-73
-169
-245
-308
-356
-375
-374
-389
-422
-422
-418
-426
-416
-403
-363
-330
-270
-227
-192
-153
-156
-144
-130
-116
-102
-65
-28
0
9
15
8
-13
-42
-94
-124
-118
-106
-90
-120
-165
-196
-245
-270
-299
-312
-285
-245
-199
-175
-157
-172
-212
-241
-256
-191
-74
59
161
237
329
419
582
747
645
154
-593
-1282
-1545
-1431
-1366
-1467
-1595
-1585
-1447
-1318
-1318
-1340
-1192
-768
-106
522
891
967
899
875
956
1116
1294
1424
1517
1602
1701
1748
1568
1211
857
730
891
1144
1233
1135
939
723
580
417
262
108
-6
47
176
168
-43
-369
-674
-901
-992
-988
-834
-602
-467
-426
-468
-475
-435
-351
-237
13
336
590
711
640
457
266
200
241
342
417
430
336
158
-104
-339
-494
-562
-532
-413
-244
-145
-157
-251
-368
-432
-413
-326
-241
-176
-136
-158
-226
-307
-387
-445
-462
-420
-350
-236
-149
-169
-238
-316
-359
-355
-265
-192
-105
27
190
364
493
538
583
504
92
-908
-2309
-3278
-3247
-2450
-1730
-1539
-1608
-1495
-1143
-835
-704
-520
8
910
1876
2455
2486
2080
1515
1102
1094
1472
1935
2087
1850
1513
1274
1030
670
274
172
472
989
1428
1439
1061
551
279
273
368
491
564
524
354
139
-104
-414
-760
-965
-855
-536
-293
-385
-701
-964
-953
-669
-365
-136
16
218
394
447
347
157
43
63
170
269
293
176
-73
-346
-452
-422
-361
-354
-385
-381
-310
-262
-307
-408
-441
-329
-123
91
178
139
-2
-191
-296
-319
-276
-250
-262
-276
-342
-402
-479
-559
-593
-529
-373
-224
-178
-242
-313
-353
-315
-220
-61
173
363
475
513
529
580
460
-288
-1728
-3227
-3831
-3277
-2212
-1426
-1216
-1247
-1130
-829
-515
-284
23
688
1636
2473
2847
2624
1942
1129
714
889
1497
1995
2001
1639
1176
855
591
374
206
311
766
1352
1697
1536
1025
457
168
204
428
633
668
495
224
-72
-355
-649
-913
-982
-825
-503
-295
-423
-680
-882
-828
-515
-120
191
349
430
475
420
269
135
73
87
171
270
273
82
-201
-444
-532
-478
-369
-259
-230
-253
-258
-291
-346
-412
-395
-274
-98
50
114
61
-88
-236
-353
-390
-362
-314
-294
-325
-404
-520
-626
-689
-592
-433
-252
-147
-160
-227
-288
-280
-292
-262
-104
130
362
524
609
678
723
357
-821
-2655
-4211
-4448
-3402
-1977
-1043
-820
-942
-920
-653
-356
-79
379
1177
2138
2928
3205
2765
1768
774
419
839
1638
2145
2032
1545
1053
710
449
208
108
338
934
1581
1897
1664
1046
407
60
86
377
665
692
471
165
-110
-415
-755
-1032
-1134
-909
-548
-296
-304
-471
-583
-569
-327
-20
283
477
561
510
379
241
91
-63
-123
-68
28
90
-55
-281
-501
-607
-554
-487
-417
-360
-292
-251
-280
-358
-407
-424
-308
-151
-10
117
133
33
-138
-274
-320
-303
-281
-296
-344
-378
-444
-517
-603
-633
-536
-397
-260
-213
-234
-287
-337
-282
-144
54
227
351
497
667
765
563
-348
-2020
-3789
-4629
-4084
-2737
-1447
-784
-667
-643
-468
-222
-53
191
772
1702
2671
3252
3154
2373
1262
478
414
988
1682
1923
1650
1179
815
533
272
65
108
544
1278
1872
1967
1551
850
257
5
121
417
639
620
420
131
-164
-527
-917
-1165
-1139
-768
-280
-58
-133
-332
-453
-417
-220
52
301
478
529
500
347
167
-2
-164
-227
-158
-27
42
-80
-336
-559
-640
-602
-524
-419
-308
-185
-119
-150
-246
-338
-358
-254
-74
87
203
233
122
-74
-268
-385
-441
-478
-456
-422
-431
-477
-537
-616
-621
-601
-546
-506
-472
-379
-278
-180
-142
-119
-53
150
479
801
1047
1109
689
-578
-2548
-4337
-4925
-4102
-2506
-1120
-431
-305
-332
-274
-205
-133
196
959
2001
2952
3438
3207
2265
1066
224
245
921
1623
1879
1592
1116
706
403
133
-38
104
659
1427
1985
2030
1527
786
140
-126
16
388
676
698
474
112
-267
-692
-1107
-1349
-1238
-775
-241
40
33
-141
-313
-382
-249
-15
261
493
598
533
333
112
-63
-199
-277
-229
-94
-17
-70
-239
-453
-544
-568
-503
-349
-171
-64
-41
-85
-199
-289
-294
-238
-138
0
124
164
77
-133
-357
-542
-638
-627
-544
-470
-464
-482
-559
-678
-758
-749
-628
-435
-304
-269
-276
-292
-214
-83
94
322
588
916
1198
1044
-114
-2240
-4460
-5435
-4580
-2605
-798
-21
-72
-297
-268
-75
38
170
712
1745
2919
3698
3618
2597
1111
-1
-154
627
1593
2020
1739
1119
608
362
189
-22
-34
406
1272
2075
2319
1830
881
34
-335
-144
360
765
827
546
139
-254
-687
-1121
-1453
-1450
-931
-159
422
418
-85
-665
-873
-590
-142
311
559
632
599
465
203
-143
-415
-527
-337
10
297
298
-40
-473
-732
-690
-445
-162
2
67
47
-27
-181
-367
-490
-464
-269
10
239
308
149
-126
-361
-490
-544
-515
-431
-387
-376
-459
-628
-783
-839
-773
-646
-512
-340
-291
-285
-269
-241
-87
196
457
718
920
1113
1149
459
-1284
-3774
-5592
-5466
-3523
-1172
135
150
-389
-604
-326
6
169
499
1340
2551
3571
3832
3079
1595
163
-438
110
1299
2200
2152
1348
526
145
114
118
81
302
1016
1935
2443
2162
1228
157
-436
-355
249
881
1115
815
192
-363
-774
-1083
-1344
-1446
-1163
-427
380
730
456
-243
-905
-1051
-617
60
595
768
610
340
132
-77
-350
-564
-570
-263
202
471
323
-166
-707
-928
-766
-366
26
242
229
35
-161
-341
-481
-519
-396
-101
224
471
426
76
-350
-644
-671
-508
-322
-211
-247
-392
-589
-769
-874
-859
-716
-541
-381
-299
-301
-358
-401
-361
-174
191
579
924
1145
1271
1149
296
-1647
-4158
-5748
-5220
-2955
-566
488
130
-621
-823
-441
-17
256
641
1559
2761
3639
3648
2681
1161
-165
-505
302
1632
2458
2140
1083
143
-169
-3
118
193
508
1229
2060
2359
1850
813
-187
-553
-263
462
1125
1244
796
21
-627
-998
-1186
-1300
-1243
-820
-109
540
699
268
-457
-1013
-1003
-493
213
716
848
681
347
64
-142
-335
-486
-436
-127
288
489
269
-253
-730
-859
-615
-183
180
295
195
-32
-256
-393
-449
-410
-268
-34
220
384
283
-75
-458
-632
-546
-302
-118
-100
-216
-441
-649
-830
-899
-839
-700
-518
-370
-289
-272
-321
-349
-280
-31
347
690
928
1094
1229
1100
68
-2128
-4675
-5932
-4933
-2445
-243
402
-229
-986
-1025
-499
-13
296
797
1797
2954
3648
3442
2320
777
-375
-419
687
2039
2597
1988
752
-145
-311
1
227
384
758
1455
2159
2258
1587
496
-352
-511
-19
801
1387
1310
618
-252
-843
-1074
-1103
-1100
-957
-551
71
559
518
-42
-749
-1110
-854
-153
556
944
854
461
83
-104
-171
-229
-282
-190
65
322
352
-3
-537
-880
-838
-459
-33
243
231
-28
-351
-548
-533
-374
-156
79
238
336
304
55
-347
-628
-637
-401
-91
48
-39
-295
-608
-810
-873
-814
-626
-403
-247
-239
-304
-378
-375
-344
-237
43
461
864
1112
1150
984
361
-1135
-3493
-5518
-5663
-3674
-998
480
231
-855
-1416
-1008
-270
269
729
1478
2556
3368
3436
2673
1347
93
-405
240
1648
2716
2584
1357
-27
-605
-320
255
653
902
1329
1889
2159
1742
796
-94
-442
-119
662
1388
1564
978
-36
-923
-1285
-1178
-923
-694
-492
-116
271
364
8
-585
-999
-933
-409
296
795
856
512
12
-335
-352
-163
-53
-27
-2
73
136
-10
-373
-716
-774
-493
-50
244
236
-16
-376
-602
-627
-409
-79
182
306
285
197
6
-215
-443
-494
-320
-33
162
54
-248
-590
-847
-896
-774
-590
-387
-254
-277
-406
-538
-584
-522
-285
75
455
720
848
894
904
889
422
-1111
-3565
-5531
-5442
-3269
-713
462
-139
-1366
-1843
-1193
-164
515
945
1586
2450
3126
3175
2445
1186
27
-237
653
2127
3016
2558
1031
-378
-777
-215
566
973
1166
1397
1758
1883
1437
618
-99
-268
186
985
1579
1534
712
-400
-1136
-1227
-851
-464
-306
-286
-150
43
71
-242
-658
-834
-622
-110
404
648
476
106
-260
-396
-202
102
243
100
-90
-180
-181
-204
-365
-529
-531
-318
-24
111
8
-251
-494
-546
-422
-166
81
185
128
19
-56
-107
-134
-213
-207
-38
133
202
37
-325
-653
-811
-732
-543
-354
-341
-489
-645
-754
-759
-678
-532
-315
22
416
676
741
662
657
836
738
-465
-2941
-5315
-5717
-3721
-908
585
63
-1382
-2153
-1576
-375
533
1015
1529
2297
2925
3085
2572
1467
279
-145
658
2178
3234
2878
1254
-427
-984
-351
655
1249
1359
1347
1459
1522
1195
548
-15
-149
254
1007
1605
1546
714
-452
-1240
-1240
-654
-81
49
-110
-270
-255
-231
-383
-631
-683
-388
113
484
483
152
-294
-535
-404
-26
319
415
134
-216
-412
-440
-359
-330
-348
-282
-131
6
-11
-187
-415
-559
-456
-176
142
297
214
16
-171
-217
-152
-79
-47
-24
13
72
45
-161
-450
-661
-667
-491
-279
-188
-276
-508
-722
-810
-747
-623
-553
-472
-328
-4
332
555
582
545
651
862
691
-696
-3215
-5379
-5377
-3140
-454
692
-115
-1663
-2372
-1674
-363
644
1241
1800
2377
2765
2675
2094
1166
322
236
1206
2649
3385
2656
881
-679
-1010
-156
975
1556
1550
1341
1180
1047
727
276
17
108
575
1175
1504
1208
290
-736
-1230
-921
-166
370
317
-103
-526
-663
-587
-521
-445
-285
2
308
348
71
-364
-668
-625
-221
325
658
555
83
-430
-657
-531
-204
37
94
-7
-159
-282
-399
-492
-543
-410
-110
181
344
253
-15
-324
-406
-195
96
315
330
166
-47
-240
-357
-427
-480
-481
-433
-381
-348
-414
-576
-809
-951
-913
-723
-462
-250
-153
-153
-113
63
407
781
1075
1242
1139
242
-1860
-4490
-5805
-4490
-1496
750
686
-1104
-2756
-2863
-1546
3
1039
1710
2307
2661
2493
1946
1235
574
378
1014
2378
3475
3298
1687
-373
-1372
-765
695
1819
1987
1521
991
650
435
259
233
431
836
1236
1408
1168
397
-563
-1158
-915
-30
736
767
70
-759
-1183
-1074
-689
-340
-39
197
337
274
-65
-529
-864
-764
-211
492
914
778
113
-642
-968
-740
-203
243
404
223
-167
-521
-691
-676
-506
-216
126
394
451
205
-234
-592
-626
-252
296
639
572
182
-281
-531
-533
-400
-236
-124
-96
-180
-331
-531
-727
-844
-837
-672
-433
-272
-347
-580
-667
-466
-11
488
794
877
862
883
821
-6
-2038
-4527
-5490
-3799
-792
1099
412
-1845
-3503
-3201
-1360
541
1616
1950
2010
1936
1681
1460
1205
974
974
1584
2738
3458
2836
987
-813
-1241
-69
1588
2415
2013
1011
189
-24
191
552
872
1030
1059
980
852
550
-32
-665
-760
-160
700
1069
504
-602
-1443
-1512
-888
-134
312
352
115
-160
-344
-379
-287
-185
-107
52
286
359
133
-337
-728
-692
-279
183
321
52
-378
-704
-759
-562
-266
-5
113
109
33
-74
-161
-245
-283
-172
94
298
330
90
-224
-415
-403
-180
39
146
62
-194
-455
-529
-447
-350
-265
-318
-414
-470
-519
-552
-604
-578
-377
-51
273
445
456
427
555
869
1097
440
-1740
-4487
-5538
-3730
-578
1123
133
-2317
-3895
-3306
-1261
628
1505
1663
1628
1528
1362
1305
1267
1098
1084
1736
2920
3511
2631
696
-850
-828
598
2115
2445
1574
406
-206
-104
395
882
1116
1091
928
773
634
376
-78
-440
-260
474
1112
943
-13
-1127
-1601
-1216
-386
275
380
61
-359
-617
-574
-301
38
256
234
124
10
-76
-233
-383
-368
-112
162
213
-57
-516
-830
-806
-449
-51
123
88
-79
-271
-307
-242
-89
36
116
149
166
104
-46
-185
-236
-116
38
128
79
-91
-293
-439
-431
-319
-239
-214
-286
-417
-525
-533
-459
-395
-393
-411
-416
-381
-202
64
305
424
456
535
719
684
-295
-2458
-4547
-4632
-2415
121
775
-820
-3041
-3900
-2734
-564
1154
1783
1637
1275
938
856
1104
1402
1529
1748
2356
3001
2830
1616
93
-525
223
1584
2414
2026
861
-153
-416
5
698
1254
1352
1071
639
289
132
35
-30
70
410
804
721
52
-823
-1301
-1110
-468
168
372
85
-430
-797
-768
-346
159
495
535
243
-107
-338
-389
-298
-157
50
169
93
-194
-564
-809
-772
-432
-2
235
160
-170
-486
-581
-375
-26
273
361
178
-30
-209
-277
-210
-58
123
201
168
-2
-215
-380
-408
-277
-107
-35
-110
-274
-466
-563
-492
-289
-136
-134
-275
-478
-586
-525
-300
7
293
430
462
462
464
570
400
-672
-2669
-4280
-3834
-1549
400
238
-1748
-3595
-3718
-1986
226
1479
1570
1093
613
409
650
1298
1816
1908
1946
2244
2517
2093
1005
73
129
1119
2139
2272
1321
91
-491
-188
629
1358
1626
1311
652
104
-40
149
323
352
349
409
414
78
-544
-1053
-1044
-506
107
352
86
-474
-887
-897
-459
186
666
665
225
-262
-480
-376
-168
23
147
176
126
-102
-449
-720
-680
-334
56
264
131
-219
-551
-625
-382
-13
262
258
17
-248
-352
-296
-175
-44
43
89
56
-80
-277
-412
-383
-208
0
115
28
-231
-467
-563
-442
-208
-49
-103
-327
-525
-582
-413
-193
-15
58
116
290
453
539
515
421
-3
-1263
-2978
-3821
-2722
-654
397
-493
-2474
-3650
-3055
-1146
648
1351
1170
635
243
218
665
1372
1828
1954
1964
2046
1961
1445
755
446
884
1725
2195
1821
798
-62
-169
428
1196
1579
1410
848
222
-147
-94
168
323
346
302
193
-28
-394
-701
-726
-441
-15
234
109
-316
-665
-664
-312
179
501
518
186
-310
-564
-452
-89
250
312
116
-214
-467
-553
-503
-337
-131
32
65
-79
-329
-505
-505
-293
12
237
232
-3
-305
-448
-340
-101
99
147
26
-151
-255
-262
-211
-142
-59
-20
-27
-93
-246
-377
-439
-374
-212
-50
-43
-224
-438
-551
-442
-214
48
155
89
-26
-7
148
354
542
621
432
-501
-2158
-3556
-3224
-1319
304
79
-1756
-3471
-3573
-1974
55
1210
1144
514
-25
-111
287
1033
1647
1808
1781
1833
1937
1641
1035
687
976
1761
2326
2107
1131
114
-159
438
1310
1779
1554
833
55
-332
-223
186
506
539
338
38
-219
-447
-570
-506
-245
96
286
136
-242
-652
-784
-547
39
491
467
78
-417
-686
-549
-87
258
264
-18
-376
-514
-431
-157
35
38
-70
-157
-189
-258
-334
-327
-183
-17
66
-32
-274
-476
-519
-348
-61
143
168
-6
-240
-332
-232
-29
124
110
-5
-135
-215
-254
-278
-284
-218
-127
-124
-189
-321
-429
-385
-307
-250
-203
-169
-184
-206
-150
-19
164
347
397
353
206
-393
-1581
-2721
-2674
-1285
52
-51
-1582
-3060
-3107
-1735
-37
848
729
135
-289
-245
199
912
1547
1805
1712
1584
1596
1484
1174
1055
1436
2083
2327
1834
881
137
151
794
1453
1563
1094
405
-100
-238
-58
301
521
404
126
-102
-214
-284
-351
-280
-100
112
130
-132
-489
-695
-541
-121
276
357
182
-139
-475
-550
-316
54
285
179
-97
-310
-326
-200
-34
68
88
21
-86
-213
-329
-319
-180
-67
-44
-138
-269
-365
-409
-327
-120
45
45
-86
-233
-299
-212
-28
77
33
-103
-231
-296
-304
-290
-254
-212
-185
-191
-234
-356
-446
-399
-293
-169
-146
-223
-298
-329
-251
-115
78
218
279
272
237
249
2
-850
-2038
-2541
-1698
-279
113
-1040
-2591
-3067
-2096
-529
505
552
28
-428
-383
87
775
1369
1612
1519
1403
1493
1579
1420
1170
1281
1713
1984
1693
995
368
283
758
1326
1469
1066
467
54
34
246
534
672
478
132
-82
-90
-38
-91
-145
-104
-14
-51
-245
-473
-601
-424
-122
127
126
-98
-353
-441
-333
-143
23
60
27
-44
-95
-148
-200
-122
23
128
72
-135
-361
-403
-280
-83
23
-63
-266
-421
-453
-325
-188
-130
-162
-238
-285
-293
-229
-176
-139
-117
-78
-45
-63
-125
-203
-245
-229
-158
-129
-147
-243
-328
-325
-263
-168
-138
-185
-274
-281
-189
-92
-53
-49
-18
82
226
300
279
224
174
135
-109
-869
-1813
-2029
-1232
-296
-363
-1432
-2390
-2349
-1432
-435
95
84
-125
-203
-105
239
650
1014
1188
1223
1307
1436
1422
1182
1027
1217
1644
1833
1533
993
663
756
1065
1319
1266
930
545
324
279
353
443
412
248
56
-81
-128
-195
-272
-251
-129
-58
-173
-363
-498
-473
-278
-61
42
-24
-177
-278
-248
-141
-69
-47
-81
-96
-84
-153
-242
-293
-217
-64
8
-33
-203
-332
-337
-244
-170
-136
-199
-313
-364
-320
-190
-131
-154
-214
-250
-163
-48
-26
-95
-173
-188
-118
-48
-75
-151
-232
-228
-180
-134
-170
-278
-323
-268
-164
-68
-58
-127
-193
-219
-156
-40
77
98
13
-99
-87
31
162
209
108
19
24
22
-198
-733
-1364
-1512
-954
-313
-398
-1177
-1880
-1783
-1051
-344
-61
-102
-237
-301
-179
115
514
757
821
892
1062
1244
1245
1051
986
1202
1534
1629
1378
993
789
874
1100
1249
1187
921
623
485
513
576
571
458
279
126
15
-46
-139
-200
-190
-121
-96
-229
-428
-552
-509
-363
-204
-164
-257
-393
-464
-456
-344
-218
-149
-120
-146
-198
-189
-145
-80
-27
-7
1
-7
-70
-136
-192
-207
-147
-128
-113
-149
-215
-246
-269
-259
-211
-170
-179
-213
-230
-226
-215
-224
-209
-185
-179
-223
-244
-233
-170
-121
-110
-147
-188
-167
-113
-48
-76
-114
-161
-136
-96
-55
-44
-65
-80
-80
-47
-7
45
56
85
40
73
72
-11
-204
-510
-793
-892
-686
-464
-517
-950
-1324
-1318
-919
-455
-260
-223
-224
-175
-98
66
300
546
699
765
865
1012
1120
1058
924
940
1125
1283
1265
1108
957
903
923
994
1061
1012
817
614
496
513
524
416
257
115
51
46
-7
-98
-176
-258
-298
-294
-244
-233
-274
-364
-419
-395
-358
-315
-336
-363
-379
-347
-298
-277
-259
-266
-253
-192
-92
2
7
-67
-134
-139
-85
-49
-29
-38
-47
-80
-106
-110
-105
-128
-146
-156
-173
-171
-176
-201
-233
-250
-261
-271
-274
-276
-267
-241
-238
-246
-246
-225
-205
-187
-178
-169
-157
-152
-122
-91
-77
-74
-63
-40
-29
-29
-37
-40
-36
-11
14
31
38
12
-30
-61
-86
-135
-202
-267
-295
-324
-331
-338
-375
-381
-361
-300
-233
-124
-49
-23
-12
-17
15
76
163
236
315
405
474
490
467
463
494
578
671
745
748
734
724
719
769
775
732
685
633
577
513
425
347
316
299
294
260
164
64
-23
-82
-102
-130
-140
-177
-216
-245
-289
-319
-313
-302
-270
-238
-224
-236
-231
-183
-175
-113
-96
-109
-139
-144
-121
-81
-22
-27
-86
-138
-164
-159
-102
-79
-121
-172
-197
-199
-189
-182
-199
-234
-241
-216
-196
-212
-243
-260
-247
-215
-195
-209
-204
-206
-197
-143
-109
-82
-69
-77
-73
-56
-46
-35
-2
32
38
44
70
83
69
12
-86
-179
-246
-280
-304
-366
-394
-434
-445
-411
-403
-386
-372
-342
-303
-240
-178
-123
-66
40
155
241
316
361
406
421
459
532
594
648
694
728
733
754
755
720
692
631
575
544
509
476
435
389
342
326
325
289
226
135
66
37
29
24
-16
-108
-173
-182
-184
-173
-213
-277
-333
-338
-272
-218
-218
-253
-271
-240
-194
-166
-123
-107
-112
-91
-66
-61
-66
-66
-82
-65
-46
-54
-65
-111
-142
-157
-132
-113
-144
-190
-245
-287
-281
-261
-222
-198
-223
-222
-206
-195
-189
-185
-149
-100
-65
-41
-43
-61
-72
-32
16
29
9
-11
-44
-42
12
63
104
97
83
30
-49
-131
-211
-285
-303
-299
-299
-334
-385
-408
-397
-352
-291
-240
-206
-183
-169
-113
-29
75
188
262
317
352
371
409
442
512
569
602
647
653
632
606
585
590
585
563
531
469
398
351
337
338
336
298
229
159
144
129
96
76
44
17
1
-41
-73
-104
-143
-160
-171
-194
-237
-277
-275
-255
-230
-213
-208
-191
-187
-192
-176
-170
-197
-180
-149
-141
-123
-140
-151
-160
-149
-126
-133
-152
-163
-188
-180
-150
-150
-162
-209
-225
-226
-204
-152
-150
-138
-131
-125
-113
-106
-106
-105
-84
-57
-28
11
10
2
-9
-21
-37
-35
-16
-12
17
36
52
52
15
-3
-51
-85
-120
-185
-246
-290
-303
-293
-275
-287
-310
-318
-313
-304
-270
-242
-185
-102
-31
29
103
155
200
279
347
430
492
526
551
580
607
679
729
728
727
680
630
598
561
533
491
424
358
287
249
228
188
149
99
49
24
-23
-74
-93
-111
-111
-114
-140
-148
-173
-196
-186
-168
-165
-164
-196
-206
-183
-184
-158
-144
-132
-133
-140
-159
-169
-159
-158
-146
-155
-153
-173
-175
-175
-176
-162
-161
-153
-154
-180
-191
-190
-188
-170
-177
-175
-190
-174
-164
-158
-134
-125
-133
-152
-161
-145
-132
-103
-81
-81
-86
-85
-70
-78
-68
-58
-54
-24
9
26
2
-28
-66
-101
-119
-131
-140
-167
-225
-236
-253
-249
-225
-219
-207
-210
-205
-177
-106
-56
14
58
112
185
252
318
360
422
468
531
576
594
642
673
712
744
720
678
663
624
591
553
491
415
341
323
288
266
200
131
80
14
1
-25
-50
-81
-125
-167
-172
-177
-201
-242
-258
-276
-296
-293
-293
-308
-307
-293
-256
-223
-212
-209
-218
-211
-189
-148
-135
-136
-127
-111
-89
-67
-87
-110
-137
-129
-90
-87
-103
-99
-96
-121
-114
-126
-136
-141
-163
-158
-143
-129
-129
-125
-125
-139
-123
-94
-91
-91
-77
-68
-54
-44
-24
-32
-33
-16
10
15
28
32
35
40
22
10
-35
-86
-140
-164
-182
-213
-220
-221
-236
-228
-222
-197
-177
-147
-126
-112
-103
-44
13
76
140
194
247
293
327
359
386
423
460
488
526
558
594
596
591
570
532
496
474
454
433
407
371
322
292
259
216
186
132
69
15
-9
-36
-74
-101
-146
-188
-210
-221
-215
-236
-259
-320
-357
-342
-312
-263
-246
-243
-239
-233
-216
-179
-186
-166
-142
-132
-104
-85
-77
-102
-117
-116
-106
-106
-116
-139
-122
-96
-93
-99
-95
-87
-106
-108
-106
-101
-102
-121
-122
-118
-121
-108
-99
-88
-66
-78
-86
-85
-92
-79
-57
-44
-33
-35
-34
-59
-79
-67
-102
-113
-122
-143
-177
-189
-191
-211
-192
-178
-163
-152
-144
-125
-102
-53
8
42
73
111
135
177
229
296
348
371
430
466
525
550
564
574
552
560
571
564
547
536
522
483
433
375
319
287
254
228
173
128
101
60
41
5
-25
-63
-109
-144
-183
-221
-238
-237
-260
-274
-262
-251
-269
-292
-306
-295
-280
-281
-266
-266
-252
-239
-254
-232
-209
-201
-187
-180
-168
-159
-164
-159
-154
-143
-103
-92
-84
-87
-78
-72
-58
-27
-38
-44
-33
-32
-39
-28
-9
-6
-19
-41
-54
-71
-71
-65
-56
-48
-77
-95
-107
-110
-121
-118
-132
-167
-182
-196
-191
-201
-214
-191
-194
-176
-155
-136
-130
-128
-101
-88
-32
6
37
70
98
136
178
245
302
325
341
376
420
466
490
511
534
535
556
574
578
567
541
501
458
429
396
370
329
286
246
203
168
132
76
31
7
-6
-37
-51
-82
-110
-122
-132
-137
-158
-180
-200
-215
-234
-234
-223
-227
-240
-267
-253
-250
-246
-231
-240
-235
-246
-237
-247
-252
-247
-231
-214
-199
-192
-191
-197
-203
-218
-191
-162
-140
-114
-102
-89
-72
-67
-69
-78
-95
-69
-60
-43
-38
-25
-7
-20
-34
-23
-25
-25
-11
-31
-54
-67
-70
-96
-125
-154
-204
-238
-260
-246
-226
-224
-210
-199
-182
-132
-96
-65
-36
7
45
92
142
178
213
251
313
358
381
401
396
395
441
468
486
492
480
468
467
439
420
401
372
366
364
359
320
272
232
212
201
186
179
130
72
38
-12
-47
-54
-65
-59
-78
-114
-136
-156
-181
-203
-189
-188
-193
-206
-221
-206
-180
-165
-167
-164
-162
-146
-135
-155
-144
-147
-161
-157
-165
-165
-169
-177
-181
-187
-178
-185
-186
-167
-180
-181
-183
-183
-181
-162
-166
-160
-147
-140
-132
-132
-97
-71
-74
-62
-48
-52
-49
-31
-33
-63
-77
-84
-103
-112
-135
-161
-173
-170
-174
-172
-162
-158
-144
-149
-121
-96
-74
-20
35
85
123
162
211
262
289
321
358
372
393
411
421
435
438
447
436
434
433
403
368
338
336
323
300
287
278
242
203
183
144
132
100
61
40
2
12
5
-10
-28
-68
-92
-128
-143
-151
-182
-183
-169
-172
-151
-146
-145
-149
-153
-131
-121
-118
-96
-94
-94
-98
-91
-84
-95
-94
-97
-105
-118
-119
-128
-117
-120
-119
-111
-136
-142
-145
-142
-151
-158
-176
-179
-179
-178
-180
-197
-186
-178
-160
-132
-140
-131
-158
-147
-134
-156
-169
-180
-168
-173
-193
-207
-191
-182
-173
-147
-106
-94
-78
-63
-18
-3
46
100
132
170
204
254
292
319
340
358
379
392
419
430
434
432
426
420
404
387
367
357
338
322
293
270
255
228
196
195
166
134
122
96
74
32
13
-10
-30
-43
-68
-73
-86
-115
-142
-156
-187
-205
-203
-191
-173
-172
-173
-173
-168
-144
-123
-104
-111
-103
-108
-114
-112
-86
-78
-76
-74
-68
-64
-70
-77
-112
-106
-104
-103
-90
-97
-124
-128
-146
-170
-173
-163
-169
-169
-162
-168
-160
-167
-174
-187
-195
-200
-200
-215
-229
-236
-242
-226
-213
-222
-229
-206
-192
-168
-132
-96
-77
-45
-6
24
53
102
152
168
205
252
291
314
345
384
403
440
448
437
455
445
437
439
433
419
384
357
333
318
315
307
286
248
210
197
163
139
123
94
84
39
15
-19
-35
-55
-62
-69
-98
-110
-134
-145
-170
-157
-160
-168
-172
-191
-184
-190
-189
-179
-175
-166
-174
-173
-172
-162
-152
-147
-127
-114
-136
-128
-115
-102
-80
-70
-84
-93
-102
-121
-123
-146
-144
-139
-149
-158
-154
-155
-159
-170
-166
-157
-162
-160
-175
-183
-174
-157
-148
-125
-131
-119
-112
-118
-92
-75
-52
-39
-32
-9
14
31
43
70
100
128
160
172
178
192
216
248
263
261
283
295
302
329
335
315
308
318
301
297
294
273
264
248
228
217
196
164
137
121
125
105
93
82
57
49
43
23
24
1
-18
-20
-38
-32
-31
-32
-53
-75
-87
-96
-107
-125
-119
-108
-111
-132
-150
-167
-174
-192
-187
-187
-201
-195
-183
-173
-175
-182
-183
-185
-174
-168
-167
-169
-162
-171
-174
-164
-156
-145
-154
-177
-169
-176
-173
-166
-165
-169
-163
-169
-168
-144
-130
-102
-79
-67
-40
-24
-7
20
42
77
95
125
147
176
187
198
214
222
234
242
253
269
281
279
284
290
283
277
269
276
273
273
253
231
226
195
171
172
155
150
138
126
103
67
56
20
17
4
-2
-16
-43
-67
-93
-87
-73
-78
-87
-95
-91
-95
-104
-124
-113
-117
-115
-110
-113
-99
-113
-122
-123
-116
-129
-123
-134
-149
-149
-149
-147
-150
-162
-166
-178
-180
-164
-163
-154
-150
-116
-108
-117
-96
-73
-70
-63
-61
-67
-50
-65
-41
-50
-60
-40
-55
-62
-61
-40
-46
-26
-14
-2
15
35
54
56
71
56
66
79
104
129
136
142
155
169
181
185
182
188
185
205
219
220
239
241
220
214
198
188
178
172
171
159
151
159
131
119
116
75
75
79
68
73
54
34
35
25
11
-5
-3
-15
-14
-28
-32
-44
-52
-58
-89
-98
-108
-127
-158
-162
-178
-195
-203
-210
-220
-223
-224
-222
-223
-229
-216
-218
-225
-212
-195
-203
-192
-184
-172
-158
-160
-161
-149
-152
-153
-133
-121
-105
-78
-59
-46
-46
-48
-34
-13
6
23
42
65
90
114
121
125
124
115
113
122
121
120
132
123
130
139
146
132
127
116
113
118
117
125
137
133
123
125
120
108
111
103
96
95
80
76
83
88
75
82
84
68
69
69
68
71
90
98
100
92
78
65
70
64
60
42
32
36
18
1
-3
-14
-22
-23
-33
-42
-55
-74
-96
-81
-90
-93
-99
-115
-129
-145
-148
-151
-166
-166
-159
-157
-177
-196
-197
-203
-210
-190
-168
-173
-153
-148
-132
-111
-95
-75
-63
-60
-41
-45
-50
-53
-48
-24
-31
-1
17
23
26
40
53
44
57
67
76
94
111
122
133
135
114
113
120
122
138
147
139
146
144
141
133
133
115
104
107
104
111
107
105
100
71
71
70
58
32
21
11
18
27
14
14
-1
-12
-22
-36
-33
-26
-36
-40
-50
-51
-57
-58
-52
-61
-82
-82
-84
-101
-92
-97
-89
-78
-76
-76
-70
-58
-61
-60
-53
-44
-52
-40
-33
-32
-36
-32
-28
-42
-37
-39
-44
-45
-46
-47
-64
-63
-62
-57
-47
-47
-43
-34
-11
-17
-15
-7
-19
-17
0
1
29
30
24
26
15
14
9
13
3
12
12
10
15
9
18
16
28
29
38
47
69
77
93
113
110
111
99
105
107
114
119
117
97
102
113
97
86
84
86
82
75
80
80
57
44
41
31
27
23
14
13
-5
-15
-11
-12
-34
-41
-48
-50
-54
-52
-57
-67
-68
-75
-78
-86
-79
-80
-85
-79
-74
-84
-88
-88
-101
-91
-69
-65
-49
-49
-63
-65
-48
-40
-34
-12
2
9
2
-1
-17
-16
-2
-1
0
4
-8
-22
-38
-35
-30
-30
-7
-30
-26
-25
-20
-1
-17
-5
-4
6
2
-1
-1
-7
3
19
30
29
31
21
-3
-3
-2
-8
3
9
5
14
18
20
11
11
11
10
13
16
14
21
37
40
33
33
31
22
32
32
50
60
59
42
51
56
51
51
54
53
38
48
36
32
38
25
29
35
26
17
1
-1
-7
-11
-15
-8
-33
-30
-30
-36
-19
-14
-14
-19
-11
-5
-4
-6
1
-14
-13
-18
-21
3
16
-3
0
5
-12
-14
-16
-7
-9
-17
-15
-3
11
0
-1
3
-6
-17
-7
-8
-16
-13
-20
-21
-25
-31
-28
-37
-28
-24
-16
-25
-19
-18
-18
-6
-6
6
-3
10
6
5
-1
-4
-17
-26
-33
-41
-32
-35
-23
-6
-6
-2
-4
-15
-5
-5
-13
-10
8
22
15
1
17
22
8
13
-5
-4
13
14
12
8
0
9
7
29
35
37
37
42
53
44
58
48
38
36
12
16
16
18
12
12
10
7
-2
-18
-21
-32
-34
-34
-28
-32
-13
-2
4
-8
-16
-20
-41
-33
-26
-26
-31
-18
-19
-16
-8
-7
-22
-19
-21
-21
-6
-10
-11
7
15
12
17
18
12
12
17
10
13
3
15
12
-4
-5
-12
-7
-4
4
4
-12
-24
-12
-3
-11
-14
-27
-24
-3
5
-3
-6
-18
-16
-5
10
3
-5
10
18
18
21
32
47
41
38
62
62
76
70
60
62
36
46
29
15
10
12
12
8
2
1
-5
-19
-11
-30
-13
-18
-12
-8
-12
0
-10
1
1
-7
-20
-23
-20
-22
-23
-13
-11
-15
-14
-27
-27
-27
-31
-39
-15
-16
-19
-20
-5
-17
-9
-28
-26
-11
-17
-10
-13
-8
-12
-20
-28
-23
-32
-23
-17
-27
-30
-11
-9
4
12
-4
-1
3
20
23
30
36
36
24
21
10
6
4
8
5
4
9
0
2
-10
8
5
8
16
0
18
1
5
19
16
12
7
7
-2
-3
12
12
7
-1
11
15
2
21
34
38
48
51
45
44
46
39
42
37
29
30
21
17
14
1
1
-28
-28
-23
-32
-31
-29
-26
-15
-31
-27
-30
-41
-27
-19
-10
-19
-12
-16
-19
-26
-21
-25
-24
-17
-22
-22
-19
-14
-10
-2
7
15
13
20
17
2
2
6
-1
10
16
11
9
7
1
-12
-15
-12
-16
-8
-10
-13
6
1
9
19
17
-1
0
5
3
13
5
14
12
7
-2
10
5
-17
-8
-20
-21
-18
-21
-19
-24
-33
-30
-45
-49
-45
-52
-43
-56
-46
-46
-60
-50
-47
-49
-48
-49
-29
-28
-30
-26
-20
-7
-11
9
22
20
20
21
17
8
23
36
48
47
41
38
42
43
40
41
43
40
37
41
28
38
45
50
47
46
43
38
40
29
36
39
29
41
44
43
35
35
34
33
25
20
31
15
9
13
21
15
28
25
25
23
23
32
36
32
18
2
9
8
2
17
12
14
9
13
10
7
10
9
10
-3
-11
-15
-19
-22
-27
-30
-25
-28
-21
-11
-33
-40
-26
-39
-56
-53
-58
-58
-53
-68
-61
-59
-61
-47
-67
-63
-55
-69
-68
-60
-74
-60
-68
-73
-73
-57
-54
-52
-36
-33
-28
-7
0
2
6
-9
0
6
12
19
24
29
26
23
30
34
17
26
32
26
22
28
32
23
27
25
21
10
16
29
33
37
34
45
31
30
30
26
37
20
19
21
6
-6
0
10
7
11
17
10
17
13
14
13
7
7
2
5
-3
0
2
-4
-6
-11
-5
-6
-13
-10
-8
1
-3
-5
-3
-1
16
14
3
1
-9
-12
-6
-3
0
-3
10
21
11
10
10
-5
-3
0
11
9
3
3
-5
4
2
-11
-15
-21
-21
-38
-27
-18
-21
-23
-30
-29
-41
-35
-28
-32
-36
-20
-22
-17
-10
-5
-4
-2
5
4
8
27
30
30
21
13
13
9
18
24
23
32
57
47
35
30
30
27
26
9
5
9
7
12
-7
-17
-17
-30
-32
-28
-31
-24
-20
-12
-6
-10
-14
-8
-6
-5
14
38
46
48
56
55
51
45
43
38
46
55
44
45
50
37
11
21
18
10
26
31
35
33
22
26
26
11
4
9
12
24
26
17
12
6
6
-3
3
-1
-26
-17
-21
-22
-21
-20
-17
-32
-37
-30
-21
-30
-34
-28
-40
-39
-41
-49
-56
-64
-79
-72
-71
-69
-61
-64
-72
-70
-60
-57
-46
-39
-29
-34
-27
-19
-23
-11
-12
-6
-15
-17
-4
-9
4
-4
-11
-6
2
-4
0
13
6
2
10
21
20
11
1
-12
-12
-11
-17
-16
-12
-12
-24
-18
-32
-24
-16
-18
-8
-17
4
-5
9
11
15
20
3
15
17
15
21
27
32
28
20
22
14
20
18
12
18
23
14
6
3
-8
-7
-8
-14
-15
-4
-11
-23
-21
-14
-13
-22
-18
-17
-31
-22
-11
2
11
2
-3
4
8
14
19
7
24
43
34
34
41
36
27
36
25
32
39
31
30
25
33
25
26
32
28
25
41
37
30
29
32
35
40
50
46
55
62
71
79
88
78
83
87
71
75
67
52
51
46
50
49
43
35
25
4
8
-1
-9
-11
-11
1
1
0
0
6
-3
-15
-7
-3
-3
-17
-17
-18
-40
-45
-40
-44
-35
-33
-41
-31
-38
-43
-43
-53
-50
-49
-46
-53
-51
-48
-53
-54
-53
-49
-64
-68
-57
-43
-42
-42
-51
-50
-54
-58
-55
-62
-53
-52
-50
-43
-52
-57
-64
-50
-47
-50
-51
-36
-30
-39
-40
-34
-30
-30
-25
-9
3
9
15
1
2
4
3
-1
14
15
9
15
0
-4
-3
1
4
-3
-9
-3
11
26
18
21
13
15
17
11
22
23
20
16
20
19
24
13
0
3
1
-7
4
4
11
10
16
14
20
14
24
36
35
31
39
53
45
36
28
43
41
44
37
42
42
38
37
30
37
33
31
35
27
34
44
32
32
29
21
18
25
18
30
16
27
22
18
15
9
12
15
19
9
13
7
1
-4
0
-22
-25
-16
-31
-30
-41
-43
-25
-35
-32
-38
-34
-25
-33
-32
-21
-24
-22
-21
-8
8
3
8
11
10
14
22
10
22
23
25
27
10
0
-18
-28
-23
-10
-6
-5
-6
9
-2
-22
-10
-19
-19
-4
-4
-7
-12
-12
-10
-2
-2
-11
-3
-14
-3
3
1
-15
-19
-19
-17
-24
-26
-18
-28
-9
-23
-20
-16
-19
-22
-24
-21
-19
-19
-14
-4
-14
-16
-13
-19
-14
-9
-4
13
18
19
30
24
15
8
13
25
19
26
19
10
4
6
3
-3
3
10
-1
-4
-7
-12
-11
-11
-8
1
-3
-7
-7
-13
-12
-13
-12
-21
-20
-22
-21
-27
-26
-14
-13
-13
-23
-14
-11
-11
-14
-5
12
17
26
29
38
33
36
43
40
41
50
45
48
50
31
36
34
30
40
38
31
36
25
12
12
9
-5
0
0
4
8
12
7
5
9
6
8
12
4
-8
-8
-13
-13
-10
-5
2
2
-12
-28
-19
-21
-23
-21
-15
-28
-38
-31
-23
-13
-14
-19
-9
1
2
1
4
3
19
16
20
13
14
18
19
29
33
21
15
24
22
4
7
19
7
3
3
15
5
-8
2
7
5
8
11
14
0
4
10
-2
-14
-20
-13
-28
-25
-12
-27
-39
-57
