0
0
0
0
0
0
0
0
1
0
1
0
0
0
0
0
0
1
-1
0
1
-1
0
0
0
0
0
0
0
-1
0
0
0
-1
0
-1
0
0
0
0
0
-1
0
0
0
0
0
0
-1
0
0
0
0
0
0
0
0
-1
-1
0
0
0
0
0
1
0
0
0
0
0
-1
0
0
0
0
0
0
0
0
0
1
0
1
0
0
1
-1
1
0
0
0
-1
-1
0
0
0
-1
0
-1
0
0
0
-1
0
0
0
0
1
0
0
0
0
0
0
1
0
1
0
0
0
0
0
0
1
0
0
0
1
1
0
0
0
0
0
0
0
0
-1
1
0
0
0
0
0
0
0
1
0
0
-1
0
0
0
-1
-1
0
0
1
0
-1
0
0
0
0
0
0
-1
-1
0
0
-1
1
0
1
0
0
0
0
0
0
1
0
0
0
-1
0
0
0
0
0
1
-1
0
0
0
0
0
0
0
0
0
1
0
0
0
0
0
0
-1
0
0
-1
0
0
-1
0
0
0
0
0
0
0
0
1
0
0
-1
1
0
0
-1
-1
0
0
0
1
-1
0
0
0
-1
1
0
0
0
1
-1
0
0
0
0
0
0
0
0
0
0
0
-1
0
0
0
0
0
0
0
0
0
0
1
-1
0
0
-1
1
0
0
0
0
0
0
0
0
0
0
0
0
0
0
-1
0
0
0
0
0
0
0
-1
0
0
0
-1
0
0
-1
-1
0
0
0
0
0
1
1
-1
0
-1
0
0
0
0
0
0
0
0
1
0
0
0
0
-1
1
0
0
1
0
0
0
0
0
1
1
0
0
0
0
0
-1
0
-1
1
0
1
0
0
1
0
0
1
0
0
0
1
-1
-1
1
0
0
0
-1
0
0
1
0
0
0
0
0
0
-1
0
0
0
-1
0
0
1
1
-1
0
0
0
0
0
0
0
0
0
-1
1
0
0
1
0
0
0
0
1
-1
0
0
0
0
-1
1
0
0
-1
0
0
0
0
0
-1
0
-1
1
0
0
1
0
0
0
0
0
0
0
0
-1
0
0
0
1
0
1
0
0
0
0
-1
0
0
1
1
0
0
0
-1
-1
0
0
0
-1
0
0
1
0
1
0
0
1
0
0
1
0
0
0
0
0
0
0
0
0
0
0
-1
1
0
0
0
0
0
0
0
0
0
0
-1
0
-1
0
0
0
0
0
-1
0
0
0
1
0
0
0
0
0
0
0
0
0
-1
1
1
-1
0
0
0
0
0
0
0
0
0
0
0
0
0
-1
0
0
0
0
0
0
0
0
-1
0
0
0
0
-1
0
-1
0
0
0
0
0
-1
0
0
-1
0
0
0
1
0
0
0
0
0
0
0
1
-2
3
-5
6
-7
10
-13
16
-19
26
-31
39
-49
66
-114
175
987
1048
825
501
538
138
172
-11
-69
-336
-250
-490
-345
-510
-552
-491
-469
-512
-469
-386
-481
-586
-368
-472
-599
-336
-543
-158
-561
-71
-413
119
-399
-123
-26
-213
62
6
164
22
250
148
246
138
181
338
260
103
333
169
258
341
436
229
648
259
413
455
26
407
402
160
403
207
227
344
334
265
322
252
434
319
4
350
136
272
63
82
-22
189
-81
137
71
-249
153
115
-85
-85
-77
-49
80
-129
-124
53
-192
12
-196
-287
-118
-143
-147
-228
-148
-187
-110
-458
-167
-261
-373
-50
-56
-285
-93
-2
-567
-99
-205
-186
-132
-237
-250
-16
-359
-140
-86
-242
-151
-57
-110
-406
-9
-32
51
-227
181
-239
26
76
-203
-66
-107
21
46
124
-418
-122
-49
-81
-85
304
-44
105
271
-4
42
14
99
129
-15
-292
225
-66
75
110
-160
56
162
-5
280
110
-36
295
95
-14
197
-57
54
223
-8
-12
136
86
-84
344
-38
72
205
89
86
110
59
231
-141
75
59
106
110
84
162
-122
136
20
-106
-11
109
115
170
-123
147
58
-7
181
75
-145
-12
-58
-80
146
-76
88
117
0
-185
127
-170
-120
147
58
52
81
56
-103
-24
-259
-118
-230
-119
-142
154
65
-196
111
27
-309
63
164
-294
361
-41
-77
-12
-56
-59
3
-50
-23
63
-27
84
-186
159
-16
155
-50
55
26
-14
27
92
110
49
151
-110
157
-14
-3
-68
-4
61
76
-71
60
-64
60
-97
-3
-39
-160
4
-14
-63
-126
119
-87
-22
-201
-100
-50
-221
51
15
-142
115
-112
98
-219
85
-101
-130
100
-71
-213
241
-166
-344
216
-238
-85
-18
-70
-9
25
68
147
-243
125
75
35
-119
49
85
-122
110
151
-35
268
152
-13
187
-69
113
-161
-101
323
-10
-25
325
-103
-6
348
31
-44
283
128
-18
83
66
-104
201
-47
148
129
-152
268
72
-89
-76
246
-259
13
189
-184
-86
30
-111
105
0
-338
244
-96
-297
69
58
-338
86
213
-62
-159
-188
-53
-101
-192
210
4
-283
232
-182
-410
42
-223
-249
149
-134
-176
114
28
-404
68
-136
-38
104
-150
251
-141
24
61
-235
-128
99
-91
369
-18
-131
241
-3
188
120
-203
53
61
137
120
40
205
-24
55
59
-130
106
183
231
271
18
-18
265
-149
-120
298
-223
128
153
-98
83
-113
112
42
-212
361
-208
-172
497
-302
-334
360
-438
-238
344
-476
-91
284
-490
31
131
-457
167
88
-163
258
83
-124
349
-206
81
81
-190
31
278
-314
307
-99
-247
318
-249
55
130
93
3
347
-164
-125
229
-158
-48
216
-115
68
187
-25
-98
54
-4
16
109
-87
-94
-35
31
-110
-83
-119
-113
-95
36
292
-58
168
211
-146
81
258
-240
143
69
-416
185
-284
-357
300
-165
-282
276
-297
1
-92
-71
69
-166
65
48
-92
50
-328
37
200
-451
312
25
-186
172
67
-54
183
-365
-358
127
-319
87
120
-250
-30
231
-115
-135
-17
46
118
353
103
64
318
-45
142
194
-433
152
79
77
222
63
177
51
79
222
150
-140
431
243
-174
270
60
-255
568
-32
-165
373
-56
258
245
-56
-68
33
-4
-38
77
70
-103
185
7
-309
32
-159
-60
164
-151
103
-75
-347
283
-348
-527
436
-403
-495
78
-483
-355
-132
-288
129
-109
-141
172
-158
-5
-134
135
-162
-222
438
-9
-393
362
-38
-485
384
45
-19
-113
-46
-90
-329
-93
350
-174
-288
212
-235
-29
-53
-153
356
48
143
641
-98
-246
401
9
-270
162
199
-154
90
334
162
200
106
103
67
136
263
321
90
-45
367
23
-58
404
-12
198
166
218
161
137
-178
324
211
-428
235
30
-44
225
-24
-197
-140
-403
-152
-353
-180
-262
-241
-168
116
196
-237
61
-270
-331
-159
30
-341
-135
-288
-442
156
-209
-429
229
-31
-424
162
85
-237
-99
-28
-264
142
-173
-452
277
-135
-312
295
114
-351
94
74
-190
76
-59
-42
214
59
-181
15
24
-40
260
619
126
-9
45
138
-67
337
555
-190
212
177
35
371
147
-58
245
430
-1
454
756
8
129
373
207
-45
90
415
72
-92
-276
-240
-47
-442
-202
-74
-143
-241
-197
-21
45
170
-73
31
-65
-336
-545
-70
67
-274
-147
-172
-232
-304
-64
-155
-318
-96
-262
-294
95
-191
-412
37
-149
-312
-80
-32
-68
-389
-146
145
44
57
58
14
13
185
181
-46
316
411
164
217
156
85
63
176
193
230
472
398
244
232
286
194
20
414
411
407
433
428
244
9
38
101
481
527
381
379
358
111
180
202
133
277
167
219
296
253
21
-55
-53
-164
-162
-120
-73
-99
17
-81
-314
-366
-575
-556
-376
-448
-290
-306
-683
-755
-569
-769
-600
-404
-530
-392
-414
-438
-430
-530
-612
-668
-769
-753
-679
-665
-525
-316
-355
-301
-300
-381
-374
-222
-58
24
90
126
223
52
-58
-22
52
173
273
293
186
140
214
285
493
493
364
402
455
539
632
690
603
644
740
723
750
763
603
581
614
506
420
382
432
571
450
374
317
191
116
123
258
222
228
249
92
64
66
-113
-107
-10
61
-8
-71
-180
-287
-330
-418
-344
-431
-470
-485
-384
-173
-330
-450
-467
-502
-506
-527
-369
-291
-367
-303
-328
-454
-417
-408
-305
-266
-196
-128
-266
-172
-67
-138
-52
27
-33
-60
59
78
29
112
79
36
115
148
117
201
222
208
142
178
257
287
380
405
349
356
309
290
276
263
264
231
303
331
276
131
82
59
-6
26
152
225
233
227
156
152
91
7
-32
-47
35
23
52
39
-21
-29
-98
-148
-92
-99
-102
13
83
4
-156
-199
-258
-295
-228
-72
-2
1
-4
-113
-146
-187
-250
-171
-86
-54
-2
24
-18
-125
-187
-209
-160
-98
-12
105
118
-24
-136
-162
-220
-162
-129
-119
-172
-254
-254
-261
-290
-340
-348
-307
-225
-151
-145
-177
-258
-370
-373
-328
-290
-328
-333
-210
-125
-131
-108
-131
-205
-185
-165
-68
-54
-71
-88
-124
-29
-51
-33
52
57
132
184
203
224
166
166
231
271
314
370
382
412
476
495
567
600
654
708
728
786
731
641
532
447
436
458
472
434
401
374
332
283
212
158
218
309
387
412
373
243
96
24
-14
39
108
195
215
170
125
-22
-161
-220
-195
-122
-11
-30
-201
-396
-621
-764
-871
-944
-1121
-1417
-1769
-2091
-2253
-2364
-2417
-2348
-2263
-2203
-2096
-1908
-1661
-1427
-1097
-680
-214
279
716
1094
1397
1682
1953
2242
2543
2749
2826
2854
2861
2757
2581
2427
2216
2022
1801
1575
1341
1026
675
325
86
-131
-297
-490
-638
-768
-846
-844
-825
-773
-658
-516
-380
-221
-188
-86
82
196
316
362
309
190
51
20
26
60
41
-43
-153
-360
-587
-741
-841
-946
-1012
-1217
-1793
-2874
-4109
-4731
-4516
-3903
-3364
-3078
-3003
-3192
-3319
-3078
-2512
-1835
-1117
-171
926
1845
2234
2258
2291
2526
3105
3852
4597
4900
4714
4286
3903
3692
3364
3051
2826
2641
2357
1957
1378
604
-170
-776
-1039
-1073
-1173
-1439
-1778
-2091
-2266
-2287
-2141
-1883
-1615
-1308
-934
-629
-494
-477
-349
-3
530
1098
1467
1607
1591
1510
1455
1474
1466
1362
1246
1111
958
676
260
-177
-538
-698
-727
-754
-822
-1039
-1259
-1369
-1343
-1250
-1106
-995
-842
-632
-543
-491
-464
-385
-234
7
257
449
523
492
467
126
-893
-2504
-4020
-4506
-3802
-2669
-2094
-2515
-3427
-4232
-4416
-3936
-2988
-2005
-1325
-617
113
792
1030
971
1117
1834
3075
4216
4918
4916
4395
3825
3664
3953
4222
4165
3818
3349
2869
2290
1613
868
199
-242
-436
-518
-791
-1407
-2161
-2622
-2657
-2376
-2079
-1874
-1804
-1729
-1503
-1097
-634
-405
-260
75
664
1278
1617
1762
1727
1671
1730
1887
1987
1871
1629
1344
1185
1057
700
208
-219
-493
-584
-644
-774
-1008
-1263
-1466
-1389
-1182
-1075
-1055
-1010
-815
-631
-443
-285
-138
76
329
632
863
941
873
877
997
1059
727
-324
-2026
-3885
-4776
-4184
-2799
-2072
-2810
-4177
-5204
-5433
-4826
-3683
-2482
-1832
-1506
-1075
-342
327
559
847
1640
2978
4167
4829
4847
4384
3969
3912
4446
5015
5026
4394
3603
3009
2526
2049
1472
853
196
-310
-662
-1022
-1556
-2291
-2871
-3044
-2782
-2483
-2374
-2401
-2471
-2335
-1914
-1309
-731
-326
-12
446
926
1198
1377
1505
1704
1985
2256
2475
2446
2146
1780
1527
1393
1229
945
556
247
-52
-352
-694
-1044
-1380
-1702
-1824
-1699
-1424
-1294
-1269
-1380
-1456
-1359
-1093
-702
-287
56
277
434
568
699
805
959
1197
1446
1473
1112
118
-1500
-3417
-4437
-3775
-2168
-1396
-2386
-4120
-5387
-5583
-4885
-3626
-2360
-1896
-2073
-2148
-1455
-456
102
456
1161
2376
3430
3978
4133
3983
3782
3893
4567
5322
5448
4731
3835
3364
3155
2979
2564
1961
1197
469
14
-311
-723
-1433
-2191
-2590
-2504
-2306
-2326
-2502
-2669
-2674
-2381
-1819
-1231
-825
-672
-519
-52
547
1042
1358
1571
1861
2113
2361
2526
2472
2179
1857
1716
1713
1677
1344
860
348
-81
-410
-676
-875
-1096
-1312
-1517
-1606
-1658
-1777
-1855
-1819
-1597
-1343
-1157
-1025
-885
-708
-460
-122
225
476
595
720
954
1179
1033
29
-1591
-2903
-3048
-2154
-1286
-1239
-2198
-3541
-4462
-4423
-3527
-2426
-1907
-2069
-2300
-2092
-1410
-692
-137
340
871
1496
2192
2827
3105
3108
3162
3519
4080
4419
4384
4008
3589
3336
3230
3115
2736
2180
1487
966
677
413
-42
-721
-1364
-1758
-1870
-1833
-1841
-2064
-2375
-2554
-2447
-2123
-1734
-1427
-1237
-1017
-755
-533
-278
65
509
987
1380
1617
1661
1586
1565
1695
1918
2016
1878
1560
1209
918
735
604
405
157
-160
-471
-666
-742
-832
-917
-1040
-1087
-1086
-1098
-1066
-985
-886
-762
-556
-324
-91
86
177
176
103
118
178
-122
-1432
-3286
-3949
-2657
-864
-724
-2164
-3694
-4403
-4282
-3349
-1821
-895
-1395
-2584
-2734
-1420
-11
536
533
758
1173
1600
2234
2964
3308
2996
2842
3369
4066
4183
3706
3280
3110
3141
3069
2784
2361
1717
1127
865
904
710
33
-866
-1325
-1226
-1067
-1033
-1319
-1822
-2309
-2379
-1915
-1318
-1041
-1217
-1405
-1372
-1080
-629
-267
-69
18
198
561
970
1142
1067
1037
1161
1475
1667
1562
1321
1001
832
847
936
849
447
-26
-314
-303
-196
-196
-425
-767
-999
-1030
-874
-663
-578
-742
-929
-954
-734
-397
-173
-50
4
90
312
516
567
385
-258
-1468
-2716
-2980
-1871
-575
-564
-1920
-3379
-3960
-3598
-2626
-1585
-1084
-1620
-2574
-2760
-1738
-427
132
55
-24
226
694
1399
2185
2578
2399
2131
2417
3051
3467
3486
3296
3105
2942
2791
2676
2546
2333
1953
1586
1331
1021
533
-20
-282
-281
-307
-528
-930
-1417
-1799
-1835
-1514
-1189
-1232
-1715
-2222
-2156
-1470
-666
-252
-291
-521
-725
-540
157
980
1349
1150
853
796
1029
1325
1541
1568
1333
1027
857
863
917
762
472
216
73
-56
-223
-339
-452
-611
-808
-905
-961
-970
-1028
-1014
-849
-744
-771
-920
-886
-627
-227
133
302
227
-174
-870
-1724
-2363
-2148
-1140
-295
-555
-1754
-2803
-3019
-2468
-1557
-767
-627
-1346
-2194
-2145
-1139
-59
353
114
-228
-241
183
1022
1830
2093
1717
1277
1400
2068
2750
3020
2813
2341
1902
1817
2108
2454
2472
2045
1447
1028
892
878
866
794
583
230
-114
-380
-514
-590
-594
-542
-543
-703
-987
-1202
-1316
-1217
-901
-491
-293
-480
-783
-912
-640
-172
223
355
209
-8
-36
264
683
851
670
350
224
361
628
830
768
442
61
-45
101
350
364
68
-372
-755
-944
-1013
-936
-720
-560
-631
-800
-880
-855
-784
-644
-460
-383
-416
-345
-142
-5
-148
-604
-1096
-1280
-1048
-738
-647
-798
-1119
-1474
-1624
-1437
-977
-698
-806
-1038
-1095
-879
-580
-284
-67
-27
-58
32
366
781
1023
1022
1005
1089
1269
1530
1754
1862
1752
1591
1536
1677
1853
1907
1796
1563
1358
1230
1161
1131
1082
945
759
572
423
263
80
-41
-129
-179
-266
-423
-566
-712
-779
-756
-748
-794
-914
-1018
-978
-862
-716
-600
-578
-625
-614
-445
-226
-25
56
46
41
110
305
475
514
449
334
253
271
332
362
278
131
-15
-87
-101
-153
-183
-307
-409
-494
-545
-564
-540
-503
-538
-565
-576
-500
-439
-425
-410
-397
-382
-511
-850
-1111
-1036
-652
-326
-378
-686
-987
-1113
-971
-602
-223
-198
-535
-801
-681
-254
104
198
95
-64
-92
171
629
935
914
628
452
669
1097
1499
1609
1461
1159
967
1108
1466
1739
1680
1365
1036
871
894
1055
1112
965
670
404
312
345
381
295
65
-171
-359
-406
-344
-269
-306
-521
-738
-845
-803
-692
-607
-605
-698
-836
-913
-821
-600
-415
-374
-445
-524
-552
-457
-265
-78
-19
-105
-191
-210
-98
48
101
53
-78
-150
-145
-64
45
67
3
-153
-219
-171
-58
30
19
-45
-118
-132
-73
-2
35
18
-70
-115
-93
-26
13
17
-29
-98
-133
-111
-63
-37
-56
-136
-193
-265
-250
-183
-160
-180
-257
-289
-304
-326
-297
-234
-197
-166
-187
-158
-131
-75
-20
66
113
186
257
279
320
322
368
429
480
552
572
555
494
463
492
512
554
570
530
478
409
382
402
386
363
314
287
248
233
232
211
181
120
69
53
58
60
60
39
-17
-100
-136
-143
-139
-160
-176
-195
-246
-271
-283
-290
-296
-299
-309
-290
-282
-271
-287
-272
-251
-244
-212
-189
-167
-140
-105
-99
-114
-78
-31
12
54
73
75
49
22
-25
1
51
70
65
3
-108
-155
-174
-144
-128
-165
-225
-287
-333
-331
-309
-302
-281
-287
-311
-303
-263
-216
-200
-187
-142
-104
-27
14
75
79
82
110
116
142
153
164
175
193
174
153
110
80
73
82
124
146
116
89
55
63
90
136
164
143
111
91
135
186
226
246
221
171
165
188
237
251
218
210
164
163
178
190
165
128
96
60
50
53
56
25
22
25
4
-37
-52
-50
-52
-43
-28
-42
-60
-66
-54
-16
35
51
38
-11
1
35
78
87
52
41
18
8
-15
6
-14
-65
-124
-143
-136
-161
-199
-241
-253
-287
-297
-285
-277
-281
-275
-307
-278
-251
-237
-215
-166
-126
-95
-63
-62
-47
-33
8
54
85
86
68
67
55
55
55
51
57
59
55
32
25
2
-34
-40
-24
1
14
39
44
49
33
25
58
60
78
83
116
118
132
138
137
149
136
144
157
150
141
110
79
63
65
72
64
50
27
13
-27
-19
-32
-52
-59
-72
-74
-75
-66
-68
-80
-61
-48
-8
-11
-26
-21
-18
18
35
48
69
65
39
52
88
87
85
56
44
56
25
17
-17
-55
-87
-78
-68
-63
-71
-129
-170
-178
-129
-103
-86
-84
-92
-87
-81
-42
4
27
38
50
46
79
108
116
115
96
85
106
125
128
96
75
56
37
24
-1
13
32
25
0
-30
-60
-76
-93
-59
-49
-53
-68
-73
-90
-69
-45
-19
1
-8
8
9
26
4
11
4
21
34
45
46
3
-26
-59
-62
-42
4
2
-20
-56
-71
-46
-40
-22
-22
-43
-24
12
45
35
10
3
-12
27
58
87
87
39
19
1
-7
4
9
-7
-37
-59
-52
-38
-40
-59
-74
-82
-76
-54
-53
-76
-74
-82
-63
-29
-11
-24
-30
-14
13
29
53
58
57
58
85
109
118
126
122
119
112
120
121
108
110
132
115
99
89
83
71
62
68
71
55
4
-14
-28
-16
1
-17
-49
-103
-100
-102
-77
-34
-21
-52
-83
-70
-79
-86
-78
-77
-81
-83
-86
-96
-99
-108
-117
-126
-125
-125
-106
-87
-79
-95
-102
-82
-84
-51
-20
7
22
38
52
41
69
83
106
143
121
113
121
99
80
59
69
73
56
67
37
10
-28
-37
-32
-18
5
8
23
-4
-16
-20
-22
-2
16
25
48
64
56
56
45
43
52
68
79
94
87
52
36
45
45
27
46
51
35
13
6
1
9
12
22
3
-1
-26
-61
-24
-34
-21
4
5
-14
-45
-46
-42
-35
0
3
-5
16
-7
-10
-14
-39
-34
-18
-26
-38
-32
-29
-52
-75
-99
-119
-120
-126
-119
-104
-100
-135
-123
-107
-108
-91
-85
-62
-47
-41
-51
-35
-21
-7
16
41
72
89
99
97
87
72
77
97
92
75
65
52
49
30
29
21
4
21
6
2
-1
-34
-25
-6
-17
-8
10
32
9
-6
-11
14
27
40
70
82
79
58
66
54
84
86
83
73
51
26
17
20
1
-7
-25
-42
-49
-58
-55
-78
-89
-75
-85
-57
-32
-38
-73
-71
-56
-36
-9
20
28
15
14
5
35
55
49
46
51
68
59
56
55
38
18
26
4
-13
-3
-30
-27
-50
-48
-57
-66
-28
-27
-22
-2
-22
-30
-14
14
37
51
48
47
51
43
58
57
39
32
54
36
32
33
17
8
-4
6
-17
-12
-21
-25
-14
-39
-22
-31
-50
-37
-32
-36
-32
-30
-40
-32
-22
-29
-16
-8
-7
-17
-41
-11
-2
4
6
10
20
13
-24
-23
-7
-3
-18
-22
-12
-31
-32
-52
-61
-58
-32
-30
-15
-30
-38
-33
-30
-15
-17
17
13
23
26
32
45
55
41
30
29
2
55
73
64
77
52
37
13
9
5
-5
-3
-29
-48
-40
-35
-30
-39
-55
-80
-70
-57
-26
-14
-26
-37
-50
-33
-12
-5
-10
-9
-22
-21
-17
-3
24
22
14
-13
18
24
30
47
25
12
8
31
34
36
39
51
64
39
44
52
54
64
72
72
64
80
81
76
81
53
46
28
40
43
40
27
17
4
0
8
8
-8
-24
-32
-52
-50
-48
-40
-53
-57
-53
-54
-66
-68
-64
-54
-32
-29
-8
-10
-27
-33
3
20
19
17
9
25
52
52
49
41
14
12
16
17
16
-2
3
27
9
-11
-42
-54
-36
-20
-15
-37
-32
-41
-63
-43
-10
5
-14
-44
-63
-52
-50
-67
-47
-53
-34
-44
-59
-28
-53
-66
-69
-46
-25
-11
-9
-31
-39
-39
-31
-27
-23
-8
6
13
17
12
10
14
17
39
58
77
97
60
52
56
68
68
96
92
99
93
89
98
77
85
52
58
83
57
67
51
25
22
1
3
-40
-53
-45
-64
-37
-28
-35
-42
-53
-57
-48
-28
-21
-31
-34
-34
-34
-25
-22
-20
-24
-49
-31
-13
-10
-15
-28
-34
-38
-41
-38
-35
-44
-22
-28
-37
-32
-24
-5
4
-5
1
11
21
21
32
34
27
30
24
35
46
43
44
45
44
35
44
54
35
40
23
16
-19
-20
11
-7
-18
-25
-48
-40
-32
-23
-28
-26
-11
-14
-9
-1
17
20
36
26
50
54
65
73
57
62
71
73
61
66
58
61
55
41
55
36
40
48
12
14
3
-6
-20
-29
-36
-40
-30
-30
-36
-59
-55
-83
-71
-58
-55
-60
-67
-44
-36
-70
-79
-52
-55
-44
-25
-35
-47
-77
-85
-83
-74
-82
-84
-78
-67
-66
-63
-58
-63
-64
-69
-61
-44
-23
-11
-28
-28
-7
0
13
23
39
24
32
34
51
65
73
67
73
79
63
74
61
65
32
40
52
54
57
60
56
39
57
44
34
25
19
4
22
22
9
4
2
0
-3
3
-1
-15
-3
15
3
13
18
34
40
35
64
54
63
81
59
77
41
57
65
53
44
38
34
20
7
-11
-5
-9
-13
-18
-35
-33
-42
-33
-6
-33
-9
-17
-21
-19
-26
-42
-37
-44
-51
-27
-44
-40
-47
-44
-21
-44
-57
-49
-55
-48
-61
-50
-30
-39
-44
-48
-33
-38
-23
-9
-7
0
1
7
26
20
26
27
6
28
23
27
32
29
27
30
24
27
28
32
21
-7
-19
-28
-2
-21
-30
-29
-40
-26
-37
-29
-37
-30
-17
-21
-14
1
1
1
-1
-15
4
3
-4
-4
-6
-5
16
10
-4
6
-14
-9
-3
-7
22
29
1
3
6
17
16
30
14
16
25
30
45
36
22
1
11
7
7
17
24
21
15
14
-1
5
-5
-13
-25
-16
-21
-16
-17
-36
-37
-34
-43
-56
-50
-32
-10
-28
-17
-29
-45
-33
-28
-26
-24
-10
-13
-10
1
3
13
27
37
41
30
39
69
65
69
86
84
88
84
70
99
107
80
78
58
58
65
43
32
19
8
-9
-15
-11
5
-3
0
-19
-7
-9
-19
-30
-37
-34
-37
-33
-28
-32
-49
-61
-104
-113
-96
-87
-57
-4
4
2
7
0
8
-19
1
10
-8
9
1
5
5
-7
6
21
29
17
-8
-14
-22
-5
-4
9
10
7
3
18
17
33
22
33
25
1
33
37
34
22
30
18
1
-18
-24
-37
-48
-48
-67
-67
-64
-57
-75
-84
-82
-93
-87
-69
-62
-82
-77
-58
-44
-21
-19
-14
-7
-6
14
25
10
28
19
29
42
49
58
40
55
40
34
54
63
64
70
47
35
44
37
42
36
19
3
-4
-9
11
-4
-23
-22
-25
8
16
-9
5
6
-9
7
11
16
11
23
12
27
21
18
14
0
-5
-18
-7
6
-1
11
3
8
-1
19
23
7
19
9
21
19
39
18
23
30
31
36
39
32
13
8
-1
17
23
46
27
0
0
1
5
-9
-20
-23
-21
-44
-42
-43
-52
-33
-51
-63
-59
-65
-56
-60
-70
-51
-42
-37
-46
-39
-43
-20
-20
-26
-6
1
27
11
17
30
39
39
33
22
9
39
45
27
30
24
17
18
30
25
34
31
31
25
25
19
4
8
3
9
-16
-30
-11
-1
16
-4
-20
-9
-7
-6
-16
-14
-35
-50
-34
-22
-16
-19
-5
-25
-44
-32
-30
-18
-17
-10
-29
-25
-5
-7
-6
-16
-2
-7
-6
-7
-9
-5
21
16
-7
-5
-11
3
6
0
-17
-23
-31
-17
11
3
-3
-3
-13
8
21
17
-8
-17
4
10
1
2
-4
-3
-3
32
16
21
26
-1
13
3
18
27
34
13
31
35
15
28
29
49
37
38
19
23
-2
5
-155
-386
-605
-691
-615
-386
29
447
837
1035
1146
1015
760
427
73
-160
-280
-249
-96
139
342
518
549
443
242
-21
-287
-474
-582
-593
-460
-271
-142
-33
8
-56
-134
-251
-381
-481
-493
-452
-355
-255
-98
-16
3
22
-19
-75
-102
-132
-128
-108
-90
-14
-33
9
45
61
49
18
-21
-59
-32
-118
-116
-47
-44
-33
5
48
18
2
29
-2
-26
-67
-13
57
14
80
94
102
117
113
171
172
99
150
125
123
153
163
164
190
130
146
196
125
165
172
152
105
91
98
0
55
108
60
25
117
82
21
75
70
74
52
42
19
27
1
-13
8
13
-23
-63
-27
2
36
70
-8
-2
-35
-83
-101
-119
-141
-126
1
-60
-65
-28
-72
-137
-137
-114
-147
-109
-103
-50
-92
-98
-90
-93
-54
-54
-33
-102
-87
-54
-93
-97
-114
-77
-33
17
91
38
-29
-27
-36
-63
-21
39
-35
-11
43
25
12
-12
78
66
99
35
-76
8
-64
-58
24
5
68
184
93
29
44
-76
-47
-31
-15
35
-36
118
129
82
79
79
41
-56
-120
-38
-18
-50
-13
130
31
-22
-5
-8
-45
-140
-86
-79
-63
-12
25
36
-21
-37
-8
-134
27
47
9
75
68
24
80
82
-68
9
16
-78
19
85
25
27
1
-43
-64
-5
-50
-7
113
22
-40
29
-3
-47
-45
-47
47
-5
-37
77
104
12
-12
57
26
33
-39
99
75
18
81
46
99
45
-8
23
-90
-70
-75
50
32
59
140
-20
-5
-34
-44
-66
-85
10
50
-9
118
95
21
18
-41
-72
-137
-128
-54
15
32
128
124
19
45
0
-109
-177
15
-16
-50
99
81
-25
-52
-40
-146
-66
-43
-8
13
61
56
-32
54
-73
-73
36
-50
-61
43
1
30
123
92
140
64
16
57
-18
-43
19
16
33
37
80
62
-15
-65
-96
-115
-38
-100
-80
-1
-61
51
-30
-115
-57
-95
-98
-12
14
-27
-4
45
13
43
88
26
37
50
-60
88
128
-19
64
111
-35
-148
22
-68
3
107
75
112
63
-16
-67
49
-55
-54
137
-17
-8
-15
-37
-54
-82
-36
19
10
1
35
-47
21
-102
-11
68
-130
-37
-7
-22
-10
-28
30
-23
-47
-12
-50
14
-134
-24
0
-57
-1
85
32
-37
-6
79
1
-133
115
-13
-54
8
23
18
47
101
-54
52
35
-107
123
13
-57
72
-26
24
21
87
-62
-54
14
-101
-43
13
13
103
16
-97
71
3
-60
35
-16
68
-44
0
93
32
9
91
49
-30
76
67
6
44
163
-30
-5
45
-125
-90
38
-76
-71
108
-61
-77
-4
55
-79
9
-47
-134
80
-113
28
142
-103
-38
107
-116
-74
30
10
-53
26
-23
-51
-9
98
-56
-115
282
-98
-169
203
-20
-94
123
46
-73
60
-45
-123
-7
65
-44
-51
174
42
-15
65
-31
23
45
70
-61
93
70
-89
136
29
-37
-33
-37
37
7
-35
99
-79
-101
6
-45
-77
8
75
-64
18
-38
0
-7
-67
168
-97
-120
91
-95
-63
-20
-111
39
66
-41
29
-50
-7
72
-127
4
125
-60
-52
146
31
-67
47
31
-72
101
90
-45
-39
171
-58
-56
89
-37
-197
70
117
-35
-1
110
59
-178
-2
225
-145
80
155
-97
48
32
58
14
-24
-8
93
-119
-55
104
11
-58
-43
15
-60
-37
45
84
-108
35
4
-123
64
15
-108
-3
76
-63
47
130
1
1
92
-3
12
-20
-4
-92
-40
73
-165
-30
-70
-5
95
-140
-234
-52
6
-201
-15
44
-164
75
242
-150
55
164
-165
55
184
-122
-4
-11
-11
50
-2
93
66
-8
-105
-14
120
39
-187
61
8
-90
103
86
-36
-82
206
-52
-172
49
105
-5
-10
181
88
-39
231
127
-148
57
-75
-97
294
-89
-34
248
-98
-19
139
-83
-40
-19
168
-42
-236
107
43
-146
-112
-185
-172
65
78
-104
56
48
-35
-122
-98
-42
-144
166
-15
-13
299
-102
8
188
-81
-82
70
221
-176
-257
90
-17
-313
320
165
-336
178
203
-267
-222
204
-65
-197
150
7
-79
47
29
-178
-189
178
19
54
-23
-136
144
-135
75
167
-153
86
112
-38
-195
268
118
-222
184
119
39
49
-97
-55
8
79
-201
-52
81
-8
-122
90
15
143
234
-260
18
157
-245
75
261
-235
-40
174
138
-27
63
305
163
63
-28
-208
-93
89
117
108
37
187
-30
-14
-158
-70
184
-163
131
-56
-251
91
-70
-183
-4
-24
-200
-30
13
-280
187
-89
-79
237
-319
-11
33
78
36
-10
158
165
-75
-269
12
-228
-37
88
-142
74
-91
-68
-300
126
-22
-91
275
-95
-199
29
-125
4
-3
-109
13
0
-58
98
179
-155
39
168
-43
41
90
38
34
-62
177
72
-76
-46
36
-96
140
208
-221
250
213
-206
261
26
-204
198
-159
7
194
-92
28
136
-50
-207
298
-131
-86
393
-154
183
19
-41
105
8
-13
53
120
-207
136
3
-161
144
-257
141
-16
-133
412
-24
-142
-53
45
-202
7
60
-75
72
-21
-8
-29
-134
-45
205
-288
-123
192
-33
-211
78
148
-334
47
125
-170
-67
-63
-125
99
-5
-11
345
-27
-152
185
-76
-87
255
-73
-14
82
-214
-74
4
-59
-118
168
-122
-167
-4
-137
-33
30
-111
327
94
-62
52
2
-134
-236
286
-72
-19
116
202
-143
-214
58
78
0
-117
-31
-19
59
-75
248
132
-313
-83
343
-80
-228
103
192
10
-137
5
145
-45
-78
270
-72
-200
242
76
43
177
-155
130
-50
-36
151
-23
-157
108
216
-143
125
1
-103
55
-199
13
36
-200
-16
65
-181
29
-81
25
-34
-80
143
-141
4
136
70
82
-111
43
66
-172
108
216
-37
-229
347
-48
-230
252
62
-25
74
267
-270
2
22
-140
71
-132
-105
93
104
65
-11
54
-84
-173
56
-169
-57
194
-169
16
53
-29
-54
-53
-20
-161
217
18
-68
150
-247
-93
298
164
81
-27
9
76
-91
-79
193
32
-136
11
142
-86
-169
97
36
-296
-90
233
-224
-196
279
37
-159
154
33
-225
20
-95
14
144
-151
-44
278
-4
-64
242
140
-302
-28
91
-96
-35
-22
218
-171
-38
28
5
66
-176
-156
130
13
-33
84
189
-236
2
302
-194
-125
149
61
-268
93
-17
5
196
-48
-181
-80
192
-128
-111
167
154
-145
50
191
-147
-74
241
202
-433
22
55
-199
168
275
-243
-66
311
-77
-254
67
-19
-161
174
166
-12
-216
-23
-27
-32
133
41
178
79
55
-87
16
38
-323
124
103
-246
87
228
-57
-108
59
63
-202
119
-4
-202
42
-84
51
83
10
0
-144
-113
87
-134
227
21
-160
119
144
-12
143
42
45
-24
4
-68
-178
12
-79
141
109
-20
-138
-43
-64
-137
192
-17
-28
68
1
-61
-94
55
94
10
129
-18
38
38
-52
106
-109
39
128
51
-77
146
-32
63
-174
43
-169
-177
167
-48
134
48
0
-24
-122
-270
-41
-83
-18
85
102
53
-38
109
-95
14
5
-99
-8
29
-45
65
-31
-35
7
101
2
18
92
-80
-134
56
44
-119
47
118
-88
-113
132
13
-66
140
126
-60
39
8
-50
87
6
-50
-13
84
-100
-99
173
66
44
120
95
-159
-59
26
-201
-6
92
78
-117
-72
23
-119
-135
292
-92
-260
155
6
-236
62
249
-183
-23
63
-81
-71
68
143
-47
6
56
-128
-91
124
-58
106
101
26
-63
105
31
-198
94
32
41
-91
-20
175
-78
34
54
-67
36
149
-61
-18
125
-11
-63
12
43
-7
-5
5
-75
-36
145
78
44
154
-73
-95
-75
83
-31
-96
-25
30
-215
154
14
-90
-9
-91
-106
-118
124
-148
-7
15
75
-174
-86
158
19
-43
206
118
-169
1
-24
-120
-14
74
92
3
-79
-33
70
-23
22
93
-129
-61
-31
123
-91
72
125
-66
-75
-17
-53
-47
36
60
-29
-76
-38
-22
63
-63
134
-97
-80
-41
63
9
25
78
-33
123
90
20
-24
-28
-188
2
-28
226
32
-3
116
75
-57
1
116
-16
4
47
80
-37
71
-4
26
199
-116
-20
93
-91
31
48
62
-25
-25
-10
-40
9
-12
-82
-50
-97
21
-67
-30
53
-62
-68
-64
63
-42
-45
-24
61
-62
-222
212
58
-44
125
76
-148
-111
142
-17
10
28
10
-173
2
153
-77
34
-24
-151
-59
35
95
-35
127
-55
-160
83
45
114
153
-14
-40
-113
-13
47
-35
-18
49
97
-157
51
-9
-88
-49
-36
26
-138
-92
-21
-36
14
113
-45
85
-43
-65
66
67
24
-24
43
-20
116
47
-9
83
-4
-76
60
87
-37
27
129
-152
-36
120
-81
-107
47
3
-41
14
-170
26
32
-22
131
-53
-95
-180
-81
156
66
9
114
-44
-47
96
67
-61
-96
-138
26
154
68
123
-7
-72
14
9
-49
135
23
-96
-48
115
-61
76
61
-127
-26
49
-38
-85
157
-8
-25
6
79
-32
-39
7
-14
28
124
-94
147
109
-152
-127
120
10
-147
163
124
-127
-84
171
-168
-112
146
-121
-214
135
101
-87
116
28
-99
-72
76
-36
-140
172
45
-50
-117
88
-23
19
34
26
84
-23
93
-37
-15
15
68
-40
-65
81
-74
43
113
-167
56
-39
-76
-77
-46
3
13
-79
-83
13
-34
-143
23
45
-161
-28
16
123
-89
-41
113
-54
-118
42
112
16
41
16
13
29
70
-80
48
88
-67
4
29
76
-35
-121
26
7
-47
-50
120
-21
-51
8
-41
80
-23
-41
8
19
81
17
-10
165
130
-50
-20
93
-46
-22
100
51
-80
-14
10
-194
76
24
-138
1
133
-37
-185
-40
101
-83
-98
156
66
-123
-123
62
54
-130
1
13
30
38
75
113
11
85
-91
-36
43
-9
-43
72
168
-7
36
72
-10
-29
-64
105
-32
-50
134
3
-77
2
70
-30
32
9
-92
-38
48
-34
29
166
-21
-116
-53
-5
-9
19
51
35
51
9
-21
-7
-33
-56
28
-52
-86
-53
-91
-63
5
-25
-35
32
-11
6
-94
-36
14
-62
-21
11
-6
15
74
20
-23
41
64
-24
-81
2
67
0
-60
21
17
24
-10
-53
20
15
2
-68
40
3
24
16
-93
-49
73
-45
-167
34
50
-62
-92
88
7
-21
46
29
-34
-49
39
23
-3
65
144
-28
-108
-7
20
8
10
55
69
124
70
-10
46
1
-95
-4
80
21
-6
16
-41
-76
19
138
18
-62
63
-33
-73
109
93
33
76
66
-65
-77
-22
3
4
-67
47
39
-43
-27
26
22
-117
-72
48
29
-51
-26
-23
-5
-25
-90
-9
16
6
1
-1
-9
-18
-27
72
63
-31
-10
-32
-102
-64
82
53
19
56
-69
-87
-65
-15
32
-5
60
72
-5
21
75
4
-71
-2
32
18
25
23
29
40
76
61
19
37
43
43
41
-3
47
24
-2
16
17
6
-31
16
-2
-59
-36
-53
-50
17
-28
-78
-26
-50
-63
10
-20
2
-2
-7
-32
-17
-42
-108
-66
47
0
-30
21
5
-77
-112
-33
-50
-109
-47
106
-19
-46
62
-26
-102
-10
-7
-36
-23
3
41
-31
-50
-11
9
-13
-7
40
22
17
12
48
14
-19
4
54
21
46
96
24
-17
8
60
-27
12
49
-19
-24
-10
-42
-27
-17
36
52
-16
56
41
-38
27
135
96
35
83
76
37
92
138
91
19
-14
-53
-55
44
79
27
26
29
-12
-49
27
18
-37
-14
10
-4
-28
15
27
-10
1
53
10
-38
-12
14
-23
-37
14
18
-40
-12
6
-25
-38
-31
-9
10
17
-7
-53
-82
-116
-121
-82
25
22
-46
-31
-20
-83
-82
8
-27
-63
-33
-1
6
-29
12
25
-34
-15
37
59
39
10
7
-18
-51
-25
15
-32
-45
-27
-57
-59
-29
34
14
18
5
-7
-19
22
68
80
64
45
52
29
31
9
44
46
25
23
34
12
4
-27
-33
-42
-56
-19
-4
4
2
-1
-21
-43
-54
-29
3
50
78
47
33
28
19
33
22
39
37
19
8
-1
28
8
-25
-35
-43
-53
-38
4
-20
-33
-22
-20
-3
-21
-41
-38
-26
-10
10
-12
-6
-12
-6
16
26
25
15
33
-4
-12
15
1
10
9
20
17
4
-2
1
9
0
16
21
15
-12
0
0
-24
2
12
21
10
20
44
14
18
27
16
13
-3
-2
4
17
0
-5
-9
-34
-6
14
4
1
-9
16
17
4
-11
-15
-9
-23
-5
-6
-3
6
12
8
0
23
21
15
14
17
15
-16
-4
3
3
3
12
5
3
7
17
-3
-3
-18
-23
-22
-22
-26
-40
-19
-24
-11
-40
-34
-35
-33
-3
0
-20
-23
-23
-12
-13
-15
-13
-26
-13
-16
-20
-22
-17
4
0
10
6
-7
-3
10
19
21
19
9
15
18
22
6
11
12
18
12
18
23
36
19
21
37
-3
16
16
5
-14
10
13
1
-6
3
-8
-4
0
-23
-16
-10
-6
-5
-4
-19
-4
-11
-15
-26
-22
-19
-9
-20
-8
-12
-4
-14
0
21
-3
27
24
5
-1
18
21
29
24
18
19
31
27
24
9
13
16
4
10
-13
6
-1
-12
-3
-6
3
-7
1
-21
-3
8
-2
0
-21
-13
-10
-12
-8
-9
-21
-12
-3
-6
-6
6
-16
-16
-21
-18
-6
-14
10
3
-7
-4
-11
1
7
21
14
21
21
7
3
-8
-5
-11
-3
-13
-6
-19
-2
-10
-19
-11
2
1
-16
-1
-8
2
-13
-9
3
2
1
4
6
16
15
31
20
19
41
29
37
33
16
26
33
24
5
4
11
7
-2
-18
-26
-12
-7
-18
-29
-36
-31
-17
1
13
9
5
0
-17
-6
1
8
-5
-6
-2
-15
0
-12
-20
-27
-10
-2
-14
3
-12
-29
-5
-1
10
11
12
7
-8
-15
-10
-18
-5
4
11
19
-8
-4
7
13
13
2
-13
4
2
9
-2
-13
-7
10
-4
-14
9
3
24
15
10
20
1
4
8
3
10
4
4
-9
6
20
16
27
14
4
-5
14
26
16
19
26
34
6
-3
10
-11
-24
-32
-19
-29
-26
-22
-28
-10
-11
-8
-7
-9
-4
-6
-7
-3
-3
3
-1
4
7
29
13
-5
-5
2
24
12
-21
12
12
3
17
-1
28
26
8
5
16
29
-3
-1
9
-12
-12
-4
3
-1
-12
-5
-32
-20
-10
-37
-42
-32
-24
-15
-19
-29
-19
-35
-19
-8
-31
-9
-12
-34
-9
-10
-22
-13
-25
-15
-14
-16
2
3
8
0
-6
-2
14
9
7
26
16
16
23
40
23
19
26
31
33
21
6
21
32
12
11
26
13
20
40
23
9
12
15
14
18
-3
10
11
2
-1
8
17
-14
-20
-18
-27
-29
-23
-12
-16
-17
-6
-11
-33
-23
-15
-26
-19
-27
-21
-23
-3
15
-9
-6
3
0
1
8
9
-4
7
12
6
-7
4
12
6
3
1
15
37
34
21
32
28
29
31
29
36
19
19
35
31
9
24
12
6
9
-7
-7
7
-15
-8
-3
5
-4
-29
-24
-19
-9
-26
-9
-29
-8
3
-16
-15
-29
-10
4
-4
-8
5
9
-2
-20
-9
-1
-6
-10
2
-5
3
0
-17
-28
-9
-26
-46
-31
-16
-36
-32
-15
-10
-11
-29
-9
12
-3
-10
-14
-1
-3
12
7
-9
-20
-21
-6
-5
4
7
10
13
1
4
11
-20
-9
6
-9
-12
20
-9
6
13
6
10
5
17
24
28
7
15
8
3
2
13
25
32
11
22
23
24
20
10
19
14
-1
13
18
-5
-6
-6
2
11
2
0
-5
-10
-18
-1
-20
2
39
9
12
1
5
1
8
1
-2
-7
-6
4
4
11
13
8
12
15
9
-3
4
14
3
5
-3
-29
-17
-21
-26
-13
-40
-11
-5
3
-3
-28
-30
-18
-11
-10
-11
-20
12
13
21
9
-10
34
15
13
23
30
50
50
43
42
24
7
22
18
20
10
-2
1
3
3
-22
-19
-11
-20
-14
-25
-30
-28
-40
-41
-49
-38
-27
-29
-19
-27
-36
-30
-20
-9
8
15
4
-3
7
-19
-15
-10
-17
-5
-1
-11
-11
-2
-1
3
-24
13
0
-3
3
-3
6
-7
4
33
29
11
18
11
19
5
11
18
11
7
-5
17
-13
-8
9
-19
-8
-28
-11
-11
-1
-25
-11
-2
-1
-10
-25
-43
-29
-15
-4
7
-10
6
7
15
17
35
22
18
24
9
19
3
2
10
20
24
23
6
10
20
-2
-7
-9
-10
1
14
16
17
12
21
17
6
3
17
14
7
-1
5
20
7
29
26
2
4
0
9
13
7
26
34
13
20
22
13
7
28
35
26
40
16
-2
-7
-8
-22
-15
-6
-11
-13
-2
5
9
4
6
-20
9
-7
-21
-29
-21
-3
-26
-33
-59
-44
-38
-31
-39
-33
-26
-38
-23
-15
-16
-20
-12
-21
-13
-11
-12
9
-18
-22
-33
-44
-27
-30
-20
-9
-27
-22
-18
-19
-10
-5
-24
-2
-4
-15
-1
-7
19
23
18
36
36
33
34
33
31
27
13
9
20
11
14
17
6
1
6
-17
5
9
19
13
-1
14
5
1
16
14
6
19
15
0
-11
15
3
-9
17
10
13
7
3
-15
8
3
0
5
11
25
3
0
3
31
17
11
15
8
6
12
21
10
7
7
1
1
1
-16
-8
-6
-16
-13
-11
-15
-21
-3
-4
7
-4
-2
-5
-5
-7
-10
-12
2
12
12
17
9
24
19
16
8
4
-22
-11
-12
4
14
-5
-11
-9
7
12
10
11
18
18
-7
-10
-8
-4
13
12
7
-1
-4
4
-7
-18
-20
-10
-4
-23
-25
-10
-28
-19
1
-23
-39
-19
-20
-27
-2
-6
-12
-6
-23
-8
-26
-21
-1
-17
-7
-6
-11
-24
-13
-18
-26
6
-18
-11
9
14
16
12
43
26
15
9
6
18
7
31
18
29
18
-5
-17
-26
-5
-17
1
-7
-35
-12
-15
-6
1
-18
-15
0
-5
27
19
20
19
14
20
5
16
20
19
3
14
4
-1
-6
-24
-7
-8
-19
-3
-19
13
12
-6
7
-12
3
6
23
