6
8
8
1
4
4
-1
4
18
18
25
33
36
17
13
22
-1
3
-4
-26
-11
-5
-9
1
-7
-3
-26
-23
-13
-19
-17
-9
-14
-4
3
-7
3
14
21
4
17
8
-4
-15
-23
-22
-11
-6
-12
-2
7
-11
-8
14
12
1
-1
1
12
15
7
25
19
18
29
31
3
9
28
17
-3
-2
6
-6
-20
-24
-32
-27
-17
-26
-15
3
-11
-19
-2
-8
-5
-5
-3
-9
0
-9
2
17
19
8
6
14
9
11
16
4
3
1
0
-2
-7
-7
0
6
4
-1
-10
-4
0
8
-7
-4
-10
0
13
17
6
-13
8
14
18
24
12
16
24
20
16
19
-6
-8
-25
-31
-22
-9
14
14
3
10
29
16
19
16
10
14
6
-20
-34
-36
-31
-27
-30
-5
-3
-8
3
8
-3
3
7
-19
-13
-6
19
22
23
22
29
33
29
24
11
-6
-16
-4
-10
-4
-10
-11
-18
-38
-17
-14
-26
-38
-54
-50
-23
-12
-5
19
22
26
21
25
35
6
-8
-30
-6
-13
-28
-2
2
20
26
14
1
-17
-32
-27
-15
3
5
-7
-5
10
6
-10
-1
4
-4
-9
-8
-7
11
3
-13
7
20
2
-4
-1
24
16
3
5
4
16
1
12
22
52
34
17
29
2
-11
-13
-18
-25
-30
-22
1
9
0
-5
-6
-11
-22
-22
-2
-2
14
2
-1
35
36
47
38
57
48
29
36
5
5
17
6
-13
-16
-15
-43
-39
-44
-41
-24
-13
-11
-27
0
-11
-24
-9
-9
10
10
9
13
6
-2
-19
-17
-20
-12
-3
14
15
18
25
3
19
1
6
0
-10
5
5
4
9
18
21
16
12
9
5
10
-17
-33
-23
-23
-5
8
-17
-9
12
31
39
24
4
-31
-50
-47
-36
-21
-14
-16
5
-3
-2
-14
-10
-23
-13
-10
9
9
-8
-25
-26
4
8
12
2
-10
-17
2
-14
-15
1
-3
13
39
23
8
-3
-13
-16
-3
20
21
36
29
29
17
4
7
12
-7
12
30
43
60
39
25
-2
-33
-43
-47
-63
-50
-41
-36
-6
15
14
5
-4
-9
1
-5
11
18
4
0
18
22
27
37
14
29
6
-10
-1
31
47
54
50
18
10
-22
-42
-65
-56
-29
-5
19
26
15
23
-1
-36
-35
-34
-48
-34
-19
-26
9
31
32
22
27
10
-17
-24
-29
-35
-46
-41
-42
-28
-18
-10
12
18
-10
-4
6
28
48
52
44
35
21
23
17
-9
-2
12
15
7
12
-1
-23
-30
-18
1
-3
-2
8
0
-8
4
20
31
35
22
-11
-52
-43
-12
10
34
38
1
2
7
-14
-27
-43
-43
-35
-9
6
29
22
14
5
2
3
16
28
4
-18
-27
-36
-5
9
-8
-4
7
32
46
42
9
18
8
16
24
12
3
-19
-19
-21
-13
-15
-9
-27
-37
-26
-43
-20
-14
-29
-10
0
7
13
28
20
3
-12
-14
-9
16
50
63
63
57
50
6
-4
-39
-54
-23
-17
-3
21
0
-11
-21
-33
-9
-11
19
41
54
46
-1
-33
-36
-28
-4
17
6
-12
-26
-26
5
0
-23
-27
-18
-6
-1
-4
-25
-38
-31
-19
-29
-7
14
20
43
29
12
-3
-27
-38
-34
-14
-5
-1
16
31
42
32
60
50
16
4
22
25
-2
16
33
31
29
12
-12
-31
-55
-33
-20
-13
-1
-3
15
41
74
85
67
61
10
-23
-9
3
4
1
-4
-7
-5
-42
-53
-49
-45
-53
-47
-31
-2
19
10
-8
-16
-42
-50
-58
-61
-17
-8
6
-11
-21
0
38
50
34
-14
-34
-18
-31
-60
-79
-73
-49
-9
-6
3
28
37
42
56
45
46
32
15
-22
-37
-27
-26
-25
-29
-11
30
45
29
4
-15
0
-1
-5
6
21
41
67
65
66
37
16
-5
19
29
7
-18
-20
-4
-1
8
-15
-16
-4
8
18
2
24
50
51
56
25
2
-34
-29
-20
-24
-44
-42
-32
-2
13
7
21
16
7
-29
-1
25
23
-1
-19
-22
-30
14
38
8
-5
-27
-28
-5
-7
-2
-6
-5
-16
3
42
43
6
-33
-35
-71
-81
-61
-33
-17
8
20
50
75
77
76
51
33
-5
11
18
-3
-8
-12
-19
-21
-16
-20
-16
-8
16
18
6
5
9
39
32
12
-12
-37
-57
-53
-38
-38
-20
1
26
27
23
7
24
-7
-31
-17
-10
-6
-5
-5
3
21
9
-24
-60
-70
-82
-52
-23
-1
9
39
44
34
30
-4
1
-12
28
51
32
5
-4
-9
-34
-48
-30
25
49
18
-49
-87
-61
-5
38
29
22
34
19
33
20
8
23
17
18
28
41
39
40
14
-18
-42
-35
-22
10
19
0
7
3
12
4
-7
-34
-29
-25
-14
24
26
21
47
41
24
18
17
1
-37
-44
-7
20
-5
-2
23
22
7
-3
-15
-1
17
8
4
-7
-7
-9
-33
-43
-28
-26
-9
4
4
1
-33
-57
-46
8
18
24
21
-22
-14
-10
8
-3
-9
12
17
23
1
-14
-26
-23
-12
-15
5
39
49
35
-16
-17
23
11
0
2
-19
-31
-39
12
22
-1
-29
9
51
40
24
10
11
-32
-69
-64
-39
-8
10
6
-9
-18
-22
-10
13
16
24
22
10
-7
8
7
-26
-37
-5
41
39
24
-8
-21
52
102
74
20
9
3
-14
0
19
29
20
-15
-56
-73
-43
-34
-28
13
39
34
37
29
5
-17
-9
-12
1
24
13
-17
-28
-8
-13
-55
-93
-106
-82
-42
-16
11
45
64
59
38
21
-7
-29
-8
4
10
33
39
31
60
43
-17
-53
-32
4
25
26
25
31
38
35
22
7
-21
-55
-70
-40
-26
-12
10
34
21
-19
-17
-16
-44
-67
-71
-33
-15
5
49
67
44
-4
-16
-10
-18
-10
7
1
-6
14
29
34
8
-15
-24
-16
-17
-4
6
-3
22
39
57
46
46
49
38
18
-17
-17
-7
13
-5
-66
-50
-11
28
23
-14
-43
-52
-55
-33
-7
20
30
21
37
40
10
-27
-12
17
33
24
-17
-5
0
8
4
-2
-2
4
28
17
9
26
26
-3
-43
-43
-26
-27
-38
-35
-38
-19
10
22
-11
-73
-55
-5
28
74
63
36
13
-7
0
0
1
-28
-4
-21
-19
-14
-40
-40
-31
25
32
14
-17
-25
-11
4
-1
15
10
-1
-5
3
3
8
38
38
33
25
27
16
45
29
-18
-48
-54
-2
12
43
64
74
63
28
9
-22
-31
-47
-55
-53
-44
-16
13
12
7
17
5
43
72
43
14
8
-2
-43
-61
-49
-18
-5
-26
-30
-3
4
21
23
18
-8
-9
12
31
33
-6
-46
-69
-50
-1
66
55
7
-12
-18
-33
-22
21
36
12
-28
-50
-56
-83
-117
-82
-41
-4
72
106
99
64
38
20
-14
-18
-17
-16
-10
31
37
39
45
43
24
7
-17
-19
-21
-8
5
-8
-13
-34
-50
-61
-24
5
31
21
-30
-30
-12
-8
-21
-14
17
41
30
0
14
-12
-38
-32
1
11
21
23
-5
-2
22
29
14
5
-19
-5
-1
7
41
24
-21
-50
-39
-11
18
22
39
19
12
31
28
10
-24
-46
-27
-8
12
12
-18
14
22
8
-25
-38
-63
-66
-35
-26
-32
-22
24
22
-30
-55
-65
-34
32
58
83
85
87
66
10
-21
0
34
37
38
32
25
15
-21
-20
-3
-14
-17
-8
-6
26
41
-9
-37
-63
-75
3
43
46
-15
-74
-65
-34
-25
3
25
21
43
50
47
50
16
-21
-57
-39
-46
-67
-60
-27
52
77
87
93
75
61
50
-11
-55
-45
-39
-39
-19
-9
-50
-56
-35
-4
39
48
9
-10
45
98
83
37
38
35
21
15
-1
-44
-61
-43
-32
-34
-33
10
28
9
-58
-39
4
11
23
-2
6
-29
-118
-209
-200
-116
-72
-2
29
16
20
35
37
21
17
16
19
31
73
103
69
18
-16
-8
1
11
15
22
26
35
76
85
31
-57
-143
-159
-76
8
84
86
22
-31
-41
17
90
110
56
-30
-14
54
73
16
-25
-41
-62
-94
-91
-19
28
57
26
-9
19
97
127
53
-40
-67
18
74
53
-4
-76
-71
-21
5
22
14
39
74
-19
-41
-21
-21
38
64
40
28
59
46
-30
-144
-194
-138
-80
0
41
3
4
-16
13
34
-8
-52
-62
-29
-36
-60
-12
19
22
-3
-58
-71
-35
49
99
130
115
36
-13
-22
-20
-36
-14
33
51
48
20
39
48
32
7
-31
-13
22
21
-32
-90
-47
23
14
-50
-64
-34
-19
-16
-3
5
-21
12
67
75
31
-27
-57
-116
-106
-82
-4
55
126
137
20
-66
-80
-22
12
72
57
77
82
39
-60
-102
-67
-2
61
38
61
117
95
32
-32
-148
-220
-153
-37
30
26
7
31
13
32
25
22
55
56
10
-62
-113
-121
-82
-46
14
96
143
131
70
30
-2
-10
-11
-35
-37
-4
58
39
2
-19
-36
-3
-9
-43
-30
-7
13
2
1
30
22
9
29
25
-28
-65
-42
-12
2
0
-4
26
30
47
89
44
-9
-16
-63
-96
-88
-84
-30
43
34
50
66
87
113
64
26
19
9
-24
-73
-142
-88
17
74
117
54
27
57
61
31
-53
-99
-76
-99
-135
-139
-98
2
58
93
30
10
32
-16
-88
-109
-31
18
77
146
104
14
-43
-47
-20
34
39
-23
-48
-30
22
81
60
-85
-147
-74
14
75
120
140
58
-39
-42
-44
-39
-46
-52
-14
-10
-52
-65
-59
-134
-155
-53
57
98
73
95
123
90
-11
-104
-100
41
113
90
78
98
72
95
93
22
-54
-81
-75
-50
11
-1
-40
-1
97
160
88
1
-55
-103
-104
-83
-77
-27
24
32
37
-15
-103
-127
-92
-66
-7
14
60
59
44
75
121
104
18
-72
-171
-167
-34
67
42
26
2
49
89
68
39
51
12
-41
29
77
37
-120
-117
-4
66
41
38
67
3
-12
16
33
19
5
-6
-13
38
5
-101
-168
-169
-32
77
88
64
3
-40
-79
-92
-80
-5
8
-30
-75
-84
-5
55
-45
-123
-88
44
186
210
167
59
46
60
41
4
-36
-24
-10
15
-42
-72
-28
-10
-33
-91
-97
-20
46
94
73
39
59
50
6
-15
23
65
6
-52
-87
-67
-58
-98
-82
-28
16
63
86
21
-70
-115
-72
-65
-53
9
132
141
88
37
16
32
95
95
50
0
-14
-11
-15
-9
-30
-61
-74
-70
-47
-48
-72
-56
-14
6
15
15
72
157
221
151
-28
-142
-185
-123
-45
30
18
-2
58
80
19
-82
-178
-166
-128
-59
-14
-5
40
87
111
83
30
-41
-31
45
71
-4
-70
-87
-83
-16
16
50
38
-25
-26
-26
49
141
175
166
62
-47
-36
22
63
21
-58
-28
25
22
10
-29
-76
-34
58
176
201
101
-4
-87
-132
-115
-44
-23
39
107
76
14
11
-14
-45
-88
-73
49
125
91
61
49
4
-48
-156
-206
-180
-89
-23
-32
-25
19
83
127
76
-26
-15
52
65
111
114
-3
-96
-139
-105
-60
53
83
17
-57
-92
-107
-100
-62
-39
-11
49
126
80
112
100
38
-55
-60
-22
55
88
69
3
-31
38
107
93
-95
-196
-250
-186
-111
-61
-6
-25
-55
-46
-21
-23
-98
-194
-147
42
282
376
297
206
148
118
46
-50
-199
-288
-259
-194
-103
-14
65
79
114
153
105
-10
-104
-131
-120
-70
-13
-11
42
112
107
72
107
172
148
99
60
107
85
-10
-136
-274
-247
-115
-41
30
138
175
159
96
73
-38
-209
-265
-253
-188
-126
-22
51
104
156
139
88
96
123
139
107
36
14
8
52
82
22
-64
5
47
46
16
-57
-147
-152
-81
-86
-100
-100
-70
2
123
179
132
48
-46
-122
-154
-105
-12
37
101
112
71
79
-39
-175
-205
-192
-93
-74
9
122
180
207
142
51
-5
-31
-59
-32
-58
-116
-107
-147
-72
70
188
140
6
-23
-71
-37
9
97
108
21
-16
10
76
17
-114
-203
-97
-5
42
84
106
101
57
58
77
143
107
8
-83
-99
-83
-120
-183
-198
-136
-28
59
119
172
165
98
-1
-108
-129
-44
-51
-93
-84
-9
17
77
131
115
61
71
85
52
136
128
38
-25
-45
-19
27
42
-30
-85
-76
-97
-139
-111
-9
51
53
76
74
85
105
45
-47
-28
98
217
93
-37
-109
-124
-51
36
12
-56
-29
-97
-67
4
22
13
8
-65
-150
-191
-141
-79
-111
-97
-85
-131
-143
-38
41
40
68
51
4
38
74
43
-84
-132
-70
16
157
248
188
76
-18
-68
-74
-65
-67
-22
74
151
140
36
1
75
102
38
-70
-212
-250
-185
-79
31
83
119
122
77
38
25
-6
29
81
97
107
132
103
34
41
3
-31
-59
-119
-134
-112
-47
78
186
181
141
89
75
47
-92
-168
-150
-171
-217
-232
-232
-135
-9
97
176
250
272
134
-30
9
146
126
86
22
-18
-48
-116
-125
-93
-119
-142
-144
-85
-30
-54
-100
-81
-26
-44
-74
-24
122
169
115
12
26
83
106
-43
-172
-208
-223
-165
-107
75
225
300
151
-84
-234
-250
-25
162
149
-47
-241
-207
44
334
444
412
334
317
351
312
230
34
-177
-366
-398
-319
-161
38
118
147
134
64
100
96
-25
-162
-306
-392
-386
-318
-195
-57
-45
-88
-61
31
182
261
245
126
-45
-153
-155
-105
-39
41
37
17
-38
-19
-20
-53
-67
-16
-21
-50
-4
43
101
77
14
-22
29
90
91
79
-67
-187
-200
-159
-44
151
320
387
392
373
299
101
-136
-252
-238
-170
-74
4
114
244
282
231
97
-78
-216
-299
-305
-301
-233
-31
145
204
144
82
-20
-44
-42
-17
-104
-325
-408
-252
-6
76
42
30
58
136
147
81
132
112
23
-56
-123
-186
-210
-208
-132
12
146
276
318
256
139
-12
-116
-146
-79
58
133
178
145
100
102
9
-30
70
147
182
147
100
20
-97
-166
-195
-149
-9
156
257
291
223
72
-12
-34
-92
-162
-207
-209
-154
-148
-175
-301
-341
-192
-63
22
63
55
44
-55
-202
-316
-260
-138
-16
155
330
476
424
360
273
140
16
-142
-268
-317
-266
-99
148
247
80
-136
-146
-25
84
61
-59
-73
43
147
172
76
-48
-178
-242
-192
-140
-42
37
15
-16
22
49
-17
-114
-184
-186
-178
-146
-95
-57
-37
-20
-2
-14
-94
-201
-142
48
245
372
398
372
232
51
-101
-153
-137
-122
-165
-161
-100
-4
103
174
272
345
379
344
163
-5
-76
-178
-345
-360
-198
-9
104
172
260
264
202
90
11
13
1
-98
-143
-97
-97
-51
-2
90
215
266
284
229
85
-69
-159
-248
-298
-244
-137
3
77
60
50
56
50
47
71
49
-50
-191
-271
-215
-141
-116
-93
-103
-57
28
65
39
-47
-21
79
151
176
209
166
72
-14
-80
-47
-40
-22
13
12
21
35
33
23
-33
-92
-112
-75
-61
17
28
-42
-76
-78
-9
64
88
46
57
73
72
88
71
-5
-109
-172
-140
-111
-67
-70
-36
54
72
101
135
200
209
224
155
85
12
-122
-224
-273
-197
-101
2
51
27
13
10
62
128
165
159
70
-12
-81
-97
-76
-36
-15
4
-21
-48
-47
-74
-137
-118
-108
-122
-178
-166
-69
26
96
134
147
109
134
149
140
86
-55
-175
-183
-134
-74
-26
-50
-98
-90
-63
-43
-9
39
59
82
148
214
201
158
114
57
-48
-129
-160
-112
-44
3
4
19
24
7
14
16
41
61
72
60
85
73
-4
-76
-116
-103
-57
4
19
-8
-30
-51
-32
-12
-33
-87
-138
-72
50
119
105
100
126
164
201
173
91
-33
-138
-170
-153
-83
-47
-66
-85
-47
46
107
139
149
158
172
181
140
56
-25
-107
-166
-190
-130
-64
-61
-64
-99
-73
-55
-58
-43
-64
-78
-41
-6
-15
-15
2
24
28
74
67
66
53
4
-7
-32
-66
-100
-79
-21
8
-15
-19
-21
-5
1
-23
-18
-19
-43
-24
52
104
107
117
138
152
134
127
135
124
134
147
108
75
43
44
9
-1
26
45
47
-18
-74
-109
-151
-174
-186
-199
-208
-170
-75
-9
7
25
71
108
116
77
-32
-140
-195
-226
-228
-265
-276
-228
-127
10
55
81
113
117
92
31
-37
-53
-91
-107
-88
-29
30
87
77
47
31
44
59
22
-35
-110
-126
-93
-24
60
94
84
83
70
42
40
35
46
18
21
57
66
99
122
155
201
262
291
290
232
143
60
15
29
63
106
133
99
47
-3
-36
-22
10
-33
-48
-26
-4
38
57
26
8
1
-51
-66
-21
18
51
60
55
43
51
51
19
-34
-105
-142
-122
-94
-107
-130
-149
-123
-92
-47
-63
-92
-107
-119
-156
-197
-229
-252
-230
-215
-225
-291
-353
-376
-390
-390
-415
-445
-472
-459
-430
-395
-337
-318
-291
-265
-208
-152
-112
-39
46
139
240
334
424
509
604
690
751
840
899
925
914
871
861
836
827
796
742
670
591
478
359
274
206
124
50
4
-70
-102
-138
-181
-176
-187
-189
-206
-255
-290
-299
-329
-332
-298
-291
-285
-324
-326
-301
-304
-328
-341
-334
-339
-346
-368
-354
-301
-233
-192
-213
-245
-285
-336
-356
-310
-285
-299
-323
-329
-345
-393
-507
-658
-842
-1009
-1164
-1325
-1431
-1465
-1481
-1404
-1219
-962
-601
-231
147
531
932
1303
1597
1827
1972
2042
2036
1980
1881
1768
1641
1490
1354
1205
1113
1042
946
886
803
691
560
387
199
-10
-221
-456
-668
-856
-1016
-1133
-1192
-1191
-1151
-1070
-968
-835
-672
-519
-337
-184
-58
100
231
359
432
503
544
570
596
598
593
537
453
384
275
140
8
-159
-322
-439
-531
-606
-682
-706
-674
-617
-556
-510
-421
-347
-256
-208
-151
-110
-57
-32
-34
-35
-43
-49
-46
-43
-2
32
42
72
76
-9
-240
-568
-909
-1196
-1504
-1824
-2096
-2298
-2396
-2383
-2231
-1948
-1530
-1034
-526
-4
541
1116
1607
1988
2243
2395
2476
2454
2352
2244
2098
1933
1778
1628
1550
1505
1441
1387
1313
1233
1092
911
711
454
152
-179
-528
-841
-1107
-1347
-1538
-1639
-1677
-1634
-1505
-1329
-1078
-776
-451
-184
52
276
454
542
571
553
473
426
375
318
299
307
313
335
369
411
448
449
395
293
155
20
-126
-284
-451
-615
-746
-840
-847
-845
-790
-706
-597
-460
-280
-119
24
142
211
251
254
210
173
110
54
3
-49
-68
-73
-26
25
84
110
120
-6
-321
-744
-1162
-1548
-1962
-2385
-2776
-3007
-3105
-3048
-2819
-2394
-1815
-1203
-551
131
860
1556
2137
2533
2778
2941
2989
2918
2760
2578
2360
2094
1875
1714
1604
1526
1464
1391
1321
1231
1125
919
676
405
30
-393
-792
-1167
-1480
-1754
-1975
-2092
-2077
-1961
-1777
-1486
-1136
-714
-327
13
346
675
889
1013
1067
966
793
593
421
236
64
-47
-146
-128
-31
88
215
318
425
427
390
303
215
47
-167
-387
-593
-699
-768
-758
-725
-637
-505
-343
-163
-2
153
261
318
335
314
276
226
151
49
-44
-142
-187
-202
-157
-101
-29
61
131
185
38
-297
-741
-1175
-1581
-2048
-2569
-3012
-3281
-3415
-3415
-3189
-2720
-2106
-1464
-772
14
852
1647
2287
2711
3018
3231
3274
3171
2981
2749
2460
2123
1811
1612
1499
1401
1330
1277
1251
1221
1154
1024
829
585
234
-216
-641
-1024
-1404
-1777
-2051
-2225
-2271
-2182
-2002
-1720
-1343
-898
-480
-70
372
777
1061
1217
1275
1191
1074
864
622
391
155
-35
-197
-259
-225
-135
-23
85
214
304
338
335
316
205
26
-172
-357
-507
-599
-662
-691
-658
-544
-383
-213
-15
137
277
372
417
437
434
375
266
148
44
-32
-91
-123
-123
-112
-47
25
78
94
-76
-458
-937
-1355
-1750
-2240
-2787
-3267
-3561
-3680
-3659
-3426
-2945
-2303
-1612
-881
-62
857
1742
2419
2894
3257
3493
3565
3462
3235
2986
2647
2241
1895
1616
1446
1309
1159
1059
1022
987
931
802
660
444
106
-292
-690
-1045
-1412
-1775
-2067
-2240
-2266
-2196
-2016
-1724
-1301
-821
-373
80
548
983
1305
1482
1552
1526
1391
1182
891
592
288
-10
-228
-366
-415
-409
-357
-265
-171
-43
49
123
144
83
-21
-136
-258
-355
-429
-475
-498
-468
-343
-191
-15
155
298
416
498
563
564
526
454
308
167
58
-58
-144
-218
-240
-246
-222
-129
-88
-112
-346
-771
-1238
-1635
-2031
-2517
-3047
-3492
-3720
-3796
-3687
-3369
-2804
-2120
-1403
-625
274
1273
2135
2764
3218
3542
3755
3792
3644
3405
3101
2695
2215
1814
1535
1335
1120
933
816
763
739
666
575
441
198
-108
-454
-796
-1113
-1441
-1777
-2059
-2201
-2207
-2126
-1949
-1628
-1213
-741
-267
229
732
1176
1498
1665
1710
1651
1491
1255
957
624
252
-98
-382
-547
-615
-675
-687
-637
-528
-370
-236
-132
-49
-25
-68
-102
-127
-171
-191
-254
-260
-193
-85
51
190
323
442
541
594
623
611
560
441
303
126
-16
-113
-237
-309
-347
-359
-327
-255
-129
-99
-244
-584
-1042
-1462
-1821
-2291
-2868
-3385
-3702
-3824
-3795
-3576
-3092
-2409
-1708
-955
-33
970
1937
2700
3225
3613
3927
4039
3952
3715
3362
2942
2431
1945
1575
1320
1043
789
609
530
505
475
426
340
193
-65
-371
-675
-967
-1265
-1599
-1914
-2130
-2187
-2146
-2019
-1774
-1405
-962
-473
61
596
1096
1490
1751
1881
1886
1788
1561
1249
874
425
-8
-395
-670
-858
-968
-1025
-1003
-876
-696
-477
-310
-147
-25
41
68
88
64
-11
-59
-106
-107
-45
37
128
242
355
460
556
622
652
621
539
409
277
143
-37
-185
-315
-431
-477
-459
-379
-286
-238
-335
-653
-1089
-1469
-1791
-2197
-2776
-3296
-3621
-3729
-3706
-3531
-3090
-2469
-1763
-1029
-162
856
1858
2640
3175
3606
3954
4130
4071
3836
3506
3090
2570
2047
1615
1282
980
654
424
319
291
264
200
160
79
-100
-349
-600
-822
-1073
-1416
-1759
-1980
-2042
-2015
-1927
-1729
-1415
-993
-535
-41
511
1023
1452
1725
1851
1930
1913
1725
1390
966
537
77
-328
-655
-925
-1090
-1199
-1232
-1137
-932
-720
-536
-333
-166
-26
92
156
190
183
169
119
107
152
217
274
304
379
471
555
593
605
578
496
370
218
94
-44
-193
-344
-436
-474
-454
-396
-298
-240
-288
-537
-983
-1398
-1683
-2014
-2566
-3143
-3521
-3652
-3656
-3543
-3193
-2626
-1956
-1240
-411
578
1604
2462
3027
3467
3862
4139
4144
3918
3599
3187
2673
2098
1637
1279
943
572
262
115
76
95
64
26
-3
-124
-280
-479
-685
-889
-1181
-1521
-1786
-1881
-1886
-1855
-1733
-1506
-1135
-673
-196
315
848
1306
1662
1899
2035
2051
1914
1622
1237
802
314
-137
-540
-867
-1144
-1364
-1431
-1365
-1228
-993
-764
-545
-290
-58
136
262
361
403
390
360
305
313
322
317
313
311
360
418
435
441
438
396
305
169
77
-66
-218
-383
-504
-560
-591
-546
-467
-312
-190
-202
-449
-878
-1250
-1497
-1846
-2456
-3060
-3420
-3557
-3597
-3517
-3177
-2620
-1959
-1263
-433
572
1601
2442
3007
3487
3921
4213
4238
4004
3689
3275
2762
2169
1649
1267
867
443
116
-11
-19
-29
-67
-80
-76
-137
-258
-426
-572
-761
-1074
-1422
-1677
-1768
-1778
-1816
-1776
-1564
-1205
-771
-312
176
722
1175
1529
1792
1998
2122
2003
1710
1353
954
472
-43
-514
-886
-1211
-1481
-1619
-1602
-1442
-1233
-1020
-751
-432
-108
167
359
488
601
659
615
585
563
497
425
350
301
325
348
312
294
289
260
191
118
43
-45
-183
-321
-434
-524
-558
-581
-606
-553
-407
-235
-188
-368
-703
-1086
-1403
-1673
-2133
-2702
-3141
-3334
-3398
-3375
-3121
-2641
-2029
-1408
-677
245
1237
2118
2749
3207
3628
3975
4113
3969
3701
3342
2886
2308
1781
1396
1012
593
219
-3
-50
-85
-127
-131
-134
-157
-236
-350
-480
-597
-820
-1135
-1418
-1536
-1582
-1622
-1621
-1502
-1249
-899
-504
-65
454
925
1273
1566
1840
2028
2023
1807
1469
1083
660
163
-338
-798
-1171
-1480
-1679
-1712
-1582
-1357
-1120
-837
-481
-77
279
518
702
797
846
830
742
654
540
392
208
84
51
41
9
-8
-11
42
81
79
65
29
-35
-133
-241
-328
-356
-406
-452
-450
-338
-204
-161
-347
-733
-1137
-1420
-1644
-2071
-2643
-3079
-3277
-3338
-3344
-3138
-2705
-2148
-1560
-895
-13
950
1845
2523
3023
3485
3887
4081
4013
3812
3508
3080
2552
2025
1621
1224
748
312
51
-58
-122
-178
-252
-272
-284
-358
-454
-532
-660
-847
-1113
-1373
-1470
-1486
-1544
-1576
-1496
-1280
-932
-534
-100
354
833
1203
1514
1823
2029
2073
1946
1672
1258
832
338
-153
-642
-1117
-1497
-1774
-1897
-1862
-1694
-1481
-1192
-821
-384
51
394
674
860
954
1024
1013
936
787
613
415
240
114
44
-2
-48
-52
-53
-14
37
62
65
20
-48
-132
-196
-238
-313
-380
-417
-375
-273
-167
-115
-247
-599
-1010
-1303
-1490
-1867
-2468
-2978
-3203
-3231
-3267
-3137
-2755
-2240
-1675
-1053
-215
730
1652
2329
2785
3251
3730
3997
3945
3749
3469
3079
2589
2072
1674
1262
774
331
24
-101
-171
-253
-334
-387
-369
-379
-459
-564
-659
-804
-1068
-1324
-1416
-1419
-1456
-1504
-1449
-1231
-887
-500
-89
368
814
1203
1542
1810
2051
2139
2000
1746
1452
1106
604
41
-480
-962
-1414
-1752
-1951
-2019
-1966
-1804
-1556
-1205
-714
-253
126
455
770
1050
1195
1211
1155
1090
929
706
507
333
182
35
-84
-133
-86
-67
-57
-37
12
45
12
-51
-120
-184
-254
-367
-440
-451
-397
-322
-230
-161
-295
-657
-1055
-1306
-1476
-1897
-2516
-2986
-3163
-3179
-3252
-3160
-2792
-2270
-1706
-1089
-248
716
1603
2235
2723
3249
3767
4041
3938
3706
3475
3116
2627
2118
1686
1252
742
283
7
-77
-154
-272
-372
-395
-339
-368
-461
-551
-637
-786
-1041
-1240
-1328
-1321
-1366
-1422
-1368
-1107
-734
-363
24
469
917
1308
1614
1889
2095
2130
1950
1683
1413
1088
646
50
-524
-989
-1361
-1699
-1960
-2053
-2020
-1919
-1709
-1360
-922
-484
-126
197
535
856
1046
1089
1078
1039
935
781
596
465
338
164
39
-11
7
14
-12
-52
-21
-1
-16
-84
-182
-259
-340
-457
-515
-524
-506
-452
-358
-188
0
-21
-373
-781
-1008
-1149
-1568
-2260
-2827
-3070
-3165
-3315
-3301
-2974
-2459
-1935
-1364
-518
496
1475
2174
2677
3234
3798
4094
4045
3860
3614
3255
2702
2135
1718
1273
765
245
-52
-147
-203
-293
-405
-372
-317
-314
-392
-460
-510
-646
-900
-1161
-1255
-1279
-1342
-1412
-1368
-1122
-777
-444
-68
393
834
1191
1479
1761
1988
2041
1876
1622
1386
1091
638
37
-509
-945
-1314
-1669
-1931
-2014
-1971
-1872
-1695
-1328
-906
-493
-165
140
461
754
949
982
949
922
844
708
544
465
375
232
133
114
194
222
201
175
198
188
120
-8
-114
-224
-346
-476
-577
-585
-568
-522
-426
-244
-24
0
-319
-726
-985
-1117
-1507
-2224
-2821
-3095
-3219
-3411
-3394
-3093
-2577
-2022
-1444
-598
422
1445
2157
2688
3270
3818
4153
4102
3882
3641
3258
2699
2114
1655
1222
694
178
-142
-218
-261
-338
-410
-376
-301
-295
-354
-438
-482
-610
-845
-1104
-1217
-1240
-1321
-1420
-1383
-1158
-840
-485
-132
322
769
1134
1445
1741
1987
2052
1888
1651
1412
1083
610
54
-462
-913
-1320
-1643
-1859
-1950
-1917
-1831
-1641
-1335
-900
-504
-173
125
427
730
891
970
989
968
863
728
651
598
504
376
283
289
311
335
286
244
227
185
82
-74
-180
-317
-455
-578
-664
-674
-669
-643
-539
-355
-130
-43
-293
-700
-1017
-1178
-1472
-2102
-2742
-3095
-3221
-3332
-3352
-3098
-2609
-2029
-1447
-667
323
1315
2134
2684
3192
3721
4071
4079
3855
3591
3233
2680
2090
1618
1235
758
254
-77
-159
-157
-185
-263
-277
-177
-132
-168
-259
-355
-476
-715
-1021
-1219
-1278
-1365
-1458
-1453
-1262
-944
-586
-195
252
727
1095
1411
1690
1966
2065
1921
1651
1375
1073
624
55
-498
-960
-1367
-1726
-1966
-2051
-2007
-1914
-1730
-1398
-970
-535
-188
90
402
717
893
972
959
934
879
736
618
567
499
407
315
295
339
368
338
274
233
202
117
-31
-178
-311
-442
-572
-680
-731
-719
-694
-641
-468
-217
-28
-114
-486
-838
-1049
-1233
-1688
-2354
-2891
-3140
-3227
-3306
-3180
-2781
-2244
-1675
-979
-49
964
1869
2516
3013
3498
3932
4105
3938
3654
3307
2858
2279
1755
1357
944
478
71
-91
-61
-35
-77
-117
-74
1
-10
-113
-263
-424
-687
-1015
-1287
-1430
-1479
-1599
-1653
-1525
-1221
-849
-451
39
538
999
1359
1655
1916
2065
1991
1717
1379
1057
666
136
-436
-950
-1343
-1667
-1919
-2032
-2001
-1872
-1683
-1400
-1008
-588
-213
87
350
620
836
950
959
947
893
795
698
621
587
539
464
409
441
479
460
398
323
276
154
-8
-168
-340
-519
-676
-849
-946
-963
-928
-867
-749
-480
-177
72
113
-109
-450
-723
-918
-1318
-2025
-2688
-3032
-3177
-3316
-3302
-2995
-2494
-1924
-1253
-364
663
1646
2387
2896
3380
3851
4086
3946
3659
3341
2898
2298
1739
1350
966
539
156
-24
41
104
117
83
96
168
133
-12
-203
-418
-716
-1081
-1429
-1623
-1710
-1811
-1859
-1720
-1392
-961
-483
18
557
1074
1466
1756
1965
2110
2046
1761
1393
1028
662
186
-379
-885
-1248
-1540
-1756
-1877
-1878
-1762
-1627
-1427
-1086
-677
-339
-56
174
433
677
804
858
872
895
860
811
778
768
782
714
627
615
619
586
478
332
220
67
-114
-296
-483
-630
-807
-955
-1051
-1033
-962
-890
-767
-533
-214
70
262
200
-114
-499
-792
-1068
-1599
-2313
-2909
-3177
-3275
-3335
-3160
-2761
-2184
-1555
-796
158
1164
2040
2646
3099
3495
3798
3869
3650
3302
2902
2424
1868
1412
1081
773
435
179
128
233
321
314
253
235
207
64
-150
-413
-689
-1056
-1444
-1704
-1820
-1845
-1829
-1742
-1480
-1056
-550
-22
473
969
1407
1702
1886
2010
2028
1831
1469
1078
705
334
-111
-566
-955
-1238
-1422
-1528
-1556
-1500
-1394
-1273
-1099
-858
-578
-366
-209
-41
156
327
467
552
621
709
779
826
878
939
934
870
820
775
721
596
431
254
61
-127
-322
-508
-690
-807
-925
-1031
-1041
-976
-916
-808
-668
-455
-162
124
360
437
255
-165
-601
-884
-1226
-1873
-2606
-3067
-3193
-3204
-3176
-2925
-2418
-1792
-1127
-325
623
1567
2319
2779
3131
3478
3709
3637
3312
2964
2583
2104
1599
1242
1001
721
410
235
280
383
412
336
222
156
63
-133
-408
-722
-1030
-1389
-1707
-1858
-1877
-1849
-1791
-1604
-1221
-703
-187
277
765
1228
1575
1797
1908
1954
1866
1587
1207
849
519
155
-298
-680
-924
-1090
-1222
-1323
-1302
-1218
-1117
-1037
-891
-671
-469
-323
-242
-102
65
232
318
366
489
620
694
720
820
890
887
811
765
744
656
482
266
121
-14
-203
-406
-595
-740
-841
-964
-1019
-990
-915
-834
-722
-548
-273
13
235
407
430
194
-209
-599
-890
-1296
-1998
-2651
-3004
-3085
-3087
-3007
-2700
-2146
-1501
-784
59
954
1817
2454
2856
3174
3459
3579
3410
3040
2677
2284
1804
1339
998
765
500
276
180
250
347
350
258
191
134
-19
-258
-567
-860
-1175
-1493
-1737
-1843
-1795
-1728
-1599
-1316
-883
-356
166
615
1052
1472
1750
1870
1899
1855
1674
1357
982
635
311
-19
-324
-610
-819
-957
-1045
-1052
-1074
-1086
-1092
-1095
-1026
-929
-847
-807
-725
-555
-363
-147
74
320
531
733
976
1164
1291
1351
1318
1197
1068
923
718
473
187
-52
-272
-489
-640
-773
-853
-941
-1012
-1021
-973
-907
-836
-741
-599
-385
-132
119
383
575
588
367
-23
-402
-733
-1158
-1818
-2465
-2831
-2966
-2989
-2928
-2625
-2096
-1488
-800
-19
853
1636
2240
2639
2945
3205
3291
3114
2760
2425
2036
1594
1183
900
729
513
337
293
377
506
532
475
397
307
143
-126
-419
-746
-1084
-1447
-1690
-1764
-1726
-1629
-1492
-1223
-787
-270
211
662
1086
1442
1679
1774
1795
1725
1518
1187
855
560
266
-24
-288
-458
-563
-698
-790
-821
-836
-876
-1002
-1118
-1157
-1158
-1176
-1181
-1129
-974
-741
-483
-160
182
557
850
1112
1380
1563
1621
1516
1363
1178
912
619
280
-16
-284
-527
-717
-840
-904
-907
-923
-919
-849
-764
-704
-667
-604
-516
-391
-261
-91
135
397
648
795
763
546
168
-209
-557
-1064
-1741
-2360
-2723
-2893
-2949
-2889
-2606
-2140
-1561
-880
-100
728
1476
2041
2406
2701
2909
2933
2724
2413
2118
1782
1392
1066
897
810
719
620
672
805
920
953
887
750
557
278
-72
-446
-850
-1251
-1632
-1905
-1970
-1911
-1783
-1563
-1236
-747
-190
328
780
1159
1457
1634
1684
1646
1500
1252
912
578
293
45
-183
-366
-456
-452
-459
-516
-561
-611
-644
-776
-979
-1154
-1249
-1324
-1386
-1347
-1205
-970
-648
-267
151
577
976
1268
1503
1670
1727
1617
1392
1134
827
485
128
-190
-420
-592
-730
-787
-762
-706
-622
-537
-470
-399
-376
-375
-372
-345
-313
-281
-228
-101
108
333
541
678
640
409
58
-299
-651
-1141
-1795
-2383
-2749
-2926
-2962
-2869
-2598
-2132
-1539
-850
-76
690
1387
1911
2274
2540
2725
2742
2554
2267
2017
1737
1437
1192
1065
1051
1014
1011
1067
1146
1191
1135
992
754
428
32
-411
-851
-1255
-1642
-1948
-2122
-2092
-1906
-1633
-1280
-864
-363
161
655
1035
1326
1510
1551
1496
1357
1171
900
586
305
117
-30
-135
-172
-167
-119
-55
-111
-207
-323
-503
-790
-1144
-1424
-1661
-1836
-1937
-1882
-1664
-1334
-894
-389
168
728
1222
1598
1866
2015
2017
1824
1502
1141
783
369
-1
-294
-514
-615
-649
-599
-510
-402
-298
-245
-208
-197
-254
-372
-489
-579
-641
-664
-653
-527
-335
-59
243
530
758
793
604
251
-142
-561
-1112
-1789
-2421
-2821
-3050
-3116
-3014
-2676
-2127
-1468
-718
102
933
1631
2152
2484
2713
2823
2746
2454
2139
1852
1569
1301
1088
1040
1047
1057
1112
1189
1261
1247
1123
923
631
265
-206
-712
-1172
-1549
-1850
-2082
-2174
-2040
-1734
-1363
-934
-425
88
554
950
1254
1470
1530
1456
1283
1083
879
632
383
160
69
61
43
71
87
112
120
47
-59
-294
-715
-1183
-1565
-1867
-2139
-2333
-2394
-2237
-1850
-1339
-733
-90
581
1190
1686
2053
2270
2331
2136
1793
1437
1039
593
147
-174
-387
-472
-496
-478
-386
-297
-219
-188
-210
-275
-439
-648
-833
-984
-1106
-1187
-1194
-1104
-877
-591
-254
117
474
838
1129
1309
1292
1076
664
88
-504
-1130
-1746
-2347
-2812
-3035
-3036
-2788
-2350
-1812
-1163
-424
314
972
1502
1896
2093
2134
2089
1945
1717
1472
1250
1103
1063
1094
1195
1344
1516
1677
1788
1801
1708
1508
1154
713
225
-288
-839
-1327
-1704
-1933
-1999
-1926
-1742
-1429
-1019
-584
-131
254
601
832
961
1014
962
845
684
499
340
235
161
169
187
231
333
402
440
433
361
191
-61
-419
-868
-1276
-1626
-1884
-2071
-2131
-2027
-1762
-1357
-830
-251
274
773
1191
1508
1701
1770
1656
1417
1131
868
618
323
96
-36
-98
-112
-104
-69
-20
-52
-128
-225
-354
-517
-730
-926
-1035
-1076
-1097
-1045
-904
-651
-367
-50
259
539
787
976
1079
1071
930
579
57
-547
-1117
-1624
-2114
-2545
-2810
-2868
-2693
-2333
-1857
-1323
-735
-130
419
924
1331
1563
1603
1577
1550
1503
1417
1331
1303
1343
1472
1655
1843
1994
2098
2098
2011
1849
1555
1119
605
31
-474
-955
-1382
-1695
-1855
-1866
-1765
-1521
-1195
-859
-503
-157
126
351
495
538
513
456
393
313
279
267
302
412
530
666
792
881
906
866
750
572
322
12
-349
-759
-1188
-1519
-1766
-1892
-1939
-1882
-1698
-1399
-993
-579
-139
238
573
827
981
1068
1076
1049
920
767
671
601
515
441
400
347
320
277
232
104
-47
-193
-380
-542
-715
-859
-974
-1004
-981
-880
-744
-591
-405
-217
-25
145
264
368
431
470
471
470
394
194
-118
-447
-740
-1063
-1406
-1752
-1954
-2044
-2036
-1916
-1688
-1359
-994
-616
-200
244
635
935
1148
1339
1521
1661
1705
1726
1787
1835
1847
1863
1876
1854
1787
1616
1441
1242
977
632
253
-93
-458
-774
-1051
-1250
-1346
-1374
-1353
-1249
-1069
-836
-627
-432
-208
-7
159
276
367
456
531
593
633
688
743
765
805
821
827
795
695
561
394
205
-4
-268
-504
-769
-1076
-1315
-1463
-1518
-1566
-1585
-1523
-1337
-1063
-751
-459
-188
111
359
578
763
890
958
918
894
884
869
794
657
570
484
381
278
177
41
-125
-298
-436
-540
-630
-729
-814
-850
-793
-695
-596
-497
-382
-238
-102
59
215
361
474
542
605
559
300
-130
-550
-909
-1300
-1714
-2067
-2257
-2259
-2116
-1831
-1423
-990
-529
-86
340
803
1152
1298
1327
1359
1435
1468
1428
1416
1439
1499
1563
1659
1766
1785
1673
1491
1262
1003
693
319
-135
-545
-848
-1064
-1211
-1275
-1233
-1127
-958
-726
-452
-229
-75
32
112
189
249
245
243
268
336
422
501
635
772
865
921
933
919
798
589
327
27
-247
-530
-828
-1068
-1247
-1356
-1373
-1315
-1199
-1089
-943
-796
-624
-452
-289
-165
-78
26
133
249
364
493
626
741
802
844
856
818
709
553
363
156
-59
-264
-439
-602
-702
-749
-755
-701
-622
-559
-463
-368
-280
-191
-152
-124
-67
-14
35
87
143
195
278
352
368
357
363
311
249
178
95
-10
-152
-285
-399
-478
-544
-599
-661
-703
-769
-811
-848
-900
-918
-921
-911
-842
-711
-552
-359
-160
76
336
602
846
1063
1222
1332
1420
1454
1475
1447
1373
1298
1211
1116
1019
908
767
638
517
376
243
111
-29
-174
-289
-395
-453
-504
-541
-531
-504
-443
-379
-283
-199
-123
-39
14
-11
-52
-109
-149
-167
-180
-185
-147
-65
38
199
340
468
540
535
523
467
377
231
31
-137
-263
-318
-382
-406
-380
-345
-272
-203
-114
-98
-110
-143
-206
-275
-344
-384
-440
-434
-403
-319
-230
-131
-40
51
138
195
244
267
250
222
191
118
-19
-344
-799
-1278
-1652
-1936
-2195
-2435
-2568
-2475
-2207
-1766
-1241
-713
-219
217
635
1065
1400
1561
1602
1603
1622
1665
1747
1805
1842
1877
1916
1988
2024
1962
1749
1434
1075
708
302
-139
-559
-934
-1257
-1435
-1511
-1459
-1358
-1266
-1085
-861
-613
-403
-237
-148
-37
62
165
304
406
543
653
819
993
1153
1252
1265
1251
1133
970
783
519
195
-148
-454
-697
-875
-1016
-1101
-1143
-1141
-1090
-1024
-945
-860
-806
-773
-708
-626
-538
-397
-270
-104
88
286
496
665
813
891
924
902
850
729
558
394
207
29
-91
-199
-315
-381
-429
-465
-467
-493
-506
-531
-555
-556
-554
-543
-519
-467
-370
-265
-127
7
153
288
377
447
490
487
468
404
311
226
152
94
33
-22
-85
-125
-148
-150
-202
-269
-338
-476
-588
-670
-696
-717
-701
-642
-508
-309
-94
136
316
495
653
775
846
831
786
736
632
548
480
409
372
309
277
284
242
197
146
59
-49
-153
-246
-337
-416
-503
-516
-485
-406
-294
-201
-72
69
184
305
393
443
498
525
514
499
512
492
471
459
442
425
404
352
273
195
125
37
-84
-170
-257
-334
-387
-404
-403
-405
-374
-329
-285
-244
-218
-204
-179
-182
-180
-173
-178
-181
-193
-176
-139
-91
-57
-18
-8
-4
-10
-54
-91
-142
-193
-240
-295
-337
-374
-420
-481
-529
-583
-671
-747
-782
-820
-815
-787
-720
-591
-434
-271
-97
81
260
443
606
756
861
927
960
977
970
962
935
882
871
857
821
778
710
619
519
400
275
160
34
-101
-232
-329
-391
-465
-501
-519
-518
-481
-438
-391
-337
-291
-242
-209
-170
-114
-54
16
89
152
230
305
343
366
367
376
344
309
252
192
144
83
27
-15
-61
-95
-126
-151
-151
-186
-189
-204
-246
-290
-328
-363
-393
-398
-405
-391
-343
-297
-253
-193
-140
-115
-65
-69
-49
-31
-51
-69
-87
-106
-123
-124
-165
-144
-132
-120
-112
-129
-111
-115
-131
-145
-160
-178
-176
-190
-187
-163
-129
-72
-30
14
42
103
159
210
247
288
334
366
393
436
441
436
447
449
427
414
373
355
335
288
248
199
158
137
86
42
20
7
10
24
33
48
82
86
97
121
132
149
163
150
144
149
134
118
109
82
54
31
-6
-40
-72
-107
-127
-151
-158
-178
-184
-191
-197
-204
-201
-197
-219
-203
-191
-187
-176
-154
-154
-141
-120
-128
-105
-85
-65
-67
-62
-63
-100
-85
-114
-150
-172
-180
-201
-208
-211
-207
-192
-179
-147
-129
-94
-75
-65
-51
-33
-38
-40
-29
-22
-24
-24
-14
5
24
39
53
73
85
110
133
133
140
123
98
73
65
31
26
26
20
41
43
62
73
91
82
98
116
124
106
107
110
77
42
35
28
31
34
40
74
96
103
118
124
127
150
129
134
125
111
97
98
81
80
79
61
59
66
78
68
63
83
71
65
50
33
28
10
-8
-10
-23
-45
-48
-62
-79
-82
-96
-114
-117
-133
-143
-141
-155
-183
-169
-182
-202
-190
-196
-189
-174
-157
-137
-122
-96
-107
-101
-80
-59
-41
-38
-22
-18
-16
-17
-30
-46
-59
-73
-64
-69
-50
-27
-9
12
32
34
54
77
46
24
41
35
17
22
13
27
31
22
47
47
72
84
86
85
75
71
50
37
15
16
11
30
22
31
33
63
97
119
144
149
163
155
141
120
111
80
52
34
26
11
19
15
22
44
65
78
83
94
81
88
86
57
51
65
44
22
13
1
2
-7
-16
-19
-2
3
14
24
8
4
4
-27
-49
-65
-88
-120
-136
-155
-160
-178
-195
-194
-180
-178
-183
-168
-180
-168
-161
-159
-152
-147
-142
-140
-119
-98
-94
-70
-58
-49
-25
-13
-11
-10
-9
-7
-5
-3
-1
-22
-34
-50
-37
-53
-49
-29
-23
-27
-12
28
35
64
76
115
157
167
185
208
196
191
181
191
177
174
154
120
117
107
106
97
100
95
80
63
55
31
42
26
13
7
18
33
40
49
48
66
77
91
89
94
106
111
103
95
92
67
42
26
22
-3
5
9
-19
-23
-41
-61
-80
-103
-121
-137
-161
-169
-177
-179
-176
-185
-170
-143
-128
-102
-77
-63
-38
-39
-18
-12
-26
-31
-28
-27
-52
-63
-88
-95
-117
-148
-145
-163
-178
-181
-185
-186
-163
-152
-125
-102
-88
-70
-61
-24
-21
5
8
21
42
50
63
94
127
145
169
176
181
174
165
161
136
97
76
41
20
21
16
28
48
41
70
91
90
90
105
128
147
156
153
166
186
189
196
206
201
209
190
169
165
141
132
121
67
44
10
-13
-55
-78
-71
-96
-97
-97
-90
-86
-78
-62
-62
-56
-51
-75
-97
-104
-119
-130
-143
-136
-142
-146
-131
-130
-114
-126
-138
-159
-172
-165
-169
-163
-171
-168
-163
-152
-139
-124
-97
-95
-78
-68
-43
-45
-46
-38
-35
-25
-28
-10
7
6
13
35
39
59
44
36
29
41
50
58
64
76
97
126
133
131
148
150
138
137
137
122
102
86
77
84
76
69
75
67
75
73
60
69
67
65
51
49
40
31
25
32
32
46
55
78
88
80
87
98
108
107
96
64
56
49
26
15
-10
-30
-24
-39
-44
-45
-37
-32
-75
-88
-100
-134
-166
-177
-206
-223
-217
-218
-213
-193
-158
-127
-101
-73
-48
-28
-23
-18
-18
-24
-46
-50
-65
-70
-68
-68
-67
-52
-51
-59
-56
-43
-40
-66
-61
-70
-65
-54
-27
-44
-32
-12
8
37
54
82
87
116
127
140
147
145
146
156
168
126
126
125
113
114
93
103
78
59
65
51
50
35
35
38
37
38
27
42
26
36
46
45
69
67
62
76
73
74
90
85
93
73
65
47
30
15
-16
-36
-57
-67
-75
-79
-103
-118
-99
-95
-107
-100
-93
-94
-99
-90
-88
-92
-77
-69
-66
-56
-47
-36
-23
-14
-17
-7
3
2
-16
-25
-36
-54
-67
-84
-102
-112
-125
-124
-121
-129
-124
-106
-96
-93
-50
-63
-43
-28
-1
22
31
45
65
106
109
114
113
99
99
102
89
88
74
52
54
52
40
36
29
16
-11
-6
-7
-16
-24
-24
-20
-2
-4
3
30
38
57
59
84
85
99
117
103
96
93
76
76
88
57
50
65
85
83
74
88
78
51
21
7
4
-18
-55
-48
-59
-56
-59
-68
-66
-43
-15
-12
2
7
-6
-10
-8
-38
-43
-46
-56
-66
-70
-62
-73
-65
-59
-43
-47
-72
-71
-80
-75
-97
-130
-111
-113
-108
-88
-88
-62
-35
-9
-3
3
33
18
22
29
11
-11
-19
-20
-44
-54
-49
-52
-48
-54
-39
-20
-12
11
32
53
57
77
63
81
84
88
83
90
100
107
96
101
119
93
101
97
88
69
57
52
41
29
27
10
-2
-13
-32
-23
-25
-35
-35
-52
-53
-44
-51
-26
-22
-12
-12
-1
8
9
6
4
7
5
2
-11
-21
-10
-8
-6
6
9
13
5
6
-1
-21
-6
-4
-26
-7
-22
-28
-12
-3
6
3
20
21
40
46
28
47
28
33
12
-13
-27
-38
-62
-83
-92
-109
-109
-94
-80
-63
-59
-53
-37
-37
-19
-22
-17
-17
-19
-2
8
11
15
17
29
19
27
34
32
42
31
24
19
10
-13
-9
-7
-14
-21
-19
-17
-5
18
25
51
86
109
113
124
131
129
123
117
108
82
66
58
40
33
6
4
7
1
-14
-26
-33
-47
-73
-93
-99
-110
-116
-132
-118
-123
-124
-96
-92
-75
-45
-26
-12
7
10
32
43
48
41
26
46
39
22
11
12
15
7
14
16
8
0
-12
-5
-15
-17
-35
-31
-26
-46
-23
-22
-22
-19
-13
-11
-7
23
53
64
79
73
74
68
41
42
17
2
-1
-40
-46
-67
-70
-67
-64
-55
-35
-23
-21
2
3
4
-2
6
12
8
10
14
9
13
25
39
51
69
68
61
70
55
64
48
27
7
-29
-40
-55
-66
-67
-60
-42
-24
-9
-10
11
26
40
43
46
56
40
23
18
5
2
2
-10
7
-5
-6
7
16
15
13
11
-8
-15
-20
-47
-47
-51
-68
-59
-57
-55
-28
-24
-3
-13
-10
12
11
19
8
4
-2
2
-2
-4
-11
-8
-13
-12
-9
1
21
27
48
35
50
57
38
34
34
32
9
12
7
-13
-9
25
13
-6
9
20
14
1
-7
5
-8
-17
-27
-34
-40
-58
-59
-54
-58
-59
-34
-46
-31
-21
-15
-3
14
16
21
36
29
30
16
7
14
28
11
1
12
9
11
9
10
14
13
5
-3
-19
-19
-22
-22
-32
-14
-14
-10
-4
-6
4
15
24
39
43
36
53
52
32
29
23
3
-9
-31
-33
-42
-37
-26
-32
-36
-38
-29
-31
-40
-46
-40
-27
-19
-23
-19
-15
0
4
9
11
4
11
20
12
12
17
17
20
21
35
41
25
38
42
30
45
48
29
34
40
48
37
38
49
49
45
41
45
35
35
25
33
28
16
16
12
6
-17
-24
-12
-17
-28
-31
-29
-34
-28
-42
-55
-53
-48
-51
-62
-59
-73
-57
-49
-32
-29
-41
-45
-52
-33
-23
-30
-25
-13
-13
-18
-25
-16
-8
-11
5
15
15
26
47
21
6
4
3
-4
-1
-14
-47
-44
-30
-43
-28
-29
-27
4
15
25
17
29
34
33
44
54
39
43
46
45
36
43
41
20
15
22
39
19
15
24
30
24
27
19
21
14
-6
4
-15
-11
-16
-11
-25
-39
-19
-8
-13
3
8
3
25
22
24
27
15
28
21
28
28
3
11
19
6
-3
2
-16
-21
-9
-21
-16
-17
-22
-27
-15
-7
-34
-31
-43
-46
-39
-25
-15
-33
-41
-37
-43
-27
-1
-16
-10
-5
1
18
23
21
39
49
29
15
-2
-1
-2
0
1
9
17
0
2
6
13
4
8
17
-3
-8
-5
5
11
1
3
-12
-11
1
-15
-8
3
2
-8
-11
1
12
10
18
-4
-18
6
1
0
-3
-8
-8
-10
-21
-33
-18
-3
-10
4
21
20
18
7
-2
-7
8
-7
-14
-1
-14
-26
-21
-4
1
0
0
9
2
17
9
24
29
33
33
30
47
34
41
30
19
33
14
17
7
-7
-4
-24
-22
-12
-3
-21
-18
-13
-9
-19
-18
-28
-26
-34
-40
-13
-16
-24
-1
-7
-17
0
5
19
14
22
37
38
20
20
27
18
12
7
-9
-27
-33
-50
-51
-44
-41
-53
-40
-27
-39
-25
-23
-18
-21
-15
-9
-8
-8
1
23
16
24
30
37
37
23
19
24
20
10
0
2
4
-11
2
-11
-4
-5
-8
0
16
20
37
38
49
31
32
36
21
46
48
31
42
35
29
53
50
31
26
14
-6
-21
-35
-33
-44
-48
-62
-76
-65
-37
-36
-40
-13
-6
13
31
21
11
-9
-4
-14
-16
-4
-22
-29
-38
-30
-18
-18
-17
-15
-6
0
2
1
-5
-3
0
-5
5
3
10
14
-1
2
4
14
17
20
22
22
29
13
13
14
13
6
11
16
-9
-6
4
-3
-9
-9
-21
-6
-3
-7
-12
-21
-31
-20
-30
-34
-18
-34
-27
-18
-20
-8
-14
-4
0
16
23
16
29
19
17
16
20
17
21
29
19
8
15
19
9
18
30
15
6
9
17
12
18
20
9
6
17
23
16
10
15
7
12
10
-13
-17
-20
-29
-40
-27
-34
-31
-27
-42
-20
-21
-25
-28
-27
-17
-11
-6
-7
-1
-8
5
-10
-7
-8
-10
-9
-5
-2
1
9
-6
15
14
3
21
16
10
14
9
15
23
30
35
42
46
27
11
9
3
-1
10
18
-2
-1
-2
6
19
14
9
7
11
9
1
-8
10
-2
-7
-10
-13
-19
-9
-11
-10
-4
3
-8
-14
-13
-28
-22
-25
-21
-25
-28
-26
-20
-20
-26
-28
-6
-19
-4
2
-7
-4
-15
-13
-22
-3
12
-1
-3
10
9
17
21
17
25
33
38
21
32
40
39
12
-12
-1
-5
-3
-3
-4
-6
-4
-17
-19
-21
-31
-23
-40
-35
-44
-51
-26
-15
-3
2
-8
2
21
21
26
26
31
24
28
18
12
6
1
12
4
3
1
12
14
22
16
19
4
8
1
0
7
16
27
14
22
13
25
28
32
21
14
33
13
15
1
-17
-10
-15
-24
-24
-36
-26
-16
-33
-34
-43
-31
-25
-11
-8
-21
-15
-7
-14
-20
-2
-9
-12
-6
5
3
9
14
15
5
-9
-14
-9
4
5
11
-2
-20
-17
-27
-21
-18
-15
-7
-3
6
-2
12
12
17
9
3
11
-4
-2
11
11
-1
-5
4
6
-4
9
12
18
15
17
21
31
21
23
31
17
10
0
12
12
3
0
3
5
-10
0
-3
-10
4
2
3
-8
-15
-5
13
4
8
8
-5
3
14
-5
-11
-8
-20
-12
-3
-8
-21
-10
-7
-16
-15
-10
-4
0
3
11
16
5
11
1
-1
10
5
15
20
12
10
7
12
1
1
6
0
6
2
-1
9
13
8
-3
-5
0
-10
-3
-24
-16
-5
-11
-18
-17
-10
-26
-17
-24
-22
-6
-15
-10
-17
1
9
-11
-1
8
-5
-2
8
5
0
-9
7
12
3
-9
-15
-19
-24
-24
-21
-20
-20
-16
-23
-11
-18
-21
-10
3
15
22
19
21
25
17
23
17
24
27
18
30
23
29
22
8
16
-5
-4
-15
-24
-17
-3
6
-4
2
11
12
-6
-5
2
9
-3
3
20
6
19
3
-2
16
4
1
8
13
-6
-3
-2
-5
-13
-1
-13
-13
-14
-19
-14
-18
-7
-15
-7
4
11
15
27
38
21
23
34
19
27
31
18
19
26
19
12
-3
-14
-7
-17
-26
-20
-29
-15
-17
-14
-5
-16
-8
-18
-21
-8
-13
-25
-13
-6
-9
-2
2
-6
-11
-21
-19
-9
-24
-17
-10
-15
-12
-10
-8
-11
-19
-20
-16
-6
10
11
7
17
30
8
12
22
7
17
24
36
34
24
30
21
24
19
11
20
25
12
22
7
-2
10
-9
-11
-20
-12
-14
-33
-26
-30
-25
-12
-19
-13
-1
-3
-6
-8
-2
2
6
3
2
18
7
5
4
6
-1
-13
-4
-10
0
-4
9
-6
-13
1
-7
-5
-3
7
19
28
16
20
18
26
31
25
28
23
19
17
19
-4
-7
-3
-7
-15
-19
-31
-36
-40
-27
-37
-41
-34
-39
-42
-31
-28
-36
-17
-35
-30
-27
-28
-25
-24
-14
4
2
-7
2
1
5
3
5
19
14
16
20
3
17
10
1
21
20
28
41
34
42
51
35
36
33
28
22
29
35
25
26
20
14
12
6
3
5
11
-5
-11
0
-11
2
2
-12
10
18
4
-13
-11
-6
-17
-10
-9
-12
-9
-5
2
-3
-3
-8
2
2
-11
-21
-6
-6
-9
-14
-19
-14
-23
-12
-6
3
3
2
22
19
6
5
15
20
4
9
24
23
24
30
31
23
23
5
2
8
-1
-5
-12
-12
-4
-8
-16
-11
-33
-27
-28
-13
-10
-24
-27
-24
-32
-30
-12
-24
-31
-27
-20
-25
-31
-24
-33
-27
-15
-22
-25
-23
-17
-18
-26
-14
-9
-12
-3
-3
0
-1
10
28
23
7
21
36
41
28
38
40
35
43
36
15
11
17
2
-12
0
-12
-28
-19
-16
-24
-13
-14
-14
-10
-6
-16
-14
0
-1
3
2
8
0
11
9
11
16
25
29
23
34
14
2
0
9
7
0
-1
2
15
6
6
11
10
10
17
11
24
27
27
20
34
35
28
30
23
27
20
14
5
5
4
-15
-5
-7
-17
-25
-29
-25
-43
-32
-29
-39
-25
-32
-29
-19
-31
-25
-22
-8
-20
-11
1
-20
-14
-17
-15
-12
1
2
-3
0
-4
-2
5
3
13
-2
-5
5
27
17
16
34
17
26
29
18
15
17
6
18
5
7
6
11
7
-3
2
-3
-7
-1
5
-5
-1
2
-6
-10
-4
-2
8
1
-3
1
4
6
6
-4
5
-6
-13
-2
-12
-16
-32
-31
-24
-28
-32
-30
-28
-39
-25
-42
-38
-35
-30
-16
-31
-16
-15
1
-2
0
28
27
