-3
0
4
5
4
0
-5
-6
-3
-2
-10
-6
-3
-8
-5
4
-1
-2
-1
-5
-6
-3
1
-4
7
13
17
9
12
17
13
15
5
4
5
2
10
5
-4
3
0
6
4
7
6
4
2
-4
-6
1
-5
-1
-2
2
1
-8
3
2
-8
-15
-16
-13
-20
-17
-19
-16
-10
-17
-12
-18
-9
-6
-3
-8
-4
-16
-20
-14
-3
3
1
-7
2
3
10
8
11
17
9
9
7
13
5
10
12
14
18
14
10
0
0
-7
-8
-2
-1
-5
-15
-11
0
6
-5
-4
-1
1
6
10
9
8
5
20
13
3
13
7
8
6
0
-7
-8
-17
-11
-10
-15
-18
-12
-7
-7
0
-5
5
-5
4
9
5
6
0
11
3
6
12
11
2
13
18
12
14
11
12
1
7
-2
-12
-13
-12
-1
2
1
1
4
-2
-3
-3
-6
-5
-4
-3
4
6
5
-2
2
7
7
4
-5
-1
2
4
5
-6
-1
0
-10
1
-2
-1
2
0
2
-5
0
0
2
-1
0
-13
0
3
-4
3
-5
2
1
1
2
-4
-5
3
-8
-7
-6
-4
-3
-10
-4
-6
-4
-8
-15
-14
-1
-9
-9
-1
-15
-4
-7
-9
-2
-4
-5
-14
-11
-12
-11
-11
-7
-4
-6
-1
-8
-3
-4
-4
-2
1
13
8
8
8
7
1
12
8
7
4
2
3
9
11
9
9
10
10
2
6
4
8
6
1
5
9
14
7
-1
4
10
4
6
6
7
10
-3
1
2
6
1
-2
-3
-3
-7
-2
-9
-12
-18
-9
-6
-19
-5
-9
-3
-10
-1
1
3
8
12
15
10
11
15
18
19
17
13
9
13
9
5
9
3
-2
0
2
-2
-4
-1
3
-11
-5
-11
-12
-5
-6
-7
-10
-6
-10
-8
2
-2
1
-1
-1
4
2
7
8
11
6
7
4
-1
4
-2
-3
-14
-8
-2
-7
-9
-8
-5
-11
0
-3
-12
-7
-8
-1
0
5
2
1
10
14
5
7
-2
-5
2
-6
-6
-5
-3
3
0
0
0
-5
0
-5
-11
-7
-12
-3
-14
-9
-3
-7
-2
2
1
-6
7
-3
-7
-9
-6
-5
-6
-3
-4
1
0
3
1
0
-2
0
-4
2
2
-1
-1
2
8
8
8
19
15
12
15
18
15
13
26
12
19
14
10
-2
-5
-5
2
-3
-4
1
-6
-5
-5
-7
-6
-11
-11
-11
-5
-4
1
7
3
4
1
0
-1
-5
-4
0
-5
7
7
12
-2
-5
-4
-7
-4
0
6
-1
-3
-3
2
-6
1
-1
2
4
-3
-1
-12
-3
6
2
7
11
12
7
3
-1
8
3
5
5
-2
-1
3
7
-5
-2
4
-8
-11
-3
-9
-6
-2
-2
-2
9
6
2
2
1
0
2
-1
-8
-9
-6
-9
-10
-7
-6
0
-1
-8
-1
1
3
7
-6
0
-3
-3
-9
-1
-1
6
6
-3
5
6
-9
-10
-7
-12
-8
-7
-3
-21
-9
-12
-19
-5
-9
-10
-5
-9
-10
0
-4
-7
-4
5
7
8
12
10
9
5
7
17
19
13
16
12
7
6
-5
3
0
-3
-10
0
0
2
2
-2
11
0
10
8
6
12
11
9
8
19
8
6
10
6
7
3
6
-3
-6
-3
-4
-6
-5
-4
-6
-9
-13
-9
-10
-2
-6
-8
1
0
5
1
-5
5
12
7
16
14
17
16
10
19
4
2
4
7
-3
0
3
-6
3
6
3
-1
-2
-6
-4
2
1
-5
-1
0
0
-1
-8
-13
-13
-9
-9
-7
-8
-11
-11
-8
-5
-9
-7
-9
-20
-12
-10
-23
-18
-14
-6
-1
-7
3
2
-8
-9
5
5
-2
1
11
19
9
11
14
14
23
27
15
18
14
13
-1
-6
-8
-4
-19
-15
-14
-10
-11
-9
-3
-4
-7
-11
-7
-1
0
-12
-9
-6
-3
0
0
2
-1
-2
-3
-13
-7
-18
-6
-9
-8
0
-5
-4
0
-6
-3
6
3
5
3
20
11
2
15
16
8
7
6
12
16
16
25
16
14
24
17
16
5
4
6
3
6
7
5
7
-2
-6
3
2
-4
6
2
6
4
-1
10
4
2
-3
5
7
-1
0
1
-3
-3
-6
-10
-15
-15
-17
-17
-19
-23
-21
-10
-10
-10
-7
-10
-6
-2
-5
-9
3
-4
-4
-2
-9
-11
-1
-1
-2
-4
-10
-6
-1
4
-1
-2
2
-5
-3
-3
6
8
7
4
6
18
19
18
21
23
20
27
35
20
18
10
7
5
7
5
1
-1
-4
-7
-3
-6
-3
-10
-12
-10
-9
-13
-15
-20
-20
-11
-22
-11
-9
-6
-4
-12
-2
-1
-8
-9
-15
-10
-13
-12
-6
-15
-12
-9
-9
-14
-15
-13
-10
-7
1
0
4
8
5
17
5
4
4
18
13
5
10
8
14
13
9
9
6
2
0
6
0
3
3
-7
3
2
5
4
-4
-3
-12
-11
9
17
10
14
14
1
-2
1
10
7
3
5
-2
-4
2
5
15
14
22
10
1
7
6
12
15
15
9
0
-4
4
6
4
3
-3
5
5
5
-3
-9
-13
-9
0
3
-1
-1
-13
-18
-11
-4
6
5
0
-2
-11
-7
-10
-15
-14
-16
4
-3
-5
1
-2
2
-10
-7
-1
-11
-13
-19
-22
-8
-12
-2
2
-8
-11
-11
-3
0
4
7
4
-6
5
10
8
19
3
2
-1
-3
1
11
14
15
7
-1
12
21
21
12
13
7
2
5
5
6
4
-7
-13
-13
-16
-12
-12
-17
-9
-8
-4
-3
-1
2
-3
-1
-3
-1
-5
-8
-6
-7
-17
-11
-6
2
-6
-20
-27
-32
-22
-14
-6
-7
-18
-20
-7
3
15
15
10
-1
10
11
6
10
0
13
6
12
27
26
24
21
16
10
29
39
45
30
13
3
2
10
17
14
7
1
-12
3
10
14
18
6
1
5
6
10
-2
-9
-9
-15
-11
-2
2
-9
-19
-28
-22
-17
-9
-4
-7
-10
-22
-17
-13
-7
-1
-11
-27
-27
-27
-23
-8
-1
-3
-4
-18
-22
-9
-7
8
5
4
-4
-7
-5
-8
1
-2
-4
-5
5
8
-2
8
10
9
12
24
20
2
3
0
2
17
19
8
7
7
4
3
17
27
24
13
8
4
6
11
17
20
22
3
8
-7
-8
5
13
17
16
9
10
16
13
17
8
-1
-9
2
10
8
9
-6
-11
-15
-20
-11
-9
-3
-10
-21
-21
-24
-12
-2
-3
-6
-9
-13
-11
3
-7
-13
-34
-37
-27
-32
-23
-28
-39
-50
-49
-42
-29
-27
-30
-39
-30
-20
-7
0
-5
-10
-3
-7
0
12
1
-2
-10
9
8
14
22
16
6
-4
7
23
30
32
24
15
16
28
48
43
38
30
39
47
44
59
63
54
37
34
39
48
57
61
50
33
36
35
48
44
39
34
31
29
29
25
22
12
-6
3
8
10
-2
-5
-25
-26
-30
-28
-35
-44
-54
-63
-74
-65
-59
-82
-86
-114
-118
-127
-125
-115
-114
-119
-146
-175
-197
-193
-173
-156
-153
-162
-174
-169
-138
-100
-59
-16
8
21
43
71
106
140
168
181
192
197
215
218
226
230
215
212
211
197
180
160
132
128
128
127
129
125
115
98
100
115
114
122
122
114
121
115
126
126
124
108
86
65
43
23
-5
-29
-52
-61
-65
-73
-101
-130
-162
-170
-163
-156
-160
-172
-203
-230
-233
-250
-266
-317
-418
-557
-729
-837
-833
-729
-646
-645
-691
-756
-731
-591
-348
-92
114
195
213
257
367
564
731
824
830
788
726
656
634
624
601
528
447
364
274
198
148
110
102
134
142
119
92
62
47
72
130
203
237
219
164
119
128
166
213
215
161
71
-25
-85
-102
-92
-103
-150
-219
-284
-317
-310
-298
-283
-283
-311
-320
-313
-301
-273
-245
-234
-218
-201
-176
-165
-163
-159
-152
-131
-117
-92
-87
-90
-85
-81
-47
-12
9
-2
-20
-7
27
66
106
105
96
79
65
71
99
115
111
87
50
32
27
43
59
65
58
42
24
27
45
43
27
21
19
0
9
25
23
24
13
7
0
1
5
-8
-42
-50
-37
-28
-11
-36
-71
-87
-78
-47
-19
-28
-63
-92
-84
-32
11
26
-6
-36
-27
16
71
104
86
50
19
30
89
151
152
102
47
31
71
108
132
111
65
32
26
52
70
91
96
73
55
61
53
39
30
44
66
67
50
27
16
31
53
60
61
27
-5
-25
-12
8
9
0
-44
-70
-90
-86
-56
-54
-55
-100
-105
-97
-76
-55
-56
-75
-108
-126
-116
-84
-53
-46
-82
-100
-107
-89
-55
-18
-5
-7
-20
-25
-23
-12
11
18
29
30
23
-1
-6
-4
-8
5
7
16
5
-21
-22
-19
-2
32
28
12
-26
-47
-25
19
64
74
48
17
-34
-44
1
50
66
45
-5
-47
-48
-16
20
52
50
12
-16
-38
-31
-24
-14
16
21
31
21
9
3
-1
34
55
67
50
25
14
33
65
90
84
54
32
26
45
71
87
57
28
15
43
83
103
89
58
26
25
17
44
91
104
46
-56
-115
-131
-94
-84
-97
-153
-219
-297
-358
-389
-419
-482
-563
-636
-661
-620
-585
-550
-528
-495
-427
-327
-167
5
154
253
314
427
563
696
792
837
835
817
793
752
739
706
643
531
437
367
311
244
166
98
53
3
-26
-48
-63
-72
-64
-41
-20
34
54
51
38
48
97
161
215
228
192
133
73
32
54
57
21
-71
-187
-261
-272
-247
-235
-262
-318
-361
-389
-333
-259
-204
-206
-282
-427
-654
-1025
-1499
-1822
-1747
-1328
-998
-1015
-1321
-1641
-1699
-1384
-719
12
459
476
251
180
510
1138
1707
1942
1871
1651
1397
1277
1358
1517
1527
1288
959
657
423
241
99
-14
-91
-181
-297
-433
-567
-649
-651
-580
-400
-148
-1
-11
-106
-79
58
268
490
638
641
501
338
264
326
432
468
363
150
-74
-223
-299
-300
-265
-293
-396
-534
-607
-602
-565
-555
-627
-673
-636
-500
-340
-225
-171
-161
-140
-51
101
271
370
369
304
246
255
336
385
352
263
140
55
-20
-42
-39
-85
-172
-238
-253
-243
-242
-246
-259
-284
-259
-212
-156
-124
-120
-127
-121
-84
-10
47
42
21
22
41
42
53
46
29
3
-39
-53
-77
-161
-309
-433
-504
-454
-311
-206
-193
-233
-284
-292
-164
75
309
447
442
368
330
396
526
638
705
675
557
413
299
280
307
302
254
142
28
-64
-93
-88
-47
-19
-22
-58
-114
-128
-126
-87
-42
22
71
90
74
69
72
89
82
57
45
-7
-36
-72
-120
-173
-239
-313
-385
-458
-540
-611
-658
-688
-699
-679
-637
-562
-473
-376
-264
-123
34
204
339
444
541
641
739
833
900
912
886
854
817
762
700
620
530
443
350
263
189
128
72
30
-11
-48
-53
-71
-71
-62
-56
-30
18
58
90
93
75
61
77
94
85
35
2
3
-47
-115
-188
-235
-245
-192
-113
-83
-144
-262
-451
-750
-1241
-1923
-2513
-2568
-1984
-1271
-1099
-1623
-2332
-2641
-2272
-1279
-101
630
599
66
-271
124
1126
2172
2680
2547
2080
1677
1593
1846
2236
2406
2133
1536
1007
713
554
412
250
77
-149
-436
-725
-958
-1130
-1209
-1155
-979
-724
-554
-571
-683
-698
-449
-28
368
636
711
589
407
400
568
776
885
794
557
288
77
10
42
54
-31
-223
-466
-638
-686
-651
-609
-620
-614
-626
-622
-574
-457
-316
-193
-51
65
167
239
268
281
345
427
520
558
465
343
240
181
160
180
192
126
-24
-191
-293
-291
-224
-182
-191
-246
-321
-332
-259
-113
43
146
198
189
83
-114
-534
-1304
-2173
-2440
-1715
-654
-353
-1116
-2261
-2915
-2666
-1581
-179
739
618
-283
-1022
-726
591
2063
2766
2544
1933
1463
1402
1820
2546
2982
2768
2050
1421
1168
1144
1107
976
771
463
110
-282
-608
-849
-988
-1053
-1011
-825
-667
-771
-1069
-1219
-972
-499
-32
281
394
259
38
43
360
750
949
897
692
418
221
190
245
325
270
58
-269
-524
-598
-594
-628
-663
-710
-769
-858
-889
-830
-685
-536
-437
-327
-266
-200
-119
13
162
279
350
342
313
313
329
348
366
362
312
179
56
-5
15
67
49
-44
-188
-321
-386
-398
-331
-226
-188
-235
-273
-218
-45
211
372
371
123
-585
-1759
-2753
-2644
-1404
-198
-228
-1411
-2756
-3383
-2932
-1545
97
972
504
-725
-1451
-868
697
2239
2855
2545
1885
1363
1343
1933
2827
3305
2958
2190
1641
1407
1323
1242
1174
1056
752
275
-208
-581
-880
-1063
-1108
-993
-813
-815
-1118
-1501
-1544
-1152
-619
-147
149
154
-51
-239
-84
411
936
1188
1074
791
518
429
558
790
906
732
316
-129
-346
-306
-218
-254
-397
-631
-894
-1052
-1025
-833
-650
-633
-694
-716
-641
-463
-294
-146
9
108
144
190
268
384
490
554
565
551
493
373
297
292
294
256
159
11
-142
-277
-394
-411
-353
-328
-356
-432
-441
-326
-145
16
97
-2
-521
-1627
-2829
-3066
-1920
-397
-12
-1054
-2534
-3403
-3155
-1844
-87
1068
836
-448
-1443
-1108
445
2166
2986
2728
2008
1426
1326
1866
2788
3401
3159
2330
1678
1485
1435
1364
1260
1120
828
379
-79
-478
-816
-1087
-1211
-1135
-930
-866
-1171
-1616
-1755
-1429
-858
-356
-28
22
-217
-527
-443
213
995
1362
1187
763
449
449
770
1184
1400
1196
602
34
-178
3
178
33
-327
-652
-846
-971
-966
-863
-852
-955
-1006
-887
-647
-511
-525
-530
-377
-87
230
442
482
434
352
384
583
874
987
767
382
158
205
324
313
78
-240
-513
-630
-566
-376
-269
-278
-338
-309
-151
27
-127
-1153
-2874
-4004
-3240
-1136
263
-379
-2306
-3933
-4243
-3015
-798
1174
1516
79
-1720
-2090
-447
2038
3583
3504
2492
1498
1157
1708
2936
4060
4078
2989
1888
1507
1651
1816
1816
1666
1296
701
74
-365
-641
-858
-1034
-1109
-1029
-964
-1226
-1777
-2108
-1866
-1237
-673
-379
-309
-498
-830
-856
-254
648
1251
1201
745
361
347
706
1205
1573
1459
905
266
-34
160
482
505
101
-477
-940
-1105
-953
-686
-522
-693
-1079
-1316
-1200
-844
-536
-382
-320
-279
-223
-55
196
426
548
608
651
730
778
747
670
541
503
463
363
149
-116
-324
-451
-441
-313
-175
-216
-381
-460
-392
-226
-245
-968
-2608
-4203
-4074
-1977
50
-33
-2022
-4054
-4630
-3621
-1416
874
1747
538
-1594
-2477
-1056
1700
3767
3963
2830
1607
1141
1669
2946
4297
4620
3604
2149
1506
1756
2116
2158
1954
1571
936
204
-326
-584
-771
-982
-1160
-1187
-1140
-1299
-1819
-2293
-2194
-1536
-862
-566
-520
-656
-880
-923
-351
576
1140
1079
671
463
538
845
1240
1498
1404
940
414
179
328
564
556
195
-289
-712
-1017
-1107
-892
-598
-601
-947
-1310
-1390
-1172
-820
-520
-323
-276
-368
-382
-121
309
663
801
758
679
692
788
840
855
871
761
548
360
205
30
-182
-288
-309
-323
-373
-428
-410
-351
-212
-85
-65
-527
-1974
-3892
-4546
-2836
-218
551
-1230
-3717
-4939
-4398
-2478
10
1618
1064
-1209
-2937
-2251
487
3152
4010
3110
1743
1011
1237
2383
3962
4894
4304
2729
1684
1808
2313
2472
2332
2076
1560
749
23
-352
-498
-668
-908
-1054
-1048
-1168
-1734
-2421
-2538
-1918
-1138
-813
-858
-1005
-1254
-1392
-940
49
864
968
554
234
324
722
1222
1638
1682
1271
648
245
383
791
982
661
81
-388
-624
-665
-573
-397
-420
-703
-1060
-1161
-965
-771
-660
-579
-462
-360
-345
-269
-73
211
408
515
593
649
663
581
591
660
750
694
485
218
23
-53
-54
-12
-3
-55
-171
-244
-242
-245
-538
-1577
-3319
-4477
-3648
-1377
-10
-1016
-3344
-4872
-4687
-3155
-950
843
964
-739
-2598
-2519
-258
2477
3836
3384
2138
1281
1365
2337
3776
4882
4731
3409
2166
1972
2432
2719
2588
2285
1814
1063
274
-214
-405
-590
-870
-1091
-1187
-1325
-1768
-2396
-2665
-2272
-1522
-1075
-1111
-1256
-1381
-1429
-1114
-341
482
749
468
225
423
861
1316
1633
1679
1408
936
604
669
1010
1190
899
296
-194
-420
-458
-402
-293
-309
-640
-1111
-1344
-1157
-816
-606
-607
-681
-763
-749
-593
-256
140
324
327
259
302
469
611
708
743
748
685
498
316
217
183
170
209
283
230
-3
-276
-362
-236
-329
-1337
-3233
-4586
-3764
-1386
-82
-1231
-3548
-4970
-4781
-3306
-1104
716
781
-1021
-2841
-2582
-144
2586
3765
3199
2002
1322
1535
2556
4026
5048
4767
3407
2314
2322
2850
3029
2813
2479
1964
1156
349
-69
-189
-391
-734
-1051
-1283
-1520
-2014
-2566
-2676
-2202
-1592
-1436
-1611
-1741
-1720
-1586
-1165
-382
301
340
-16
-93
330
945
1356
1536
1443
1244
1025
987
1208
1450
1419
1002
478
178
166
130
-12
-159
-285
-537
-893
-1083
-977
-827
-829
-859
-879
-880
-886
-783
-545
-255
-28
33
67
133
277
409
515
593
632
597
485
336
225
255
363
430
411
291
93
-54
-135
-222
-926
-2614
-4218
-3985
-1850
-163
-882
-3238
-4957
-5032
-3769
-1744
160
656
-851
-2911
-3197
-1048
1891
3502
3181
1936
1148
1296
2243
3747
5035
5092
3819
2536
2391
3068
3503
3341
2978
2510
1726
848
330
200
72
-308
-767
-1123
-1425
-1894
-2505
-2783
-2439
-1852
-1680
-1966
-2204
-2152
-1937
-1558
-851
-172
-41
-380
-508
-44
729
1362
1638
1583
1295
1020
1033
1415
1868
1978
1516
760
250
242
464
557
395
32
-481
-1025
-1216
-990
-692
-648
-871
-1130
-1261
-1227
-1034
-685
-354
-156
-192
-311
-266
-53
220
453
604
679
649
481
283
250
422
668
827
795
589
226
-91
-160
-54
-337
-1757
-3719
-4326
-2680
-568
-528
-2618
-4655
-5153
-4267
-2596
-713
296
-584
-2583
-3459
-1880
986
2937
2985
1943
1168
1218
2063
3416
4745
5173
4253
2936
2546
3203
3828
3755
3328
2882
2262
1441
814
614
510
123
-429
-874
-1221
-1673
-2294
-2747
-2628
-2101
-1860
-2168
-2572
-2633
-2411
-2062
-1502
-801
-407
-582
-809
-527
220
985
1435
1575
1484
1261
1132
1370
1841
2162
2010
1452
817
536
585
694
675
425
12
-582
-1033
-1083
-811
-624
-769
-1053
-1292
-1389
-1309
-1063
-693
-442
-383
-442
-457
-300
-34
225
414
528
582
549
423
366
500
729
883
892
790
596
342
152
-41
-827
-2458
-3809
-3280
-1261
-172
-1504
-3935
-5203
-4748
-3319
-1618
-313
-409
-2090
-3698
-3246
-677
1972
2826
2000
919
678
1355
2605
4018
4977
4746
3511
2631
2922
3772
4103
3800
3398
2997
2314
1497
1037
958
816
380
-170
-630
-1123
-1765
-2405
-2572
-2192
-1792
-1954
-2550
-2948
-2891
-2551
-2114
-1530
-1007
-982
-1296
-1288
-636
265
897
1172
1187
1045
970
1183
1673
2194
2300
1910
1302
916
951
1144
1170
930
528
27
-471
-708
-603
-447
-553
-903
-1196
-1312
-1312
-1211
-986
-811
-778
-825
-823
-670
-413
-145
50
152
228
306
304
291
426
674
843
832
732
723
718
601
404
-207
-1632
-3225
-3336
-1517
189
-461
-2976
-4883
-4871
-3568
-1961
-626
-350
-1659
-3519
-3855
-1859
944
2361
1843
669
262
873
2019
3300
4354
4564
3707
2734
2793
3677
4217
3997
3549
3284
2896
2194
1562
1340
1228
892
393
-68
-481
-1106
-1865
-2316
-2135
-1715
-1703
-2272
-2867
-3008
-2773
-2365
-1866
-1366
-1318
-1710
-1882
-1323
-325
421
706
702
610
595
836
1416
2022
2254
1965
1415
1051
1131
1423
1564
1403
982
450
-65
-343
-270
-101
-193
-561
-977
-1234
-1316
-1217
-988
-795
-806
-982
-1099
-1017
-757
-425
-156
-57
-58
-47
21
84
225
457
694
782
729
677
657
688
667
609
110
-1222
-2864
-3299
-1734
168
13
-2298
-4481
-4833
-3713
-2178
-803
-280
-1306
-3254
-4030
-2380
401
2069
1788
635
50
481
1565
2873
4010
4365
3699
2742
2655
3441
4116
4072
3670
3438
3120
2481
1807
1535
1538
1352
867
328
-150
-793
-1522
-1965
-1826
-1450
-1484
-2137
-2880
-3082
-2822
-2405
-1946
-1562
-1605
-2072
-2347
-1816
-740
98
359
260
143
174
504
1179
1934
2237
1934
1331
1009
1205
1659
1916
1729
1284
736
247
15
111
323
232
-236
-789
-1119
-1193
-1084
-892
-746
-790
-1039
-1275
-1284
-961
-507
-230
-181
-260
-312
-226
-86
102
377
604
680
606
531
593
683
749
752
533
-360
-1992
-3260
-2648
-545
569
-832
-3434
-4801
-4272
-2856
-1398
-350
-560
-2261
-3950
-3570
-1086
1342
1941
1005
31
-62
701
1895
3228
4122
3956
3037
2402
2794
3662
4084
3918
3658
3462
2965
2183
1663
1687
1810
1560
965
364
-259
-981
-1565
-1609
-1200
-1030
-1576
-2511
-3025
-2890
-2470
-2077
-1817
-1788
-2131
-2525
-2349
-1512
-534
-61
-98
-272
-234
85
672
1410
1920
1919
1488
1115
1133
1571
2026
2062
1709
1201
736
427
388
569
620
288
-291
-798
-1038
-1002
-864
-729
-763
-1002
-1304
-1455
-1312
-942
-592
-466
-520
-612
-581
-441
-216
77
355
527
540
499
530
642
742
794
696
132
-1213
-2659
-2705
-997
605
6
-2401
-4276
-4240
-3007
-1651
-615
-433
-1677
-3483
-3844
-1954
590
1668
1016
-27
-332
221
1289
2569
3599
3782
3071
2330
2436
3270
3937
3992
3765
3540
3172
2498
1935
1892
2096
1992
1444
739
123
-460
-1013
-1177
-922
-742
-1203
-2147
-2792
-2768
-2346
-1984
-1807
-1832
-2143
-2593
-2597
-1911
-990
-452
-469
-676
-705
-433
149
866
1445
1575
1286
925
898
1325
1871
2043
1777
1339
890
636
599
761
861
638
115
-429
-697
-698
-592
-510
-572
-814
-1129
-1334
-1297
-1014
-708
-578
-602
-700
-694
-596
-431
-197
55
249
315
303
383
570
735
769
713
487
-252
-1591
-2601
-2022
-210
758
-591
-3048
-4268
-3612
-2209
-1033
-413
-814
-2331
-3732
-3314
-1033
1102
1440
368
-545
-461
370
1541
2731
3454
3251
2440
1974
2462
3369
3893
3853
3584
3283
2825
2293
2006
2133
2306
2062
1395
663
89
-359
-681
-680
-485
-604
-1335
-2263
-2665
-2408
-1956
-1726
-1698
-1897
-2350
-2743
-2552
-1708
-796
-469
-740
-1055
-990
-511
192
891
1271
1174
799
596
870
1457
1935
1882
1489
1113
893
811
818
930
939
661
164
-256
-423
-397
-386
-388
-455
-652
-945
-1160
-1121
-832
-558
-521
-641
-782
-753
-579
-317
-104
-35
-86
-115
41
363
631
724
620
483
416
132
-726
-1965
-2430
-1290
347
344
-1672
-3754
-4033
-2759
-1377
-629
-556
-1446
-3029
-3754
-2379
157
1527
855
-478
-900
-180
974
2141
2987
3128
2489
1805
1953
2877
3705
3819
3464
3132
2888
2591
2310
2202
2287
2256
1834
1130
477
81
-144
-294
-332
-378
-807
-1608
-2311
-2361
-1875
-1566
-1655
-1917
-2200
-2484
-2565
-2141
-1281
-733
-853
-1280
-1360
-919
-281
327
698
827
669
458
569
1081
1652
1839
1598
1238
1006
937
964
1040
1133
1032
645
141
-157
-197
-115
-57
-135
-341
-662
-953
-1069
-914
-599
-433
-554
-799
-938
-841
-598
-334
-126
-53
-142
-223
-114
157
409
545
582
545
487
126
-805
-2003
-2378
-1179
541
688
-1358
-3637
-4026
-2644
-1068
-293
-408
-1409
-2932
-3628
-2316
176
1569
822
-670
-1110
-262
943
1906
2555
2687
2194
1678
1891
2717
3356
3397
3187
3056
2960
2699
2330
2124
2160
2221
2039
1519
820
259
-23
-97
-100
-173
-539
-1256
-1946
-2112
-1755
-1401
-1458
-1804
-2136
-2284
-2257
-2019
-1529
-1102
-1031
-1240
-1372
-1154
-637
-111
286
468
409
283
341
688
1149
1450
1417
1172
918
799
891
1108
1208
1062
784
412
133
69
143
221
145
-136
-450
-647
-712
-656
-518
-389
-440
-659
-876
-870
-635
-342
-176
-177
-288
-423
-432
-209
149
381
343
225
188
223
182
-174
-989
-1861
-1878
-768
405
20
-1909
-3479
-3204
-1705
-581
-437
-942
-1792
-2594
-2591
-1233
585
1170
226
-841
-698
403
1394
1847
2068
2125
1934
1825
2116
2679
2991
2889
2783
2827
2813
2529
2100
1848
1868
1954
1878
1467
787
164
-149
-104
-10
-117
-497
-1077
-1618
-1794
-1573
-1263
-1222
-1534
-1897
-2024
-1941
-1749
-1500
-1228
-1062
-1106
-1191
-1064
-680
-272
0
137
224
287
345
510
767
994
1088
1035
927
868
918
999
1028
972
800
604
427
326
295
264
224
89
-147
-369
-450
-411
-384
-428
-524
-613
-701
-723
-632
-516
-455
-470
-511
-487
-450
-379
-263
-148
-26
26
29
19
-48
-208
-613
-1286
-1764
-1349
-245
300
-625
-2305
-3047
-2205
-846
-190
-444
-1072
-1703
-2043
-1598
-326
823
831
-69
-640
-171
833
1526
1703
1695
1674
1687
1811
2073
2287
2381
2370
2414
2524
2400
2068
1729
1600
1670
1742
1636
1202
562
78
6
190
248
-37
-543
-1010
-1260
-1249
-1076
-969
-1070
-1360
-1624
-1642
-1483
-1393
-1309
-1176
-1023
-964
-1024
-1040
-815
-461
-182
-41
-4
-45
-41
123
418
718
822
732
617
614
683
780
879
897
807
624
459
409
431
427
385
321
165
-39
-212
-258
-185
-115
-179
-326
-478
-574
-596
-553
-469
-430
-487
-590
-663
-631
-526
-393
-278
-265
-303
-329
-306
-243
-216
-394
-870
-1416
-1481
-834
4
56
-875
-1906
-2049
-1267
-388
-32
-225
-710
-1192
-1290
-749
180
770
624
86
-122
225
810
1216
1332
1331
1299
1373
1567
1705
1704
1631
1633
1779
1935
1877
1599
1277
1081
1068
1198
1292
1130
668
170
-64
36
231
210
-51
-411
-690
-809
-759
-647
-614
-693
-859
-1040
-1150
-1147
-1040
-880
-723
-701
-802
-913
-889
-734
-478
-270
-174
-175
-231
-215
-103
112
295
397
409
358
302
312
414
553
624
605
529
438
343
296
322
375
363
253
92
-61
-128
-151
-200
-235
-279
-361
-486
-568
-584
-574
-563
-600
-594
-576
-596
-646
-629
-510
-382
-311
-299
-278
-199
-141
-145
-112
-111
-218
-438
-551
-362
-12
191
8
-370
-617
-560
-273
26
138
48
-160
-314
-284
-77
174
280
271
194
197
272
379
477
513
534
573
664
784
807
722
669
702
834
937
989
913
747
616
593
669
759
744
600
437
329
300
312
308
254
143
5
-104
-130
-94
-126
-217
-348
-423
-409
-362
-343
-366
-473
-551
-555
-497
-381
-336
-358
-411
-417
-388
-352
-300
-250
-219
-205
-189
-168
-154
-152
-145
-109
-61
-39
-56
-101
-120
-96
-57
-15
-22
-71
-133
-157
-148
-127
-101
-121
-175
-216
-198
-164
-152
-161
-174
-189
-170
-133
-93
-64
-38
-29
-27
-6
19
70
115
154
153
132
127
120
146
191
243
219
180
108
67
120
136
126
64
-26
-85
-104
-91
-77
-94
-145
-185
-201
-209
-187
-170
-190
-185
-148
-96
-68
-72
-94
-60
-10
50
128
144
125
110
123
211
290
339
332
282
254
260
328
387
410
397
343
295
267
289
343
353
318
268
242
258
252
226
232
240
240
186
134
94
73
52
36
15
9
-47
-95
-114
-104
-99
-109
-146
-177
-196
-225
-210
-206
-210
-239
-291
-316
-318
-340
-329
-348
-374
-370
-360
-337
-359
-370
-356
-338
-295
-240
-213
-214
-184
-170
-140
-83
-55
-19
-7
11
35
55
115
139
143
127
108
112
119
133
146
140
95
61
58
65
58
11
-57
-82
-79
-92
-95
-117
-133
-160
-170
-152
-119
-98
-118
-127
-88
-36
4
42
38
35
43
54
120
178
204
182
134
154
185
236
237
220
205
178
177
208
234
248
231
193
165
173
180
204
221
207
217
215
202
209
219
227
225
182
143
121
112
129
123
110
86
43
19
-24
-41
-47
-83
-113
-138
-178
-181
-174
-195
-239
-253
-252
-275
-271
-270
-305
-322
-334
-339
-296
-240
-223
-250
-274
-264
-212
-138
-82
-62
-80
-85
-68
-36
31
63
62
53
23
21
48
84
105
94
73
25
7
5
31
43
31
10
-27
-56
-60
-54
-67
-85
-102
-96
-96
-104
-94
-74
-53
-77
-70
-28
8
44
53
50
46
78
112
141
168
145
130
114
127
142
148
153
136
132
123
104
96
93
81
74
79
65
55
48
22
20
47
67
86
84
74
68
45
76
103
103
94
95
112
119
100
77
104
125
105
75
54
31
18
21
39
53
12
-58
-92
-84
-67
-48
-50
-68
-113
-175
-174
-126
-104
-103
-131
-148
-153
-133
-114
-96
-94
-90
-107
-97
-73
-59
-32
-41
-36
-33
-44
-40
-47
-45
-39
-56
-69
-63
-48
-61
-73
-87
-92
-88
-95
-88
-92
-86
-104
-118
-103
-82
-79
-81
-87
-70
-51
-16
17
13
19
17
40
75
117
140
137
140
124
144
187
203
214
199
140
114
105
108
125
116
80
55
37
12
3
1
3
-1
-13
-26
-40
-51
-39
6
49
40
19
-14
-32
15
40
66
67
48
28
24
30
40
54
21
4
-30
-26
-8
-10
-27
-42
-40
-52
-49
-76
-81
-58
-61
-71
-28
-18
-33
-36
-37
-9
28
38
25
15
29
64
92
102
90
86
77
94
106
110
100
69
33
23
47
50
21
-5
-29
-58
-65
-76
-100
-139
-155
-158
-152
-160
-188
-205
-205
-200
-196
-176
-171
-159
-165
-160
-156
-123
-73
-48
-24
-8
9
25
31
77
112
124
135
125
132
142
163
161
163
141
124
112
88
92
90
74
69
51
36
52
60
50
33
28
29
30
41
23
12
15
29
64
66
67
37
15
30
60
67
68
40
25
3
-41
-26
-37
-32
-44
-74
-117
-139
-145
-146
-117
-109
-106
-141
-172
-162
-136
-89
-68
-73
-58
-53
-49
-10
19
58
84
90
70
61
97
125
148
153
137
110
75
61
75
105
114
102
64
43
39
22
9
-10
-20
-50
-91
-97
-104
-112
-114
-103
-93
-96
-96
-112
-112
-101
-72
-60
-59
-46
-45
-53
-57
-19
8
23
22
25
9
13
20
36
62
51
37
14
7
18
21
50
57
40
37
8
16
37
44
43
9
-10
-7
2
24
15
6
8
16
29
50
68
41
43
36
50
66
63
66
47
42
44
45
45
28
9
4
-5
-33
-54
-62
-80
-68
-50
-39
-87
-92
-88
-98
-71
-54
-55
-79
-74
-62
-32
8
39
39
28
49
53
73
84
91
101
80
61
69
83
82
80
68
51
31
8
-12
-2
-3
-18
-30
-31
-53
-50
-63
-63
-46
-56
-52
-45
-56
-72
-74
-43
-29
-35
-37
-38
-27
-18
2
11
11
10
1
11
29
21
16
7
-1
-12
-23
0
0
-14
-15
-35
-44
-42
-32
-25
-55
-56
-62
-52
-41
-33
-5
-11
-38
-38
-34
-23
15
31
44
62
53
50
83
84
83
83
88
91
86
97
87
87
67
45
30
14
1
-17
-46
-54
-43
-29
-41
-62
-63
-48
-49
-38
-39
-50
-42
-27
-21
-15
15
18
27
26
26
38
65
80
73
68
60
43
30
43
50
63
55
35
17
-7
-4
-9
-16
-31
-42
-40
-58
-57
-45
-51
-51
-74
-75
-53
-49
-41
-38
-44
-23
-9
-12
4
20
35
16
16
35
49
64
49
42
65
58
44
43
30
16
15
16
-8
-10
-19
-28
-19
-18
-35
-55
-55
-58
-47
-33
-33
-39
-54
-57
-51
-51
-37
-21
-13
-4
3
2
9
-4
-9
11
22
36
20
15
18
16
35
49
28
5
-3
-15
-22
-13
-6
-3
-23
-30
-33
-34
-28
-22
-17
-15
-23
-12
-4
-7
14
31
49
60
55
37
37
43
65
66
83
65
55
45
57
66
48
39
8
8
-2
-13
-5
-16
-39
-42
-52
-72
-58
-47
-56
-58
-58
-45
-41
-38
-51
-37
-29
-34
-10
-13
-14
-6
16
7
31
43
42
31
19
23
23
49
52
49
46
45
27
18
30
20
13
5
5
10
-5
-9
8
5
-2
-32
-38
-25
-12
-3
-19
-36
-45
-41
-13
-2
-3
-9
-43
-56
-25
8
-1
10
-3
-14
0
-10
-6
14
21
16
7
-2
0
-6
7
4
7
-16
-24
-39
-42
-12
11
20
-4
-9
-23
-7
8
40
36
19
10
15
34
42
39
34
23
34
32
20
22
13
19
16
11
13
9
3
1
-11
-13
-12
-15
-13
-8
-15
-30
-34
-23
-19
-27
-19
-10
-40
-41
-34
-23
-1
-10
-28
-32
-24
-10
12
4
-5
-18
-14
-12
14
18
11
3
-3
8
19
24
14
4
-9
-6
-6
2
14
11
2
8
16
18
9
-1
-11
-18
10
7
-3
-16
-29
-28
-15
15
-6
-17
-21
-22
-4
14
49
33
28
11
-1
15
26
42
39
23
2
16
19
31
20
17
2
-15
-9
0
15
7
8
-1
-3
0
16
19
14
7
8
10
9
21
7
15
19
31
23
19
15
8
10
0
8
11
10
-2
-19
-25
-12
-26
-32
-38
-52
-52
-32
-36
-35
-22
-29
-32
-24
-18
-24
-4
2
-34
-16
1
18
13
11
16
11
20
7
14
-10
-9
-10
-3
-15
-20
-19
-17
-15
-7
-2
-19
-33
-33
-15
-14
-18
-11
-16
6
-3
-10
14
24
24
24
25
10
2
9
12
13
20
3
-3
-7
-5
26
20
17
14
-12
-17
-12
-9
3
-11
-4
6
-5
4
-5
2
12
17
17
13
2
8
14
13
23
17
7
10
18
7
20
34
27
7
-7
-3
5
1
-2
10
21
3
-2
0
-5
-7
-6
1
2
-7
-12
-8
-14
-10
3
1
-14
-12
-9
-2
6
14
6
8
1
3
11
18
25
7
19
1
7
-1
4
-3
-1
1
-8
-7
-6
-5
-6
-5
-2
4
-6
-2
5
8
-6
1
-12
-12
-13
-14
-20
-28
-25
-32
-24
-18
-22
-20
-23
-24
-33
-35
-32
-33
-25
-11
-4
-2
7
8
-1
-2
19
29
25
18
6
0
4
2
15
29
30
22
34
30
28
19
19
14
13
23
2
-5
5
-1
0
1
-4
-1
-11
-11
-33
-10
-18
-13
-8
-13
5
3
0
-5
14
2
2
9
-4
-8
0
4
12
9
-4
-21
-17
-11
-8
-10
0
-14
-21
-17
-22
-14
1
27
8
7
18
21
31
22
23
22
17
20
10
28
30
15
8
-5
-3
2
7
13
5
-5
-19
-19
-16
-2
13
-3
-4
-11
-11
-5
-1
-15
-12
-16
-12
-4
-3
-15
-22
-17
-15
-26
-31
-28
-42
-39
-48
-34
-30
-23
-11
-13
-22
-10
5
9
13
17
11
10
21
30
37
47
50
45
42
35
22
27
42
32
43
31
15
17
17
25
34
27
31
16
-1
-3
-15
-16
-17
-31
-33
-23
-23
-13
-22
-19
-4
-8
-1
-2
9
1
-4
5
-6
4
-5
-10
-24
-31
-15
-12
-7
-4
-11
1
2
-4
-9
-7
1
9
17
6
13
-1
5
27
24
19
11
9
2
-3
0
9
7
-11
-11
-7
-5
-4
-2
4
-4
8
-2
-13
-14
-24
-6
8
2
-5
-6
-10
-20
-2
-15
-12
-18
-27
-20
-32
-21
-27
-21
-26
-24
-18
-25
-22
-17
-9
-10
-5
-7
-9
-1
-1
15
6
9
6
21
23
18
28
31
20
17
16
8
9
7
12
15
14
15
5
5
9
9
-1
10
4
-2
5
12
5
3
10
-2
-5
-2
-7
-23
-10
2
-9
-5
-15
-11
-5
-13
-8
-5
-16
-17
-3
-1
5
3
7
11
11
17
38
34
41
34
33
27
40
52
49
54
46
55
26
37
36
43
39
21
6
-3
-1
0
3
1
-18
-32
-42
-46
-34
-26
-33
-30
-26
-49
-62
-47
-44
-40
-28
-30
-40
-48
-45
-48
-34
-27
-27
-19
-22
-27
-18
-14
-13
-22
-18
-14
-11
-17
-9
12
11
20
2
5
9
13
18
28
12
16
8
0
12
32
14
-1
10
-6
0
-2
3
0
-3
-10
1
2
5
2
-1
10
14
14
18
14
6
20
28
21
18
18
15
-2
5
8
1
-8
-13
-16
-20
-6
-8
-12
-5
-3
-14
-13
2
12
0
-5
5
-6
8
12
18
17
25
33
20
30
30
24
35
28
18
27
21
16
26
20
17
8
11
15
-1
-2
10
1
-19
-14
1
1
14
7
3
5
-4
5
-7
-18
-17
-14
-12
-10
-9
-15
-8
-20
-21
-21
-19
-15
-14
-4
-9
-17
-11
5
3
-3
5
1
-5
-1
10
2
-2
4
-9
-13
-16
-30
-20
-25
-25
-23
-23
-35
-42
-26
-26
-21
-9
-12
-11
-6
-8
1
12
11
18
13
6
17
10
17
14
15
3
10
-6
10
24
1
11
3
-7
-3
-2
-4
-10
-7
2
-5
6
8
5
0
5
-11
-5
-12
-16
-11
-16
4
0
9
13
19
8
1
16
24
27
33
8
6
3
-6
-3
0
2
-4
-13
-13
-1
1
6
7
-1
-2
-19
-14
10
-9
-1
-7
-15
-3
5
12
2
15
10
4
24
22
17
23
16
13
17
20
17
38
39
30
25
30
37
20
8
3
8
-8
-4
5
-10
-27
-24
-24
-26
-28
-36
-45
-43
-52
-30
-37
-41
-27
-18
-10
1
8
9
4
3
13
12
15
15
14
14
18
-3
-3
15
10
10
10
-9
-9
1
-4
-3
-6
-2
-4
-2
-15
-17
-12
-14
1
-3
-3
-5
-2
-3
1
-4
-4
3
3
2
2
13
17
16
6
-5
-10
-18
-16
-8
-5
-24
-21
-26
-25
-13
-14
-15
-30
-33
-17
-6
0
5
1
-3
-8
-15
-2
-3
-6
-11
-3
5
9
11
8
18
9
27
34
28
33
33
31
35
45
38
39
30
37
49
28
27
33
33
25
20
12
12
-6
-2
5
-14
-21
-18
-16
-25
-16
-19
-19
-26
-26
-9
-6
-15
-17
-10
-10
-11
-4
1
-3
13
15
14
10
5
10
9
3
8
5
1
-14
-22
-13
-19
-28
-28
-29
-31
-33
-25
-24
-14
-15
-9
-7
-14
3
-1
-2
-2
6
13
16
3
11
22
25
20
26
27
18
26
17
17
17
11
-10
-1
5
-6
-7
-12
-16
-19
-4
-7
-11
-13
-15
-28
-25
-15
-10
-18
-24
-26
-32
-30
-21
-26
-25
-7
-10
-5
3
21
17
12
27
23
34
37
26
29
18
18
18
30
32
17
20
21
24
26
26
4
-2
0
-6
-3
-13
-10
-6
-15
-18
0
3
-10
-11
-2
-7
-15
-12
-10
-21
-17
-22
-26
-17
-12
-11
-3
-6
-9
-13
1
-8
-13
-3
-26
-14
-23
-10
-12
-9
-14
-14
-6
-8
-6
1
15
16
29
37
47
39
32
30
42
37
44
36
39
35
26
32
27
28
25
10
2
3
-6
-8
-11
-11
-14
-18
-23
-20
-8
-14
-23
-23
-18
-26
-22
-21
-29
-37
-40
-46
-35
-29
-20
-9
-12
-11
-1
4
-6
7
14
8
3
5
7
-1
14
20
27
27
16
28
8
9
13
20
18
5
0
9
9
7
2
10
6
-1
4
1
5
3
15
-1
-13
-14
-16
-11
-10
-8
-5
-19
-11
-7
-2
2
-7
-11
-18
-23
-15
-24
-34
-28
-23
-15
-11
-26
-11
-25
-34
-23
-10
-11
-18
-9
-9
-3
3
7
12
15
7
16
25
25
35
50
39
28
30
20
25
25
21
20
7
5
18
16
15
7
9
-3
-22
-12
-3
-12
2
-2
-4
-3
-6
2
-5
-8
-5
6
-1
-5
-4
-1
1
-5
-2
4
-5
-11
-5
2
0
-8
2
8
-12
6
20
9
5
2
2
11
16
5
22
8
0
-7
-7
4
0
-9
-6
-6
-10
7
13
9
16
11
-3
-1
9
12
6
5
-1
-12
-5
-9
-4
4
4
0
1
-2
-10
-14
-7
-8
-10
-15
-17
-21
-27
-25
-17
-17
-13
-11
-14
-38
-32
-20
-13
-2
-6
-5
8
8
7
4
14
13
14
14
18
26
26
32
15
9
-2
-1
18
1
-5
1
0
-14
-1
2
-5
0
-8
-10
-5
-4
-3
-7
-4
-7
-11
-4
-8
-4
-3
-4
-15
0
3
1
-2
-3
10
18
15
-1
-7
8
12
19
15
2
9
5
3
-10
2
11
7
-3
3
-5
-9
-5
-2
-2
0
11
10
4
11
19
9
16
3
4
0
5
-3
4
17
5
