10
4
-3
-7
-7
0
4
-1
7
8
0
-9
1
3
4
7
4
6
15
9
6
11
1
4
4
-2
-4
1
4
-2
-3
0
2
-8
2
-1
-1
-10
-9
-5
-3
-1
-1
-4
3
5
4
-4
-4
3
1
5
4
3
5
1
-1
-4
-9
-3
-11
-11
-4
-2
-3
-6
0
2
11
6
2
1
6
7
3
6
-2
-9
-18
-8
-5
-7
0
-3
-3
-4
-3
-5
-10
-14
-8
-10
-5
-8
5
8
0
-2
-11
-15
-22
-8
-4
0
0
6
-2
3
8
-3
0
0
-1
8
13
-6
0
-3
8
2
6
1
-10
2
-8
3
3
-1
2
4
6
3
5
24
18
13
9
13
17
5
10
1
8
1
-7
-5
-4
-5
-9
-2
-7
-10
-8
-7
-11
-14
-6
2
1
14
11
4
12
11
14
22
14
5
1
3
1
-4
6
0
-2
3
5
0
-3
-9
-12
-6
-7
5
2
-3
1
-3
0
-6
-14
-7
-2
-7
-9
1
2
5
-1
-1
-3
0
-1
-6
0
-16
-20
-3
4
5
5
0
-11
-6
-7
-8
3
-2
-5
-2
-3
3
6
3
4
4
10
2
-3
3
-8
-13
-7
0
2
-5
-1
-12
-4
2
0
-7
-8
-3
-1
-4
3
7
-3
4
-6
-3
4
11
2
2
0
-5
9
13
19
15
6
0
4
9
10
2
-4
-9
6
2
-7
-1
-5
1
4
4
-8
0
-5
3
-4
1
-4
-5
-2
-17
-8
-18
-9
4
6
-10
-8
-1
0
10
7
11
7
1
2
12
19
24
16
9
16
10
4
5
10
10
5
12
15
1
1
-8
-10
-7
-4
3
4
5
-7
-9
-12
-13
0
2
0
-12
-17
-13
-7
1
16
28
24
8
2
-2
2
9
21
24
17
11
-11
-18
-3
-4
-6
13
-9
-17
-35
-40
-12
-1
7
-6
-17
-21
-25
-20
-14
-1
0
4
-5
-12
-9
-8
6
12
5
8
6
8
3
5
15
7
3
2
2
-2
2
-7
3
10
9
17
14
5
0
10
3
3
-3
-10
-8
-13
-18
-16
-1
-9
-14
-11
-20
-16
-14
-16
-20
-12
-7
-5
-1
0
1
-6
7
5
9
10
12
19
10
-3
1
7
6
19
15
18
13
13
10
9
13
11
13
11
3
0
-14
-13
-9
-11
-6
1
1
-2
-4
3
8
8
16
12
12
5
2
2
-4
-3
3
5
7
-7
-7
-4
-7
-17
-20
-16
-22
-30
-24
-22
-16
-15
-19
-11
-4
1
4
15
24
25
25
28
28
15
14
26
29
18
10
2
-2
7
1
5
-6
1
0
-2
4
-1
11
4
3
8
8
3
4
0
-1
-2
-7
-3
-1
-2
-5
-4
-15
-10
-8
-6
-4
-18
-20
-19
-8
-11
-7
-8
-1
6
-8
-6
-8
0
10
1
-1
2
4
0
-8
-10
-13
5
2
-8
-4
-21
-24
-20
-9
-1
-1
-4
-8
-10
3
14
23
19
12
12
9
-5
8
17
11
9
4
-4
-5
1
-1
-5
0
-6
-5
-3
-7
-6
-1
-8
-10
9
5
2
-4
-10
-7
-11
-8
-1
-9
-17
-13
-15
-19
-9
-9
-11
1
-5
-8
2
0
7
7
16
9
10
11
10
12
8
11
9
10
11
9
1
12
6
8
24
24
6
12
18
15
11
4
12
13
8
3
-10
0
2
1
7
8
-2
-8
-1
10
10
16
16
7
6
-2
1
7
7
3
5
9
12
3
-9
-11
-6
-1
12
3
-5
-8
-17
-7
-9
-5
-11
-9
-11
-15
-7
-5
4
3
4
-1
-1
6
7
7
11
11
1
-3
-9
-8
-17
-13
-2
-3
-13
-20
-23
-26
-23
-12
-9
-11
-6
5
0
-11
-3
-7
0
7
11
3
0
-1
-6
-3
2
6
0
-7
-12
-17
-3
1
-5
-12
-8
-6
-13
-5
-1
-6
-9
-9
-3
1
4
1
3
10
11
8
4
11
11
4
-3
-1
4
7
12
0
1
-5
-8
2
-2
3
-5
-6
-6
-6
-5
0
3
6
-1
-8
3
5
3
12
1
5
6
-2
5
6
5
8
4
5
9
9
15
2
9
15
17
14
8
10
6
4
2
-1
1
6
5
16
18
20
15
14
14
20
16
8
8
10
5
4
5
6
-5
-13
-11
-8
-16
-3
-10
-12
-2
-12
-19
-19
-14
-20
-9
-13
-20
-15
-16
-9
-4
5
-1
-6
0
-16
-19
-18
-16
-9
-9
-13
-13
0
5
9
11
18
26
29
29
17
20
16
12
3
6
13
-4
-6
-14
-14
-12
-9
-14
-8
-4
-6
-9
2
6
8
-1
1
27
24
23
20
22
16
8
-1
0
-7
-17
-23
-23
-14
-19
-28
-30
-29
-33
-35
-27
-28
-36
-31
-31
-37
-24
-24
-27
-30
-27
-29
-33
-31
-23
-9
-4
4
9
10
2
9
14
19
19
14
26
20
30
32
31
44
45
39
41
45
46
49
52
51
39
45
49
49
41
34
34
34
29
21
25
19
18
20
11
11
12
14
20
12
9
8
1
2
5
1
-4
-12
-11
-33
-31
-34
-51
-51
-55
-66
-78
-72
-74
-71
-58
-62
-74
-84
-96
-91
-80
-70
-70
-67
-66
-67
-64
-58
-36
-28
-17
7
10
33
44
55
70
75
86
103
115
112
113
118
117
127
136
128
109
103
83
71
60
59
58
60
53
32
31
13
18
4
-6
-1
-1
7
5
8
-7
-23
-24
-30
-27
-17
-11
-32
-57
-64
-67
-53
-58
-74
-86
-106
-113
-142
-141
-139
-164
-195
-256
-302
-310
-284
-253
-236
-241
-254
-254
-213
-141
-43
18
67
102
131
193
257
313
361
372
378
360
343
341
326
299
264
219
171
126
87
49
9
-35
-60
-69
-94
-109
-131
-130
-130
-121
-80
-46
-34
-26
-11
1
30
62
86
115
118
113
107
105
101
92
75
49
20
5
-24
-42
-39
-72
-81
-84
-98
-110
-112
-125
-138
-138
-133
-128
-115
-112
-110
-103
-108
-101
-104
-94
-91
-99
-105
-111
-119
-130
-121
-110
-99
-101
-102
-97
-86
-67
-44
-18
-4
24
39
63
85
106
135
170
190
207
213
202
214
199
190
195
185
159
137
122
93
75
82
58
48
30
7
-15
-11
-10
-2
21
24
33
31
33
39
34
47
58
63
75
66
62
55
62
57
55
37
3
-34
-79
-102
-121
-134
-114
-105
-117
-133
-155
-174
-188
-188
-158
-100
-84
-108
-135
-168
-193
-151
-84
-49
-57
-117
-181
-212
-195
-168
-136
-143
-177
-201
-227
-195
-150
-90
-35
-23
13
51
89
141
193
237
285
319
355
360
356
349
334
337
327
320
287
230
185
131
85
74
86
56
7
-38
-85
-86
-67
-58
-35
-28
-31
-36
-23
4
51
97
124
139
124
107
82
77
76
80
94
88
53
12
-28
-43
-42
-76
-144
-212
-249
-246
-242
-239
-200
-190
-206
-249
-272
-243
-206
-174
-163
-179
-219
-275
-345
-387
-430
-449
-451
-430
-389
-343
-316
-310
-291
-208
-59
82
212
299
331
365
418
520
632
695
715
683
616
556
541
517
490
422
323
214
95
19
-38
-79
-129
-172
-196
-226
-247
-237
-211
-184
-153
-103
-56
-43
-5
41
74
135
189
236
238
223
205
201
203
201
188
134
67
-3
-28
-41
-58
-77
-122
-181
-229
-234
-213
-226
-266
-309
-331
-319
-277
-188
-127
-111
-141
-159
-123
-67
6
30
21
-26
-67
-133
-267
-430
-539
-559
-522
-463
-439
-495
-605
-644
-573
-384
-165
11
83
80
117
232
419
614
745
817
799
747
741
780
810
786
717
610
509
419
339
222
99
5
-52
-93
-160
-236
-322
-387
-405
-364
-286
-241
-224
-221
-209
-160
-67
44
133
182
187
192
229
287
335
376
357
308
254
223
201
195
187
136
47
-61
-119
-160
-170
-161
-194
-256
-327
-355
-362
-344
-345
-358
-345
-299
-214
-138
-81
-77
-101
-102
-51
37
87
80
-51
-320
-612
-749
-695
-555
-468
-521
-690
-878
-953
-852
-598
-321
-130
-71
-94
-41
104
344
596
807
924
941
910
899
945
989
1028
1003
956
849
685
527
393
307
222
141
54
-49
-200
-315
-398
-445
-411
-364
-335
-333
-343
-314
-285
-196
-85
12
91
106
127
159
200
236
259
287
257
203
179
134
87
44
-3
-54
-124
-186
-242
-309
-348
-348
-335
-325
-320
-348
-337
-290
-240
-158
-79
15
95
137
142
131
161
205
245
279
235
168
99
60
62
58
40
-41
-131
-216
-236
-215
-187
-176
-210
-266
-273
-228
-170
-137
-165
-289
-536
-766
-826
-687
-499
-428
-451
-570
-692
-689
-504
-234
17
176
199
157
193
371
606
790
925
982
952
894
880
907
946
947
894
831
704
541
401
296
219
193
145
24
-134
-281
-379
-425
-428
-381
-348
-386
-439
-446
-395
-296
-179
-87
-35
-16
0
78
183
271
305
312
286
282
310
338
346
320
250
157
84
29
1
-34
-94
-122
-143
-175
-237
-287
-300
-283
-283
-272
-287
-313
-326
-296
-266
-241
-225
-242
-253
-218
-131
-48
42
116
142
107
-4
-269
-671
-1047
-1173
-1025
-779
-696
-887
-1264
-1565
-1531
-1174
-660
-250
-128
-264
-388
-238
217
769
1185
1393
1376
1268
1283
1439
1644
1805
1807
1656
1443
1237
1066
932
768
615
461
270
43
-213
-442
-632
-724
-729
-699
-702
-753
-827
-869
-808
-650
-412
-214
-84
-26
17
105
267
465
606
648
610
550
552
555
544
486
388
259
111
24
-75
-176
-308
-425
-500
-558
-602
-646
-719
-777
-782
-735
-658
-592
-505
-423
-371
-291
-167
-31
66
167
280
358
410
408
402
374
363
384
378
308
205
133
60
-31
-122
-213
-312
-338
-268
-223
-328
-477
-527
-409
-202
-7
108
17
-161
-153
99
347
307
-83
-634
-997
-900
-508
-223
-280
-624
-1083
-1344
-1152
-602
-82
44
-150
-337
-320
-39
440
905
1107
1092
1014
1014
1125
1343
1540
1563
1445
1366
1289
1145
990
852
751
631
509
373
124
-220
-502
-645
-642
-591
-590
-703
-888
-1008
-962
-804
-638
-501
-460
-409
-247
-18
160
235
284
404
604
829
921
873
759
649
643
704
749
650
382
53
-168
-192
-136
-138
-274
-507
-744
-834
-773
-665
-636
-710
-794
-752
-586
-409
-315
-270
-129
158
481
624
471
-49
-818
-1545
-1799
-1431
-879
-676
-1142
-2033
-2781
-2834
-2140
-1212
-561
-474
-842
-1261
-1190
-396
722
1542
1783
1661
1481
1489
1807
2367
2817
2958
2770
2386
2061
1863
1769
1672
1498
1287
988
563
76
-330
-620
-826
-901
-885
-944
-1169
-1462
-1629
-1568
-1279
-878
-552
-459
-501
-491
-340
38
495
892
1040
941
833
839
943
1090
1131
1004
711
371
59
-209
-429
-619
-746
-810
-867
-1007
-1227
-1436
-1432
-1215
-891
-594
-467
-483
-551
-549
-321
72
458
717
753
599
479
560
819
1164
1347
1230
888
516
342
392
572
657
434
-12
-416
-579
-539
-407
-341
-443
-688
-907
-930
-763
-498
-285
-256
-314
-266
0
371
704
735
116
-1183
-2472
-2657
-1580
-376
-223
-1275
-2664
-3516
-3365
-2243
-787
156
-100
-1200
-1967
-1482
12
1442
2154
2175
1861
1463
1426
2037
2995
3580
3422
2932
2566
2380
2221
2062
1983
1897
1649
1209
662
124
-346
-726
-907
-823
-708
-894
-1418
-1949
-2134
-1879
-1407
-1056
-1019
-1310
-1637
-1581
-999
-164
480
673
439
194
298
815
1476
1917
1945
1525
1026
801
967
1261
1307
989
409
-121
-401
-369
-204
-183
-387
-743
-1021
-1066
-863
-597
-481
-488
-543
-528
-426
-232
-48
3
-22
-48
56
127
179
240
290
297
305
396
554
668
656
422
-349
-1841
-3521
-4155
-3199
-1578
-991
-2135
-4031
-5368
-5353
-3971
-1857
-160
-21
-1401
-2745
-2413
-418
1895
3315
3572
3051
2285
1989
2715
4188
5303
5266
4406
3513
2970
2748
2658
2660
2568
2124
1293
375
-387
-972
-1386
-1583
-1542
-1476
-1725
-2367
-3026
-3243
-2819
-2049
-1315
-926
-942
-1166
-1261
-798
225
1276
1815
1690
1137
671
704
1336
2157
2492
2094
1265
461
121
325
647
616
147
-419
-848
-1126
-1212
-1114
-1089
-1154
-1165
-1079
-1050
-1100
-1007
-684
-249
168
517
602
480
436
657
1041
1383
1566
1406
980
586
498
637
717
610
326
-48
-444
-613
-503
-333
-316
-435
-526
-566
-657
-1140
-2418
-4241
-5337
-4470
-2242
-850
-1661
-3828
-5504
-5568
-3995
-1411
886
1359
-235
-2177
-2277
-65
2871
4630
4683
3676
2563
2057
2682
4316
5745
5701
4302
2893
2359
2327
2301
2318
2260
1739
721
-270
-870
-1278
-1601
-1773
-1707
-1600
-1776
-2314
-2966
-3171
-2611
-1647
-888
-580
-617
-889
-1044
-585
401
1224
1404
1231
1025
917
1091
1544
2006
2043
1634
1109
632
396
492
719
666
228
-336
-855
-1201
-1172
-810
-527
-632
-969
-1189
-1206
-1007
-517
38
264
178
54
102
288
555
857
954
797
568
432
400
392
337
181
-41
-155
-103
-117
-275
-426
-356
-168
-119
-249
-779
-1955
-3690
-5005
-4741
-2983
-1295
-1404
-3364
-5478
-6021
-4680
-2371
-197
753
-79
-1889
-2692
-1124
1839
4083
4577
3828
2853
2379
2788
4129
5614
6102
5215
3804
2955
2880
2997
2918
2694
2324
1593
561
-371
-951
-1276
-1536
-1662
-1644
-1775
-2341
-3133
-3564
-3243
-2355
-1454
-1046
-1175
-1511
-1689
-1457
-675
436
1313
1458
1076
720
810
1372
2101
2645
2648
2050
1225
717
785
1236
1512
1205
378
-503
-1035
-1098
-824
-502
-520
-979
-1536
-1718
-1441
-965
-523
-262
-268
-394
-419
-238
133
430
585
617
557
476
442
420
387
385
349
354
274
66
-205
-338
-223
51
219
50
-616
-1946
-3811
-5275
-5012
-2919
-916
-1202
-3657
-6056
-6473
-4945
-2485
-123
889
-216
-2468
-3320
-1334
2078
4431
4712
3736
2670
2256
2816
4410
6133
6615
5449
3765
2994
3191
3433
3318
3083
2703
1793
569
-323
-752
-1086
-1447
-1637
-1683
-1923
-2586
-3400
-3840
-3467
-2496
-1657
-1411
-1615
-1972
-2288
-2083
-939
700
1642
1388
667
344
715
1695
2816
3382
2960
1942
1088
919
1439
2086
2107
1262
118
-624
-869
-796
-494
-333
-657
-1403
-1858
-1756
-1446
-1164
-902
-701
-709
-792
-749
-530
-268
-16
196
313
306
239
165
130
241
411
467
309
136
105
148
153
182
226
124
-191
-783
-1913
-3739
-5209
-4695
-2392
-764
-1765
-4455
-6277
-6069
-4410
-2071
94
679
-943
-3143
-3208
-472
2897
4567
4232
3129
2389
2344
3222
5020
6660
6595
4896
3379
3231
3701
3778
3605
3446
2843
1603
392
-210
-455
-802
-1179
-1435
-1725
-2234
-3010
-3745
-3897
-3236
-2325
-1933
-2092
-2417
-2790
-2903
-2112
-442
908
1029
433
28
266
1152
2424
3418
3391
2500
1577
1222
1630
2409
2806
2236
1029
50
-392
-465
-215
53
-192
-1021
-1812
-1968
-1694
-1398
-1148
-918
-923
-1164
-1311
-1129
-702
-269
24
135
64
-19
6
105
330
661
816
594
231
119
221
282
364
514
537
194
-425
-1393
-3088
-4917
-5124
-2978
-648
-953
-3732
-6267
-6651
-5154
-2790
-398
710
-559
-3154
-4145
-1902
1941
4409
4403
3130
2091
1886
2650
4456
6496
7039
5502
3609
3143
3751
4111
3985
3838
3396
2248
917
167
-106
-426
-827
-1117
-1397
-1898
-2700
-3610
-4028
-3530
-2525
-1971
-2176
-2658
-3049
-3257
-2791
-1318
285
807
314
-252
-224
463
1695
2938
3383
2850
2010
1501
1610
2273
2931
2839
1866
800
195
17
42
238
239
-402
-1277
-1738
-1616
-1342
-1162
-990
-1011
-1300
-1548
-1428
-1010
-592
-353
-297
-369
-443
-341
-122
120
371
489
384
145
53
186
335
427
538
547
294
-123
-738
-2166
-4270
-5160
-3257
-501
-482
-3505
-6351
-6629
-4877
-2441
-168
671
-950
-3515
-4091
-1656
2010
4348
4166
2411
1156
1556
3104
4828
6247
6487
4998
3173
2937
4020
4651
4306
3742
3134
2115
1145
760
548
20
-506
-862
-1273
-1826
-2429
-3081
-3568
-3270
-2435
-2042
-2419
-2873
-3084
-3079
-2532
-1244
-41
138
-417
-705
-217
806
1951
2717
2686
2069
1513
1525
2128
2863
3071
2372
1264
507
361
575
775
678
89
-841
-1549
-1604
-1246
-935
-921
-1143
-1417
-1574
-1488
-1197
-816
-555
-419
-495
-596
-525
-365
-186
8
206
295
284
247
294
364
415
582
846
971
776
216
-856
-2683
-4509
-4562
-2258
64
-470
-3673
-6500
-6761
-4948
-2362
-142
312
-1628
-4266
-4765
-2110
1721
3948
3591
1834
637
975
2581
4736
6455
6570
4963
3297
3156
4212
4975
4947
4534
3771
2661
1688
1255
1139
879
403
-139
-773
-1520
-2330
-3045
-3295
-2877
-2284
-2286
-2893
-3531
-3719
-3365
-2380
-1081
-364
-749
-1675
-1935
-1012
584
1910
2366
1860
976
572
1112
2309
3290
3295
2299
1042
432
685
1330
1712
1413
465
-657
-1316
-1213
-678
-349
-515
-1082
-1673
-1942
-1726
-1180
-655
-445
-585
-792
-878
-676
-313
31
279
346
289
106
-31
29
297
549
643
584
398
216
189
420
684
504
-432
-2316
-4377
-4909
-3018
-500
-216
-2678
-5560
-6541
-5445
-3073
-601
395
-932
-3394
-4413
-2650
698
3235
3607
2356
1133
1062
2159
3961
5663
6232
5257
3764
3266
3873
4537
4695
4522
4023
3125
2125
1406
1041
823
630
286
-342
-1141
-1986
-2731
-3120
-2877
-2300
-2140
-2665
-3371
-3654
-3361
-2549
-1529
-818
-819
-1343
-1741
-1396
-213
1194
1942
1723
1007
538
765
1651
2638
3013
2450
1370
578
604
1219
1762
1666
901
-90
-794
-884
-566
-195
-191
-662
-1297
-1717
-1659
-1272
-829
-508
-502
-740
-982
-987
-676
-185
218
352
236
39
-65
-88
64
373
704
814
640
329
105
146
474
807
665
-344
-2329
-4333
-4605
-2548
-144
-125
-2736
-5543
-6393
-5102
-2639
-335
309
-1327
-3750
-4503
-2530
793
3123
3205
1814
647
737
2024
3886
5469
5851
4819
3488
3178
3838
4552
4774
4598
4053
3184
2247
1568
1209
1083
1033
744
7
-982
-1936
-2653
-2825
-2371
-1823
-1923
-2760
-3670
-3900
-3355
-2301
-1306
-904
-1214
-1753
-1941
-1451
-318
899
1506
1260
678
351
650
1473
2407
2803
2312
1382
753
830
1427
1906
1831
1129
173
-447
-538
-244
46
-38
-554
-1218
-1598
-1547
-1221
-860
-690
-772
-1024
-1175
-1091
-761
-333
25
144
8
-236
-302
-49
292
578
680
575
309
193
299
634
871
861
562
-83
-1174
-2672
-3755
-3271
-1407
-200
-1324
-3945
-5712
-5448
-3696
-1656
-369
-701
-2509
-4151
-3753
-1190
1702
2942
2155
745
204
972
2616
4448
5542
5205
3887
2888
3156
4159
4920
5003
4460
3592
2643
1923
1676
1785
1799
1368
485
-508
-1299
-1821
-2020
-1912
-1716
-1867
-2533
-3315
-3622
-3259
-2516
-1832
-1512
-1583
-1915
-2137
-1789
-903
63
622
624
396
245
425
1009
1769
2332
2303
1734
1098
956
1342
1860
2019
1646
888
65
-311
-149
230
350
-44
-751
-1356
-1585
-1408
-1002
-701
-714
-1034
-1359
-1380
-1050
-565
-182
-15
-53
-244
-392
-251
167
598
752
559
229
104
317
685
942
883
586
271
-23
-635
-1911
-3294
-3427
-1907
-408
-855
-3138
-5156
-5386
-4020
-2058
-558
-486
-2080
-3968
-4076
-1776
1216
2682
2057
625
-74
573
2211
4070
5175
4866
3575
2568
2877
4058
4933
4899
4252
3430
2681
2143
1987
2105
2022
1488
653
-122
-713
-1159
-1475
-1545
-1465
-1560
-2060
-2756
-3152
-3016
-2507
-1961
-1635
-1647
-1988
-2285
-1996
-1142
-272
56
-23
-147
-70
245
790
1406
1767
1711
1341
1096
1196
1544
1816
1789
1423
890
426
304
445
606
457
-57
-650
-1020
-1073
-920
-718
-670
-878
-1232
-1441
-1289
-855
-461
-263
-282
-418
-530
-468
-163
229
496
490
301
130
121
311
576
778
789
658
445
317
262
67
-677
-2028
-3155
-2966
-1520
-487
-1262
-3335
-4839
-4696
-3334
-1708
-717
-1041
-2522
-3799
-3314
-1048
1257
2024
1231
154
-37
876
2424
3878
4538
4102
3110
2595
3105
4123
4705
4530
3941
3295
2736
2347
2232
2250
2095
1598
890
219
-333
-787
-1108
-1213
-1177
-1355
-1910
-2605
-2961
-2786
-2360
-1970
-1816
-1949
-2240
-2358
-1922
-1160
-593
-535
-689
-640
-297
200
709
1100
1219
1074
897
1032
1406
1732
1741
1503
1200
957
840
825
871
813
510
15
-344
-455
-410
-368
-417
-569
-804
-1041
-1075
-882
-597
-434
-491
-639
-701
-588
-355
-79
74
64
-65
-177
-130
69
304
473
501
385
218
131
176
223
73
-658
-1883
-2862
-2701
-1419
-465
-1078
-2919
-4330
-4261
-3003
-1524
-680
-996
-2311
-3425
-2958
-958
1048
1671
956
50
-61
828
2226
3494
3995
3567
2748
2458
3031
3917
4366
4191
3692
3202
2809
2529
2441
2417
2198
1717
1112
519
-17
-440
-704
-779
-827
-1133
-1739
-2360
-2633
-2460
-2077
-1798
-1781
-2032
-2356
-2419
-1966
-1273
-836
-828
-1001
-981
-703
-226
319
771
906
763
640
777
1124
1486
1639
1569
1329
1030
836
831
1008
1101
901
412
1
-205
-224
-169
-136
-225
-509
-849
-1025
-929
-662
-487
-500
-633
-752
-778
-651
-413
-213
-98
-209
-360
-377
-271
-88
104
237
288
246
204
247
326
332
130
-506
-1592
-2463
-2306
-1158
-274
-854
-2569
-3874
-3800
-2688
-1416
-709
-985
-2132
-3166
-2822
-1050
742
1316
656
-127
-137
668
1905
2997
3471
3159
2458
2218
2819
3699
4163
3984
3501
3067
2738
2555
2530
2572
2379
1865
1187
592
220
-21
-247
-407
-601
-1015
-1618
-2118
-2244
-2047
-1796
-1715
-1843
-2119
-2395
-2366
-1921
-1338
-1063
-1182
-1364
-1305
-889
-334
160
475
493
370
356
641
1134
1526
1615
1428
1166
1033
1088
1229
1301
1222
939
545
227
127
166
176
79
-150
-418
-670
-771
-728
-579
-499
-582
-761
-886
-890
-780
-568
-417
-388
-512
-611
-562
-411
-247
-141
-61
6
54
75
123
204
240
130
-207
-877
-1713
-2180
-1692
-712
-401
-1321
-2778
-3485
-3010
-1896
-933
-609
-1156
-2203
-2774
-1980
-253
1064
1170
473
-41
149
1011
2136
3038
3239
2735
2148
2177
2873
3612
3839
3558
3057
2628
2401
2357
2441
2405
2047
1455
890
492
271
60
-187
-403
-659
-1044
-1522
-1860
-1907
-1753
-1613
-1635
-1805
-2003
-2138
-2041
-1689
-1352
-1183
-1180
-1184
-1018
-756
-401
-29
225
349
385
473
680
983
1232
1327
1306
1206
1139
1111
1105
1109
1075
913
674
449
303
205
109
-10
-157
-320
-519
-646
-672
-638
-609
-667
-779
-824
-843
-796
-719
-644
-589
-570
-542
-482
-376
-345
-307
-241
-93
70
159
211
271
338
324
98
-507
-1389
-1963
-1655
-618
-22
-708
-2226
-3299
-3100
-1982
-814
-290
-748
-1921
-2799
-2323
-658
901
1257
536
-290
-381
373
1588
2666
2992
2472
1727
1602
2244
3099
3540
3402
2927
2452
2198
2219
2402
2440
2160
1648
1121
731
469
255
68
-107
-293
-595
-1037
-1455
-1629
-1547
-1416
-1350
-1414
-1655
-1911
-1974
-1722
-1284
-1016
-1083
-1293
-1325
-1089
-656
-212
93
178
46
-9
223
711
1119
1216
1066
863
794
874
1092
1258
1215
913
580
400
409
483
465
320
55
-221
-430
-499
-428
-369
-416
-553
-728
-843
-879
-793
-641
-543
-556
-699
-815
-791
-612
-381
-257
-261
-327
-294
-127
134
339
416
361
163
-121
-525
-1003
-1347
-1246
-644
-240
-678
-1782
-2595
-2476
-1661
-855
-500
-775
-1547
-2200
-1960
-745
503
880
362
-255
-308
272
1191
2080
2473
2210
1655
1507
1985
2660
3039
2993
2708
2389
2175
2102
2164
2205
2049
1709
1296
943
621
396
236
125
11
-292
-724
-1151
-1389
-1360
-1193
-1092
-1222
-1502
-1785
-1874
-1670
-1246
-873
-857
-1145
-1404
-1342
-935
-386
-1
46
-132
-292
-192
188
663
938
919
723
569
617
833
1049
1114
979
731
526
440
434
434
373
266
83
-118
-313
-401
-432
-440
-449
-527
-638
-775
-837
-792
-668
-541
-534
-612
-670
-644
-490
-298
-134
-71
-105
-190
-165
37
335
544
528
414
339
298
231
-69
-683
-1286
-1386
-794
-197
-430
-1495
-2463
-2613
-1965
-1109
-594
-732
-1501
-2333
-2307
-1185
150
696
251
-385
-509
-23
869
1834
2347
2140
1548
1342
1833
2585
3030
3008
2746
2447
2231
2196
2312
2361
2168
1791
1446
1187
928
633
358
178
56
-144
-451
-830
-1177
-1339
-1333
-1238
-1197
-1346
-1610
-1813
-1775
-1482
-1127
-979
-1116
-1358
-1413
-1110
-596
-173
-78
-200
-324
-246
95
518
824
842
658
514
583
803
1011
1041
895
690
529
455
451
456
357
192
11
-124
-222
-304
-378
-425
-443
-477
-529
-606
-675
-676
-614
-490
-403
-392
-436
-466
-393
-255
-97
-20
4
4
15
94
176
294
388
409
380
288
117
-134
-497
-948
-1289
-1220
-801
-539
-936
-1806
-2400
-2316
-1725
-1126
-867
-1003
-1540
-2010
-1835
-911
129
512
254
-91
-61
378
1006
1676
2116
2093
1777
1647
1939
2392
2662
2664
2582
2452
2275
2099
2031
2013
1882
1657
1411
1190
907
509
192
45
-9
-117
-367
-699
-1028
-1248
-1287
-1172
-1065
-1109
-1323
-1546
-1586
-1386
-1089
-884
-853
-1027
-1180
-1090
-763
-367
-153
-144
-256
-286
-135
143
436
588
578
456
393
506
648
743
715
649
606
517
439
376
338
298
222
156
40
-74
-162
-223
-239
-247
-274
-338
-425
-499
-503
-471
-425
-377
-383
-416
-468
-466
-393
-285
-171
-140
-172
-207
-195
-119
-17
42
62
61
35
-13
-70
-211
-500
-889
-1210
-1151
-754
-433
-604
-1203
-1722
-1794
-1455
-958
-551
-454
-730
-1169
-1269
-774
4
491
494
323
270
400
692
1125
1534
1691
1599
1508
1619
1841
1941
1931
1930
1985
2002
1908
1772
1587
1405
1253
1187
1211
1147
871
472
142
-19
-39
-31
-91
-278
-578
-899
-1056
-1032
-930
-872
-943
-1118
-1255
-1287
-1208
-1094
-1055
-1072
-1056
-972
-806
-640
-566
-502
-431
-313
-129
69
236
311
321
358
483
637
740
750
726
677
640
660
681
654
562
445
351
298
229
121
-17
-156
-259
-320
-347
-398
-474
-586
-701
-754
-768
-729
-695
-676
-666
-664
-615
-562
-489
-408
-327
-250
-180
-119
-83
-36
22
68
134
184
172
157
97
17
-120
-313
-488
-538
-426
-310
-312
-472
-683
-807
-835
-746
-562
-403
-347
-425
-512
-454
-247
-26
150
262
351
438
546
705
880
982
1011
1047
1162
1321
1433
1440
1361
1269
1196
1205
1258
1279
1191
1007
792
644
563
519
440
335
201
49
-44
-136
-205
-269
-319
-355
-406
-433
-488
-521
-534
-514
-450
-425
-410
-433
-434
-392
-328
-278
-240
-214
-226
-250
-237
-160
-132
-132
-153
-204
-256
-279
-291
-285
-288
-305
-329
-358
-362
-362
-357
-362
-382
-384
-392
-374
-332
-305
-264
-231
-216
-206
-162
-124
-77
-26
10
38
45
50
91
119
135
146
157
142
118
102
77
66
90
78
42
15
-2
-6
-31
-34
-69
-64
-68
-101
-88
-86
-63
-50
-46
-36
-11
13
45
68
85
92
119
169
209
246
266
273
281
269
266
291
323
343
323
289
253
240
255
238
227
224
201
174
161
142
132
136
149
162
154
136
145
147
170
169
155
172
191
184
165
161
132
110
118
100
68
42
-16
-63
-92
-95
-107
-131
-178
-237
-277
-312
-314
-322
-348
-373
-389
-399
-409
-392
-386
-386
-381
-376
-367
-341
-309
-288
-269
-267
-218
-203
-175
-144
-131
-103
-87
-63
-31
-29
-10
-9
-6
22
18
11
-10
-18
-10
2
-3
-35
-17
0
11
25
16
27
34
44
82
123
140
172
168
175
187
210
238
268
295
293
303
297
277
280
292
280
317
312
276
237
197
189
211
223
191
148
67
3
3
18
44
17
-36
-85
-135
-140
-123
-93
-89
-112
-136
-150
-148
-120
-91
-66
-42
-6
-28
-35
-25
-9
33
70
76
57
29
-8
19
50
56
37
-8
-56
-97
-96
-79
-63
-69
-138
-202
-226
-223
-195
-174
-178
-195
-203
-223
-244
-207
-166
-137
-131
-136
-132
-149
-125
-68
-21
-1
-20
-41
-37
-26
-9
4
17
6
18
15
2
12
0
-10
-16
4
-1
2
-2
-4
24
45
79
76
71
75
81
140
167
198
196
181
177
193
204
211
215
189
174
174
187
201
188
163
127
85
106
114
94
55
13
-31
-46
-41
-31
-14
-45
-68
-84
-89
-86
-75
-58
-64
-60
-68
-68
-54
-26
-31
-37
-28
-44
-32
-13
10
4
-11
-17
-26
-16
-8
-10
-19
-26
-41
-45
-44
-23
-33
-35
-53
-73
-62
-57
-52
-47
-38
-46
-54
-51
-46
-46
-39
-45
-30
-2
-5
-10
-2
-5
-8
6
14
24
27
29
-6
-14
-32
-29
-13
-31
-43
-55
-68
-79
-66
-66
-60
-83
-103
-86
-99
-84
-65
-65
-67
-64
-41
-15
10
9
15
19
36
79
118
128
120
99
109
132
156
192
163
133
121
114
122
151
157
123
78
32
17
56
70
53
21
-14
-26
-16
2
5
-7
-40
-44
-30
-20
-9
3
-5
-3
-13
3
8
6
4
-20
-10
-9
-6
-5
-17
-23
-38
-62
-80
-85
-91
-83
-101
-122
-127
-132
-122
-112
-95
-88
-94
-110
-123
-87
-70
-47
-15
-16
-14
-4
6
19
64
68
69
82
84
90
104
98
93
94
76
75
85
88
68
35
13
24
38
53
31
17
10
-18
-24
-16
16
-5
-15
-39
-38
-28
-20
-5
-16
-13
-18
-6
-8
-27
-32
-34
-46
-20
-20
-22
-15
-26
-32
-39
-36
-23
-12
-5
-5
-26
-25
-14
1
7
18
14
21
29
35
47
49
58
43
42
43
61
65
56
55
54
70
57
62
64
44
36
36
39
51
35
2
-23
-38
-22
-15
-5
-9
-25
-45
-53
-74
-63
-45
-57
-46
-51
-79
-66
-76
-66
-56
-55
-44
-45
-60
-70
-46
-14
8
18
11
-18
-41
-22
-6
14
26
16
6
-9
-13
10
33
25
29
20
0
14
12
4
23
29
22
16
24
23
37
40
31
54
36
38
37
40
51
38
44
43
31
27
23
3
1
1
-15
-31
-28
-29
-36
-39
-29
-54
-71
-87
-92
-80
-78
-81
-90
-80
-62
-43
-35
-31
-25
-22
-7
-5
-1
17
28
47
64
79
88
85
71
82
75
60
67
62
71
54
52
46
28
5
12
13
-7
-14
-39
-49
-48
-19
-13
-30
-25
-14
-29
-22
-11
7
16
15
2
-19
-6
4
34
40
27
21
6
21
33
45
55
45
20
-2
-13
-6
10
2
0
-28
-48
-33
-31
-33
-38
-60
-70
-70
-36
-17
-27
-38
-40
-34
-22
5
9
5
1
-5
8
21
18
16
16
16
24
41
57
51
30
2
0
33
40
42
38
-16
-41
-31
-4
0
-8
-34
-67
-74
-59
-29
-23
-31
-50
-65
-56
-41
-21
5
-3
-21
-32
-21
0
11
15
22
15
20
16
22
22
27
60
47
31
21
12
7
19
7
-7
-13
-32
-41
-23
-20
-20
-14
-29
-17
-16
-23
-10
2
18
15
5
12
7
4
8
21
11
25
37
48
61
56
75
62
78
71
62
66
72
75
53
34
22
11
-10
0
8
1
-11
-35
-52
-41
-45
-31
-15
-32
-38
-44
-44
-34
-23
-31
-36
-42
-37
-31
-25
-7
-4
-21
-33
-38
-23
-12
1
9
-14
-24
-12
-2
12
21
7
20
24
16
17
29
30
45
47
22
12
0
7
14
13
-1
-10
-1
-4
-2
-1
-1
-1
-4
-8
-17
-11
0
11
13
3
-10
-32
-49
-36
-14
-12
-5
-24
-34
-40
-31
-43
-37
-27
-36
-31
-35
-30
-28
-22
-18
-28
-24
-10
-6
-10
11
22
20
18
18
40
50
61
57
54
52
36
45
64
60
57
86
70
51
61
55
39
28
38
25
20
20
10
-3
-4
0
0
15
-20
-55
-66
-51
-26
-25
-25
-48
-67
-72
-69
-45
-40
-40
-50
-63
-69
-66
-50
-41
-50
-59
-62
-50
-49
-34
-18
-7
6
-9
-9
0
13
33
43
46
55
61
60
70
96
101
87
79
79
58
53
57
52
64
57
45
33
24
24
6
-6
-12
-37
-27
-35
-44
-42
-47
-41
-43
-33
-28
-37
-49
-54
-45
-26
-23
-22
-29
-27
-33
-18
-2
-17
-7
-12
-10
-22
-9
30
37
9
-24
-17
-8
13
14
21
5
1
-4
2
9
8
5
15
27
32
43
29
27
22
16
24
8
2
-5
-1
13
21
18
13
21
14
5
-3
0
-2
-9
-15
-26
-32
-34
-19
2
6
-2
-22
-26
-19
3
2
2
-16
-35
-28
-25
-27
-18
-29
-22
-15
-17
-11
-13
-3
10
4
-6
-9
-13
11
24
29
39
41
28
28
25
25
25
13
11
17
5
-1
8
13
10
4
-6
0
-32
-42
-22
-13
-11
-10
-13
-19
-16
-7
-8
1
7
-12
-19
-21
-18
9
19
19
10
-6
-12
-4
4
15
6
21
0
-4
21
22
27
24
36
36
36
36
39
47
43
30
27
39
48
43
28
24
42
31
28
23
15
1
-22
-25
-16
-5
-13
-28
-35
-44
-50
-37
-35
-27
-28
-34
-45
-58
-47
-32
-13
-9
-12
-20
-26
-29
-21
-6
2
-6
-16
-12
-11
-9
6
-4
-25
-27
-29
-27
-7
-16
-5
1
-16
-12
-24
-18
-20
-10
-5
-7
-7
-18
-13
-7
15
11
5
10
12
26
25
24
31
31
25
22
26
26
28
22
9
3
-4
4
6
2
8
1
5
-7
-9
-3
1
7
2
-6
-18
-5
-16
-5
10
-3
-11
-5
-8
7
14
18
26
23
10
-4
5
18
22
16
17
8
9
26
21
34
24
-1
0
-13
-16
-1
7
4
-3
-4
-6
-20
-15
4
-4
-6
-3
-6
-2
12
9
6
-11
-12
-13
-9
6
12
19
1
-1
4
-11
1
2
-1
8
5
0
11
15
11
19
4
-3
-2
8
5
-1
-8
-6
0
-10
-9
-15
-29
-24
-19
-20
-28
-19
-18
-20
-25
-18
-11
-13
-20
-32
-33
-26
-26
-19
-17
-29
-13
-11
1
22
27
26
16
15
12
19
30
31
37
36
26
31
18
24
24
5
0
-7
-17
-29
-24
-18
-7
-7
-22
-29
-22
-20
-13
6
-13
-6
12
-9
-2
-4
1
10
5
14
8
-3
2
-4
12
17
16
29
5
3
-5
3
11
8
6
-4
-5
-5
3
11
8
-5
8
15
19
14
4
-4
-11
-17
-11
-6
8
0
-1
16
8
7
12
8
-3
9
4
14
16
8
6
18
14
7
2
5
21
7
17
9
-3
7
6
10
5
1
-3
-10
-9
-35
-39
-34
-29
-30
-38
-39
-28
-11
-11
-1
-11
-19
-21
-4
12
18
11
18
10
-2
-13
-8
19
12
9
5
0
8
9
21
22
9
8
14
8
-9
0
16
16
10
0
4
-11
-23
-15
-7
4
2
-20
-5
9
11
19
8
9
19
-1
-3
18
11
14
16
-2
-6
11
9
14
8
-4
2
0
-4
18
7
0
-8
-17
-25
-28
-30
-42
-37
-35
-42
-42
-44
-31
-26
-35
-35
-33
-23
-35
0
-4
-12
5
8
21
25
36
20
8
4
14
31
26
25
27
28
21
14
27
19
14
1
-23
-12
0
1
-4
-14
-16
-26
-15
-2
-5
-15
-11
-6
-10
1
13
7
13
15
17
18
18
21
15
13
9
7
16
9
6
3
7
1
-5
0
-10
-5
-3
5
4
-2
-11
-1
-4
-13
9
8
16
0
-8
3
7
13
21
25
25
29
30
24
19
25
22
27
27
23
23
23
21
13
-5
-9
-2
0
-13
-26
-26
-30
-30
-34
-33
-16
-16
-38
-35
-36
-37
-42
-43
-39
-45
-35
-33
-26
-25
-21
-5
-17
-12
-2
-7
7
13
16
29
39
33
16
24
47
31
32
33
27
19
28
28
15
17
-5
-8
-2
-11
-11
-16
-14
-17
-22
-21
-7
-7
-7
1
-10
-16
-19
-16
-22
-24
-9
-12
-11
-1
-12
-10
12
14
-11
-15
-25
-12
-11
-13
4
-2
-8
2
0
-5
6
1
-5
8
2
3
8
0
4
15
27
15
16
23
26
37
37
40
38
38
37
40
36
44
32
20
5
1
-4
-8
-5
-7
3
-8
-16
-24
-19
-30
-19
-16
-37
-47
-36
-31
-37
-33
-20
-9
-33
-31
-27
-23
-14
-12
-13
-15
-9
-6
8
12
26
29
35
38
37
44
51
45
41
43
49
40
42
54
40
33
28
25
15
1
-2
3
9
12
5
-10
-12
-19
-18
-16
-16
-13
-24
-31
-48
-47
-45
-42
-47
-47
-57
-52
-44
-38
-22
-31
-31
-38
-41
-32
-25
-21
-29
-13
-12
-15
-15
-7
2
4
22
29
22
17
31
40
35
49
37
34
18
18
27
20
27
29
42
27
33
27
10
14
10
0
-8
-25
-19
-10
2
-6
-16
-7
-14
-15
-19
-12
-5
-9
-1
-4
-19
-22
-24
-13
-9
-15
-8
-12
-12
-9
-14
-1
-2
1
1
-4
-4
-9
0
10
10
11
18
2
9
11
7
18
18
25
27
32
31
34
35
27
33
23
26
34
25
30
25
20
32
23
16
12
6
8
6
-7
3
-9
-25
-24
-34
-31
-36
-31
-31
-39
-42
-48
-27
-33
-48
-34
-35
-30
-33
-28
-26
-29
-17
-7
-2
-3
11
16
17
16
26
26
31
35
41
39
37
42
33
36
27
21
13
15
20
6
-3
-13
-17
-17
-22
-25
-35
-32
-23
-35
-30
-30
-35
-32
-22
-23
-19
-15
-8
-3
-7
-2
-1
-17
-15
-6
-4
1
-8
2
-1
-10
-9
-2
-4
-10
-12
-16
-11
-17
-16
-18
-9
-5
7
2
-5
5
16
19
18
27
28
37
40
44
35
43
44
31
38
37
29
39
38
26
36
43
34
14
13
6
-8
-3
-1
-17
-23
-15
-25
-36
-44
-41
-29
-41
-39
-48
-53
-51
-47
-38
-36
-29
-17
-25
-31
-20
-13
-2
1
21
18
29
38
31
36
52
55
50
45
42
32
37
48
43
50
29
20
25
17
6
7
-4
-8
-5
12
14
-5
-9
-3
4
1
2
-13
-15
-96
-228
-280
-204
-30
124
82
-67
-98
-25
70
93
100
112
147
163
118
127
138
54
-75
-105
-9
141
211
108
7
-7
-8
-42
-82
-82
-34
31
44
-21
-91
-138
-168
-156
-83
13
54
20
-67
-111
-100
-49
1
42
64
51
28
11
-4
-6
13
36
42
62
41
14
-16
-79
-94
-63
-9
12
0
-57
-101
-137
-134
-89
-53
-44
-57
-68
-98
-100
-93
-58
-17
-10
5
0
-1
-14
-25
-15
18
53
76
70
40
6
1
12
39
73
64
48
26
-2
-3
11
21
35
40
28
24
-6
-19
-6
1
33
44
47
36
15
13
27
35
64
84
94
79
58
47
57
81
81
86
69
57
50
56
63
59
60
56
43
38
19
22
6
2
16
17
11
-11
-27
-48
-49
-37
-26
-21
-17
-20
-31
-43
-31
-23
-23
-11
-4
-3
-11
-25
-13
-12
-8
-2
-6
-8
-12
-18
-12
-3
-6
0
-10
-21
-34
-28
-14
-8
-16
-14
-11
-28
-27
-32
-35
-49
-38
-23
-27
-37
-25
-19
-17
-12
-11
-3
-19
-7
-15
-15
-18
-19
-15
-24
-10
-20
-13
-22
-31
-27
-29
-36
-38
-34
-44
-45
-54
-51
-41
-25
-19
-27
-25
-21
-18
-19
-7
