13
26
10
9
5
-4
7
5
-17
7
-9
-25
-21
-15
-32
-31
-48
-44
-38
-42
-34
-37
-32
-33
-29
-30
-26
-8
-4
-1
13
19
4
6
34
48
52
13
12
2
4
26
18
36
21
28
18
4
12
5
-3
8
-9
6
0
-12
-21
-19
-20
-28
-21
-36
-33
-39
-16
-32
-26
-23
-12
-10
-13
-6
-15
-21
-13
-9
-15
-3
-3
11
7
2
12
16
0
-3
-8
5
-2
-12
11
23
26
31
23
9
7
2
9
33
22
28
27
40
33
29
20
5
22
18
20
25
0
-8
-1
9
-13
-13
2
6
-9
4
1
1
20
9
11
2
12
-3
-6
2
-8
-15
6
-15
-24
11
-24
-27
-20
-33
-10
-32
-26
-17
-5
23
13
5
0
-17
-14
-3
10
1
-4
-10
-11
14
-3
-5
24
32
42
29
16
33
6
14
19
-3
7
-7
-5
-5
-4
-14
-5
-8
-12
-20
-9
7
3
10
7
15
8
0
7
6
-6
4
1
-14
-10
6
4
8
-3
-14
-30
-6
-12
-22
-35
-29
-25
-33
-15
-20
-17
-14
-6
-19
-11
-6
-14
0
-5
-12
-4
7
10
11
-13
-17
-42
-35
-22
-33
-20
-33
-23
-24
2
-6
-1
7
-8
4
-2
28
18
22
43
36
13
17
27
8
11
19
19
13
43
3
13
2
-9
11
-2
18
11
18
11
5
9
11
19
21
21
51
28
27
46
25
30
40
43
32
19
11
29
33
-4
9
-1
8
-4
-7
-5
-5
-4
-12
15
3
-6
-9
-15
-41
-22
1
-13
-2
-7
-24
-19
-37
-31
-26
-36
-37
-32
-17
-1
-1
-22
-18
-27
-16
-35
1
-1
-6
8
6
15
14
36
32
15
14
29
8
-3
7
-3
-7
21
5
1
6
-10
-27
-17
-6
-15
-32
-49
-37
-33
-28
-34
-29
-34
-52
-19
-18
-17
-5
-19
-15
2
11
20
20
-11
21
17
-18
11
13
-6
-13
-8
-21
-11
6
6
13
25
11
6
12
10
36
32
34
38
24
48
19
25
24
27
22
34
42
20
26
3
5
8
1
-2
-12
10
-26
-31
-44
-47
-40
-72
-46
-58
-52
-32
-43
-29
-26
-18
-6
-19
-4
7
10
21
8
-2
21
20
24
27
25
54
36
47
41
66
45
44
34
36
40
33
32
-1
18
18
12
13
13
10
20
20
17
-2
0
-3
-15
-4
-40
-23
-29
-38
-25
-4
-12
-11
-25
-23
-19
-26
-26
-16
-22
-27
-31
-14
-14
-37
-9
-23
-13
-21
-10
-7
-21
-23
-12
-2
-8
-19
-24
-15
-5
10
16
8
-20
0
20
13
4
18
28
17
40
30
59
52
26
58
42
50
56
50
44
22
26
17
-1
2
-15
-9
-25
-41
-24
-32
-38
-52
-61
-55
-37
-44
-50
-26
-43
-31
-16
-28
1
-19
-23
-5
-24
-21
-11
-7
-18
-8
1
-21
5
-3
-18
1
-22
2
-19
-21
-5
-3
-3
-1
10
14
29
10
16
14
17
23
15
18
21
28
42
46
37
19
18
29
37
31
23
16
-12
6
20
18
13
19
19
-8
-2
2
4
-7
4
12
-2
-6
-14
6
13
11
12
-6
-18
-11
1
-11
-12
4
13
4
4
28
34
30
28
26
38
33
32
29
15
17
11
7
23
12
13
22
-4
2
13
3
-6
-27
-28
-35
-63
-48
-58
-43
-44
-52
-37
-45
-17
-37
-46
-18
-13
21
31
6
4
-24
-19
5
4
-8
-12
15
-13
-21
-5
2
-5
-20
-17
-49
-31
-33
-46
-17
-29
-24
-36
-31
-24
-30
-18
-10
-9
-9
0
20
27
33
44
39
34
21
18
26
32
26
19
4
-16
0
-5
-2
18
-5
-10
-31
-31
6
-2
13
17
10
20
36
52
41
26
22
25
5
7
2
16
9
-18
1
-1
-4
-22
-9
1
2
14
8
12
19
0
-1
-2
3
9
-12
-3
-1
12
25
24
9
-7
-16
-41
-22
-19
-8
4
-11
-15
-10
-11
10
5
-3
4
-9
1
11
20
31
30
8
32
25
40
36
21
15
0
15
13
23
18
13
21
12
-10
-21
-33
-18
-29
-38
-21
-30
-21
-11
1
7
16
-3
11
7
-8
-12
-18
-3
-11
-12
-19
-11
-36
-37
-31
-36
-26
-12
-29
-43
-45
-56
-36
-8
-13
-14
-11
10
25
28
21
27
48
47
30
15
28
24
29
20
35
44
-1
24
12
6
27
6
-2
-6
-6
-5
-15
-14
-12
-3
-11
-10
-2
-2
-10
-7
-23
2
-6
-5
-8
-15
-2
-10
-15
-34
-25
-33
-46
-15
-25
-29
-39
-60
-3
-11
-10
4
1
18
11
32
31
34
46
44
42
38
57
49
46
39
23
12
3
5
1
-1
-4
-17
-23
-37
-38
-18
-2
-4
-8
-12
3
-1
8
13
-2
-1
-13
-12
-5
2
-4
10
22
18
21
6
-21
-5
-5
-10
1
-12
5
-1
4
-6
1
8
4
5
2
12
16
19
12
28
1
4
8
2
20
28
6
21
21
-4
-5
7
21
20
3
3
11
-3
-2
-23
-2
-7
0
1
-5
-16
-24
-10
-20
-6
-9
-36
-21
-34
-34
-26
-32
-25
-9
-17
-27
-41
-19
-29
-35
-13
-6
-6
-13
3
-6
4
-1
-20
-13
-16
11
-4
-9
10
-2
8
9
22
-6
-12
7
-5
-11
0
26
20
20
27
38
19
36
15
2
13
-9
1
7
25
26
32
26
25
13
12
14
21
34
-8
-1
-9
-5
-15
-15
-12
9
-13
-1
-17
-15
-8
-30
-21
-43
-13
-33
-49
-28
-55
-52
-27
-48
-22
-23
-14
-1
-9
27
47
44
44
35
23
0
-22
11
-8
-8
15
10
40
36
42
36
28
22
13
17
21
19
28
49
54
38
21
44
28
17
9
29
28
9
23
42
35
6
25
26
16
14
-2
-21
-30
-53
-24
-29
-39
-33
-34
11
-13
-20
-21
-38
-32
-47
-40
-4
-16
-27
-13
-17
-2
-6
-1
6
-5
-17
-8
-2
-15
-21
-23
-13
-21
-33
-31
-27
-30
-27
-37
-37
-35
-33
-23
0
10
-1
1
-18
-12
14
19
20
9
17
18
17
11
-4
10
-8
1
8
-11
-2
-21
-17
-5
-7
-5
-1
19
25
22
41
22
18
27
17
30
32
26
11
19
29
22
17
1
-7
-12
-44
-39
-16
0
-4
-4
21
22
13
0
-4
1
16
5
-1
14
-4
4
18
34
31
33
35
12
25
13
2
7
17
13
4
-4
-15
-30
-16
-10
-15
5
22
-1
5
9
-11
-8
-14
-12
-12
7
-7
-1
-5
-16
-14
-11
5
3
13
4
-7
6
3
-5
-1
5
5
10
-15
-28
-18
-26
-21
-22
12
9
19
18
19
22
16
10
2
-6
-14
-8
2
-8
-5
11
-4
-3
8
18
12
2
7
16
4
-9
-2
-28
-32
-8
-24
-28
-13
-9
-17
-27
-34
-20
-16
-13
4
-6
-28
-23
-24
-6
-7
-17
-20
-31
-38
-11
-8
-8
-12
-25
-7
-13
12
-8
4
18
13
17
21
13
0
-3
20
34
21
6
1
1
-3
15
24
12
-1
-5
-10
0
39
20
20
28
16
27
35
25
5
19
15
11
16
9
-1
-10
-18
-22
-7
-7
-15
-12
-19
-21
3
13
-11
-14
-26
0
-19
-20
-11
-10
-4
11
24
8
16
5
32
42
41
26
17
27
13
25
35
29
35
39
22
24
18
19
9
6
6
-14
-5
2
-3
7
4
-14
10
-15
-22
1
-16
-4
-4
-23
-6
0
-6
-5
10
-17
-24
-19
-5
-29
-52
-34
-56
-33
-20
-20
-30
-29
-26
-17
-14
5
1
11
7
1
-1
11
8
-11
-5
7
12
-1
3
-8
-7
-18
-2
4
-14
12
-15
-7
9
2
13
0
4
-2
-1
-16
1
3
-4
20
-1
9
-7
-12
-13
-17
-27
-51
-47
-58
-50
-37
-15
-29
-41
-24
-13
16
13
26
15
17
37
46
40
43
54
27
33
40
29
26
15
18
11
18
16
17
20
12
18
25
20
18
8
25
13
-19
-30
-21
-6
-17
-8
6
32
21
25
12
5
-1
3
0
-5
10
13
3
17
9
-11
12
4
15
3
5
13
-10
-11
-3
0
-19
-32
-19
-15
-22
-5
2
-16
-15
-16
-13
4
-5
-7
13
1
2
6
1
-9
-19
6
8
7
-1
-2
10
-1
-4
-9
-10
8
9
-4
-13
-3
2
5
5
7
16
1
-2
-3
0
-3
-24
-1
-13
-36
-27
-26
-29
-36
-27
-16
-4
12
22
45
32
31
19
25
36
34
32
17
24
11
-10
9
11
-17
3
-1
-23
2
-1
-20
-20
-22
-14
-25
-44
-55
-55
-28
-31
-7
17
-3
5
11
1
-30
-28
-29
-45
-25
-25
-20
-26
-15
-5
-20
0
4
-6
16
8
-1
2
8
-14
2
28
4
7
23
21
1
9
27
20
20
34
30
7
11
22
29
45
43
35
43
41
35
31
16
8
1
-39
-27
-37
-47
-19
-19
11
-15
-31
-9
-16
4
26
8
6
11
12
27
22
29
17
1
6
-4
11
7
4
9
4
6
-4
-17
-6
-1
19
20
15
11
23
30
16
15
12
10
-4
-4
-9
7
7
-2
-3
4
31
21
14
-8
-6
-25
-41
-20
-7
-17
-13
-5
-26
-25
-33
-39
-34
-29
-32
-33
-9
-17
-41
-25
-20
-24
-4
17
14
14
-7
21
25
-8
-2
-23
-26
-32
-52
-44
-42
-31
-34
-37
-30
-33
-22
-22
8
12
16
32
4
23
42
35
13
25
14
0
1
-15
-15
-21
-11
-19
-2
0
11
5
-6
-4
-24
-188
-688
-1370
-1880
-1735
-842
428
1651
2419
2676
2476
1801
766
-404
-1314
-1598
-1221
-444
368
945
1166
1124
911
641
330
40
-215
-454
-622
-774
-864
-910
-765
-493
-79
303
498
399
31
-403
-841
-1072
-1077
-832
-429
61
538
848
892
513
-280
-1125
-1538
-1396
-918
-367
123
486
750
853
790
597
384
221
98
0
-49
-43
85
386
829
1216
1404
1320
986
577
189
-100
-333
-450
-471
-369
-152
8
26
-109
-340
-645
-949
-1211
-1371
-1370
-1150
-775
-348
-12
189
240
160
-60
-319
-426
-439
-375
-266
-39
268
558
746
739
592
381
200
157
131
101
138
195
308
355
328
267
187
16
-205
-374
-496
-529
-492
-349
-165
-41
7
17
9
-36
-126
-199
-178
-70
60
210
382
550
678
741
722
633
548
460
421
342
288
326
460
598
633
582
460
427
394
379
349
286
228
176
98
16
-63
-136
-146
-105
-23
45
114
114
37
-107
-273
-343
-360
-384
-399
-356
-294
-230
-202
-264
-410
-563
-699
-767
-748
-678
-586
-506
-432
-322
-250
-194
-187
-214
-218
-196
-211
-298
-418
-535
-600
-632
-633
-626
-547
-467
-368
-338
-397
-499
-599
-720
-833
-858
-822
-744
-616
-436
-238
-28
162
301
440
608
769
919
1104
1291
1495
1699
1863
2004
2084
2183
2182
2121
1977
1758
1561
1379
1254
1156
1081
983
829
642
453
229
-23
-309
-549
-739
-869
-961
-1003
-1035
-1038
-1038
-1094
-1191
-1301
-1345
-1357
-1339
-1342
-1341
-1239
-1084
-924
-848
-828
-853
-869
-864
-894
-915
-930
-926
-878
-762
-646
-539
-509
-531
-620
-713
-811
-903
-1010
-1100
-1168
-1200
-1263
-1461
-1698
-1900
-1862
-1684
-1491
-1396
-1218
-843
-385
34
383
752
1128
1450
1729
2044
2415
2796
3112
3356
3592
3875
4123
4265
4273
4186
4077
3892
3610
3238
2848
2473
2072
1627
1194
792
372
-90
-561
-1022
-1464
-1886
-2237
-2484
-2603
-2609
-2494
-2350
-2132
-1835
-1544
-1286
-1099
-935
-772
-599
-414
-201
48
276
517
669
751
783
717
589
360
109
-168
-468
-763
-1025
-1237
-1397
-1512
-1606
-1699
-1758
-1851
-1975
-2113
-2188
-2182
-2118
-2011
-1839
-1584
-1305
-1004
-772
-569
-411
-374
-414
-528
-628
-776
-1185
-1749
-2245
-2296
-2027
-1783
-1721
-1565
-1080
-493
-59
203
540
898
1054
1050
1161
1547
1984
2275
2539
2925
3530
4057
4359
4515
4642
4692
4499
4135
3751
3465
3135
2726
2324
2084
1899
1631
1257
852
495
80
-415
-1022
-1567
-1978
-2398
-2861
-3274
-3527
-3569
-3589
-3615
-3512
-3151
-2664
-2231
-1744
-1124
-416
223
718
1160
1586
1874
1969
1964
1952
1905
1767
1559
1386
1300
1188
1031
796
518
240
-83
-493
-962
-1390
-1792
-2227
-2671
-2941
-3047
-3076
-3082
-2963
-2731
-2405
-2086
-1774
-1452
-1159
-906
-734
-533
-361
-191
-42
59
122
67
-263
-881
-1626
-2136
-2290
-2423
-2723
-3004
-2886
-2426
-1918
-1469
-962
-367
67
288
502
914
1340
1567
1636
1847
2358
2939
3442
3885
4425
4928
5220
5305
5301
5308
5117
4647
4118
3678
3292
2820
2325
1938
1663
1365
968
549
167
-221
-716
-1287
-1868
-2381
-2825
-3250
-3653
-4007
-4219
-4303
-4219
-3969
-3561
-3001
-2402
-1714
-957
-144
607
1192
1644
2011
2263
2349
2343
2239
2094
1878
1652
1503
1368
1237
1087
935
754
542
214
-185
-652
-1161
-1662
-2167
-2613
-2964
-3197
-3325
-3297
-3171
-2925
-2613
-2306
-1927
-1539
-1197
-960
-762
-548
-366
-221
-58
56
100
-9
-437
-1123
-1832
-2214
-2387
-2703
-3137
-3377
-3173
-2731
-2337
-1931
-1340
-758
-395
-145
212
714
1064
1168
1273
1602
2125
2589
3023
3558
4150
4669
4956
5190
5410
5492
5336
4944
4542
4182
3688
3105
2586
2184
1838
1403
1001
699
443
128
-291
-755
-1213
-1686
-2174
-2758
-3368
-3945
-4366
-4562
-4516
-4234
-3786
-3124
-2347
-1400
-388
528
1252
1785
2160
2349
2340
2203
2011
1746
1428
1235
1181
1220
1287
1366
1447
1456
1349
1113
752
253
-358
-1056
-1767
-2401
-2932
-3295
-3478
-3521
-3399
-3098
-2729
-2333
-1892
-1469
-1158
-959
-826
-733
-672
-664
-688
-683
-666
-687
-892
-1308
-1806
-2150
-2205
-2318
-2638
-2968
-2940
-2655
-2423
-2202
-1815
-1302
-846
-539
-175
405
939
1254
1436
1775
2230
2609
2885
3211
3618
4040
4292
4471
4695
4891
4924
4721
4499
4284
3974
3507
3016
2578
2125
1601
1050
651
344
14
-369
-707
-1028
-1332
-1617
-1911
-2143
-2462
-2955
-3558
-4015
-4095
-3950
-3816
-3592
-3049
-2150
-1149
-161
854
1793
2454
2824
3080
3229
3138
2676
2050
1516
1086
742
491
355
388
524
680
802
893
849
628
134
-452
-1033
-1691
-2377
-3044
-3504
-3723
-3781
-3704
-3335
-2746
-2136
-1553
-1023
-509
-130
69
122
67
-96
-396
-904
-1592
-2320
-2889
-3150
-3325
-3502
-3581
-3340
-2773
-2183
-1657
-1125
-577
-110
157
327
563
752
820
813
936
1277
1687
2084
2579
3169
3808
4322
4661
4988
5264
5289
5040
4690
4288
3819
3246
2689
2210
1769
1315
921
682
538
364
143
-73
-292
-559
-890
-1242
-1628
-2058
-2463
-2834
-3112
-3423
-3671
-3834
-3758
-3427
-3039
-2526
-1897
-1110
-325
461
1219
1887
2345
2614
2724
2745
2619
2322
1918
1485
1133
826
601
442
382
388
455
448
435
372
198
-94
-526
-975
-1459
-1954
-2381
-2693
-2906
-2983
-2948
-2745
-2381
-1952
-1490
-1066
-662
-322
-76
50
62
-30
-406
-1082
-1864
-2498
-2880
-3317
-3803
-4139
-4073
-3671
-3214
-2674
-1949
-1135
-462
37
555
1112
1496
1580
1554
1608
1745
1833
1897
2110
2465
2864
3217
3618
4163
4680
4981
5043
4997
4883
4611
4127
3535
2914
2254
1509
855
406
65
-274
-575
-737
-778
-777
-790
-853
-946
-1104
-1365
-1638
-1986
-2379
-2807
-3290
-3655
-3824
-3701
-3409
-2988
-2357
-1547
-562
407
1386
2237
2917
3304
3450
3441
3203
2755
2095
1427
797
263
-126
-333
-397
-351
-228
-32
196
379
447
340
46
-327
-797
-1319
-1894
-2464
-2869
-3190
-3350
-3302
-3035
-2615
-2124
-1592
-1032
-459
5
347
442
232
-345
-1045
-1658
-2237
-2897
-3623
-4177
-4361
-4181
-3842
-3314
-2543
-1622
-740
74
930
1767
2353
2590
2623
2642
2614
2450
2244
2090
2079
2093
2167
2450
2957
3502
3928
4286
4606
4851
4892
4691
4340
3816
3095
2289
1477
730
59
-585
-1148
-1539
-1713
-1708
-1639
-1488
-1354
-1200
-1113
-1057
-1114
-1367
-1799
-2332
-2786
-3171
-3417
-3587
-3509
-3214
-2660
-1928
-990
64
1085
2005
2774
3389
3777
3903
3690
3246
2627
1889
1136
411
-194
-645
-964
-1069
-1001
-784
-492
-193
15
153
191
84
-166
-567
-1056
-1606
-2164
-2609
-2896
-3055
-3076
-2940
-2597
-2119
-1564
-969
-429
-57
34
-119
-415
-689
-1112
-1795
-2579
-3221
-3578
-3797
-3910
-3759
-3300
-2666
-1950
-1116
-98
978
1824
2424
2924
3329
3575
3605
3516
3317
3090
2791
2558
2505
2585
2729
2848
3041
3369
3732
3969
4093
4101
3970
3637
3171
2618
1983
1216
376
-445
-1145
-1687
-2110
-2445
-2624
-2648
-2560
-2373
-2143
-2000
-1970
-2048
-2114
-2144
-2223
-2342
-2452
-2433
-2320
-2018
-1602
-1051
-399
277
977
1678
2350
2868
3201
3332
3266
3057
2680
2191
1592
997
402
-185
-610
-896
-1034
-1094
-1090
-992
-855
-688
-598
-550
-638
-810
-1013
-1300
-1556
-1821
-2052
-2219
-2299
-2234
-2074
-1820
-1525
-1210
-1032
-976
-1025
-1084
-1148
-1390
-1805
-2279
-2587
-2792
-2990
-3096
-3018
-2749
-2407
-1978
-1349
-589
235
910
1548
2193
2765
3202
3458
3628
3709
3689
3550
3417
3364
3317
3197
3080
3060
3142
3230
3242
3266
3232
3129
2933
2670
2390
1981
1462
851
264
-273
-787
-1297
-1761
-2119
-2389
-2501
-2565
-2559
-2533
-2602
-2650
-2639
-2492
-2375
-2381
-2331
-2178
-1903
-1573
-1199
-721
-197
294
778
1319
1849
2230
2463
2551
2579
2519
2335
2022
1641
1222
760
361
-15
-285
-531
-753
-902
-993
-949
-890
-854
-887
-908
-957
-1084
-1214
-1339
-1463
-1580
-1681
-1711
-1649
-1548
-1406
-1204
-1003
-856
-855
-970
-1125
-1244
-1410
-1770
-2170
-2500
-2690
-2803
-2925
-2915
-2710
-2387
-2039
-1573
-933
-212
440
1018
1607
2173
2668
2985
3200
3378
3447
3435
3371
3318
3299
3221
3117
3051
3075
3139
3156
3128
3108
3053
2899
2716
2471
2165
1743
1224
722
217
-249
-740
-1212
-1625
-1925
-2165
-2350
-2415
-2476
-2524
-2616
-2696
-2681
-2568
-2513
-2486
-2396
-2192
-1861
-1526
-1100
-620
-117
381
892
1432
1909
2261
2453
2548
2571
2468
2241
1878
1486
1051
609
251
-79
-336
-531
-686
-772
-770
-713
-660
-663
-724
-791
-898
-1040
-1220
-1424
-1616
-1804
-1898
-1920
-1892
-1796
-1648
-1436
-1183
-1028
-968
-1011
-1066
-1111
-1260
-1530
-1863
-2147
-2353
-2493
-2623
-2629
-2467
-2226
-1914
-1493
-887
-205
416
998
1584
2165
2649
3026
3284
3496
3568
3552
3470
3402
3310
3174
3020
2887
2857
2836
2797
2754
2737
2675
2595
2477
2300
2076
1742
1347
919
484
44
-425
-886
-1324
-1686
-1981
-2222
-2398
-2494
-2537
-2631
-2738
-2762
-2656
-2552
-2514
-2419
-2224
-1899
-1598
-1245
-814
-341
92
500
979
1467
1853
2079
2236
2289
2276
2140
1902
1557
1182
822
452
124
-134
-322
-491
-619
-657
-601
-539
-529
-590
-648
-736
-895
-1091
-1282
-1440
-1596
-1741
-1780
-1760
-1709
-1602
-1471
-1223
-1007
-842
-781
-806
-869
-959
-1086
-1361
-1685
-1991
-2184
-2362
-2497
-2522
-2395
-2169
-1910
-1498
-948
-322
315
893
1464
2014
2515
2907
3163
3336
3421
3431
3376
3282
3200
3090
2919
2756
2691
2684
2659
2629
2610
2598
2545
2450
2327
2152
1885
1551
1150
722
284
-201
-656
-1121
-1546
-1899
-2208
-2418
-2553
-2677
-2834
-2937
-2949
-2836
-2739
-2682
-2525
-2311
-1989
-1665
-1294
-832
-371
53
481
985
1441
1814
2068
2209
2287
2254
2153
1911
1590
1225
867
554
266
58
-122
-302
-421
-466
-413
-397
-472
-531
-641
-751
-913
-1116
-1297
-1469
-1644
-1772
-1802
-1790
-1734
-1608
-1447
-1231
-980
-752
-595
-556
-592
-688
-785
-934
-1202
-1531
-1857
-2101
-2257
-2366
-2383
-2264
-2034
-1763
-1367
-816
-207
393
922
1434
1946
2414
2777
3024
3187
3254
3245
3159
3083
2997
2854
2695
2586
2518
2508
2503
2480
2465
2449
2410
2361
2251
2087
1877
1549
1162
760
334
-114
-598
-1057
-1495
-1848
-2151
-2385
-2544
-2678
-2773
-2839
-2797
-2699
-2572
-2456
-2333
-2145
-1890
-1590
-1269
-941
-581
-193
194
620
1039
1389
1673
1870
2004
2064
2036
1896
1683
1408
1115
825
545
322
110
-92
-242
-314
-373
-389
-452
-528
-607
-705
-796
-928
-1072
-1232
-1387
-1529
-1601
-1607
-1588
-1513
-1415
-1290
-1081
-857
-642
-475
-452
-509
-605
-724
-866
-1106
-1415
-1741
-1949
-2099
-2199
-2221
-2128
-1925
-1676
-1329
-859
-284
262
737
1195
1687
2139
2507
2784
2943
3023
3068
3053
3002
2913
2831
2667
2524
2449
2426
2411
2378
2340
2324
2299
2234
2155
2022
1812
1548
1229
844
455
56
-376
-833
-1258
-1627
-1944
-2186
-2404
-2586
-2695
-2741
-2716
-2684
-2564
-2431
-2301
-2094
-1893
-1604
-1297
-970
-640
-284
91
480
852
1196
1500
1738
1921
2015
2023
1979
1810
1584
1323
1038
787
520
303
90
-74
-203
-305
-399
-486
-584
-695
-814
-962
-1080
-1228
-1392
-1519
-1638
-1703
-1716
-1701
-1642
-1524
-1401
-1228
-1036
-817
-636
-479
-410
-462
-528
-620
-747
-979
-1272
-1531
-1704
-1825
-1939
-1963
-1856
-1676
-1459
-1162
-721
-222
269
704
1130
1609
2058
2410
2657
2820
2940
2974
2945
2910
2844
2756
2627
2478
2402
2389
2374
2315
2290
2270
2218
2163
2074
1955
1763
1481
1177
830
465
98
-316
-755
-1163
-1533
-1830
-2055
-2273
-2400
-2494
-2548
-2545
-2490
-2413
-2306
-2187
-2046
-1845
-1653
-1425
-1167
-873
-549
-225
127
486
846
1168
1456
1693
1864
1981
1999
1930
1784
1568
1291
1016
760
473
226
-13
-203
-345
-462
-556
-679
-782
-898
-1021
-1138
-1251
-1378
-1481
-1569
-1653
-1669
-1643
-1586
-1500
-1359
-1190
-994
-801
-586
-379
-236
-169
-189
-267
-354
-483
-669
-961
-1214
-1401
-1533
-1638
-1718
-1673
-1553
-1361
-1118
-792
-359
78
499
896
1300
1721
2075
2333
2523
2672
2749
2791
2762
2693
2636
2521
2415
2340
2283
2234
2187
2125
2095
2047
1952
1873
1777
1604
1394
1120
830
509
160
-200
-604
-966
-1309
-1589
-1828
-2059
-2200
-2273
-2342
-2365
-2323
-2264
-2164
-2098
-2024
-1853
-1661
-1481
-1274
-1011
-731
-431
-102
247
613
964
1268
1553
1765
1923
2029
2004
1909
1739
1521
1238
925
605
329
82
-149
-368
-512
-643
-762
-865
-966
-1026
-1114
-1199
-1262
-1329
-1367
-1383
-1425
-1409
-1352
-1299
-1210
-1091
-961
-774
-601
-433
-271
-114
-35
-41
-112
-227
-340
-503
-752
-1013
-1265
-1437
-1582
-1703
-1740
-1679
-1526
-1338
-1054
-699
-270
136
518
907
1356
1755
2038
2260
2437
2556
2601
2611
2588
2518
2419
2324
2229
2158
2112
2075
2031
1979
1940
1907
1870
1781
1667
1504
1315
1044
752
465
121
-223
-599
-948
-1249
-1514
-1736
-1929
-2072
-2182
-2238
-2241
-2195
-2135
-2042
-1946
-1821
-1656
-1472
-1232
-1001
-738
-449
-146
183
512
806
1068
1319
1527
1687
1784
1791
1699
1553
1347
1093
802
517
229
-33
-264
-452
-598
-706
-795
-859
-910
-981
-1033
-1060
-1110
-1149
-1183
-1221
-1247
-1260
-1244
-1202
-1108
-1037
-911
-780
-642
-464
-305
-153
-17
84
93
9
-115
-237
-372
-596
-855
-1106
-1292
-1427
-1549
-1603
-1536
-1417
-1286
-1040
-728
-341
49
415
778
1147
1502
1818
2046
2206
2322
2374
2395
2353
2319
2271
2178
2087
2040
1993
1982
1970
1953
1942
1916
1913
1863
1746
1604
1411
1167
886
589
269
-91
-467
-831
-1127
-1372
-1619
-1816
-1956
-2052
-2115
-2107
-2083
-2034
-1967
-1881
-1712
-1595
-1422
-1219
-991
-773
-549
-279
16
319
567
835
1052
1261
1406
1491
1504
1443
1333
1124
911
665
398
153
-68
-273
-426
-535
-623
-687
-741
-775
-818
-864
-893
-927
-972
-1015
-1076
-1117
-1150
-1174
-1162
-1092
-1022
-901
-759
-608
-407
-233
-68
89
206
302
306
232
109
-52
-223
-470
-754
-1036
-1240
-1434
-1571
-1630
-1641
-1551
-1404
-1187
-892
-518
-138
252
609
975
1328
1649
1887
2070
2205
2291
2331
2339
2336
2288
2235
2191
2155
2119
2110
2103
2085
2047
1997
1965
1886
1764
1582
1383
1134
825
516
198
-140
-506
-834
-1157
-1433
-1665
-1845
-1988
-2066
-2129
-2157
-2092
-2004
-1919
-1833
-1725
-1602
-1420
-1269
-1111
-935
-718
-506
-273
-31
219
479
682
895
1099
1272
1373
1397
1365
1276
1158
1005
783
560
346
126
-70
-217
-355
-477
-579
-659
-727
-762
-789
-837
-878
-910
-950
-976
-984
-981
-965
-920
-868
-822
-719
-597
-478
-360
-237
-111
10
138
194
224
169
34
-103
-281
-479
-729
-1009
-1241
-1423
-1570
-1643
-1671
-1627
-1499
-1337
-1110
-751
-353
43
422
784
1152
1507
1804
2022
2200
2316
2386
2403
2400
2379
2325
2277
2198
2138
2120
2092
2027
2005
1929
1851
1774
1663
1509
1317
1075
778
488
175
-135
-482
-822
-1107
-1374
-1605
-1756
-1881
-1961
-2006
-2004
-1951
-1905
-1792
-1675
-1580
-1447
-1322
-1175
-1037
-899
-726
-557
-355
-150
62
301
518
728
898
1034
1197
1294
1306
1278
1167
1026
863
658
453
258
56
-149
-292
-416
-531
-600
-669
-713
-744
-800
-807
-821
-836
-842
-834
-835
-831
-824
-782
-746
-718
-659
-591
-509
-436
-334
-242
-156
-47
8
37
29
-61
-161
-322
-461
-668
-877
-1093
-1275
-1387
-1484
-1480
-1444
-1326
-1160
-959
-674
-306
66
411
754
1095
1444
1765
2005
2188
2322
2419
2455
2456
2425
2369
2304
2209
2103
2014
1955
1880
1798
1720
1615
1514
1411
1284
1109
904
657
396
119
-162
-446
-749
-1037
-1288
-1506
-1673
-1812
-1903
-1934
-1931
-1911
-1869
-1772
-1664
-1556
-1448
-1325
-1201
-1037
-880
-702
-539
-350
-133
69
315
554
754
928
1096
1215
1309
1334
1277
1185
1035
848
637
445
259
56
-125
-282
-391
-448
-523
-563
-612
-647
-663
-693
-743
-803
-862
-900
-934
-969
-987
-991
-947
-954
-891
-814
-722
-604
-493
-345
-222
-90
13
108
171
175
142
45
-86
-220
-378
-583
-786
-941
-1041
-1128
-1150
-1130
-1036
-894
-714
-437
-124
230
580
875
1148
1446
1692
1892
2030
2108
2150
2126
2083
2036
1966
1877
1791
1698
1626
1571
1552
1517
1463
1407
1338
1260
1136
974
772
562
313
28
-251
-513
-770
-1030
-1232
-1432
-1576
-1665
-1739
-1748
-1737
-1709
-1635
-1531
-1439
-1338
-1188
-1076
-962
-806
-670
-517
-340
-174
30
237
428
626
813
961
1060
1124
1132
1137
1067
981
816
623
441
246
61
-86
-244
-383
-472
-545
-614
-663
-689
-727
-774
-802
-837
-902
-942
-968
-1018
-1033
-1008
-973
-922
-855
-774
-669
-543
-412
-264
-139
-8
111
201
282
364
383
384
309
194
54
-117
-273
-422
-599
-743
-849
-899
-911
-864
-764
-631
-481
-293
-47
200
449
670
862
1050
1243
1407
1504
1576
1615
1651
1645
1632
1640
1600
1559
1517
1482
1450
1428
1407
1340
1264
1184
1089
982
838
655
485
273
44
-153
-346
-564
-761
-938
-1076
-1179
-1253
-1290
-1304
-1304
-1272
-1206
-1158
-1073
-999
-932
-848
-754
-645
-534
-400
-287
-151
-13
138
297
436
575
664
735
775
775
736
662
578
445
275
142
-2
-151
-271
-361
-447
-516
-545
-599
-632
-666
-721
-750
-788
-834
-869
-912
-928
-939
-937
-880
-808
-732
-630
-537
-402
-292
-157
-36
50
139
251
325
366
389
389
389
349
285
194
56
-107
-227
-352
-492
-620
-699
-738
-779
-793
-743
-645
-541
-381
-198
-1
194
398
582
772
966
1119
1258
1354
1431
1495
1520
1531
1531
1494
1492
1453
1407
1385
1366
1341
1283
1249
1166
1087
1012
877
769
605
418
244
41
-143
-314
-489
-652
-810
-928
-1021
-1100
-1137
-1204
-1198
-1197
-1183
-1141
-1094
-1037
-981
-871
-781
-668
-539
-406
-271
-139
13
132
257
380
464
534
568
564
508
435
349
213
99
3
-104
-204
-290
-335
-358
-391
-404
-436
-454
-480
-507
-547
-599
-642
-673
-707
-716
-695
-672
-638
-579
-490
-418
-333
-233
-137
-47
44
115
179
232
258
275
278
246
213
193
125
76
18
-57
-153
-254
-325
-412
-498
-587
-646
-667
-679
-653
-588
-499
-418
-283
-137
25
213
395
584
741
912
1054
1190
1322
1394
1451
1480
1497
1501
1517
1504
1470
1442
1404
1359
1297
1219
1115
1014
931
816
675
537
398
240
73
-98
-263
-399
-548
-697
-798
-922
-1035
-1095
-1135
-1192
-1214
-1235
-1226
-1182
-1144
-1068
-946
-841
-707
-567
-405
-260
-122
27
141
255
342
393
426
421
383
321
254
166
88
10
-62
-97
-128
-138
-160
-188
-212
-222
-240
-272
-303
-349
-389
-456
-510
-559
-600
-604
-629
-603
-585
-547
-483
-391
-290
-213
-144
-46
24
90
141
169
182
186
168
134
107
67
13
-47
-73
-132
-166
-202
-233
-265
-287
-310
-310
-314
-326
-320
-290
-242
-199
-123
-46
59
145
246
391
501
610
740
850
962
1054
1145
1210
1258
1315
1339
1358
1354
1335
1311
1263
1182
1110
1053
947
842
718
595
456
333
216
86
-38
-167
-297
-414
-533
-623
-729
-841
-905
-970
-993
-1006
-1026
-991
-953
-904
-830
-738
-616
-517
-388
-291
-201
-119
-51
6
52
83
107
112
93
63
41
10
-31
-55
-83
-127
-153
-161
-201
-215
-253
-269
-306
-349
-386
-423
-446
-466
-486
-498
-510
-503
-468
-458
-424
-400
-374
-336
-301
-255
-209
-174
-153
-132
-78
-56
-55
-23
-9
2
-10
-3
7
15
21
49
70
102
113
136
165
171
191
196
214
224
255
274
285
312
335
356
378
411
446
501
540
570
618
642
683
719
731
749
756
766
759
750
726
701
689
640
573
539
488
433
387
331
277
207
147
75
31
-33
-83
-130
-179
-215
-272
-316
-358
-389
-413
-426
-447
-456
-460
-470
-470
-455
-450
-411
-384
-388
-352
-320
-284
-251
-264
-247
-247
-258
-240
-251
-256
-282
-287
-299
-307
-325
-340
-340
-349
-350
-354
-362
-356
-360
-385
-380
-393
-395
-387
-386
-387
-386
-372
-356
-352
-334
-311
-279
-266
-237
-207
-153
-106
-69
0
27
64
123
155
192
221
243
255
277
305
312
336
353
379
382
393
419
422
457
476
472
473
464
449
434
423
401
379
369
359
325
324
309
315
299
302
301
286
329
325
334
345
347
362
359
355
361
340
331
309
273
240
197
171
138
95
70
49
6
-8
-45
-70
-86
-115
-144
-150
-178
-216
-232
-253
-282
-275
-292
-327
-300
-325
-319
-348
-340
-333
-349
-342
-351
-345
-352
-347
-341
-346
-359
-365
-385
-395
-397
-400
-410
-394
-370
-365
-354
-355
-349
-344
-346
-330
-331
-334
-336
-323
-322
-329
-301
-277
-274
-229
-186
-153
-109
-73
-19
27
57
94
126
168
219
227
250
268
273
279
298
312
305
335
354
360
373
374
407
421
404
418
422
414
417
390
375
354
345
308
281
278
245
213
202
190
173
185
195
195
206
223
236
255
269
262
268
278
285
287
275
251
234
201
175
151
113
82
37
15
17
-16
-45
-72
-96
-119
-130
-154
-178
-188
-228
-246
-302
-302
-286
-309
-299
-286
-297
-325
-324
-312
-346
-336
-333
-342
-352
-370
-359
-373
-372
-366
-363
-356
-332
-334
-333
-304
-302
-287
-269
-287
-266
-252
-266
-241
-242
-238
-216
-225
-194
-150
-135
-110
-78
-55
-5
15
38
80
99
139
159
190
189
219
212
199
209
221
235
228
236
244
268
269
275
297
302
312
307
323
326
329
328
335
323
322
314
287
285
267
257
234
224
201
202
174
170
174
159
158
158
163
169
175
160
165
148
152
112
85
57
34
10
-15
-35
-54
-74
-106
-118
-151
-154
-137
-141
-154
-142
-152
-162
-152
-166
-169
-164
-161
-179
-168
-195
-204
-174
-165
-180
-189
-180
-179
-161
-167
-183
-174
-172
-177
-189
-208
-201
-203
-229
-238
-215
-227
-229
-222
-234
-216
-196
-188
-172
-165
-150
-130
-122
-102
-98
-96
-91
-87
-57
-30
-30
-9
12
36
42
60
81
85
102
115
133
153
140
148
147
138
149
153
161
170
170
176
177
186
202
207
228
224
227
225
229
208
203
206
183
186
185
183
163
179
178
168
181
181
187
182
167
164
137
99
90
79
48
27
10
-2
-18
-35
-50
-59
-73
-84
-90
-104
-102
-115
-110
-100
-96
-105
-66
-59
-80
-59
-74
-71
-61
-39
-57
-49
-22
-38
-48
-62
-73
-87
-102
-119
-121
-143
-151
-149
-170
-171
-190
-189
-182
-182
-170
-165
-174
-173
-156
-149
-137
-125
-111
-88
-56
-42
-11
3
-19
2
19
10
-19
-24
-12
-30
-22
-21
-31
-28
-35
-16
6
27
27
32
46
61
74
69
79
97
86
86
77
77
86
66
97
84
64
90
108
104
90
107
102
85
118
124
112
113
108
121
102
108
111
103
83
86
61
53
61
50
46
38
38
32
32
19
27
16
1
3
-1
-8
0
-11
-1
20
4
0
28
13
1
15
26
22
23
11
20
14
3
10
-20
-27
-38
-39
-50
-82
-93
-79
-82
-118
-121
-110
-121
-133
-130
-143
-142
-121
-115
-113
-108
-103
-96
-98
-98
-81
-72
-58
-45
-58
-33
-19
-17
-2
-5
9
12
19
17
26
16
25
22
8
-7
-9
5
21
49
41
34
28
59
43
36
43
45
55
45
29
40
44
21
19
16
1
16
14
4
-14
2
12
11
1
-19
6
-4
-8
-17
-5
-15
5
34
13
37
35
45
48
51
49
48
45
27
50
63
73
82
72
79
69
73
91
87
80
52
42
56
42
20
26
11
-7
0
-43
-49
-44
-44
-43
-54
-31
-32
-35
-33
-38
-49
-65
-82
-70
-78
-94
-78
-72
-67
-71
-62
-52
-26
-26
-36
-29
-36
-29
-12
-11
-16
-7
0
-22
3
30
23
22
28
35
38
40
43
58
53
47
47
57
63
54
53
43
27
7
21
21
17
37
22
26
25
13
15
2
15
1
-15
-26
-19
-21
-48
-50
-55
-57
-64
-82
-86
-96
-97
-112
-96
-110
-122
-98
-82
-70
-62
-55
-40
-8
-6
3
24
35
39
46
51
60
66
85
95
77
70
66
48
56
54
34
38
37
14
20
28
26
12
13
16
20
15
21
15
3
11
-1
-4
-1
-11
-3
1
-8
9
-9
-18
-20
-17
-21
-19
-5
-17
2
10
16
43
25
26
26
28
31
36
50
41
43
44
22
30
17
-6
19
26
8
-10
-19
-14
-6
-20
-29
-37
-43
-51
-36
-58
-43
-47
-52
-43
-53
-37
-31
-51
-33
-22
-14
-27
-42
-27
-6
-6
-25
-20
-22
-8
-7
4
-20
-7
7
2
-2
2
-2
-6
11
16
14
12
24
25
33
44
43
31
30
39
17
22
30
25
31
20
37
32
25
45
37
24
38
24
17
4
3
-5
-17
-17
-22
-33
-36
-26
-33
-36
-39
-50
-44
-49
-40
-37
-55
-46
-24
-14
-7
-10
-1
-2
5
18
23
13
37
37
37
36
25
38
49
56
57
62
59
68
43
62
43
45
45
17
5
9
19
-11
-19
-44
-40
-35
-56
-46
-56
-49
-53
-62
-49
-55
-50
-44
-47
-48
-42
-52
-49
-55
-54
-51
-39
-24
-24
-26
-33
-29
-32
-19
-13
-12
13
9
18
16
37
51
40
34
57
56
62
57
55
62
60
52
31
52
41
44
36
43
33
24
28
7
19
13
21
7
-7
-12
-12
-12
-17
-23
-26
-23
-47
-34
-47
-68
-58
-61
-50
-47
-37
-40
-42
-39
-34
-32
-29
0
14
13
22
35
46
41
34
33
36
41
42
32
42
43
51
48
57
50
37
52
43
63
51
48
37
25
33
21
44
34
48
26
11
4
-10
-9
-43
-43
-45
-40
-66
-75
-70
-67
-72
-68
-61
-76
-73
-75
-65
-70
-75
-65
-65
-55
-56
-58
-52
-33
-20
-29
-13
-9
9
11
21
8
-4
27
34
35
45
41
28
29
55
71
56
46
48
65
59
67
59
39
41
16
12
-1
-8
0
-5
-4
-6
-10
-33
-26
-20
-32
-30
-27
-39
-56
-53
-69
-54
-49
-51
-51
-29
-13
-14
4
8
-4
6
2
1
39
29
28
51
37
29
44
43
36
42
56
35
51
55
38
48
41
58
49
40
47
24
40
40
22
10
17
20
27
21
-1
14
-18
2
-14
-24
-31
-34
-27
-49
-49
-41
-67
-58
-37
-34
-10
-34
-28
-7
3
-16
-17
-7
-17
-1
-1
9
6
8
18
24
25
15
-3
-9
-12
-16
-19
-24
-20
-8
11
6
10
0
-4
0
3
4
-4
-12
0
-15
-8
-11
-36
-29
-31
-43
-42
-47
-49
-41
-44
-53
-39
-46
-64
-34
-32
-21
-30
-27
-25
-34
-16
3
20
9
3
9
3
18
13
25
16
9
27
37
32
39
36
23
38
63
54
35
50
35
43
61
48
39
49
54
58
45
52
48
45
43
34
23
18
7
-2
4
8
17
12
20
-9
-18
-27
-31
-12
-25
-36
-25
-27
-20
-35
-16
-14
-6
-2
-9
3
-12
1
-5
-16
-6
6
-10
-12
-14
-8
-3
-18
-6
1
10
-18
-14
-15
-31
9
-6
-14
-18
-3
-10
-19
-37
-51
-19
-22
-13
-17
-30
-13
-22
-30
-14
-27
-26
-35
-40
-44
-53
-29
-26
-15
-31
-45
-12
0
10
29
23
12
18
32
36
46
60
59
69
62
58
71
65
68
70
54
64
53
54
46
34
18
16
-3
-2
15
-7
-21
-8
-2
-12
-5
-15
-18
-30
-20
-24
-43
-22
-42
-41
-35
-43
-32
-14
-13
-13
-23
-18
-11
0
-6
-15
7
-22
-10
2
-18
-16
-14
-29
-28
-9
-9
-15
-16
-20
-17
-19
-4
-16
-16
0
9
18
19
29
43
32
37
38
36
47
41
54
47
22
22
19
5
-6
8
13
-10
-2
-31
-38
-27
-34
-20
-32
-61
-47
-44
-58
-72
-71
-56
-57
-44
-58
-49
-43
-27
-16
-21
-2
16
27
15
30
49
60
67
60
64
64
65
48
35
36
28
27
12
19
23
17
-2
-2
2
-5
-20
-28
-21
-13
15
-9
3
7
28
29
33
30
32
39
40
50
47
43
28
44
27
31
28
37
27
20
15
3
1
-21
8
-4
-8
-22
-20
-24
-46
-35
-43
-31
-35
-17
-18
-27
-30
-36
-21
-24
-32
-12
-31
-19
-29
-8
-16
-24
-10
-7
-3
-17
-2
-10
-3
-6
-27
-35
-49
-54
-44
-34
-29
-48
-40
-23
-23
-13
-7
-38
-25
-4
-15
-27
-23
2
-2
-5
-4
-14
-3
0
-8
0
6
7
3
19
18
13
30
30
33
36
35
33
45
49
44
43
46
38
52
43
45
55
32
29
33
20
-2
-3
5
5
18
9
24
22
36
64
17
11
46
36
15
28
28
38
31
10
1
-18
-15
-17
-15
-12
-2
-21
-19
-26
-18
-14
-32
-36
-30
-37
-44
-34
-25
-27
-34
-33
-39
-37
-42
-44
-28
-42
-32
-26
-51
-22
-22
-39
-18
-27
-30
-27
-33
-28
-26
-12
3
6
19
17
25
7
7
29
24
41
32
50
49
40
73
83
57
75
57
51
46
29
48
36
38
25
13
2
-7
-14
-23
-19
-19
-56
-56
-46
-44
-35
-43
-47
-42
-43
-30
-28
-27
-26
-29
-43
-7
-11
-19
-11
-20
-3
-34
-25
-29
-35
-29
-10
-13
-11
-12
-34
-16
6
4
9
-4
15
39
9
16
24
29
12
20
38
40
27
47
55
39
33
40
39
30
33
41
41
14
23
23
13
7
-4
3
-5
-10
-5
-6
-5
-21
-31
-25
-3
-30
-20
-31
-31
-28
-17
5
-30
-27
0
-3
20
22
28
37
13
10
20
31
45
37
18
57
55
47
43
40
53
57
54
46
32
24
4
-15
-18
-14
-36
-50
-45
-41
-41
-60
-50
-51
-47
-61
-45
-49
-52
-34
-34
-49
-51
-49
-46
-56
-49
-31
-44
-22
-13
-21
-4
-10
-7
5
7
0
-12
-7
-7
-13
10
10
-4
-17
3
11
11
25
3
6
29
38
43
51
47
51
52
58
54
63
63
55
53
41
60
29
14
6
-19
-14
-17
-19
-40
-30
-52
-67
-57
-39
-54
-45
-35
-40
-15
-25
-31
-30
-20
0
1
-18
-12
3
11
12
14
25
23
25
25
48
65
46
29
39
41
51
42
40
44
39
34
37
28
19
19
-8
4
11
8
-4
-15
-9
-12
-25
-25
-42
-28
-23
-30
-24
-41
-20
-1
-14
4
12
7
-3
-20
-16
-26
-18
-10
-10
-36
-39
-50
-49
-32
-26
-19
-15
-27
-6
-7
-10
15
-21
4
14
6
17
11
7
2
24
18
26
26
34
26
15
27
24
10
13
-7
-13
-31
-28
-11
-18
-19
-22
-24
-36
-27
-34
-35
-24
-35
-36
-36
-31
-26
-8
3
7
4
12
26
36
31
40
29
38
70
35
39
44
51
46
23
13
16
14
-3
2
-28
0
-3
-15
-15
-9
14
0
9
12
29
13
30
30
31
36
39
56
47
55
29
23
22
14
18
16
-8
-13
-10
-34
-23
-7
-14
-22
-17
-29
-32
-31
-17
-15
-25
-30
-45
-48
-41
-43
-37
-42
-53
-36
-36
-60
-62
-61
-50
-41
-38
-32
-28
-13
-11
-14
-8
3
11
2
14
15
16
25
27
17
13
6
13
22
5
9
15
5
18
22
14
26
21
6
24
24
41
30
9
21
26
23
29
36
27
25
37
35
47
49
36
35
16
10
-1
-10
17
16
5
10
-8
-8
-15
-17
-36
-34
-47
-37
-34
-54
-36
-33
-28
-14
-17
-35
-4
1
-22
7
28
23
36
36
31
31
32
41
25
18
21
17
-3
-7
-3
-1
-6
-3
20
5
-4
-1
-4
-10
-15
-21
-15
-9
-22
-54
-25
-25
-37
-16
-47
-59
-50
-54
-57
-52
-54
-62
-48
-29
-46
-26
-27
-29
-2
-12
-17
1
6
19
18
32
51
40
54
54
57
61
41
37
35
36
21
25
37
31
34
29
17
20
16
27
20
3
-15
-22
-16
-18
-18
-19
-18
-5
2
4
27
28
34
22
11
19
12
1
1
24
13
-3
-14
-22
-35
-28
-35
-58
-18
-24
-12
0
-20
-6
-4
-15
3
12
-2
15
10
3
23
34
20
22
14
27
32
43
39
31
25
25
7
4
16
-9
7
-2
17
33
14
19
21
4
2
-17
-16
-24
-42
-39
-43
-42
-34
-35
-40
-37
-30
-25
-16
-15
-21
-19
-3
-9
-20
-18
0
-14
-15
-17
-20
-7
1
-3
-13
5
4
16
16
13
-7
-24
-13
-16
-18
-31
-10
-23
-27
-27
-28
-15
-29
-44
-23
-9
7
-8
6
-14
-3
7
8
31
20
27
7
18
2
13
-2
12
34
39
22
16
30
15
36
28
17
12
2
2
-6
-2
6
-9
2
11
25
35
12
18
24
29
51
31
19
39
27
48
56
33
33
27
29
9
7
9
-21
-13
-25
-22
-13
-32
-29
-5
-18
-25
-11
-20
-19
-27
-8
4
8
17
4
18
35
33
29
11
17
27
19
17
1
10
9
-1
-11
-20
-11
-14
-47
-53
-44
-37
-17
-37
-44
-47
-51
-50
-15
-24
-13
-29
-41
-24
-36
-29
-36
-20
-19
-23
-33
-29
-12
-18
-12
-8
2
21
6
-5
-11
-15
0
3
-21
7
18
7
8
13
19
41
41
37
34
50
64
49
34
37
30
25
35
45
61
42
25
27
33
43
28
32
41
21
25
12
-4
-30
-40
-45
-47
-48
-59
-46
-42
-37
-41
-55
-48
-48
-46
-33
-37
-36
-37
-28
-24
-10
0
-9
4
10
22
22
26
23
8
16
12
3
13
17
1
15
16
22
22
8
10
22
37
33
28
32
22
17
25
24
23
9
18
12
17
22
16
1
13
-2
-23
-10
-9
-22
-42
-38
-49
-56
-69
-58
-62
-38
-52
-45
-40
-48
-37
-35
-5
-36
-13
-5
-5
