-3
-1
-7
1
2
-1
1
-5
-4
-13
-13
-10
-21
-15
-5
2
3
0
0
2
-3
2
-7
-9
-3
7
-3
-12
-7
2
11
4
-4
-3
-8
-7
-9
-7
-6
1
11
-10
0
-13
-15
-21
-22
-21
-29
-22
-10
-4
4
-9
-8
-3
-5
4
7
0
-9
-7
-2
6
13
23
17
29
29
27
26
15
13
11
10
6
10
-12
-8
-1
-18
-19
-10
-1
-11
-14
-5
-22
-30
-28
-24
-14
-17
-9
-6
-5
-5
-6
-6
-5
2
10
14
17
20
28
31
23
11
12
14
12
7
7
15
8
8
7
0
-8
-4
-14
-37
-28
-17
-13
-1
11
-2
0
5
4
15
20
13
6
14
11
7
13
18
17
22
13
8
-2
-8
3
-9
1
25
22
11
20
9
-7
-2
-4
-3
-13
8
19
20
13
-3
-15
-24
-21
-23
-24
-25
-28
-27
-15
-10
9
4
-17
-23
-26
-24
7
10
-2
23
27
22
15
21
12
14
10
17
15
9
17
7
7
-4
-13
-20
-23
-13
-13
-13
-29
-18
-7
12
7
-1
4
-16
-4
-1
7
10
11
10
1
-11
-14
-23
-10
-7
-11
-1
2
23
6
-9
-2
-8
0
6
-9
-8
0
2
-19
-35
-30
-11
-15
-16
0
1
-12
10
31
28
14
22
33
14
-4
-22
-10
-7
-18
-18
1
7
-9
6
8
2
22
25
12
6
5
16
4
-12
-17
-20
-15
-9
1
10
16
7
-4
2
-1
8
-2
-5
-4
1
12
6
4
-5
-16
-11
-6
2
-8
-8
28
22
22
21
31
11
-15
-4
2
-4
-5
-7
10
21
11
18
16
15
13
16
8
9
12
-19
-29
-21
-19
-21
-17
-11
1
-12
-16
13
29
9
-6
2
24
-1
-14
0
-1
-5
6
21
21
20
28
33
9
7
-6
-1
9
-6
-9
0
0
-7
-5
-17
-17
-11
-20
-26
-45
-38
-14
-15
-3
-3
3
-18
-34
-27
-18
-8
-28
-16
-3
8
13
11
18
28
34
21
-1
0
21
20
8
6
0
-21
-11
4
3
-3
2
-11
2
11
5
-2
-1
-2
-15
0
-11
-33
-20
-14
-7
-8
-9
-14
-5
15
7
6
-6
8
30
7
-4
-2
1
-2
-10
-8
-15
2
-12
-17
-1
23
30
20
16
3
13
6
2
-20
-4
17
12
4
3
1
6
16
41
27
17
8
8
1
11
22
-11
-12
-22
-5
6
2
2
12
6
-16
-1
1
-7
-17
2
26
20
15
8
0
-28
-21
-1
1
14
33
20
-6
-7
-18
-31
-24
-11
-28
-26
-22
-10
-1
4
30
19
12
-19
-1
29
7
-3
2
-3
7
17
21
3
1
20
-13
-16
9
12
1
7
4
0
-9
-15
-10
-26
-33
-24
-22
-8
-2
-24
-31
-10
8
-1
-9
3
9
13
32
4
1
-10
-24
-11
-15
-8
-3
16
-7
-9
-11
-22
-22
-8
11
39
6
-29
-15
3
0
-8
-2
-5
19
30
33
0
12
14
15
17
19
12
-1
21
21
-16
-29
-11
-4
1
-22
-29
-6
0
-16
4
20
21
35
26
8
7
-8
-8
-25
-31
-2
-1
0
12
44
22
-3
-1
-3
-5
-27
0
-3
8
37
14
-14
3
-9
-3
-5
-5
8
22
38
21
-6
-11
-20
-38
-15
-15
-7
13
10
2
3
15
1
11
16
1
6
4
6
-13
-25
-41
-15
-2
8
14
7
9
20
7
15
26
1
-14
-10
0
11
20
13
6
6
-3
-27
-28
-35
-33
-3
14
20
11
10
-22
-32
-25
-28
1
14
7
-1
-6
-12
-13
5
6
1
-14
-12
-4
6
-3
8
20
13
-2
-3
13
-13
-11
-15
-27
-33
-15
-4
-8
-11
-5
36
37
24
17
10
-9
19
-18
-17
-21
-16
-8
-12
7
7
13
25
24
33
19
24
42
-8
-25
-33
-8
5
23
20
12
40
16
-5
-12
0
-20
-24
-14
-8
-19
-8
12
31
24
-1
-22
-16
-20
-7
-10
-5
-9
12
32
4
34
44
17
0
-7
-5
-2
1
-10
-11
1
-16
-10
13
6
18
16
0
-18
-30
-14
5
24
23
15
-2
0
14
9
-4
-30
-16
-36
-30
3
-5
10
-11
-23
-17
-9
-12
-2
-17
-24
-6
-3
-4
7
11
23
7
-2
10
9
9
13
2
2
3
-30
-5
8
15
-18
-27
-26
-17
2
13
17
23
6
-10
14
18
8
6
-4
18
24
3
-2
8
19
5
34
37
21
3
6
-20
-24
-14
-45
-49
-15
-18
-4
9
11
7
5
0
-4
-28
-42
-21
5
11
28
34
17
-24
-50
-32
-37
-28
-14
-1
3
13
8
24
21
18
1
-19
-23
-25
6
22
2
11
12
16
9
12
20
2
9
-8
3
-1
0
2
2
-2
14
22
20
44
5
-13
1
2
3
14
11
-18
-22
-36
-38
-10
24
40
14
-9
1
7
22
24
0
13
-18
-33
-19
-10
22
3
19
4
-21
8
29
4
4
-12
-12
-24
-40
-34
-49
-5
17
31
48
28
-5
-27
-8
-13
5
4
8
36
32
29
54
33
22
-18
-12
-14
-38
-39
-44
-25
14
27
35
50
11
10
-37
-14
-14
-7
0
-12
-28
-17
7
25
29
-5
-20
-28
-44
-60
-41
-32
-18
-9
47
47
39
18
-28
-36
-27
5
19
9
6
9
-4
-45
-34
-29
-39
-19
-8
14
17
27
30
33
28
19
14
-14
-29
-17
-10
-14
10
53
36
30
27
19
19
1
-3
-22
-28
-7
-28
0
-17
0
-5
-7
5
34
43
10
-5
18
35
-6
-8
0
-8
-37
-25
3
40
20
21
7
5
-4
-8
27
-9
-14
4
0
5
17
19
5
6
3
18
-1
-1
-18
-9
-11
-13
-11
-6
8
1
-35
-44
-60
-59
-13
-10
26
43
35
25
26
40
22
-2
-3
6
-6
-3
10
-30
-24
-7
-2
12
5
2
-5
-18
-7
-27
-17
15
-16
-25
-2
2
11
43
88
34
36
-5
-25
-24
-6
-1
-6
15
-11
25
12
12
-4
-27
-46
-57
-46
-19
-33
-38
-34
-38
-21
-7
-9
-12
7
-20
-42
-25
-9
23
17
24
33
38
-6
-31
-30
-2
3
-12
12
13
13
-13
0
-17
-23
-65
-55
-17
13
35
23
29
26
22
50
48
25
38
16
27
13
36
18
-4
-5
-2
3
-3
16
2
5
22
-1
12
27
5
24
19
29
-4
-10
-1
2
-8
8
37
41
17
1
-6
-25
-18
-33
-26
3
17
4
-16
-46
-40
-32
-3
69
66
69
61
16
-10
10
5
-14
-47
-43
-78
-52
11
23
22
-2
3
14
2
3
-22
-28
13
14
41
9
8
-13
-18
-58
-35
-15
-4
-9
-41
-15
-10
29
38
54
39
13
-37
-47
-56
-44
-12
3
5
-8
-10
2
14
9
1
-14
-7
-37
-42
5
30
66
71
52
30
8
-19
-31
-30
-12
0
-4
-48
-42
-25
-7
16
15
9
-3
29
26
20
4
17
5
15
24
6
4
-27
-28
-37
-26
-44
-18
-10
2
-15
7
3
-12
-42
-43
6
-2
5
8
6
-11
-34
-38
-32
-45
-20
7
22
41
42
50
29
27
51
45
24
20
-1
-14
-19
11
19
-17
-30
-8
-2
27
16
2
-11
2
22
17
14
20
42
12
-3
-29
-23
-14
-23
-24
-3
15
19
26
1
3
-28
-16
14
23
23
1
-41
-39
-43
-34
-26
21
47
26
3
12
9
9
25
29
19
-11
6
-2
-7
-28
-1
3
4
26
44
29
20
23
5
-9
-29
-54
-62
-52
-26
9
34
29
27
-8
-34
-28
1
30
43
41
40
19
9
1
-11
7
33
32
40
39
30
12
-34
-39
-16
0
-8
-11
17
23
-1
-14
-17
-2
-19
-39
-38
-37
-57
-55
-42
-48
-17
-17
-7
5
3
-1
2
21
20
-8
-19
-47
-57
-64
-60
-45
-24
-15
-29
13
19
47
49
33
31
12
1
19
34
16
-12
-20
8
-5
-1
-18
-37
1
10
17
11
38
10
6
-1
-7
-6
-16
-18
-7
20
42
53
51
62
62
68
44
20
-15
-15
-32
-13
-6
-8
6
19
38
25
12
-17
-32
-30
-9
-14
-31
-34
-19
-20
17
8
6
7
-12
-28
-20
-1
-14
-18
-15
17
17
21
16
16
7
-14
-17
-6
4
2
39
35
35
31
30
6
-7
-11
-7
4
6
7
-17
-24
-45
-23
-12
-7
10
11
13
19
-4
-9
-17
-8
0
-3
1
8
-11
-31
-22
-41
-27
-14
10
17
16
18
32
39
22
18
3
0
-22
-30
-13
7
-1
-4
-10
-18
-13
-13
-27
-20
-3
13
42
18
-8
-18
-16
-17
-10
23
25
2
-3
-13
-15
-25
-4
20
33
13
-5
2
7
31
26
13
20
-6
-30
-16
-14
-5
-5
-13
-11
-18
-20
-11
-16
-28
-31
-30
-51
-25
-22
-42
-37
-13
14
0
28
46
47
38
32
9
-4
-7
-7
2
-6
-25
-4
17
33
41
10
6
-1
12
4
21
32
36
47
33
17
17
3
-38
-41
-26
-14
-12
18
57
76
80
69
65
32
8
-6
-23
-30
-42
-50
-47
-57
-80
-63
-4
38
39
45
30
-2
-20
-63
-80
-32
11
41
72
84
85
54
24
-19
-61
-57
-41
-24
-8
18
28
23
17
-23
-45
-61
-79
-84
-45
9
25
38
44
36
38
29
-9
-11
-26
-40
-67
-66
-40
-14
16
29
32
31
8
1
14
12
-1
-23
-28
-53
-31
6
18
35
34
24
5
-23
-35
-46
-42
-30
-4
33
43
43
36
21
-17
-13
3
4
-18
-35
-40
-30
-8
-9
12
32
44
29
-17
-64
-64
-62
-44
-22
-1
34
45
57
29
-2
-13
8
17
26
23
-12
-38
-29
7
27
56
59
45
44
38
6
-29
-72
-70
-33
-6
20
58
61
42
28
13
0
-7
-16
-19
5
43
70
76
56
34
-18
-61
-60
-28
13
23
48
78
81
69
36
-9
-36
-33
-23
0
26
40
32
12
14
-14
-61
-90
-72
-51
-48
-62
-73
-53
-11
13
35
62
58
31
24
15
21
34
38
42
40
45
22
9
3
-2
4
-18
-14
0
1
1
-1
30
25
17
-11
-39
-42
-54
-77
-100
-121
-126
-134
-133
-119
-117
-97
-51
3
56
79
66
38
18
16
41
47
42
37
35
16
5
21
35
83
88
53
10
-10
-27
-63
-65
-66
-46
-40
-17
-13
-18
-18
-30
-47
-50
-27
-32
-25
-26
-21
-17
3
29
9
-17
-11
3
39
50
43
23
17
28
29
22
16
25
16
-1
12
33
36
39
33
42
56
75
89
66
49
16
-9
-32
-41
-51
-58
-27
-13
15
40
-5
-33
-55
-49
-29
8
42
42
78
79
84
84
89
66
14
13
24
30
11
1
24
19
6
-3
-14
-17
-13
-15
-33
-49
-42
-28
-23
-35
-33
-23
-10
-12
-21
-22
-29
-24
-49
-76
-78
-45
-13
17
30
2
-6
4
16
36
48
61
20
-4
-22
-31
-33
-19
0
-11
-16
-9
1
14
7
-23
-43
-50
-39
-5
18
23
26
7
-7
-23
-25
-5
21
25
12
7
5
4
-1
-14
-9
-13
-30
-38
-37
-36
-35
-26
-11
-11
-23
-14
-14
-8
-8
0
17
18
10
-18
-44
-60
-54
-49
-24
-14
1
24
48
49
47
31
12
-5
-15
-32
-49
-19
7
23
40
47
45
38
16
14
29
44
56
49
35
29
16
32
46
33
36
40
19
0
-13
-29
-33
-37
-27
-4
27
42
54
47
36
24
16
2
-2
-2
-7
-3
0
3
5
-12
4
16
1
1
-4
-7
-2
-5
-32
-54
-59
-55
-28
-7
12
5
3
19
13
1
-8
-26
-32
-15
-1
11
34
47
44
39
14
6
6
-15
-24
-25
-23
-14
1
-4
-4
4
-6
4
16
1
-13
-20
-13
3
16
32
52
60
51
35
3
-18
-35
-58
-72
-91
-94
-64
-27
8
18
12
4
3
-3
-15
-31
-44
-55
-68
-67
-56
-29
-34
-23
-30
-27
-39
-51
-58
-70
-76
-79
-64
-61
-62
-56
-46
-40
-25
-16
7
33
58
73
89
105
120
132
143
140
136
127
109
88
86
83
77
80
63
70
91
94
104
97
102
93
82
68
63
68
62
78
90
89
80
61
70
66
44
29
11
-8
-38
-52
-62
-72
-69
-58
-41
-15
7
24
13
16
-14
-40
-64
-73
-70
-82
-70
-76
-84
-115
-173
-297
-456
-661
-891
-1099
-1282
-1375
-1364
-1245
-1013
-699
-332
41
380
660
894
1020
1068
1056
984
905
827
779
746
738
718
689
602
474
276
43
-168
-378
-538
-626
-625
-529
-351
-128
111
321
472
553
572
570
541
511
504
507
517
544
554
553
534
448
309
133
-69
-279
-422
-528
-572
-556
-523
-446
-376
-312
-264
-233
-232
-246
-275
-304
-300
-245
-142
-19
96
162
192
188
141
64
-22
-87
-143
-178
-206
-286
-527
-1002
-1711
-2536
-3288
-3791
-3948
-3731
-3131
-2267
-1227
-146
882
1775
2449
2853
2945
2799
2497
2168
1904
1736
1699
1739
1790
1766
1617
1327
936
464
-71
-571
-997
-1293
-1400
-1309
-994
-513
45
548
920
1117
1153
1079
953
818
717
657
638
660
631
564
455
293
39
-298
-670
-1030
-1272
-1390
-1353
-1155
-817
-406
8
384
638
800
826
725
556
348
153
10
-46
-52
-11
64
105
94
-19
-186
-423
-682
-896
-1004
-982
-837
-588
-320
-66
132
238
243
196
110
7
-64
-100
-47
81
286
523
682
615
181
-683
-1960
-3448
-4787
-5642
-5828
-5327
-4230
-2739
-1102
476
1823
2829
3430
3604
3410
2938
2381
1946
1746
1807
2054
2341
2492
2405
2007
1342
490
-413
-1209
-1837
-2204
-2266
-1981
-1393
-594
291
1091
1664
1922
1865
1585
1241
960
824
848
972
1140
1245
1260
1135
844
429
-125
-816
-1553
-2188
-2591
-2618
-2288
-1650
-894
-160
413
779
974
1023
995
887
753
638
566
564
608
648
616
434
100
-324
-800
-1204
-1431
-1459
-1288
-979
-602
-241
72
307
441
469
398
257
48
-144
-247
-282
-203
-47
176
421
624
775
857
848
694
259
-660
-2112
-3891
-5552
-6593
-6711
-5910
-4353
-2385
-390
1290
2501
3241
3568
3556
3261
2774
2251
1915
1876
2094
2437
2711
2728
2371
1595
502
-689
-1734
-2469
-2776
-2640
-2130
-1321
-390
523
1322
1927
2235
2196
1888
1441
1055
889
985
1301
1681
1934
1899
1510
854
53
-743
-1413
-1911
-2216
-2264
-2043
-1627
-1044
-520
-209
-131
-268
-464
-568
-469
-152
339
884
1363
1692
1753
1608
1251
707
43
-645
-1219
-1573
-1634
-1436
-1055
-593
-180
103
198
158
7
-134
-190
-113
95
359
615
780
816
692
456
114
-214
-489
-621
-544
-280
160
686
1169
1330
731
-888
-3292
-5756
-7455
-7891
-7012
-5097
-2578
-2
2142
3563
4221
4271
3866
3116
2206
1424
1058
1262
1876
2580
3083
3149
2637
1494
-96
-1751
-3078
-3824
-3873
-3219
-1999
-526
863
1909
2556
2837
2756
2360
1754
1162
780
751
1053
1594
2121
2365
2093
1269
85
-1164
-2144
-2697
-2793
-2520
-1980
-1326
-642
-78
309
456
330
0
-389
-565
-394
98
718
1298
1648
1652
1309
709
17
-624
-1122
-1416
-1441
-1214
-777
-274
158
418
461
312
62
-172
-341
-346
-183
100
438
734
905
878
642
232
-201
-567
-762
-783
-634
-352
2
400
777
1082
1279
1283
706
-833
-3270
-5847
-7547
-7812
-6705
-4594
-1977
535
2431
3421
3566
3190
2630
2058
1527
1211
1320
1883
2642
3214
3318
2870
1906
456
-1225
-2711
-3620
-3814
-3338
-2265
-782
762
1910
2428
2408
2118
1791
1523
1346
1326
1467
1691
1920
2092
2162
1961
1301
215
-1101
-2264
-2888
-2843
-2228
-1312
-402
247
512
446
257
56
-160
-418
-630
-641
-364
185
779
1184
1266
953
304
-472
-1069
-1313
-1197
-779
-247
257
678
825
677
299
-195
-609
-867
-890
-621
-160
342
758
929
909
718
378
-23
-424
-658
-671
-486
-200
84
306
393
337
231
223
363
626
965
1038
324
-1559
-4241
-6672
-7868
-7509
-5881
-3493
-875
1393
2881
3475
3351
2897
2391
1980
1683
1656
2027
2669
3247
3398
2969
1994
623
-996
-2578
-3652
-3979
-3571
-2555
-1098
540
1923
2658
2694
2258
1757
1456
1399
1555
1831
2124
2268
2214
2003
1628
994
80
-1017
-2075
-2754
-2891
-2460
-1619
-692
49
408
387
151
-39
-37
102
219
251
266
305
356
326
246
37
-299
-670
-985
-1070
-906
-537
-134
228
486
574
472
198
-92
-337
-478
-486
-310
-18
261
449
465
361
159
-28
-183
-260
-233
-154
-35
98
221
281
247
86
-114
-233
-194
27
401
838
1241
1434
805
-1163
-4169
-6992
-8400
-7997
-6121
-3347
-305
2224
3708
3981
3397
2498
1742
1306
1154
1368
1986
2834
3463
3503
2843
1589
-52
-1784
-3249
-4027
-3894
-2991
-1618
10
1660
2897
3306
2866
1995
1252
950
1134
1669
2303
2776
2811
2381
1651
851
20
-889
-1811
-2563
-2892
-2684
-1963
-945
23
630
661
237
-355
-705
-575
-126
446
844
984
879
560
133
-317
-684
-984
-1170
-1174
-944
-475
26
383
553
542
366
83
-226
-425
-430
-292
-60
194
393
477
388
123
-152
-325
-334
-212
-21
166
253
279
235
180
144
100
15
-108
-179
-119
102
413
739
1040
1124
475
-1475
-4464
-7268
-8517
-7799
-5609
-2619
442
2825
4004
3916
3015
1971
1260
1075
1298
1829
2631
3433
3836
3490
2376
732
-1073
-2689
-3827
-4138
-3514
-2227
-721
740
1988
2803
2912
2304
1413
786
795
1371
2236
3044
3433
3164
2220
951
-215
-1124
-1745
-2190
-2415
-2365
-2035
-1418
-661
27
424
341
-83
-533
-638
-255
451
1136
1455
1302
782
89
-611
-1088
-1262
-1203
-987
-689
-375
-54
168
213
117
-9
-63
-70
-52
15
166
303
398
444
406
294
81
-194
-411
-411
-209
102
397
581
598
409
107
-167
-313
-337
-329
-315
-315
-209
-18
242
565
848
1110
1107
195
-2071
-5145
-7585
-8164
-6799
-4164
-1063
1700
3468
3931
3260
2097
1106
675
827
1366
2144
3016
3650
3657
2869
1392
-462
-2178
-3382
-3852
-3427
-2248
-822
435
1385
2065
2369
2199
1629
1049
923
1343
2109
2909
3400
3239
2367
986
-403
-1378
-1876
-2022
-1967
-1821
-1605
-1307
-962
-601
-303
-165
-200
-345
-332
20
686
1434
1902
1793
1085
92
-927
-1598
-1799
-1559
-996
-471
-83
112
105
-19
-209
-332
-263
0
335
638
838
899
750
393
-13
-337
-543
-630
-543
-325
-11
332
547
615
477
147
-215
-489
-544
-413
-155
84
206
144
-25
-173
-237
-136
120
522
983
1285
808
-1067
-4065
-6820
-7879
-6896
-4514
-1578
1099
2915
3552
3060
1982
945
465
613
1243
2149
3105
3825
3905
3107
1539
-343
-2048
-3183
-3534
-3027
-1850
-461
620
1310
1753
1986
1899
1495
1044
940
1305
2007
2749
3194
3051
2144
705
-726
-1675
-1991
-1862
-1511
-1194
-982
-864
-792
-681
-504
-288
-135
8
138
397
776
1152
1354
1148
500
-333
-1116
-1569
-1577
-1217
-652
-189
36
24
-136
-356
-514
-504
-233
276
783
1115
1180
931
485
-39
-523
-775
-748
-555
-287
20
262
385
380
254
39
-206
-351
-368
-217
44
281
397
314
62
-220
-396
-377
-143
209
593
954
1192
937
-402
-3000
-5944
-7703
-7363
-5286
-2428
310
2298
3150
2833
1785
648
61
277
1132
2296
3442
4262
4369
3547
1898
-111
-1913
-3063
-3368
-2790
-1517
-51
983
1306
1117
818
550
350
358
716
1447
2365
3168
3544
3356
2468
1045
-461
-1491
-1778
-1472
-895
-392
-209
-368
-751
-1145
-1327
-1204
-822
-304
210
644
977
1156
1128
804
206
-465
-985
-1177
-1017
-580
-84
181
136
-137
-460
-706
-746
-548
-118
426
844
999
854
459
-15
-467
-723
-679
-352
33
334
455
358
117
-146
-309
-340
-171
100
360
519
556
435
217
-76
-378
-578
-585
-415
-105
253
608
890
1009
838
-166
-2351
-5181
-7238
-7289
-5433
-2653
-13
1811
2539
2185
1179
137
-314
130
1307
2732
3944
4645
4562
3575
1876
-75
-1732
-2701
-2874
-2259
-1080
203
946
839
152
-550
-831
-588
134
1143
2225
3061
3497
3469
3003
2099
922
-190
-905
-949
-527
-41
209
-8
-600
-1296
-1877
-2094
-1881
-1287
-538
150
608
810
814
663
393
45
-279
-422
-309
-9
352
582
513
109
-463
-945
-1154
-1050
-636
-134
324
600
590
383
84
-223
-431
-468
-333
-39
252
465
524
405
186
10
-79
-9
172
387
534
518
366
140
-60
-258
-428
-544
-592
-537
-390
-159
159
415
554
643
621
303
-811
-2946
-5319
-6604
-6017
-4025
-1709
139
1180
1404
998
344
-120
36
906
2163
3386
4196
4381
3797
2481
828
-631
-1513
-1774
-1489
-868
-74
508
524
-69
-850
-1265
-1104
-353
777
1957
2830
3193
3078
2621
1992
1302
652
221
158
399
642
640
207
-588
-1473
-2149
-2413
-2229
-1666
-930
-252
193
360
333
171
54
70
208
389
546
676
719
634
362
-56
-548
-932
-1075
-1008
-792
-475
-194
-55
-62
-162
-256
-259
-231
-127
42
246
455
559
531
433
309
229
231
304
380
411
390
259
73
-115
-290
-442
-545
-626
-667
-627
-529
-368
-124
119
305
392
411
453
472
137
-1102
-3231
-5294
-6023
-5070
-3157
-1289
-13
576
598
292
-69
-136
325
1301
2485
3523
4126
4074
3224
1853
481
-381
-638
-563
-346
-41
239
296
-55
-725
-1266
-1395
-930
55
1307
2364
2868
2755
2196
1562
1091
835
747
854
1122
1346
1257
749
-107
-1127
-1902
-2233
-2115
-1640
-980
-431
-151
-119
-212
-302
-311
-213
-31
261
646
922
954
705
307
-103
-434
-562
-556
-465
-348
-300
-334
-448
-652
-800
-864
-768
-461
-13
415
662
680
558
401
316
334
462
633
696
621
463
221
-67
-349
-581
-680
-651
-576
-490
-417
-374
-342
-288
-223
-137
-44
105
301
447
482
78
-1230
-3299
-5157
-5590
-4464
-2576
-898
82
397
276
-18
-291
-255
225
1197
2341
3306
3847
3681
2829
1585
509
0
-78
-9
29
50
129
169
-8
-357
-685
-780
-497
195
1102
1846
2218
2121
1759
1415
1245
1214
1198
1215
1212
1116
841
295
-433
-1151
-1629
-1719
-1451
-1003
-615
-451
-528
-695
-783
-686
-463
-197
42
271
470
507
393
137
-145
-324
-331
-142
26
92
32
-135
-352
-525
-682
-779
-775
-634
-253
160
482
579
483
308
196
242
367
535
642
637
527
346
136
-74
-272
-404
-424
-386
-308
-262
-270
-306
-334
-307
-257
-222
-163
-51
73
173
225
-22
-981
-2691
-4379
-4998
-4188
-2635
-1206
-385
-182
-303
-467
-500
-279
265
1123
2128
2971
3485
3453
2747
1699
833
453
504
644
606
461
286
127
-57
-278
-483
-577
-483
-138
442
1004
1384
1494
1431
1338
1305
1311
1250
1144
1070
995
884
629
204
-307
-758
-1015
-1039
-911
-811
-789
-838
-868
-793
-697
-623
-654
-732
-616
-271
175
476
496
391
239
178
201
201
177
82
-43
-189
-299
-430
-563
-643
-601
-343
-15
202
213
28
-106
-97
71
335
591
714
674
559
418
312
175
42
-43
-66
-51
-67
-178
-404
-624
-724
-688
-597
-471
-407
-332
-234
-127
-82
-260
-910
-2187
-3600
-4292
-3768
-2516
-1327
-691
-606
-700
-718
-565
-260
232
971
1797
2501
2936
2953
2478
1740
1146
1020
1240
1410
1264
846
394
137
63
38
46
29
-29
-9
137
380
600
764
912
1038
1228
1305
1208
965
738
670
713
770
692
458
132
-170
-383
-538
-680
-834
-1016
-1108
-1071
-1000
-949
-987
-1098
-1150
-953
-547
-83
244
369
372
301
261
242
237
239
235
210
194
124
-27
-225
-409
-456
-376
-259
-172
-186
-227
-195
-68
135
317
454
497
474
391
322
247
175
138
118
93
12
-107
-341
-549
-620
-560
-388
-256
-210
-270
-348
-348
-301
-270
-488
-1250
-2506
-3614
-3815
-3034
-1952
-1239
-1065
-1143
-1133
-879
-418
156
757
1384
1908
2252
2433
2329
1973
1577
1478
1697
1937
1889
1474
900
453
233
193
225
251
191
79
-9
-27
-18
25
133
345
678
966
1124
1060
897
800
809
895
952
907
712
444
144
-156
-435
-730
-1034
-1217
-1250
-1170
-1079
-1091
-1218
-1395
-1346
-1038
-597
-256
-58
86
185
324
481
559
538
537
526
522
487
369
162
-85
-258
-285
-272
-303
-352
-460
-476
-350
-170
19
145
191
189
177
209
274
347
409
434
429
371
250
39
-207
-374
-451
-478
-438
-393
-387
-381
-370
-348
-391
-491
-676
-1131
-2016
-3041
-3538
-3172
-2271
-1484
-1164
-1188
-1267
-1122
-707
-127
505
1067
1480
1755
1963
2105
2134
2009
1910
1963
2067
1994
1664
1180
765
531
450
430
403
261
34
-171
-287
-289
-266
-218
-126
102
420
705
860
869
894
949
978
999
938
818
651
475
296
100
-151
-483
-788
-1011
-1092
-1097
-1104
-1111
-1230
-1398
-1375
-1161
-759
-370
-95
70
140
281
456
633
741
817
796
707
556
378
224
0
-95
-114
-145
-216
-351
-479
-542
-484
-343
-161
-9
79
112
111
166
235
303
336
298
216
135
84
-14
-126
-225
-274
-333
-406
-487
-583
-627
-587
-464
-373
-383
-555
-1100
-2008
-2886
-3169
-2689
-1854
-1282
-1171
-1328
-1442
-1227
-761
-163
399
842
1183
1446
1722
1990
2104
2106
2122
2262
2363
2238
1872
1438
1086
888
797
702
480
118
-278
-552
-605
-504
-379
-325
-253
-125
77
260
382
525
677
842
935
960
924
851
743
632
565
426
183
-181
-526
-779
-875
-871
-942
-1135
-1256
-1279
-1217
-1117
-932
-641
-366
-116
98
259
330
407
486
551
637
663
601
424
273
195
117
17
-102
-219
-325
-385
-371
-302
-198
-97
-16
13
22
23
2
-8
18
25
31
3
-104
-190
-237
-260
-262
-269
-270
-279
-273
-250
-212
-159
-112
-91
-239
-666
-1426
-2293
-2746
-2531
-1905
-1417
-1382
-1677
-1913
-1834
-1372
-686
16
562
907
1166
1425
1726
1968
2108
2223
2413
2584
2571
2310
1923
1558
1341
1187
979
634
167
-264
-545
-586
-466
-383
-411
-494
-570
-532
-411
-224
6
303
579
800
924
926
867
775
748
765
765
637
377
26
-299
-496
-558
-567
-634
-788
-1066
-1289
-1300
-1083
-753
-515
-391
-376
-394
-326
-166
40
229
407
529
584
566
524
449
364
322
282
223
115
8
-83
-81
-22
18
-3
-117
-265
-418
-481
-434
-344
-280
-287
-347
-382
-377
-348
-261
-193
-170
-140
-101
-50
-12
41
87
141
156
30
-356
-1053
-1890
-2438
-2406
-1902
-1412
-1340
-1622
-1960
-2020
-1696
-1069
-408
111
456
666
899
1240
1622
1932
2177
2400
2546
2530
2309
1984
1694
1526
1445
1360
1154
781
340
-53
-283
-304
-252
-294
-449
-630
-731
-689
-526
-285
-20
200
364
445
446
442
470
535
681
826
857
702
433
157
12
-37
-149
-262
-401
-539
-722
-908
-948
-890
-773
-724
-732
-730
-680
-543
-350
-159
76
263
299
292
317
391
438
452
465
438
404
368
293
209
151
130
72
9
-96
-218
-342
-447
-452
-375
-306
-282
-333
-436
-515
-514
-418
-320
-250
-226
-252
-222
-146
-37
59
103
47
-50
-241
-640
-1263
-1853
-2012
-1693
-1238
-1092
-1313
-1745
-2015
-1883
-1321
-568
38
324
321
286
477
924
1397
1719
1935
2057
2111
2049
1956
1866
1792
1758
1734
1625
1358
975
516
163
65
147
218
85
-217
-527
-718
-705
-559
-347
-186
-115
-110
-106
-42
70
177
292
400
494
531
478
400
297
239
248
246
176
-60
-424
-752
-891
-792
-618
-526
-573
-688
-795
-798
-667
-455
-256
-146
-102
-48
27
121
221
295
385
465
525
509
437
346
302
312
335
336
261
96
-115
-237
-280
-271
-254
-297
-392
-513
-560
-535
-465
-388
-336
-319
-308
-257
-180
-71
2
31
42
27
-101
-471
-1078
-1661
-1864
-1565
-1090
-888
-1124
-1605
-1949
-1894
-1384
-669
-75
166
94
-21
85
547
1128
1560
1790
1899
1937
1880
1822
1801
1767
1712
1705
1668
1532
1265
912
568
349
330
358
274
17
-339
-586
-669
-585
-370
-210
-199
-330
-471
-520
-387
-150
87
260
349
371
334
289
282
288
256
223
181
105
-58
-274
-458
-546
-487
-415
-420
-549
-690
-785
-773
-613
-386
-181
-122
-158
-207
-218
-139
10
189
320
401
423
385
331
305
328
329
342
324
254
167
33
-57
-76
-58
-38
-81
-210
-354
-485
-535
-499
-386
-303
-319
-394
-466
-428
-315
-160
-33
-13
-85
-263
-597
-1091
-1487
-1552
-1241
-855
-736
-942
-1338
-1611
-1592
-1224
-637
-99
184
152
8
57
401
864
1236
1462
1559
1572
1541
1551
1600
1656
1695
1713
1677
1596
1414
1127
789
533
466
482
418
236
-36
-336
-527
-595
-498
-360
-280
-304
-410
-493
-442
-271
-86
93
205
224
206
169
166
216
276
272
197
92
-7
-127
-249
-381
-483
-498
-451
-389
-403
-451
-543
-610
-570
-458
-297
-181
-176
-217
-236
-178
-51
78
165
207
201
184
202
245
315
359
393
397
371
326
237
130
39
6
-1
-40
-110
-214
-332
-432
-483
-507
-514
-474
-428
-387
-360
-295
-217
-150
-84
-48
-77
-270
-662
-1169
-1514
-1469
-1092
-738
-679
-900
-1264
-1519
-1490
-1118
-558
-72
150
115
22
90
404
778
1101
1361
1513
1543
1502
1481
1490
1517
1549
1558
1546
1518
1376
1109
783
510
378
366
351
270
106
-142
-378
-499
-444
-305
-191
-161
-238
-348
-360
-265
-159
-14
95
136
132
89
52
27
-1
-53
-63
-31
21
41
0
-95
-215
-279
-292
-279
-239
-269
-347
-443
-506
-439
-354
-263
-249
-275
-311
-314
-248
-145
-6
82
149
210
296
386
454
484
447
419
402
392
366
305
171
18
-100
-198
-232
-261
-309
-369
-445
-485
-480
-442
-405
-349
-288
-251
-216
-200
-195
-203
-309
-578
-1010
-1381
-1456
-1254
-984
-857
-944
-1151
-1373
-1415
-1158
-724
-262
25
89
56
123
357
651
911
1130
1293
1411
1479
1514
1546
1491
1398
1329
1295
1327
1355
1283
1063
776
522
376
298
280
272
209
35
-160
-291
-337
-298
-243
-215
-220
-251
-227
-204
-198
-166
-141
-122
-102
-42
46
82
77
6
-82
-108
-68
8
42
-1
-110
-227
-328
-366
-331
-299
-332
-418
-524
-554
-516
-431
-350
-281
-226
-202
-114
6
105
192
246
281
332
417
532
579
524
429
345
260
222
207
163
93
-11
-105
-177
-223
-257
-302
-351
-389
-416
-410
-376
-314
-258
-238
-220
-216
-190
-191
-233
-375
-639
-1010
-1320
-1375
-1205
-948
-776
-760
-891
-1064
-1164
-1043
-760
-393
-72
91
128
162
286
437
602
785
966
1129
1244
1337
1413
1414
1354
1277
1246
1263
1322
1356
1263
1053
810
600
433
352
325
275
173
26
-107
-209
-293
-331
-365
-404
-420
-384
-310
-252
-206
-185
-190
-181
-125
-20
97
155
129
36
-34
-75
-78
-62
-78
-145
-243
-339
-421
-456
-466
-471
-490
-506
-472
-408
-335
-282
-230
-172
-107
-27
75
179
256
299
322
327
341
387
396
366
322
267
210
165
128
82
59
5
-83
-143
-201
-226
-229
-258
-299
-338
-347
-341
-314
-294
-265
-268
-289
-281
-257
-256
-365
-595
-914
-1163
-1211
-1053
-860
-741
-736
-805
-931
-976
-864
-658
-431
-234
-107
9
181
381
556
678
804
922
1041
1183
1345
1463
1477
1401
1311
1256
1271
1301
1292
1172
1002
808
610
455
334
251
165
56
-71
-173
-237
-260
-293
-349
-371
-373
-337
-276
-230
-166
-121
-139
-156
-158
-102
-37
-4
-7
-67
-126
-137
-141
-144
-140
-184
-253
-314
-339
-334
-313
-315
-335
-361
-383
-335
-269
-204
-150
-127
-118
-101
-34
59
128
165
182
212
239
265
300
287
277
245
213
190
167
138
80
19
-48
-82
-110
-165
-245
-306
-355
-386
-394
-369
-326
-286
-245
-239
-222
-218
-190
-181
-222
-286
-420
-622
-829
-932
-927
-851
-798
-776
-773
-779
-752
-683
-591
-475
-368
-253
-139
12
213
422
596
709
821
917
1019
1124
1210
1260
1294
1283
1244
1217
1187
1142
1061
951
816
693
567
427
320
233
150
85
28
-12
-47
-102
-166
-233
-272
-271
-241
-220
-195
-186
-193
-202
-205
-170
-120
-87
-95
-139
-169
-175
-153
-158
-178
-185
-240
-281
-289
-286
-286
-265
-304
-331
-326
-280
-223
-181
-138
-120
-85
-57
-14
29
88
118
145
148
180
215
235
235
203
177
152
132
98
61
28
-27
-88
-115
-115
-87
-101
-147
-185
-234
-247
-253
-263
-252
-228
-215
-202
-211
-210
-222
-237
-281
-344
-410
-547
-708
-828
-863
-839
-798
-757
-717
-659
-631
-586
-509
-402
-283
-162
-62
72
240
395
544
666
765
856
910
951
984
1002
1028
1042
1023
1019
1004
974
931
825
732
622
545
483
414
342
276
190
113
53
-6
-43
-94
-142
-200
-242
-265
-273
-260
-246
-239
-229
-225
-207
-190
-186
-179
-186
-194
-197
-167
-132
-130
-137
-161
-206
-240
-255
-242
-218
-195
-176
-180
-177
-170
-147
-136
-106
-70
-61
-35
-8
34
71
86
105
133
162
189
189
178
151
136
145
127
125
94
45
-1
-42
-58
-74
-86
-98
-118
-150
-183
-196
-200
-190
-185
-191
-203
-202
-205
-214
-247
-271
-291
-352
-404
-450
-517
-606
-677
-713
-700
-695
-681
-620
-546
-479
-422
-350
-270
-186
-110
-26
66
193
324
439
537
617
684
746
805
865
917
955
971
954
957
933
920
886
838
759
669
572
473
402
325
251
189
127
59
-6
-72
-136
-189
-219
-244
-262
-277
-280
-274
-267
-245
-248
-238
-222
-205
-199
-248
-267
-242
-212
-192
-186
-193
-207
-210
-204
-172
-182
-188
-180
-192
-177
-142
-85
-55
-38
-19
-2
9
17
22
51
88
96
94
98
108
122
127
132
129
122
98
63
34
-2
-22
-26
-58
-54
-52
-73
-83
-111
-156
-191
-217
-246
-265
-275
-281
-286
-298
-305
-301
-315
-336
-359
-413
-474
-527
-564
-566
-537
-497
-472
-451
-414
-357
-299
-242
-176
-107
-52
-5
63
152
267
380
474
570
635
698
765
815
869
921
964
973
954
916
892
846
786
711
628
554
450
368
291
212
150
70
-3
-74
-134
-184
-238
-280
-317
-312
-306
-283
-261
-267
-250
-253
-220
-203
-211
-235
-265
-254
-238
-226
-205
-190
-200
-178
-168
-163
-151
-137
-130
-144
-145
-121
-83
-77
-78
-64
-54
-16
4
23
49
51
67
91
105
105
115
111
86
77
101
84
80
71
38
11
-17
-58
-101
-121
-136
-150
-158
-170
-206
-226
-252
-257
-249
-241
-229
-240
-230
-241
-262
-265
-264
-286
-336
-379
-422
-470
-494
-478
-471
-440
-414
-395
-358
-310
-248
-189
-107
-43
41
117
207
318
410
497
557
647
718
787
833
876
890
876
854
818
797
758
716
658
572
507
434
368
298
214
160
99
29
-25
-74
-109
-132
-160
-179
-193
-201
-191
-197
-196
-194
-218
-258
-277
-265
-239
-214
-220
-192
-168
-142
-127
-133
-135
-144
-134
-134
-116
-94
-59
-60
-63
-62
-63
-42
-25
-22
-17
-11
-7
-8
3
7
16
20
12
13
12
17
3
-12
-24
-35
-66
-83
-111
-130
-156
-180
-199
-206
-181
-163
-161
-169
-166
-171
-173
-179
-193
-212
-228
-236
-249
-256
-270
-292
-319
-360
-395
-418
-436
-443
-428
-398
-362
-314
-242
-183
-122
-62
3
56
105
187
274
357
413
497
576
641
682
731
775
778
790
774
766
736
719
681
642
588
540
477
412
354
258
201
119
55
7
-44
-99
-136
-164
-180
-193
-213
-206
-219
-208
-190
-186
-174
-167
-156
-157
-155
-138
-124
-116
-103
-99
-117
-140
-139
-140
-141
-135
-138
-160
-171
-182
-185
-178
-172
-157
-145
-137
-135
-124
-121
-118
-100
-91
-70
-57
-43
-29
-17
-3
-3
-4
-12
-12
-23
-39
-54
-54
-61
-64
-65
-80
-92
-123
-138
-155
-176
-211
-227
-248
-256
-267
-304
-324
-327
-323
-323
-302
-280
-250
-204
-168
-133
-78
-51
-13
39
81
140
196
260
328
371
419
447
472
506
509
551
566
582
577
557
540
518
495
459
438
417
373
305
261
215
174
134
96
53
2
-28
-51
-83
-100
-120
-125
-140
-155
-147
-161
-158
-157
-164
-152
-141
-148
-143
-135
-146
-160
-165
-166
-162
-162
-157
-170
-173
-170
-151
-132
-139
-121
-121
-124
-119
-120
-131
-134
-119
-106
-100
-82
-56
-34
-16
-21
-29
-49
-62
-68
-67
-61
-69
-76
-98
-109
-110
-126
-155
-183
-218
-243
-249
-272
-286
-278
-276
-263
-271
-266
-244
-234
-202
-183
-146
-103
-61
-13
35
86
138
199
250
294
319
373
415
443
484
503
516
527
528
521
514
488
484
484
459
447
404
372
344
297
253
215
199
175
138
109
73
37
-7
-45
-89
-113
-121
-128
-156
-166
-155
-175
-189
-206
-227
-209
-210
-222
-226
-226
-220
-220
-222
-227
-232
-225
-212
-211
-193
-179
-172
-163
-158
-150
-149
-129
-106
-75
-49
-43
-29
-21
-4
-16
-6
-14
-31
-24
-28
-35
-43
-55
-65
-89
-109
-104
-128
-162
-173
-200
-220
-239
-263
-271
-284
-279
-267
-267
-247
-229
-195
-180
-158
-116
-59
1
47
103
147
199
227
266
305
344
370
401
426
418
435
440
446
450
468
461
447
434
415
402
370
346
314
280
253
234
202
182
166
133
117
90
75
53
17
-4
-32
-43
-54
-65
-99
-124
-150
-173
-177
-184
-194
-200
-222
-249
-261
-260
-259
-265
-261
-257
-247
-238
-228
-230
-227
-211
-205
-198
-174
-150
-141
-123
-115
-87
-86
-74
-64
-55
-51
-40
-46
-51
-45
-56
-81
-100
-105
-120
-133
-148
-154
-172
-179
-181
-199
-196
-185
-168
-155
-147
-120
-85
-63
-40
-19
15
47
55
74
98
132
179
217
250
264
279
288
301
308
320
323
307
305
296
303
302
298
298
302
288
270
259
234
214
198
173
156
153
135
122
112
80
55
51
37
34
9
-4
-11
-25
-25
-26
-36
-41
-55
-75
-92
-107
-115
-112
-121
-138
-146
-155
-159
-165
-182
-187
-187
-196
-202
-196
-176
-181
-172
-166
-162
-163
-160
-147
-148
-141
-142
-140
-133
-134
-148
-164
-167
-170
-171
-182
-181
-189
-214
-211
-215
-210
-200
-199
-185
-174
-163
-151
-131
-93
-61
-31
-11
4
33
56
85
130
177
212
261
301
319
341
364
381
391
389
385
380
377
378
364
351
339
320
298
260
233
203
188
175
146
143
126
96
86
74
61
54
50
42
30
8
-11
-20
-37
-40
-44
-50
-55
-75
-75
-97
-107
-117
-128
-133
-142
-144
-168
-167
-155
-169
-184
-179
-184
-200
-185
-171
-165
-142
-139
-125
-126
-121
-130
-130
-130
-136
-126
-129
-132
-144
-154
-156
-169
-185
-210
-203
-223
-235
-244
-261
-260
-272
-257
-252
-228
-210
-171
-135
-107
-70
-39
12
39
83
124
171
199
229
272
291
330
344
342
345
345
336
342
329
321
316
304
306
288
291
273
268
255
232
220
218
207
206
199
186
167
151
136
122
122
105
103
71
42
30
23
-6
-8
-19
-45
-64
-86
-108
-113
-121
-136
-155
-175
-190
-196
-196
-206
-195
-182
-185
-193
-196
-199
-209
-212
-199
-213
-221
-204
-227
-227
-226
-225
-220
-226
-214
-221
-220
-230
-244
-239
-239
-249
-232
-206
-189
-170
-144
-108
-86
-59
-23
-9
15
54
63
93
128
153
183
189
195
205
210
220
231
240
252
247
259
270
265
280
286
274
283
272
273
269
258
261
251
258
254
241
223
206
194
175
152
125
99
78
53
49
24
1
-15
-24
-32
-41
-42
-64
-80
-104
-102
-132
-147
-160
-184
-175
-176
-184
-169
-170
-179
-190
-203
-209
-214
-225
-227
-235
-231
-240
-245
-233
-234
-227
-226
-223
-215
-221
-209
-216
-199
-192
-191
-186
-170
-144
-128
-102
-87
-48
-25
-6
33
59
86
115
134
167
182
186
198
204
220
217
219
225
234
235
232
226
219
203
184
176
180
187
194
200
201
192
188
178
165
162
142
136
140
132
111
99
92
85
67
54
43
33
19
3
12
-2
-11
-17
-27
-46
-58
-62
-87
-75
-75
-85
-92
-98
-107
-104
-103
-120
-113
-130
-134
-146
-153
-162
-189
-196
-188
-187
-180
-192
-179
-193
-187
-189
-195
-178
-193
-193
-198
-192
-174
-175
-162
-143
-122
-98
-89
-67
-53
-35
0
10
24
49
51
62
90
109
114
140
140
151
156
167
167
169
172
177
173
186
199
202
211
209
211
196
203
200
195
186
186
172
159
164
135
138
127
105
86
72
70
52
44
28
22
5
-6
-27
-44
-51
-67
-73
-79
-96
-109
-129
-125
-129
-157
-136
-136
-157
-153
-149
-147
-150
-146
-148
-153
-145
-152
-134
-139
-137
-124
-116
-95
-107
-100
-103
-105
-102
-101
-99
-98
-93
-95
-68
-50
-52
-37
-17
-14
6
10
21
30
40
60
72
90
107
112
123
128
135
153
151
142
150
146
134
141
131
131
139
138
138
138
141
129
120
115
95
98
85
76
79
78
65
58
54
28
40
40
34
32
27
25
-4
-15
-8
-5
-8
-6
-12
-26
-44
-50
-63
-81
-87
-96
-97
-92
-98
-116
-120
-123
-129
-138
-139
-151
-142
-144
-149
-153
-165
-164
-177
-164
-152
-137
-139
-141
-116
-117
-126
-115
-106
-95
-96
-87
-69
-65
-47
-27
-7
14
26
55
65
91
118
126
129
133
140
156
157
155
170
158
170
164
160
161
156
140
132
128
118
117
115
105
81
87
95
77
74
66
53
49
47
36
32
34
24
15
17
12
6
5
-5
5
2
-11
-14
-20
-16
-15
-26
-25
-37
-41
-57
-66
-61
-67
-63
-72
-74
-77
-73
-90
-79
-83
-102
-99
-96
-89
-97
-101
-103
-105
-111
-110
-110
-115
-110
-112
-104
-97
-85
-82
-81
-61
-55
-42
-28
-5
4
20
25
39
53
65
81
96
91
97
110
108
106
107
109
106
111
103
102
101
90
89
83
85
76
57
63
61
55
55
65
61
57
54
43
38
41
35
38
26
5
1
-2
-8
-22
-27
-36
-39
-54
-57
-67
-71
-80
-81
-74
-77
-78
-71
-70
-74
-74
-72
-66
-59
-59
-55
-47
-53
-48
-53
-53
-44
-54
-47
-46
-50
-48
-44
-43
-39
-44
-47
-47
-43
-29
-18
-16
-4
6
22
28
31
49
47
50
44
48
60
58
62
60
57
60
64
58
67
63
54
57
44
38
37
31
13
6
10
8
14
19
19
18
18
24
29
35
39
48
44
42
50
50
50
43
42
33
27
17
20
21
-2
-3
-7
-13
-13
-30
-24
-34
-29
-29
-38
-43
-30
-31
-47
-38
-32
-41
-33
-25
-32
-37
-27
-30
-40
-32
-43
-37
-44
-57
-52
-56
-56
-50
-45
-47
-33
-35
-38
-43
-38
-24
-44
-23
-14
-8
11
9
13
22
32
30
41
30
43
48
48
46
42
46
44
52
56
54
50
56
65
52
49
39
27
39
43
37
50
53
48
29
44
48
37
21
13
10
-12
-7
-13
-26
-29
-45
-39
-39
-54
-50
-54
-60
-64
-61
-70
-76
-65
-78
-71
-62
-72
-73
-63
-59
-48
-40
-37
-35
-27
-24
-23
-18
-18
-22
-19
-9
-19
-9
-8
3
-4
-2
-2
0
16
9
3
12
16
25
20
38
45
51
51
43
57
55
56
47
46
43
49
48
43
42
44
42
45
47
42
47
37
43
38
38
34
37
37
25
23
32
33
25
16
18
27
19
12
18
14
15
12
5
8
7
-17
-29
-17
-19
-25
-19
-29
-25
-35
-36
-34
-38
-35
-35
-32
-21
-30
-31
-22
-20
-22
-31
-28
-33
-29
-29
-26
-35
-28
-22
-33
-46
-29
-37
-46
-34
-47
-44
-44
-49
-55
-43
-32
-29
-22
-18
-16
-20
-15
-17
-10
-8
1
13
23
27
18
20
23
12
18
26
14
16
18
14
25
31
35
31
18
23
5
16
19
22
31
36
36
39
35
37
25
16
29
14
26
23
21
20
24
34
32
35
28
22
9
12
3
-1
7
-1
-5
-15
-6
-8
-5
-8
-5
0
-7
-23
-19
-17
-14
-12
-28
-26
-22
-38
-30
-27
-32
-24
-25
-28
-20
-14
-16
-1
1
-2
7
6
5
-2
9
10
-1
6
13
8
11
19
10
20
23
16
17
22
15
10
15
5
11
6
5
2
-4
9
-1
0
-4
0
3
-2
1
3
12
8
5
11
-13
-7
-3
-10
-5
2
4
-7
2
1
-1
-2
-2
-1
-10
-29
-21
-13
-24
-20
-23
-32
-20
-33
-24
-23
-30
-24
-5
-1
-2
-1
-7
3
5
8
14
13
18
28
17
21
17
16
16
13
7
-13
-12
-14
-11
-14
-15
-19
-31
-26
-25
-21
-18
-18
-24
-19
-23
-31
-25
-31
-30
-29
-24
-21
-29
-27
-11
-25
-2
5
4
12
18
26
11
24
34
41
39
33
46
50
37
47
42
50
62
52
52
41
38
48
36
46
54
44
45
38
31
30
21
16
14
8
0
4
-1
-6
-7
-16
-11
-15
-28
-23
-25
-20
-21
-18
-14
-25
-27
-28
-22
-31
-34
-36
-37
-40
-36
-40
-40
-26
-32
-23
-31
-22
-8
-20
-18
-18
-17
-19
-13
-16
3
4
-1
11
19
26
26
34
24
23
16
12
15
16
7
10
8
1
16
14
17
10
14
24
3
2
-3
-4
0
-8
-3
-10
-18
-11
-26
-17
-26
-29
-17
-17
-7
-6
-10
-17
-11
-5
-1
10
1
13
16
19
18
6
8
4
7
-9
2
4
-9
-3
-2
1
7
0
6
17
14
11
13
13
11
20
14
7
4
-7
-4
-8
-3
-10
-10
-4
-10
3
-13
-14
-1
1
-8
-16
-7
-9
4
3
-1
-15
-5
-6
-12
-14
-4
-12
-10
-12
-16
-12
-14
-11
-5
-1
7
8
9
17
5
12
15
6
2
1
10
3
1
6
-1
0
-3
-5
4
12
5
12
16
7
13
17
23
13
11
12
12
3
0
-4
-1
0
-6
5
1
5
-2
-12
-16
-12
-15
-14
-2
1
-6
-4
-2
-7
-11
-8
1
2
3
14
7
6
11
3
1
0
6
8
-2
-2
-2
6
-7
3
11
10
19
19
20
28
35
26
39
27
28
23
26
20
26
36
32
32
24
24
17
16
2
1
-5
-5
-4
-7
-15
-25
-18
-24
-17
-22
-29
-27
-43
-49
-42
-41
-49
-42
-39
-45
-42
-38
-32
-34
-27
-29
-29
-26
-27
-28
-32
-35
-32
-30
-23
-20
-24
-25
-23
-9
-8
-5
4
8
2
7
8
3
3
2
15
18
22
28
32
35
40
36
28
35
33
25
28
28
23
9
11
18
19
12
11
15
16
20
5
-3
-7
-3
-5
-1
-7
2
5
-3
8
-2
-1
-3
-4
2
3
5
2
18
25
23
17
23
24
32
31
21
24
34
22
20
25
24
23
24
20
20
22
6
4
3
6
7
-4
-15
-23
-21
-29
-30
-27
-33
-35
-33
-41
-39
-34
-32
-32
-36
-27
-32
-20
-22
-34
-39
-27
-22
-19
-21
-32
-19
-17
-14
-17
-18
-10
-16
-11
-10
-11
-7
-2
2
4
3
13
21
16
20
29
26
20
21
14
15
20
13
18
28
18
18
17
25
16
24
26
20
18
7
16
19
7
13
11
15
13
8
3
8
6
3
-6
-11
-3
-14
-12
-16
-21
-14
-9
-14
-11
-10
-14
-11
-14
-14
-8
-10
-12
-11
-4
-2
-9
-9
0
-13
-10
3
-5
2
-6
-6
-1
-7
4
-4
-3
6
0
9
18
14
21
17
21
16
20
19
9
7
18
13
16
12
13
7
5
-2
7
3
-6
-5
-10
0
-10
0
-1
11
1
-1
1
-5
-10
-7
-3
-12
-7
-9
-6
-8
-10
-14
-17
-16
-6
-12
0
-7
-2
-1
9
8
-5
2
-12
-4
-14
-2
-1
-8
-3
0
4
4
-3
2
-2
-6
8
3
4
7
4
9
5
2
6
4
-4
1
-7
-1
5
-3
-7
-9
-12
-26
-15
-12
-15
-11
-18
-20
-21
-13
-11
-10
-4
-5
-9
-7
-12
-2
-8
-1
5
5
4
-8
1
-8
-2
-5
2
5
-1
4
-4
5
12
14
2
8
14
11
13
15
20
16
19
21
12
25
27
23
23
26
31
35
23
25
28
24
21
7
17
17
13
8
5
0
-6
-9
-3
-8
-16
-10
-13
-17
-18
-17
-20
-17
-12
-24
-21
-20
-12
-9
-3
-6
-13
-8
-5
-13
-17
-15
-17
-9
-16
-16
-6
-16
-2
-9
-5
7
5
3
0
1
-4
4
7
15
6
13
15
16
15
13
16
16
14
14
10
7
-1
7
14
10
13
7
6
2
-4
5
7
13
6
15
2
9
1
-4
-1
-5
0
-6
-3
-2
3
0
-13
-11
-14
-16
-14
-16
-17
-22
-19
-16
-15
-15
-20
-8
-14
-22
-21
-18
-12
-28
-18
-7
-5
-14
-23
-16
-11
-8
-7
4
6
-2
7
1
9
1
1
-9
-11
-5
-10
0
2
2
-7
-7
-5
-7
5
0
-6
3
-4
-1
4
5
8
8
12
6
10
4
7
15
16
9
1
7
11
6
11
18
16
13
14
28
27
22
26
24
30
31
21
27
34
24
44
28
24
21
20
21
16
14
18
21
7
7
0
3
-1
0
0
-10
-12
-17
-14
-22
-21
-22
-17
-17
-24
-14
-11
-24
-20
-23
-22
-12
-16
-14
-14
-17
-11
-15
-13
-9
-14
-10
-15
-10
-6
-9
-10
-18
-10
-2
1
10
9
6
5
12
3
13
8
9
10
-2
0
8
-3
2
3
-2
4
-1
2
-4
2
3
-1
-3
-6
-7
-5
-2
1
0
-10
-12
-10
-21
-22
-22
-27
-21
-17
-23
-31
-28
-20
-20
-18
-9
-18
-19
-10
-4
2
3
10
10
12
15
4
10
12
7
16
20
17
23
20
7
12
16
19
15
18
5
12
6
-1
-9
-2
-4
1
8
12
15
13
9
9
14
0
18
15
8
21
13
20
20
23
12
9
6
6
16
18
14
22
13
11
19
5
3
6
-2
-8
-6
-10
-8
-2
-6
-12
-16
-14
-12
-7
-12
-14
-10
-9
-3
-12
-18
-1
4
-2
-2
-5
-4
-2
-7
-4
-9
-9
-7
-7
6
-5
-11
-16
-10
-7
-15
-12
-10
1
-13
-5
-1
-6
-13
-11
-3
-5
-6
-13
-3
-14
-19
-11
-10
-10
-15
-17
-20
-12
-4
-12
-5
-1
5
13
-1
7
14
2
6
9
24
23
17
19
21
22
14
15
13
18
25
