6
5
-1
11
16
10
2
9
-4
0
-3
-11
-1
-12
-11
-3
-7
-5
-7
-5
-10
-4
-3
-3
9
8
15
5
14
10
5
-3
7
6
1
12
13
23
24
21
7
11
5
0
2
-7
-4
3
1
-1
6
0
3
-5
-10
-4
-1
-12
-8
-5
-8
-11
-12
-7
-13
-12
-13
-12
-1
-9
-10
-5
-12
-13
-12
-7
-9
-11
-8
-6
-2
-9
-5
-3
-5
-11
-5
-7
-1
0
-3
-4
-4
-7
4
0
7
6
-6
0
1
7
4
-3
-9
-8
-7
-4
4
-1
-4
-5
-6
5
11
17
7
0
-1
2
13
14
15
7
12
16
17
8
8
7
2
1
3
6
3
5
0
8
6
-5
5
4
-3
-7
-7
-7
-10
-3
-10
-11
11
0
-6
-5
-14
-1
2
-6
-3
-14
-16
5
8
14
1
8
6
1
18
18
14
11
10
-2
-7
-11
-6
-9
-1
8
10
19
16
25
13
5
10
16
1
-8
4
7
10
-1
0
3
-1
-1
-4
-3
-2
6
2
-11
-6
-5
4
-9
-8
-3
-10
-5
-14
-10
-17
-16
-6
-11
-22
-19
-13
-24
-22
-26
-24
-22
-6
-11
-1
-14
-20
-4
-16
-6
6
5
13
19
9
9
10
9
14
11
8
5
16
22
29
18
17
17
10
1
-4
4
-4
-10
-7
-11
-4
-3
-1
3
3
2
4
-5
-8
-1
-3
9
3
7
-1
-6
-13
-3
-2
3
2
-4
-10
-3
8
-3
2
4
-10
-12
-7
5
6
15
13
4
20
8
12
18
18
19
22
16
15
13
10
4
11
9
-2
2
-3
-7
-8
-10
-21
-19
-19
-22
-14
-8
-2
-4
-7
-10
-11
7
4
6
16
9
17
6
-3
13
12
6
-7
-7
-6
-15
-2
3
-3
-6
-8
-12
-6
-12
-11
-15
-11
2
6
2
3
-1
-10
-4
-6
10
4
7
11
0
6
3
2
-1
-1
-7
-16
-11
-13
-12
-8
-10
-1
-6
-1
-1
-10
-8
5
3
-1
7
9
9
15
7
2
-3
2
23
16
17
6
2
5
-4
-6
4
0
1
1
-8
4
-4
-1
-5
-4
-1
-14
2
-2
6
7
-4
7
10
2
5
4
8
8
1
-4
2
8
1
4
-3
-3
-11
-13
-10
-7
5
-6
-13
-2
5
6
7
8
14
9
4
-2
-6
1
-15
-11
-5
-12
-12
-6
-6
-5
-11
-16
-4
-5
-3
3
-7
-1
-11
-13
-8
-7
5
-2
1
-1
3
17
20
20
24
21
14
6
-5
-4
-13
-9
-10
-19
-16
-17
-17
-8
-7
-9
-6
-9
-13
-6
3
9
24
24
37
25
30
21
8
3
5
6
0
6
4
3
7
5
-12
-7
-14
-9
0
0
9
9
6
-1
-2
-1
0
3
8
4
-2
-5
-5
-6
-10
4
1
-5
-15
-9
-8
-12
-11
-6
-3
-12
-1
-9
-8
-6
-12
0
8
17
6
7
-5
3
4
4
17
9
19
14
8
-5
-9
3
11
14
15
12
12
-3
-7
-11
-9
6
3
0
-12
-5
-13
-12
-12
-5
-8
-7
1
-4
2
-1
6
-7
-5
-13
-11
-3
4
11
4
7
-2
-8
-13
-24
-32
-29
-22
-10
8
17
13
3
-1
5
9
20
29
34
27
16
10
14
16
8
-3
7
4
1
7
3
-2
-15
-15
-15
-19
-23
-28
-26
-17
6
10
8
2
-9
-8
0
-9
2
6
6
8
3
10
2
-9
-4
5
12
16
17
19
5
1
6
-5
-18
-10
-1
-4
4
-8
-17
-14
-6
-1
6
10
18
15
12
21
16
21
29
27
30
27
8
5
4
1
11
22
29
27
18
13
7
-6
-6
-21
-22
-15
-18
-8
-2
4
-6
-18
-22
-10
-13
-2
1
1
-3
-12
-7
-11
-11
-13
-18
-26
-22
-13
-20
-10
-2
4
14
6
-1
-15
-29
-27
-18
-12
-19
-22
-23
-24
-13
-7
-8
-6
-6
4
-7
-21
-26
-20
-19
-15
-4
-5
-15
-26
-17
-3
1
-4
15
24
9
12
5
13
10
10
5
-8
-3
-8
-11
-6
4
22
39
43
30
22
12
17
12
19
24
17
12
-7
-7
-2
-5
2
5
1
7
4
-4
0
13
16
21
20
13
10
10
-3
-1
-3
-10
-3
8
21
31
34
30
29
10
-4
0
5
9
10
29
15
19
20
0
9
4
4
0
-8
-13
-14
-4
-6
-4
-4
-6
-8
1
-6
-12
-22
-34
-22
-8
-9
-17
-18
-13
-1
3
11
2
-1
5
2
2
9
2
7
-10
-21
-34
-37
-39
-33
-29
-31
-43
-37
-25
-26
-8
0
7
-2
1
16
24
24
17
14
18
17
16
12
5
-11
-21
-23
-17
-14
10
14
9
11
15
8
-2
-7
-1
0
2
-1
-3
12
0
0
-5
-21
-24
-10
-8
13
22
32
43
39
32
18
18
-6
-4
6
-4
-11
-13
-13
-11
-3
-9
-16
-22
-21
-13
8
4
16
21
26
22
31
28
21
13
-11
-10
-11
-15
-22
-13
-9
8
10
12
16
10
-4
-8
-7
-27
-26
-22
-19
-9
-3
7
14
34
47
42
35
10
20
23
10
3
-11
-18
-16
-13
-15
0
-2
-14
-18
-13
0
-1
13
16
14
25
18
12
3
-12
-17
-26
-14
6
19
36
25
10
3
9
1
11
1
-13
-26
-30
-22
-18
-13
-20
-24
-24
-14
-24
-27
-30
-48
-53
-47
-47
-24
-9
4
1
17
32
47
71
71
58
30
-1
-13
-18
-4
1
-4
-6
-24
-27
-26
-25
-39
-34
-24
-23
-9
4
10
24
39
51
37
15
3
-12
-15
-2
11
8
-9
-20
-20
-1
15
7
8
-2
-8
-9
0
2
5
-14
-26
-24
-12
-11
18
30
20
19
0
0
13
22
4
-9
-20
-29
-27
-14
-3
-19
-27
-23
-4
19
23
20
9
9
17
18
28
38
57
60
69
42
15
-1
-23
-25
-27
-24
-20
-12
-1
9
13
5
2
6
2
-12
-20
-30
-37
-31
-18
7
23
36
36
46
33
22
4
-5
-3
6
5
2
7
1
-1
4
9
15
8
2
-6
-18
-4
-19
-30
-37
-1
35
27
5
-7
-2
4
-5
-29
-47
-43
-26
5
6
5
-19
-32
-27
-27
-25
-20
-19
-1
10
0
-21
-37
-38
-20
13
22
24
13
11
-4
-4
1
-6
-5
-22
-14
2
43
65
65
41
28
13
-3
-16
-29
-13
3
20
19
17
11
13
4
-17
-43
-42
-18
-3
7
9
12
10
8
-6
0
6
2
-13
-21
-6
6
1
6
-2
-22
-14
-9
1
13
19
31
27
19
14
13
3
-22
-17
-28
-39
-25
-6
5
25
40
31
11
-7
-12
-18
2
20
24
28
6
0
4
0
-10
-29
-20
-7
3
11
4
-6
-10
7
19
20
10
-2
-9
-7
-11
-30
-41
-36
-34
-6
41
83
118
125
87
50
29
14
-9
-48
-65
-73
-74
-84
-80
-53
-24
1
1
1
11
21
24
24
8
-10
-30
-47
-49
-32
-40
-45
-30
-6
29
30
22
21
28
33
22
29
33
54
49
11
-31
-42
-33
-14
-1
9
18
31
32
46
49
50
19
5
23
18
-8
-61
-73
-67
-51
-32
-27
-37
-25
1
1
-11
-32
-41
-36
-39
-23
-14
-3
-9
-10
2
19
53
67
76
28
-24
-68
-74
-48
3
53
57
40
6
-38
-76
-75
-32
-11
8
10
0
18
48
70
95
106
72
62
41
17
13
13
5
-2
-4
-24
-57
-55
-48
-19
20
35
47
54
14
-17
-55
-67
-33
-16
-19
-26
3
32
20
4
-24
-15
12
17
30
31
32
53
52
51
42
-2
-22
-17
-22
-44
-52
-41
2
12
16
11
-5
-3
-3
-12
-13
-7
-16
-46
-91
-88
-49
-2
39
36
15
-15
-29
-33
-18
5
38
66
67
62
32
19
-3
-37
-71
-90
-80
-53
-20
11
26
22
23
37
71
81
83
58
34
28
21
13
-2
-40
-52
-48
-39
-33
-36
-32
-18
15
21
22
-13
-48
-56
-47
22
80
93
73
61
59
55
18
-16
-20
-29
-26
-3
-2
-27
-36
-48
-71
-62
-15
45
58
39
2
-31
-24
-2
15
7
-15
-49
-55
-42
-26
-33
-32
-18
17
76
96
98
67
32
-32
-85
-98
-94
-53
-4
22
28
19
27
32
21
-11
-47
-27
12
53
56
-20
-62
-37
60
114
107
76
50
39
47
52
19
18
0
-37
-90
-154
-201
-175
-67
23
77
80
44
39
36
13
12
31
24
-9
8
-3
-21
-13
3
-3
17
17
40
46
14
-17
-71
-107
-83
7
79
45
-17
-27
57
162
145
42
-67
-126
-113
-79
-43
-9
21
42
47
26
-7
-17
15
50
42
19
-6
5
5
-25
-31
-56
-90
-121
-147
-131
-113
-51
13
39
43
51
86
105
93
65
39
26
64
104
96
51
-13
-66
-98
-131
-112
-32
19
10
-50
-108
-113
-88
-12
68
136
175
167
138
92
41
-12
-19
1
10
5
-21
-62
-100
-115
-144
-138
-57
15
78
69
-1
-46
-40
-41
-85
-94
-50
13
26
-9
-32
-3
49
81
69
31
21
1
20
58
52
11
-53
-120
-107
-59
19
70
96
122
125
105
59
23
-18
-48
-47
-19
24
53
69
53
41
-16
-29
-14
-37
-58
-110
-126
-59
51
65
59
49
54
70
35
-1
-27
-25
-15
4
4
-33
-83
-66
-37
25
72
72
42
41
40
30
41
28
43
37
10
-44
-54
-26
17
16
-3
-7
22
56
50
15
-47
-109
-108
-85
-85
-79
-87
-1
44
-1
-29
-24
56
59
32
37
36
-6
-56
-71
-64
-14
17
11
-28
-52
-55
-21
55
127
178
153
84
15
-29
-27
2
-10
-63
-86
-67
-37
8
67
69
49
48
26
3
-82
-178
-226
-181
-55
34
85
87
61
44
71
96
56
-1
-56
-86
-60
-33
-16
-17
-15
-56
-74
-71
-85
-66
-23
66
67
5
-76
-90
-76
-57
77
225
259
200
145
104
68
37
-55
-105
-80
-55
-62
-91
-125
-141
-74
18
96
113
82
78
49
37
38
76
54
9
36
-17
-78
-108
-108
4
50
79
103
69
15
2
37
25
-5
-50
-107
-147
-156
-133
-28
55
50
32
7
-29
-11
64
83
48
21
40
84
141
151
97
23
-35
-66
-64
-39
-43
-45
-58
-75
-114
-96
-27
36
67
48
47
76
56
36
14
12
16
-48
-108
-111
-77
-21
49
89
43
-53
-120
-104
-69
-8
35
55
41
3
-42
-89
-119
-127
-77
-8
61
87
112
91
76
-10
-43
20
22
27
71
84
43
8
-28
-60
-98
-104
-88
-37
-4
36
110
158
145
57
-59
-107
-78
-7
93
123
80
-27
-137
-147
-87
-33
-15
5
24
65
65
14
-13
-31
-45
-71
-80
-91
-144
-237
-216
-110
28
204
246
179
61
-36
-65
-68
-84
-60
12
74
169
269
311
305
250
165
88
63
46
-21
-130
-216
-217
-182
-141
-74
-15
-5
-1
-41
-52
-60
-56
-31
-47
-35
28
47
8
-38
-60
-119
-122
29
190
220
180
147
85
34
-73
-170
-167
-97
-20
108
165
169
96
4
-65
-73
-64
-96
-136
-136
-41
42
92
64
44
101
173
184
99
-59
-168
-183
-108
-1
157
246
120
-8
-67
-74
-48
-8
-50
-91
-22
40
51
11
-29
-21
-2
-106
-182
-207
-151
27
137
193
195
70
-102
-127
-80
16
91
6
-26
-3
-73
-222
-310
-236
-131
-44
28
103
131
103
107
192
224
141
5
-76
-31
44
80
29
-13
-11
4
-76
-189
-252
-214
-153
-62
42
104
125
71
88
116
153
164
68
-30
-55
-45
-30
25
57
-28
-68
-88
-71
2
45
27
-12
3
69
145
151
53
-5
44
94
97
20
-23
43
154
251
233
177
175
78
-87
-240
-322
-296
-152
-73
-125
-246
-403
-352
-178
-44
43
81
130
153
110
-22
-82
-35
-63
-177
-249
-99
121
148
49
49
114
174
285
380
361
248
57
-158
-216
-256
-275
-257
-177
-82
64
277
451
450
292
48
-144
-213
-169
-73
-4
54
68
64
101
203
211
34
-265
-428
-302
-120
-22
16
69
155
177
186
111
43
1
-25
-118
-258
-339
-300
-88
90
152
84
83
127
162
191
125
-44
-178
-282
-291
-166
-45
80
95
83
78
116
105
29
-18
-40
-97
-214
-347
-293
-147
-62
74
229
358
378
370
287
161
4
-179
-326
-475
-466
-292
-56
57
38
-13
-37
-49
-113
-97
-98
-87
-4
61
19
-118
-96
93
287
295
217
131
192
316
312
105
-85
-80
0
75
27
-13
-24
-22
11
17
-4
-12
-34
-64
-22
-50
-74
-22
75
205
320
332
177
-23
-135
-169
-172
-107
4
102
72
-66
-115
-131
-160
-127
-32
-18
-38
-56
-65
-110
-125
-36
33
108
195
236
202
122
53
-20
-142
-215
-209
-180
-142
-101
-45
70
189
253
293
240
168
101
22
-43
-111
-166
-215
-263
-265
-197
-68
43
88
97
136
149
146
117
71
-6
-142
-253
-311
-308
-220
-84
-47
-75
-31
89
165
94
-28
-72
-63
-2
83
137
158
138
82
71
64
45
-31
-131
-81
15
65
53
15
-20
25
38
3
31
38
70
129
140
98
22
-24
-61
0
75
109
190
248
190
25
-142
-202
-164
-80
25
36
19
38
34
8
-17
-23
-66
-174
-324
-400
-315
-173
-11
76
92
107
44
-47
-83
1
147
270
307
150
-97
-231
-268
-236
-164
-28
140
215
252
237
139
77
20
16
-24
-133
-246
-260
-148
13
143
198
186
195
228
126
45
5
20
15
-38
-81
-107
-80
10
123
139
61
-110
-266
-330
-348
-292
-241
-114
22
83
49
-19
-1
73
134
142
140
109
47
-49
-110
-62
-4
26
25
-12
-62
-43
-2
70
169
245
201
101
13
-51
10
-8
-16
-93
-84
16
79
221
279
224
96
11
9
-2
-22
-69
-88
-58
-43
-31
-53
-92
-94
-106
-53
43
104
84
-21
-144
-243
-197
-105
-46
-50
-9
46
90
87
19
33
39
118
142
118
7
-121
-79
-79
-72
-41
-23
3
-11
-40
-75
-61
15
66
89
21
-7
-22
20
57
68
58
-80
-148
-201
-153
-52
-16
41
25
56
57
64
59
-53
-178
-271
-255
-171
-91
-42
2
90
109
94
95
77
89
72
-18
-132
-176
-90
-53
-32
-18
-2
68
69
142
168
155
120
69
42
4
32
-3
-78
-90
-53
-6
-4
95
180
221
204
200
261
202
187
125
124
122
74
-1
-126
-169
-209
-172
-140
-133
-70
-55
-24
-25
26
49
10
-23
-43
-75
-139
-112
-50
45
88
54
6
-44
-36
-38
-41
-114
-138
-44
103
185
197
176
55
-66
-62
23
102
112
2
-128
-207
-177
-32
104
157
169
170
139
65
-37
-111
-111
-85
-54
-78
-45
45
127
162
117
41
-67
-153
-193
-181
-183
-180
-102
1
65
116
132
107
59
32
35
91
148
112
13
-118
-211
-253
-226
-118
-38
32
83
102
29
-90
-171
-223
-241
-193
-102
30
87
106
111
123
101
-15
-104
-123
-71
-33
33
72
59
14
1
10
95
161
105
4
-81
-85
-79
-56
-2
61
111
145
134
119
61
8
-11
8
7
-10
-21
-46
-67
-76
-72
-51
-14
18
-24
-85
-101
-66
16
62
53
25
0
-30
-39
11
59
62
-21
-113
-123
-41
85
207
308
352
338
290
260
163
45
-62
-133
-101
-64
-42
-34
-11
-22
-111
-176
-110
-39
1
20
-6
-14
23
58
29
-8
-41
-35
13
80
93
93
69
5
-29
-30
-2
-31
-77
-147
-158
-140
-110
-20
36
68
64
25
-43
-84
-117
-138
-129
-100
-90
-55
-54
-80
-81
-121
-87
-48
0
78
105
125
117
75
29
-24
-45
-64
-66
-69
-61
-18
28
82
97
87
69
15
-26
-41
-35
18
70
69
85
148
125
33
-53
-51
2
32
18
-22
10
63
77
30
-15
-62
-79
-62
-22
30
38
2
-25
-73
-105
-97
-70
-61
-62
-44
-12
16
23
63
99
106
34
-16
-22
-20
12
64
87
108
125
109
77
71
50
14
-25
-81
-133
-182
-186
-171
-107
1
94
159
202
220
229
217
195
118
43
-19
-29
3
68
109
99
112
95
85
89
93
99
55
-13
-106
-213
-297
-352
-340
-297
-212
-123
-56
-17
-4
0
-21
-31
-45
-78
-124
-172
-191
-174
-111
-51
14
66
95
92
95
97
86
46
-18
-58
-112
-135
-133
-105
-70
-10
29
52
73
93
146
183
154
108
35
-28
-60
-48
-44
-19
28
92
180
237
268
210
135
53
-19
-72
-113
-82
-76
-59
-35
-54
-102
-147
-154
-124
-68
-10
43
52
31
-7
-49
-51
-40
-9
-1
0
39
95
119
103
85
86
111
101
66
26
25
18
31
56
40
14
-3
-35
-39
-41
-28
1
39
55
11
-26
-73
-111
-135
-122
-127
-109
-113
-117
-53
-18
-19
-50
-99
-128
-114
-86
-74
-54
-25
-19
7
65
89
70
24
4
10
58
92
84
70
65
81
108
144
164
152
90
45
26
7
22
25
34
63
109
155
186
202
192
142
76
35
31
24
9
-2
-27
-31
-62
-96
-146
-170
-200
-201
-170
-123
-47
-14
18
26
42
42
28
16
11
30
31
16
-6
-16
-36
-36
-67
-128
-151
-162
-149
-112
-46
14
14
-13
-42
-94
-144
-194
-209
-201
-177
-154
-134
-124
-113
-69
-29
28
57
59
63
70
51
40
34
-1
-16
-32
-27
4
10
-1
21
-3
13
54
98
130
176
198
180
188
197
194
166
159
173
180
245
281
269
273
238
226
219
212
206
158
117
75
33
6
-19
-39
-50
-43
-60
-67
-69
-43
-29
-23
-36
-84
-153
-202
-241
-270
-250
-199
-102
-8
62
93
67
28
-8
-50
-69
-127
-173
-191
-229
-261
-299
-302
-298
-280
-216
-177
-138
-125
-129
-119
-143
-165
-176
-190
-214
-234
-250
-274
-268
-262
-238
-192
-154
-124
-109
-117
-142
-173
-216
-264
-277
-261
-247
-215
-162
-88
-8
115
231
339
460
607
740
841
972
1032
1077
1116
1150
1142
1140
1127
1046
973
863
725
619
505
378
226
95
-51
-169
-271
-334
-370
-380
-376
-399
-391
-382
-369
-368
-354
-331
-314
-284
-275
-268
-293
-330
-350
-362
-373
-371
-369
-404
-415
-434
-425
-433
-460
-488
-516
-481
-437
-363
-311
-264
-229
-230
-230
-232
-237
-239
-244
-241
-241
-259
-315
-426
-615
-920
-1229
-1537
-1826
-2083
-2280
-2357
-2320
-2120
-1752
-1245
-644
14
709
1383
2011
2593
3056
3354
3494
3490
3352
3155
2862
2540
2190
1860
1589
1362
1189
1073
977
861
737
591
414
194
-103
-466
-856
-1233
-1576
-1878
-2076
-2195
-2218
-2132
-1889
-1504
-1031
-497
21
504
968
1351
1659
1804
1820
1689
1423
1124
791
470
166
-125
-399
-628
-787
-891
-990
-1088
-1179
-1258
-1296
-1310
-1293
-1274
-1245
-1212
-1174
-1062
-897
-719
-519
-311
-125
66
242
356
427
443
392
315
229
144
42
-58
-142
-204
-243
-332
-561
-941
-1399
-1842
-2265
-2666
-3065
-3375
-3515
-3462
-3217
-2751
-2074
-1293
-418
495
1435
2355
3185
3843
4261
4471
4504
4414
4176
3828
3410
2937
2486
2086
1770
1524
1330
1153
974
822
693
540
309
3
-348
-785
-1217
-1609
-1938
-2183
-2383
-2451
-2391
-2169
-1808
-1379
-894
-401
40
429
767
1040
1192
1223
1168
1010
811
576
361
169
5
-128
-239
-267
-287
-250
-228
-260
-332
-413
-468
-569
-665
-791
-873
-882
-833
-724
-548
-313
-96
108
295
501
639
684
641
513
311
76
-150
-344
-532
-701
-822
-885
-864
-768
-646
-528
-382
-232
-59
115
269
365
269
-109
-712
-1385
-1998
-2608
-3247
-3864
-4285
-4455
-4373
-3945
-3248
-2343
-1334
-285
835
1951
3025
3902
4439
4686
4706
4609
4374
4001
3493
2941
2433
1995
1679
1495
1426
1372
1296
1233
1214
1176
1040
731
335
-175
-719
-1263
-1759
-2172
-2514
-2738
-2834
-2702
-2360
-1867
-1304
-684
-50
561
1122
1571
1893
2055
1950
1654
1283
907
502
62
-396
-790
-1053
-1159
-1145
-1028
-864
-701
-559
-405
-259
-133
-70
-136
-280
-385
-421
-416
-405
-352
-228
-65
173
440
699
906
1000
978
878
775
611
337
-36
-394
-694
-942
-1122
-1214
-1248
-1235
-1141
-977
-740
-446
-161
109
354
552
540
140
-543
-1272
-1905
-2576
-3390
-4162
-4688
-4927
-4864
-4459
-3710
-2719
-1595
-417
807
2067
3267
4222
4766
4981
4999
4866
4549
4046
3422
2767
2177
1708
1370
1207
1167
1165
1161
1204
1316
1381
1285
1010
615
106
-503
-1152
-1740
-2231
-2670
-3020
-3168
-3046
-2672
-2138
-1502
-813
-61
692
1363
1905
2295
2477
2441
2210
1867
1451
957
357
-322
-904
-1311
-1584
-1743
-1763
-1685
-1525
-1264
-938
-566
-228
24
154
210
285
364
387
345
273
265
321
407
535
681
792
837
832
809
787
682
465
179
-99
-378
-618
-839
-1026
-1145
-1215
-1243
-1152
-979
-749
-502
-231
73
371
507
205
-474
-1200
-1771
-2412
-3243
-4112
-4737
-5089
-5157
-4888
-4245
-3305
-2229
-1061
176
1538
2876
4012
4727
5039
5146
5111
4890
4403
3764
3080
2394
1795
1348
1128
1038
990
956
993
1161
1339
1346
1145
859
456
-110
-732
-1314
-1842
-2370
-2832
-3133
-3142
-2834
-2332
-1779
-1146
-374
457
1230
1891
2385
2665
2715
2526
2240
1838
1334
781
162
-424
-980
-1461
-1800
-2015
-2101
-2126
-2055
-1867
-1574
-1222
-864
-540
-259
77
402
638
820
984
1142
1197
1187
1158
1173
1154
1032
876
709
554
390
201
-2
-210
-405
-580
-719
-821
-869
-931
-979
-957
-892
-778
-643
-467
-259
30
315
401
125
-503
-1164
-1728
-2327
-3078
-3891
-4502
-4888
-4984
-4763
-4163
-3314
-2349
-1284
-123
1161
2433
3538
4279
4669
4854
4917
4808
4459
3908
3265
2616
2057
1636
1355
1190
1055
965
937
1033
1160
1156
983
691
300
-188
-755
-1270
-1764
-2279
-2738
-3026
-3023
-2791
-2371
-1874
-1261
-529
272
1061
1741
2281
2615
2716
2609
2391
2061
1612
1046
411
-187
-754
-1276
-1660
-1959
-2110
-2213
-2196
-2027
-1756
-1390
-1049
-686
-327
57
434
721
943
1095
1259
1322
1307
1252
1195
1135
960
797
637
496
362
192
16
-139
-302
-442
-585
-676
-742
-847
-909
-925
-887
-828
-719
-537
-311
-15
253
309
27
-578
-1231
-1754
-2322
-3092
-3940
-4562
-4905
-4995
-4741
-4154
-3339
-2392
-1307
-101
1198
2483
3608
4347
4729
4930
4998
4901
4516
3914
3243
2585
1998
1572
1255
1048
875
752
750
862
1016
1029
867
597
278
-187
-717
-1219
-1706
-2224
-2706
-2976
-2973
-2715
-2308
-1809
-1211
-475
361
1157
1856
2391
2728
2845
2757
2557
2184
1687
1049
375
-240
-774
-1210
-1627
-1962
-2200
-2275
-2266
-2140
-1890
-1590
-1277
-969
-576
-155
285
643
899
1131
1334
1505
1598
1612
1541
1415
1259
1040
822
618
375
91
-142
-351
-517
-631
-728
-805
-865
-874
-892
-861
-805
-731
-669
-548
-357
-99
192
402
370
-61
-748
-1372
-1864
-2442
-3249
-4073
-4597
-4861
-4825
-4497
-3860
-3017
-2108
-1062
111
1404
2624
3621
4213
4486
4687
4785
4680
4243
3641
3006
2393
1898
1516
1276
1077
895
767
765
931
1048
954
732
444
80
-365
-867
-1344
-1817
-2305
-2721
-2889
-2780
-2474
-2059
-1571
-972
-199
617
1400
2027
2498
2744
2776
2665
2411
2044
1496
855
195
-373
-825
-1218
-1591
-1895
-2086
-2142
-2134
-2020
-1796
-1559
-1319
-1052
-686
-278
116
460
728
1004
1276
1517
1665
1712
1687
1585
1425
1209
986
748
448
141
-143
-391
-537
-657
-763
-828
-863
-842
-819
-761
-661
-586
-504
-422
-280
-55
187
392
426
179
-415
-1099
-1641
-2168
-2881
-3750
-4465
-4848
-4929
-4762
-4271
-3522
-2661
-1666
-548
684
1941
3044
3863
4298
4516
4674
4695
4461
3940
3325
2721
2177
1744
1435
1206
1004
833
744
805
925
934
740
449
140
-239
-696
-1194
-1651
-2085
-2521
-2800
-2792
-2536
-2135
-1678
-1135
-449
357
1146
1817
2317
2636
2785
2716
2528
2209
1743
1155
516
-80
-568
-961
-1384
-1737
-1998
-2080
-2094
-2040
-1851
-1649
-1424
-1190
-906
-530
-135
216
507
743
990
1264
1462
1559
1601
1546
1440
1292
1116
939
696
392
101
-125
-318
-477
-619
-732
-815
-850
-832
-815
-776
-709
-639
-602
-504
-357
-175
50
302
512
493
80
-616
-1231
-1730
-2309
-3169
-4036
-4609
-4861
-4896
-4644
-4025
-3213
-2279
-1242
-49
1234
2497
3524
4149
4491
4719
4867
4748
4329
3728
3085
2466
1930
1543
1253
1005
792
622
618
768
890
795
567
292
9
-397
-891
-1348
-1789
-2229
-2621
-2764
-2630
-2336
-1939
-1476
-872
-101
742
1473
2059
2482
2721
2763
2636
2417
2050
1502
844
224
-334
-757
-1084
-1460
-1823
-2013
-2060
-2049
-2006
-1861
-1660
-1498
-1318
-1023
-602
-219
93
396
689
1028
1346
1608
1721
1747
1715
1573
1413
1242
1011
650
288
-2
-249
-466
-652
-809
-919
-975
-931
-840
-767
-701
-631
-559
-543
-472
-337
-234
-119
70
313
553
543
111
-583
-1201
-1683
-2276
-3101
-3911
-4448
-4757
-4845
-4570
-3958
-3180
-2320
-1299
-131
1152
2403
3440
4097
4468
4731
4846
4755
4389
3865
3217
2581
2044
1648
1357
1123
879
680
655
782
856
736
503
256
-62
-497
-958
-1411
-1826
-2277
-2650
-2791
-2677
-2395
-1970
-1477
-878
-119
657
1366
1971
2417
2648
2674
2579
2389
2033
1479
864
269
-231
-712
-1244
-1661
-1968
-2112
-2164
-2126
-1980
-1754
-1441
-1153
-823
-463
-50
300
545
774
993
1205
1313
1348
1341
1306
1221
1082
947
812
649
456
215
38
-88
-241
-412
-578
-682
-747
-834
-883
-912
-900
-867
-864
-784
-673
-510
-285
-47
235
505
641
379
-289
-998
-1537
-2091
-2937
-3876
-4539
-4876
-4993
-4811
-4216
-3408
-2463
-1414
-186
1154
2430
3548
4302
4669
4863
4956
4845
4459
3868
3187
2506
1929
1507
1230
1019
826
671
645
814
981
944
709
396
99
-360
-894
-1400
-1883
-2349
-2759
-2930
-2829
-2497
-2048
-1510
-850
-61
777
1559
2182
2627
2864
2865
2707
2447
2035
1461
775
96
-611
-1206
-1641
-1952
-2214
-2351
-2232
-2047
-1729
-1353
-915
-525
-228
129
428
685
838
901
946
919
888
851
830
792
747
661
577
570
579
486
331
175
10
-158
-359
-507
-713
-905
-1010
-1084
-1095
-1092
-1028
-976
-867
-684
-447
-119
190
482
708
661
188
-566
-1261
-1801
-2490
-3472
-4362
-4877
-5052
-4989
-4614
-3849
-2894
-1832
-628
695
2030
3223
4164
4700
4911
4998
4967
4668
4108
3437
2756
2138
1652
1353
1180
1017
885
805
898
1098
1181
987
596
236
-163
-703
-1308
-1855
-2335
-2757
-3034
-3013
-2705
-2230
-1665
-997
-224
615
1431
2092
2569
2836
2902
2708
2377
1986
1468
819
106
-494
-991
-1476
-1842
-2080
-2239
-2247
-2088
-1854
-1614
-1295
-943
-598
-323
-8
331
557
714
851
1040
1141
1160
1147
1128
1083
1010
889
744
650
523
304
64
-111
-276
-469
-641
-746
-841
-938
-990
-1001
-964
-935
-880
-805
-712
-580
-418
-238
-27
261
551
691
504
-116
-878
-1464
-2007
-2751
-3717
-4452
-4825
-4938
-4771
-4252
-3402
-2465
-1402
-213
1072
2337
3454
4273
4682
4848
4926
4879
4560
4008
3386
2751
2177
1783
1518
1342
1162
976
882
949
1067
991
664
230
-174
-646
-1195
-1725
-2177
-2614
-2927
-3049
-2854
-2429
-1924
-1328
-645
131
926
1658
2206
2593
2756
2679
2454
2141
1720
1185
553
-54
-613
-1104
-1478
-1748
-1974
-2106
-2061
-1896
-1696
-1429
-1099
-804
-554
-276
53
343
532
681
855
996
1114
1166
1172
1163
1119
1028
897
786
658
450
189
-50
-236
-434
-638
-760
-881
-984
-1039
-1020
-991
-973
-910
-857
-795
-684
-529
-344
-148
73
329
551
595
276
-418
-1143
-1716
-2258
-3033
-3905
-4493
-4718
-4697
-4432
-3804
-2913
-1963
-884
310
1537
2693
3662
4331
4633
4770
4800
4652
4266
3743
3169
2583
2064
1719
1522
1361
1163
989
905
934
959
774
353
-79
-458
-921
-1439
-1916
-2305
-2643
-2856
-2822
-2542
-2087
-1562
-973
-279
469
1190
1801
2255
2535
2631
2495
2220
1878
1475
930
337
-227
-717
-1104
-1418
-1648
-1839
-1948
-1901
-1775
-1608
-1380
-1104
-862
-625
-312
10
309
535
728
950
1130
1242
1293
1288
1248
1159
1003
822
669
480
238
0
-208
-371
-534
-711
-798
-878
-925
-939
-940
-915
-882
-844
-817
-780
-688
-563
-423
-253
-69
192
413
467
220
-374
-1063
-1629
-2099
-2818
-3669
-4272
-4528
-4504
-4250
-3688
-2896
-2008
-987
153
1363
2495
3459
4156
4493
4673
4732
4608
4266
3761
3207
2629
2116
1733
1495
1303
1108
901
770
783
818
692
333
-88
-445
-830
-1306
-1766
-2137
-2472
-2692
-2659
-2409
-2016
-1535
-968
-309
416
1124
1712
2147
2460
2585
2504
2249
1913
1533
1032
467
-47
-476
-894
-1300
-1560
-1745
-1868
-1920
-1860
-1724
-1561
-1339
-1092
-838
-569
-202
131
374
625
884
1142
1280
1339
1383
1364
1266
1137
961
742
529
293
42
-157
-324
-518
-687
-799
-831
-863
-917
-929
-924
-907
-882
-847
-806
-737
-617
-497
-331
-116
142
398
526
478
113
-567
-1235
-1717
-2269
-3092
-3901
-4345
-4470
-4371
-4020
-3336
-2540
-1605
-481
712
1877
2907
3774
4297
4519
4629
4620
4380
3910
3370
2807
2257
1792
1467
1263
1089
936
794
726
792
792
560
159
-236
-613
-1064
-1526
-1946
-2322
-2620
-2734
-2609
-2270
-1801
-1245
-624
46
784
1483
1998
2332
2542
2559
2396
2093
1743
1304
754
237
-223
-563
-819
-1149
-1470
-1639
-1705
-1743
-1788
-1765
-1667
-1549
-1387
-1144
-784
-445
-93
281
622
1003
1365
1624
1733
1779
1726
1619
1420
1125
846
517
151
-189
-421
-572
-722
-879
-987
-962
-901
-845
-843
-823
-780
-786
-776
-720
-654
-627
-562
-432
-166
117
366
540
569
337
-217
-869
-1365
-1872
-2642
-3511
-4115
-4357
-4351
-4114
-3632
-2914
-2017
-958
213
1390
2459
3376
4015
4337
4486
4542
4392
3962
3399
2856
2315
1855
1484
1244
1111
961
837
774
818
874
733
373
-22
-402
-824
-1303
-1760
-2143
-2463
-2660
-2627
-2321
-1878
-1380
-820
-179
555
1285
1843
2216
2426
2501
2409
2136
1806
1369
879
374
-80
-427
-671
-914
-1241
-1480
-1595
-1601
-1680
-1744
-1709
-1666
-1549
-1400
-1109
-771
-379
46
431
840
1264
1627
1828
1886
1894
1783
1567
1288
953
587
192
-171
-473
-679
-796
-886
-979
-993
-902
-800
-748
-709
-682
-656
-670
-684
-629
-587
-580
-510
-344
-113
174
433
609
631
400
-151
-830
-1375
-1896
-2698
-3634
-4249
-4482
-4462
-4256
-3729
-2954
-2038
-959
243
1435
2508
3417
4053
4362
4512
4552
4325
3840
3272
2754
2260
1793
1450
1247
1150
1085
1022
972
1039
1057
885
512
97
-317
-812
-1347
-1828
-2210
-2549
-2761
-2707
-2385
-1924
-1362
-766
-95
671
1405
1975
2299
2495
2554
2387
2094
1692
1260
748
232
-174
-489
-751
-977
-1212
-1425
-1517
-1555
-1591
-1675
-1686
-1628
-1537
-1391
-1185
-837
-506
-149
260
666
1084
1421
1659
1772
1820
1735
1530
1260
962
627
251
-120
-424
-595
-739
-835
-878
-889
-838
-754
-674
-635
-612
-618
-646
-646
-613
-567
-550
-488
-329
-88
188
425
588
617
348
-264
-918
-1440
-1999
-2820
-3688
-4226
-4407
-4352
-4067
-3502
-2708
-1752
-645
529
1688
2706
3533
4065
4310
4426
4355
4082
3566
3018
2559
2091
1694
1395
1242
1229
1220
1170
1125
1165
1144
911
481
14
-466
-1045
-1621
-2088
-2443
-2746
-2879
-2768
-2372
-1818
-1200
-550
134
884
1553
2062
2333
2465
2416
2179
1847
1461
1011
535
81
-264
-476
-671
-868
-1094
-1249
-1303
-1379
-1464
-1592
-1641
-1632
-1582
-1445
-1217
-889
-545
-119
332
810
1243
1575
1772
1871
1892
1790
1542
1218
902
568
222
-122
-394
-551
-675
-723
-737
-742
-706
-659
-623
-623
-640
-675
-739
-786
-781
-747
-673
-577
-396
-128
147
394
522
434
3
-679
-1271
-1769
-2409
-3293
-4028
-4353
-4372
-4159
-3727
-3002
-2128
-1074
123
1304
2351
3222
3878
4216
4330
4315
4106
3672
3116
2641
2224
1822
1495
1312
1269
1312
1323
1273
1243
1231
1081
723
235
-289
-888
-1504
-2034
-2414
-2683
-2861
-2828
-2535
-1980
-1300
-594
84
767
1457
1999
2360
2496
2463
2247
1887
1493
1076
639
180
-194
-439
-550
-601
-704
-902
-1041
-1109
-1242
-1418
-1626
-1781
-1881
-1907
-1799
-1556
-1221
-841
-348
210
799
1341
1733
1996
2140
2171
2016
1710
1331
912
487
89
-268
-518
-687
-797
-802
-768
-693
-608
-537
-520
-490
-503
-583
-711
-807
-820
-812
-791
-714
-536
-267
88
399
644
760
590
21
-677
-1246
-1812
-2622
-3573
-4228
-4462
-4411
-4167
-3617
-2820
-1858
-713
515
1691
2692
3496
4003
4207
4274
4204
3869
3327
2772
2346
1986
1672
1429
1335
1409
1501
1531
1505
1481
1391
1093
601
64
-531
-1230
-1906
-2438
-2744
-2967
-3022
-2838
-2394
-1703
-932
-186
509
1208
1824
2227
2430
2485
2337
2012
1578
1163
756
364
-20
-305
-437
-445
-439
-529
-616
-709
-844
-1094
-1372
-1624
-1906
-2145
-2268
-2223
-2024
-1681
-1201
-619
60
788
1414
1887
2212
2437
2503
2307
1950
1512
1064
577
95
-277
-547
-726
-803
-808
-726
-576
-478
-438
-410
-387
-466
-613
-774
-897
-1004
-1058
-1035
-923
-732
-441
-77
302
694
991
1105
843
255
-448
-1100
-1772
-2681
-3623
-4284
-4528
-4477
-4167
-3546
-2711
-1718
-570
664
1808
2731
3436
3844
3999
3983
3805
3414
2860
2350
2002
1767
1576
1487
1521
1643
1834
1935
1935
1845
1604
1161
593
-18
-730
-1502
-2241
-2762
-3004
-3116
-3037
-2735
-2204
-1478
-666
146
863
1469
1931
2231
2351
2299
2056
1644
1180
791
481
192
-57
-231
-277
-183
-53
11
-88
-288
-569
-894
-1272
-1689
-2112
-2498
-2689
-2661
-2358
-1922
-1348
-655
135
951
1671
2245
2616
2765
2690
2433
2019
1498
901
317
-141
-474
-726
-848
-855
-769
-608
-451
-320
-274
-316
-395
-514
-714
-952
-1127
-1270
-1338
-1269
-1084
-824
-480
-68
391
848
1206
1362
1198
588
-217
-944
-1600
-2488
-3535
-4310
-4643
-4580
-4261
-3662
-2838
-1870
-721
498
1661
2600
3274
3659
3737
3701
3587
3274
2707
2189
1888
1765
1697
1696
1766
1943
2170
2312
2323
2186
1904
1363
668
-47
-748
-1536
-2337
-2913
-3167
-3170
-3006
-2656
-2101
-1378
-556
260
951
1512
1885
2059
2054
1964
1742
1353
896
522
290
162
69
2
54
162
334
409
276
51
-245
-628
-1147
-1703
-2174
-2616
-2911
-2980
-2743
-2313
-1778
-1068
-254
616
1372
1993
2388
2559
2602
2417
2056
1556
1034
506
37
-295
-518
-603
-632
-549
-439
-302
-155
-139
-242
-352
-500
-701
-931
-1139
-1260
-1290
-1245
-1087
-815
-509
-152
252
667
1023
1296
1434
1352
949
156
-793
-1582
-2312
-3156
-4041
-4599
-4691
-4444
-3932
-3160
-2236
-1260
-140
975
1931
2643
3145
3362
3313
3219
3106
2853
2447
2105
2008
2078
2175
2272
2393
2525
2612
2568
2361
2002
1470
732
-101
-830
-1480
-2186
-2791
-3119
-3145
-2931
-2535
-2005
-1396
-714
10
634
1114
1464
1633
1630
1518
1366
1186
933
665
501
473
514
629
695
721
781
796
697
447
-26
-642
-1295
-1884
-2419
-2865
-3184
-3321
-3141
-2674
-1936
-1166
-366
457
1235
1894
2316
2538
2497
2229
1835
1411
971
502
63
-244
-383
-385
-288
-190
-94
4
82
56
-65
-283
-578
-887
-1163
-1352
-1461
-1475
-1413
-1236
-931
-504
-80
291
641
955
1210
1332
1353
1177
738
-39
-1009
-1838
-2463
-3104
-3818
-4313
-4379
-4050
-3477
-2750
-1915
-1033
-117
806
1606
2213
2601
2758
2712
2621
2612
2554
2347
2160
2162
2324
2555
2720
2791
2807
2757
2581
2247
1782
1191
442
-383
-1090
-1626
-2090
-2507
-2755
-2726
-2451
-2000
-1510
-1021
-518
-15
448
790
993
1087
1051
935
858
850
841
785
750
796
944
1101
1148
1109
987
819
575
199
-228
-730
-1410
-2093
-2569
-2859
-3036
-3127
-3015
-2656
-2044
-1295
-509
189
808
1401
1811
2069
2148
2095
1795
1432
1114
840
588
312
104
-6
34
120
130
70
10
-122
-247
-471
-711
-935
-1209
-1383
-1407
-1310
-1178
-978
-718
-406
-18
323
578
734
864
949
957
897
751
544
111
-640
-1461
-2067
-2476
-2989
-3588
-3905
-3847
-3514
-3039
-2419
-1727
-1021
-254
510
1202
1763
2175
2359
2390
2479
2656
2720
2646
2549
2635
2808
2953
2977
2900
2783
2560
2232
1802
1313
739
24
-717
-1290
-1674
-2009
-2297
-2431
-2353
-2061
-1683
-1279
-894
-510
-120
200
465
683
814
853
842
897
1002
1084
1120
1109
1143
1224
1274
1196
1012
763
479
135
-261
-642
-1033
-1580
-2184
-2557
-2679
-2718
-2749
-2620
-2305
-1789
-1145
-471
163
645
1115
1503
1748
1878
1847
1697
1391
1097
926
759
548
307
155
118
125
87
-39
-177
-325
-498
-670
-840
-976
-1146
-1267
-1248
-1075
-842
-663
-440
-204
37
302
454
535
527
521
540
523
498
424
300
-11
-553
-1172
-1689
-2098
-2608
-3160
-3517
-3579
-3396
-3067
-2553
-1944
-1275
-536
260
1027
1624
2140
2450
2613
2754
2900
2988
2917
2803
2762
2804
2828
2784
2657
2473
2226
1918
1541
1067
543
-70
-701
-1254
-1642
-1919
-2161
-2281
-2195
-1969
-1628
-1249
-859
-479
-158
158
462
676
805
904
940
994
1069
1146
1163
1143
1132
1129
1122
1021
853
609
318
7
-391
-932
-1467
-1871
-2175
-2387
-2504
-2503
-2379
-2070
-1633
-1120
-655
-194
246
662
1009
1220
1349
1358
1263
1167
1124
1055
919
769
648
568
505
395
263
54
-159
-365
-553
-733
-941
-1111
-1187
-1198
-1120
-990
-825
-652
-476
-265
-54
100
208
240
261
308
342
379
366
369
338
236
-5
-477
-1071
-1621
-2075
-2524
-3015
-3353
-3437
-3255
-2897
-2363
-1672
-971
-225
547
1249
1831
2283
2551
2658
2692
2725
2761
2704
2577
2482
2498
2546
2545
2482
2342
2111
1774
1387
967
428
-181
-753
-1242
-1623
-1892
-2041
-2059
-1946
-1726
-1407
-1006
-610
-282
21
282
503
682
765
785
785
825
892
934
975
1016
1036
1041
1033
962
810
554
160
-318
-794
-1196
-1566
-1879
-2136
-2302
-2256
-2056
-1710
-1322
-952
-574
-178
258
567
755
858
884
882
892
881
829
749
680
640
631
622
563
432
245
37
-159
-350
-565
-801
-988
-1088
-1100
-1050
-982
-867
-723
-514
-291
-89
51
131
184
202
216
221
210
192
159
146
135
81
-91
-464
-986
-1481
-1860
-2202
-2583
-2892
-3020
-2886
-2522
-2021
-1436
-823
-186
528
1196
1704
2036
2251
2387
2431
2443
2417
2390
2313
2229
2218
2254
2309
2262
2126
1905
1616
1305
939
493
-44
-581
-971
-1275
-1510
-1688
-1711
-1630
-1458
-1168
-842
-535
-282
-49
139
313
452
521
553
590
622
688
774
862
910
938
966
988
952
823
592
254
-137
-573
-979
-1331
-1633
-1883
-2021
-2009
-1873
-1575
-1232
-910
-591
-249
97
398
574
603
586
594
610
626
580
510
476
491
533
544
495
408
314
179
9
-175
-378
-566
-742
-868
-918
-910
-857
-797
-686
-560
-373
-195
-80
11
49
99
134
142
143
116
116
124
125
128
79
-40
-227
-525
-933
-1372
-1736
-2046
-2271
-2395
-2360
-2133
-1761
-1302
-851
-384
113
625
1090
1425
1603
1687
1733
1770
1785
1749
1724
1763
1885
2003
2087
2117
2074
2009
1870
1652
1339
951
530
119
-257
-608
-886
-1053
-1112
-1089
-988
-836
-671
-495
-374
-256
-201
-188
-159
-164
-150
-122
-67
14
126
267
400
521
651
741
791
776
687
540
340
126
-99
-337
-620
-860
-1035
-1126
-1186
-1200
-1132
-1006
-812
-598
-386
-231
-127
-56
-7
13
7
-21
-18
17
67
151
227
290
346
383
414
402
324
229
120
9
-107
-230
-339
-408
-443
-440
-416
-371
-330
-280
-220
-181
-164
-175
-202
-242
-283
-321
-328
-319
-283
-225
-175
-127
-81
-58
-48
-41
-73
-129
-192
-255
-312
-382
-447
-471
-481
-489
-468
-404
-296
-179
-49
87
229
358
472
536
596
636
650
660
670
674
668
704
724
765
788
804
810
800
790
732
655
566
501
409
328
247
165
126
84
57
21
4
-20
-20
-35
-48
-67
-102
-132
-173
-197
-220
-231
-239
-224
-208
-186
-152
-120
-79
-69
-67
-70
-109
-129
-132
-140
-176
-181
-172
-178
-165
-169
-165
-169
-193
-217
-220
-230
-236
-237
-228
-216
-205
-197
-206
-229
-254
-267
-286
-288
-273
-235
-187
-150
-100
-51
-3
30
58
75
87
86
66
56
51
27
23
23
9
-15
-46
-56
-74
-81
-98
-114
-144
-155
-160
-181
-182
-181
-184
-165
-150
-146
-122
-72
-34
3
62
122
187
253
282
305
340
358
345
318
282
237
191
141
91
47
19
-6
-19
-4
-20
-6
18
25
47
77
78
121
146
161
178
201
242
268
315
337
385
416
451
472
462
475
448
420
377
308
246
161
82
17
-55
-117
-174
-221
-253
-274
-292
-294
-300
-305
-310
-307
-288
-291
-264
-271
-256
-250
-240
-216
-192
-166
-147
-140
-119
-121
-149
-140
-143
-149
-161
-198
-215
-237
-271
-281
-301
-312
-311
-301
-266
-225
-183
-128
-74
-54
-18
24
19
16
10
4
-2
-14
-28
-21
13
33
72
79
88
79
43
-1
-38
-93
-124
-139
-130
-117
-66
4
75
156
234
308
353
419
458
472
487
491
509
507
514
502
496
499
466
444
413
358
308
245
172
108
36
-60
-139
-199
-252
-284
-290
-272
-234
-200
-156
-113
-78
-30
-8
34
57
74
108
134
153
164
184
158
140
110
73
61
18
-27
-65
-122
-165
-211
-263
-318
-343
-362
-380
-387
-376
-369
-328
-305
-275
-256
-235
-222
-221
-208
-243
-262
-281
-294
-304
-303
-310
-271
-230
-191
-162
-129
-104
-104
-128
-167
-204
-235
-250
-274
-255
-207
-152
-80
-33
19
49
59
68
76
61
78
102
155
225
272
354
416
464
514
565
611
635
659
672
653
636
621
576
542
493
445
428
409
385
365
340
293
228
158
92
34
-36
-79
-115
-148
-171
-202
-216
-222
-225
-236
-235
-229
-242
-247
-250
-265
-285
-280
-262
-240
-190
-117
-40
32
82
124
153
156
132
110
69
17
-24
-56
-80
-111
-120
-123
-130
-121
-133
-134
-137
-154
-183
-209
-241
-270
-283
-283
-298
-285
-258
-248
-239
-238
-221
-219
-227
-237
-245
-231
-231
-238
-244
-265
-284
-297
-311
-316
-306
-297
-264
-224
-179
-133
-127
-125
-145
-147
-148
-149
-107
-65
12
130
233
327
430
523
625
693
735
774
784
773
760
731
683
638
599
551
521
511
508
474
463
426
351
289
206
119
41
-25
-110
-155
-191
-197
-190
-190
-174
-133
-95
-38
10
40
66
60
57
11
-30
-48
-78
-100
-107
-103
-94
-91
-71
-64
-62
-76
-105
-135
-178
-227
-278
-325
-363
-393
-407
-374
-354
-301
-243
-196
-139
-96
-69
-54
-45
-48
-77
-114
-141
-139
-163
-181
-187
-207
-216
-212
-261
-282
-290
-302
-312
-316
-313
-323
-306
-297
-282
-276
-251
-212
-204
-174
-142
-85
-27
9
87
128
145
163
158
138
114
104
94
112
132
186
233
277
347
390
435
471
479
506
512
490
469
433
395
364
342
339
329
329
326
323
337
318
291
258
220
202
172
128
89
64
28
18
16
5
-1
-3
2
-10
-17
-40
-50
-35
-50
-43
-43
-17
28
43
67
83
80
85
57
38
4
-61
-66
-119
-167
-186
-228
-241
-241
-240
-263
-265
-261
-292
-317
-337
-377
-381
-384
-389
-392
-397
-406
-397
-408
-424
-411
-412
-397
-383
-379
-362
-348
-335
-320
-309
-280
-258
-224
-178
-134
-94
-59
-11
31
92
161
203
242
279
305
297
286
279
264
225
213
219
209
202
215
220
235
261
282
297
310
322
326
326
298
287
273
266
278
286
296
320
326
340
355
341
354
352
333
315
295
253
208
174
135
87
64
29
22
15
13
-15
-27
-45
-76
-88
-106
-112
-151
-161
-169
-182
-180
-167
-183
-186
-155
-157
-141
-137
-135
-127
-135
-152
-171
-196
-218
-233
-252
-294
-326
-326
-351
-375
-399
-402
-434
-439
-429
-424
-412
-386
-370
-353
-337
-313
-270
-260
-232
-176
-158
-122
-90
-63
-28
9
49
80
128
158
189
204
209
215
196
183
171
167
158
148
147
150
176
200
225
278
316
349
372
386
422
435
458
488
503
501
515
513
520
527
504
465
441
401
353
303
249
178
143
94
22
-36
-69
-94
-114
-128
-150
-145
-165
-184
-190
-196
-213
-232
-250
-251
-264
-270
-277
-268
-264
-256
-241
-223
-214
-227
-205
-217
-232
-243
-260
-295
-321
-336
-352
-378
-394
-382
-372
-368
-327
-293
-263
-218
-198
-167
-137
-114
-104
-112
-97
-86
-83
-71
-67
-41
-13
20
70
113
133
162
181
182
181
177
168
149
124
109
109
99
93
115
124
154
180
185
184
197
205
215
232
255
269
287
302
313
326
325
351
376
386
394
397
374
352
316
287
271
241
220
200
173
156
125
94
77
62
33
12
-31
-55
-91
-124
-160
-189
-202
-241
-251
-264
-279
-284
-292
-304
-298
-293
-293
-285
-274
-253
-262
-268
-251
-267
-262
-248
-260
-262
-261
-257
-251
-240
-249
-243
-229
-225
-214
-200
-197
-189
-183
-178
-166
-159
-155
-132
-122
-111
-83
-55
-10
13
32
76
119
151
179
189
209
206
216
207
203
198
191
206
177
190
187
168
171
162
171
170
185
202
208
214
215
214
219
207
204
202
205
232
238
241
254
247
251
264
246
235
208
197
169
129
94
67
42
13
-15
-52
-50
-74
-82
-103
-115
-116
-129
-142
-160
-173
-199
-190
-190
-186
-190
-187
-176
-172
-166
-148
-129
-115
-117
-115
-126
-128
-157
-187
-203
-222
-223
-233
-243
-241
-246
-247
-236
-219
-211
-199
-177
-171
-149
-125
-103
-82
-50
-23
-17
16
40
60
86
117
140
152
160
151
142
133
127
111
85
68
64
60
47
42
40
29
21
24
46
56
57
57
72
99
109
125
133
151
161
181
199
204
228
224
224
224
211
214
211
183
164
155
150
125
98
95
77
81
68
48
25
0
-18
-22
-28
-41
-49
-63
-75
-67
-68
-68
-55
-69
-76
-88
-90
-98
-122
-142
-171
-188
-199
-196
-214
-230
-228
-221
-215
-214
-213
-204
-195
-185
-191
-167
-133
-126
-101
-86
-44
-30
-12
9
22
29
41
35
62
59
59
52
29
11
-3
1
-12
-17
-14
-4
0
17
26
40
55
61
78
65
94
94
92
116
106
93
112
128
123
121
117
129
137
138
117
96
89
75
65
40
15
-8
-15
-9
-11
-9
-2
10
17
28
35
46
49
58
53
45
50
60
45
34
22
20
16
18
25
12
1
-1
4
-10
-24
-27
-46
-48
-54
-52
-58
-69
-82
-92
-69
-82
-86
-75
-74
-60
-56
-39
-39
-31
-15
-27
-30
-42
-70
-75
-69
-82
-87
-94
-111
-101
-102
-95
-87
-76
-48
-37
-28
-15
-1
4
0
10
21
36
35
25
32
47
56
48
61
73
71
56
40
37
23
8
5
-10
-13
-5
-6
-2
-6
-2
14
27
44
48
59
62
72
65
69
76
66
58
52
40
30
35
38
32
20
17
1
-10
-2
-16
-16
-25
-42
-42
-36
-37
-41
-48
-43
-40
-33
-18
-11
0
4
10
18
27
17
20
11
7
22
9
6
1
-11
1
0
10
11
4
10
15
13
19
11
21
37
20
14
18
10
-4
2
-2
-5
-9
0
-1
-4
-1
11
10
-6
-8
-5
-8
-19
-29
-27
-39
-52
-65
-61
-66
-69
-54
-48
-50
-34
-6
-11
-16
-5
-17
-4
-8
-11
-12
-14
-10
-12
-7
5
23
23
10
18
19
22
22
19
11
8
9
-4
-6
-6
2
10
18
19
39
33
35
40
49
43
27
43
38
39
33
24
15
14
11
-2
-6
3
-3
7
9
-7
-6
-12
-20
-22
-28
-32
-30
-25
-32
-19
-31
-35
-33
-34
-15
-8
-11
-16
-12
-9
-15
0
5
-1
15
32
24
40
32
31
25
14
23
18
20
13
22
4
4
3
0
-3
-9
1
0
-5
6
0
-7
-15
-5
2
-11
-11
-4
-7
1
-11
-15
-6
-14
-15
3
0
-12
-5
-12
-14
-10
-20
-26
-15
-22
-28
-18
-15
-18
-31
-17
-17
-28
-19
-10
-12
-8
-13
-10
-2
10
15
21
44
27
23
29
34
29
25
34
25
33
26
26
31
22
36
34
24
15
12
9
8
-3
-16
-14
-16
-9
-17
-27
-24
-19
-22
-18
-28
-17
-9
-19
-27
-16
-22
-24
-13
-21
-17
-19
-15
-21
0
0
-8
-12
-12
-19
5
4
-7
2
7
12
25
33
31
33
33
41
33
50
55
45
51
42
41
37
32
34
29
29
15
10
13
8
7
13
-2
-7
-2
-18
-20
-21
-13
-22
-19
-21
-27
-12
-12
-11
-19
-23
-19
-27
-37
-34
-33
-49
-46
-41
-59
-41
-41
-47
-37
-32
-26
-33
-25
-8
-24
-5
7
1
15
15
9
-9
-12
6
6
19
2
0
13
18
16
12
10
12
14
20
15
11
6
8
18
5
16
14
21
17
21
16
9
19
11
12
15
11
10
20
27
8
4
13
10
7
2
-1
1
-13
-8
-1
-2
3
1
7
3
-4
-13
-9
1
20
14
24
21
26
15
16
27
11
20
13
20
16
7
8
-1
-13
-24
-26
-24
-24
-17
-27
-40
-31
-40
-37
-42
-32
-19
-2
-3
-5
-4
-15
0
11
16
7
7
15
10
19
0
-1
2
-11
-18
-28
-32
-28
-19
-28
-25
-20
-14
-19
-24
-8
-6
7
30
23
36
19
-5
9
5
4
8
7
-2
-5
7
-5
-14
-5
-20
-12
-3
-14
-9
2
-6
-1
-3
6
4
4
-2
0
16
21
41
36
49
38
37
46
44
45
33
27
18
21
4
4
17
4
7
11
7
1
10
-10
-24
-12
-7
-24
-16
0
-13
-5
2
0
-21
-10
-16
-16
-8
-9
0
-15
-5
-2
-1
2
-5
-10
-9
-14
-21
-14
-3
-1
-4
18
9
18
18
7
11
10
16
17
23
14
20
14
13
11
0
-6
4
-11
-24
-19
-34
-31
-32
-27
-31
-28
-32
-46
-45
-52
-53
-35
-22
-27
-22
-11
-14
-7
-4
-18
-3
-11
5
4
5
23
3
4
2
4
1
7
4
-2
10
9
10
4
9
21
11
14
26
4
18
33
29
30
37
38
31
29
26
38
35
39
27
22
32
22
25
21
8
3
-4
-9
-8
-18
-14
-13
-8
-1
1
3
-7
-5
-8
-8
-13
-5
-7
-11
-11
-15
-13
-13
-14
-16
-10
-16
-16
-15
-10
-4
-1
14
-2
-2
-6
-12
-8
-5
5
4
17
13
15
7
-3
-11
-4
0
1
2
-7
4
2
0
-7
-6
-9
-11
-5
-16
-12
-12
-21
-26
-30
-42
-34
-30
-22
-18
-19
-15
-21
-22
2
-13
-12
4
-3
4
8
19
19
-1
9
23
16
3
14
7
9
13
-4
3
-1
-1
6
18
18
19
22
27
17
15
31
24
30
30
25
15
28
30
17
30
12
7
0
3
-4
-4
4
-8
-5
1
5
-1
-7
-17
-8
-18
-20
-11
-12
4
-4
-4
-14
-18
-10
-18
-19
-15
-9
-15
-3
-6
-11
-8
-13
-9
10
4
14
10
12
5
-1
-4
6
14
4
18
13
11
6
13
2
10
13
-4
5
5
3
7
0
1
-1
-4
1
0
-8
-4
-3
9
3
-9
-10
-13
-14
-8
-14
-24
-30
-29
-19
-19
-12
-20
-24
-17
-15
-12
-8
-21
-14
-4
-4
-10
-11
-12
-7
-10
3
12
7
8
16
16
12
4
0
9
7
7
16
17
18
21
11
15
11
13
17
8
6
-2
-6
-7
-9
-2
1
3
3
7
7
7
9
3
7
11
11
9
18
18
18
22
26
15
16
11
0
0
6
-6
-3
6
3
-2
-5
-12
-2
-6
-13
-9
-14
5
-6
-3
-9
-17
-21
-20
-19
-24
-19
-14
-14
-9
-4
-3
-1
-3
13
-3
-7
5
16
15
16
18
3
10
9
4
2
10
0
-4
-5
-2
4
-6
-9
-10
-12
-23
-8
-16
-25
-20
-15
-16
-16
-7
-3
-14
-6
0
-12
-6
-5
-4
-8
-12
-18
1
-7
-14
7
0
4
1
11
6
10
10
3
5
-3
1
11
11
11
13
4
2
0
11
14
11
12
17
14
14
17
20
20
9
11
2
8
12
13
14
6
16
14
9
0
-8
-1
8
-4
-1
1
9
17
6
3
6
14
0
1
3
6
-5
-3
-12
-9
-3
2
6
-3
-4
3
2
-14
-16
-12
-13
-6
-15
-14
-1
-5
-2
-10
-6
-7
2
-1
-5
10
0
3
4
8
2
-3
-2
7
-5
-4
14
-5
1
-11
-17
-2
-11
-9
-13
-13
-14
-16
-19
-23
-25
-24
-17
-16
-18
-14
-9
-11
-15
-5
-3
-6
-4
-7
-10
-6
-9
-3
1
-5
2
3
10
21
8
5
-1
2
8
8
5
-1
12
11
5
2
12
14
14
11
8
1
6
-6
6
3
-4
5
-2
-8
4
6
-9
-7
-1
-1
7
-1
2
18
22
10
27
26
26
32
36
35
35
51
35
31
26
26
17
10
8
8
-1
-1
-3
2
4
-10
-3
9
7
3
9
7
1
-1
-1
-1
-1
1
12
-5
-20
-10
-15
-18
-30
-20
-23
-30
-29
-34
-30
-38
-26
-32
-26
-25
-26
-21
-21
-21
-20
-6
-14
-20
-18
-9
-5
-14
-3
-13
-26
-9
-4
-6
-5
-2
-6
-2
6
13
9
1
-1
-5
4
0
12
15
4
12
10
13
19
19
27
28
40
36
26
23
15
18
14
10
11
3
3
8
-4
-3
-12
-13
-14
-21
-14
-11
-16
-23
-25
-19
-19
-19
-15
-23
4
1
4
2
-3
-6
4
22
7
13
17
11
12
3
9
6
6
26
4
14
11
7
4
0
9
2
15
11
12
17
23
16
9
-3
-8
16
14
20
3
5
10
-4
-11
-13
-5
-12
-15
-4
-5
-7
-5
-6
-15
-13
-9
-17
-27
-30
-16
-14
-13
-6
-10
-7
-6
-8
-4
3
4
0
-9
-17
-9
-4
-9
-10
-9
-7
-10
-4
-18
-9
0
-4
-5
-2
13
-2
2
4
5
15
31
22
14
21
19
24
19
27
34
17
12
15
16
14
9
11
10
18
13
1
20
-3
1
-2
-12
-2
-2
-7
-9
-7
-13
0
-4
-5
10
-4
-17
-6
-15
-13
-12
-13
0
-7
-8
-12
-22
-22
-24
-28
-21
-9
-16
-18
-6
-2
3
4
-6
11
12
14
22
19
14
8
4
10
9
2
21
13
2
7
0
-7
-13
-5
-8
-21
-27
-10
-13
-19
-15
-9
-9
-9
-1
-5
-4
-4
5
-9
-15
-15
-12
-5
-8
-3
-8
-4
-13
-8
-9
-12
0
-10
-6
1
4
9
9
14
24
28
22
19
21
25
41
19
30
36
32
21
27
14
2
3
0
4
-3
14
2
-5
-11
4
-5
-4
3
-9
1
1
5
-3
-6
-5
-6
-10
-6
-20
-21
-5
-12
3
3
12
9
5
-6
-12
7
-12
-8
-13
-16
-14
-9
-13
-15
-12
-5
8
13
13
23
25
23
25
18
19
14
17
24
30
29
27
9
-1
-5
-14
-7
-16
-21
-15
-23
-37
-30
-23
-21
-10
-14
-32
-25
-21
-30
-22
-21
-22
-14
-10
-8
-9
-12
-9
-3
-5
-9
-4
-2
-6
-18
-17
-16
9
-5
-4
7
2
10
-3
8
13
9
11
11
23
37
26
24
21
21
32
27
23
7
4
6
-3
0
-4
6
-2
-2
3
-6
-7
-7
-3
5
2
12
15
15
21
14
20
14
26
23
17
9
10
7
-4
2
-8
-16
-13
-14
-22
-22
-16
-15
-28
-13
-17
-10
-15
-21
-6
-11
-4
1
-1
12
19
10
19
7
7
15
19
2
10
1
2
9
2
2
-8
-13
-4
-4
-11
-3
-5
0
0
-10
-14
-1
3
-3
5
16
17
11
6
6
5
4
14
10
-1
-5
-25
-23
-29
-29
-30
-21
-26
-22
-29
-39
-31
-34
-36
-29
-14
-8
-4
-2
2
-5
2
4
5
6
12
17
14
13
23
23
31
24
21
11
12
20
26
14
0
18
12
2
12
16
11
16
16
13
14
15
12
10
3
7
16
7
15
15
-4
2
-9
-9
-4
-5
-12
-17
-11
-18
-15
-20
-20
-23
-21
-11
-7
-9
-7
-6
-14
-16
-9
-4
-11
0
5
3
-5
-10
-4
-7
-2
4
5
0
4
-3
1
-5
-4
5
14
21
6
11
14
21
23
27
31
23
22
26
8
13
8
2
9
8
1
-4
-2
-5
-2
-12
-15
-16
-18
-11
-20
-14
-9
-17
-11
-9
-8
-9
-7
-2
-12
-5
1
-8
-7
0
1
9
4
1
3
2
4
3
5
0
6
4
-4
10
4
-8
10
5
7
6
11
10
7
7
10
14
-4
6
1
5
10
1
-3
-4
-10
2
-2
-10
-6
-6
2
-12
-7
-14
-3
-9
3
-6
-7
4
-16
-3
1
1
-8
-6
2
-6
-16
-7
5
-2
8
17
7
0
-7
-13
-13
-11
-3
-16
6
-1
0
1
-3
1
-5
1
2
-2
-2
-6
