-16
-12
-6
-12
14
21
18
25
15
17
24
15
16
20
15
18
21
8
6
2
-3
-9
-12
-1
-11
-11
-26
-23
-38
-43
-35
-36
-28
-20
-16
-13
-10
-3
0
-1
7
9
2
3
2
-3
7
3
-1
10
1
-2
8
3
17
12
8
8
1
15
22
30
33
29
27
29
29
39
49
65
47
45
38
27
23
17
18
17
3
-8
-14
-18
-27
-37
-30
-28
-33
-38
-32
-29
-34
-34
-25
-25
-20
-1
-6
8
16
16
10
18
18
21
18
17
11
3
0
-17
-8
-19
-31
-33
-45
-52
-47
-56
-58
-39
-30
-25
-13
-7
-5
-3
0
14
13
11
10
12
24
30
33
29
33
39
40
38
41
40
34
12
3
6
-5
-3
-12
-13
-5
-1
-3
-16
-15
-26
-30
-33
-29
-27
-21
-33
-39
-32
-40
-38
-30
-26
-19
-15
-23
-17
-14
-18
-11
3
10
11
8
4
12
17
28
25
18
26
33
31
32
36
32
25
24
23
8
3
-1
1
0
13
13
7
14
13
12
13
13
21
18
22
31
33
27
18
25
17
16
16
15
14
10
5
6
-1
-16
-15
-12
-10
-7
-1
-1
0
-3
-12
-19
-5
-2
-2
8
3
2
6
-10
-22
-13
-22
-17
-22
-32
-20
-21
-22
-26
-19
-17
-16
-16
-22
-19
-27
-10
-10
-3
-3
-2
12
6
14
3
-10
-10
-1
2
11
1
-10
-8
-15
-15
-21
-12
-10
-23
-16
-24
-15
-6
1
0
-3
1
3
1
-3
3
7
9
7
1
-3
5
4
3
-2
5
3
-5
3
11
20
31
28
14
19
4
-3
9
13
23
21
28
38
35
31
32
20
19
7
14
9
-2
3
1
5
7
-5
-13
-18
-15
-17
-26
-30
-30
-24
-29
-19
-15
-11
-16
-24
-18
-12
-13
-7
-6
-8
-2
-4
-15
-17
-8
-5
-4
-13
-23
-17
-11
-13
-15
-13
-15
-15
-10
0
-2
-6
7
15
17
23
24
29
28
24
35
31
31
30
39
44
48
37
39
36
39
21
7
17
16
29
13
17
20
17
22
25
16
15
10
15
7
-1
-9
-11
-17
-32
-33
-25
-24
-15
-26
-35
-24
-37
-48
-43
-36
-33
-24
-43
-41
-31
-29
-28
-23
0
8
24
25
30
16
16
18
12
12
10
8
11
0
-17
-16
-21
-14
-16
-26
-34
-25
-5
-6
3
-1
2
16
9
-8
-4
-5
4
11
8
4
17
17
8
14
-3
-1
-4
-15
-24
-15
-10
-17
-22
-25
-8
-9
-32
-35
-8
2
0
-26
-18
9
22
28
18
28
24
24
19
11
5
14
18
8
0
-4
5
4
-7
-2
8
32
46
31
12
26
22
15
9
12
27
24
20
20
25
15
-1
-5
-5
-15
-18
-12
-17
-25
-30
-31
-23
-23
-23
-15
-18
-16
-1
4
-3
-3
-5
7
-7
-23
-8
7
16
12
6
22
38
19
15
-8
9
33
16
3
3
19
20
2
-4
22
20
17
-6
3
27
22
11
-5
0
19
19
7
-9
3
31
10
-38
-43
-15
-16
-44
-67
-32
9
7
-13
-29
-16
8
-24
-59
-49
-13
16
21
-19
-33
14
21
-5
-32
-39
6
40
21
-32
-57
-17
9
-13
-43
-39
18
19
-7
-33
-54
-38
-16
-15
-11
11
30
20
-5
-7
20
19
15
5
15
44
42
15
-1
17
40
50
18
11
36
40
-1
-4
19
22
30
22
26
34
27
20
19
-11
-26
-21
11
21
-41
-46
3
5
-33
-60
-47
-3
5
-29
-45
-10
43
35
-26
-70
-22
29
10
-42
-56
2
50
45
-25
-17
47
56
9
-25
1
55
50
-29
-53
17
58
12
-55
-73
8
92
60
-44
-86
31
98
24
-49
-39
70
120
26
-58
-49
50
62
-52
-94
-1
105
49
-80
-75
48
96
16
-68
-22
42
42
-13
-43
-31
6
45
19
-16
3
29
17
13
-1
-1
29
-3
-55
-61
6
-5
-73
-67
4
21
-39
-38
-1
2
-26
-59
-58
14
4
-38
-68
-19
36
16
-62
-79
0
45
26
-20
16
39
26
-2
-28
-25
3
-8
-17
5
14
-15
-18
-1
34
43
-22
-50
2
53
25
-27
-40
26
50
-10
-62
-58
10
62
4
-51
0
74
60
4
-2
59
89
41
-32
-19
37
65
66
41
31
35
37
42
39
15
1
23
34
-30
-74
24
83
-16
-140
-89
32
15
-91
-132
-33
33
-10
-62
-28
59
59
-22
-47
30
68
35
-34
-56
14
45
31
12
-2
-23
-29
-18
11
-15
-65
-28
49
17
-54
-98
-89
-3
30
-4
-62
-33
50
36
-41
-38
24
86
47
9
59
83
50
45
53
15
-39
-35
55
87
33
19
47
58
46
3
-54
-35
50
40
-56
-72
20
66
20
-50
-36
14
-42
-91
-77
-25
20
-34
-110
-95
0
32
-1
-86
-112
-20
55
60
5
-31
-12
42
25
-29
-36
35
101
63
-36
-52
50
102
27
-55
-10
94
34
-109
-107
25
39
-57
-85
-19
21
-4
-38
-53
-1
16
-19
-19
15
7
-100
-79
37
77
6
-25
52
87
27
-90
-90
58
146
44
-56
19
149
82
-65
-58
49
94
-22
-58
-8
-6
-66
-63
12
-1
-53
-65
-66
-32
10
-4
-4
60
74
-23
-26
43
73
-2
-89
-30
88
134
78
-25
-62
64
145
53
-102
-59
65
23
-87
-64
101
187
81
-67
-64
95
147
-44
-162
15
165
27
-173
-157
101
175
-31
-169
-49
150
101
-134
-164
7
111
37
-146
-141
25
145
52
-99
-42
97
152
26
-93
-61
23
55
-50
-177
-141
38
131
-53
-207
-66
147
96
-100
-168
30
152
-35
-158
-27
209
136
-81
-80
100
244
129
-126
-172
57
157
-16
-174
-80
60
40
-85
-117
-25
43
15
-104
-127
-44
21
-5
-125
-153
3
167
93
-81
-75
49
121
9
-104
-4
134
113
-29
-75
51
116
-5
-48
20
102
33
-70
-15
138
84
-120
-140
28
130
-38
-212
-114
109
132
-51
-85
77
184
65
-69
-21
57
62
36
8
-16
79
84
18
-19
8
46
7
-43
-34
-43
-94
-113
-74
33
66
12
-63
-45
35
3
-73
-65
-22
-53
-10
30
17
23
36
16
-53
-61
45
15
-128
-29
179
136
-69
-53
124
140
-55
-140
16
142
74
-86
-110
53
108
-47
-171
-12
177
52
-65
-22
109
124
-45
-101
42
98
-24
-115
-8
98
-29
-162
-111
9
83
-25
-148
-13
125
43
-99
-42
67
5
-86
-58
58
140
84
-44
-42
79
96
-74
-125
3
112
81
-64
-70
53
51
-62
-88
-19
66
-3
-41
-14
22
63
29
-58
-130
-60
69
0
-164
-105
29
98
20
-73
12
110
70
-94
-102
86
150
-54
-197
-30
184
178
-30
-112
22
121
87
-26
-84
1
121
58
-46
-72
-45
-3
-15
-48
-59
-15
35
-31
-108
-89
-9
-3
-3
-12
-28
60
125
73
-25
-8
67
51
-36
61
182
50
-120
-7
138
37
-164
-146
18
40
17
-1
-23
-35
1
60
16
-40
-37
20
16
11
44
50
-59
-55
66
-25
-78
25
88
-6
-91
17
75
-44
-123
-17
95
41
-83
-27
74
69
0
18
68
9
-10
-1
42
62
58
-19
-66
-7
75
-15
-103
-35
-29
-111
-190
-41
121
46
-76
-63
87
45
-87
-42
41
55
72
34
-22
24
39
-56
-73
65
135
-71
-122
79
126
-39
-116
-16
67
52
-27
-73
-21
82
71
-141
-176
133
224
-52
-235
-52
78
21
-82
-33
67
87
44
-68
-50
36
81
11
-119
-15
103
-47
-210
-7
234
87
-144
-45
173
124
-164
-267
65
212
-112
-291
43
239
-38
-235
-49
174
47
-101
-30
50
31
73
51
-76
-75
67
92
0
-70
-68
49
46
-41
-59
54
124
46
-77
-43
80
56
-54
-49
120
137
-50
-79
49
118
22
-5
14
-5
41
42
12
5
59
65
-60
-114
11
120
4
-194
-111
153
145
-116
-188
41
132
-96
-205
3
190
75
-155
-117
91
164
-32
-199
-87
95
94
-17
-106
-19
129
46
-66
12
193
122
-139
-121
143
216
-8
-177
-26
193
110
-191
-175
96
128
-149
-265
43
194
-7
-250
-113
239
208
-156
-227
38
138
-70
-174
-23
140
54
-203
-143
138
226
-44
-225
5
206
87
-105
-119
6
111
-49
-152
4
83
42
-59
9
102
39
-52
-61
50
52
29
86
2
-81
-3
44
-36
-62
-8
-31
-71
19
88
-29
-109
-63
36
31
-123
-125
109
178
-91
-134
60
108
38
-18
-84
-77
141
205
15
-95
23
130
57
-78
-61
34
25
-66
-96
-51
-10
12
1
-108
-83
55
23
-97
-106
56
177
32
-101
26
170
101
-153
-111
210
247
-34
-161
59
214
-7
-252
-47
253
82
-258
-157
196
158
-127
-132
102
152
35
-79
-29
89
98
-11
-48
85
85
-54
-103
29
85
-37
-99
8
139
36
-165
-57
134
76
-130
-145
31
164
11
-237
-123
137
151
-122
-272
-51
189
137
-164
-219
142
335
-56
-348
-43
326
87
-309
-149
216
134
-211
-189
126
149
-159
-148
111
126
-81
-136
47
79
-31
-30
67
106
57
-37
-15
83
101
-4
-82
7
116
73
-50
-108
25
174
37
-140
-77
134
79
-158
-140
82
87
-160
-150
53
71
-60
-78
-15
45
21
-80
-113
32
82
-23
-93
-24
75
-8
-95
-48
65
5
-89
-4
138
95
-85
-94
41
162
42
-83
16
123
101
4
-68
-20
69
76
35
10
38
63
39
-77
-106
-36
29
10
-8
48
57
-23
-118
-92
19
-5
-74
-3
72
41
-11
-27
-46
-84
-57
17
86
83
12
-60
17
153
32
-136
2
189
53
-100
59
160
-11
-209
-97
102
46
-97
-85
65
95
-35
-144
-70
-15
-36
-60
23
121
31
-98
-90
47
51
-41
-85
48
140
96
36
-7
23
10
-63
-29
85
84
12
-26
-1
44
-20
-117
-78
15
12
-49
0
76
-29
-200
-133
3
54
1
-35
65
147
57
-98
-94
-29
17
-35
5
163
131
-12
-66
46
88
-65
-129
28
133
65
29
101
81
-145
-212
-21
135
69
-27
92
183
72
-72
-91
0
27
-98
-94
68
125
-46
-211
-175
-35
-36
-82
-64
29
60
-4
-80
-137
-94
-68
-98
-34
131
166
28
-67
-18
34
-5
-49
2
118
112
-26
-65
30
32
-57
-109
-18
133
130
-19
-89
19
103
-6
-120
-29
124
95
7
62
124
26
-105
-49
45
55
29
36
133
139
62
8
-31
-65
-53
26
125
134
78
45
16
-24
-84
-60
32
38
-8
10
121
79
-91
-142
-37
60
11
-12
70
121
26
-40
-51
-83
-98
-41
13
-18
4
99
39
-180
-314
-204
-20
-22
-80
-11
82
5
-171
-166
-79
-99
-94
-14
71
74
-44
-141
-159
-103
-51
-19
28
23
-36
-87
-104
-135
-161
-135
-55
-15
-41
-61
-109
-157
-182
-156
-60
15
57
98
139
129
118
153
188
216
257
333
404
396
345
321
350
366
378
384
392
354
248
168
145
125
87
57
72
88
62
23
-33
-80
-109
-55
-4
-48
-104
-88
-86
-159
-213
-228
-234
-224
-219
-243
-207
-149
-148
-188
-272
-285
-190
-100
-133
-194
-151
-84
-67
-109
-101
-39
-46
-76
-77
-71
-116
-232
-333
-433
-572
-599
-540
-501
-558
-672
-733
-728
-704
-631
-504
-395
-314
-234
-105
-11
69
179
308
476
638
799
893
917
927
975
1072
1160
1206
1219
1189
1120
1043
971
895
795
697
596
500
386
232
72
-67
-197
-304
-387
-519
-627
-701
-699
-716
-743
-761
-774
-703
-632
-573
-479
-419
-360
-253
-117
15
133
199
196
232
303
342
353
344
333
318
274
228
151
64
-15
-82
-121
-166
-252
-353
-448
-491
-482
-461
-439
-431
-460
-446
-401
-352
-301
-278
-260
-209
-127
10
96
132
204
288
359
318
195
10
-191
-333
-397
-388
-418
-542
-720
-870
-934
-933
-867
-796
-750
-727
-660
-550
-457
-344
-200
-25
182
415
621
764
854
947
1107
1307
1483
1583
1608
1577
1535
1535
1540
1496
1418
1308
1183
1025
848
679
500
328
176
59
-72
-257
-439
-630
-745
-788
-807
-809
-870
-981
-1111
-1136
-1071
-953
-820
-740
-683
-601
-512
-405
-281
-167
-8
117
222
320
389
397
391
406
458
518
525
464
373
266
145
88
63
22
-73
-195
-296
-378
-434
-466
-496
-500
-514
-522
-540
-583
-623
-624
-545
-453
-383
-379
-380
-345
-279
-184
-62
8
33
62
90
120
123
151
184
213
256
270
256
186
26
-200
-450
-574
-496
-317
-259
-376
-571
-727
-725
-604
-411
-263
-218
-237
-236
-165
-52
116
293
448
617
773
881
911
911
1002
1157
1337
1457
1461
1370
1220
1128
1141
1205
1186
1072
876
678
509
360
257
166
68
-70
-242
-451
-671
-854
-890
-853
-821
-847
-903
-966
-1002
-939
-812
-655
-535
-448
-351
-290
-209
-126
-2
127
237
346
377
357
308
331
379
411
417
354
264
157
99
56
-21
-79
-178
-257
-294
-369
-449
-518
-558
-571
-534
-492
-480
-517
-537
-482
-378
-237
-92
17
117
223
318
246
-40
-394
-588
-495
-331
-344
-586
-925
-1128
-1137
-1004
-844
-812
-875
-935
-906
-772
-569
-405
-302
-152
106
415
612
665
739
901
1166
1435
1652
1739
1657
1593
1608
1776
1894
1872
1723
1515
1346
1208
1121
990
804
589
374
207
32
-177
-384
-565
-677
-753
-827
-947
-1101
-1207
-1230
-1160
-1050
-974
-948
-938
-904
-796
-593
-427
-380
-363
-309
-129
50
187
243
253
289
361
467
525
502
443
417
433
460
460
383
223
130
89
75
33
-100
-230
-314
-327
-284
-280
-336
-424
-474
-426
-325
-251
-260
-302
-272
-178
-50
-38
-97
-180
-194
-82
13
55
37
26
57
163
302
447
514
281
-222
-800
-1074
-851
-488
-383
-733
-1264
-1616
-1668
-1435
-1064
-836
-881
-1099
-1235
-1119
-776
-422
-160
62
272
501
668
775
934
1225
1569
1855
2009
1991
1860
1764
1875
2125
2304
2227
1912
1554
1328
1245
1215
1142
927
578
246
1
-169
-319
-453
-617
-804
-972
-1129
-1242
-1341
-1363
-1308
-1215
-1168
-1188
-1186
-1175
-1118
-973
-712
-448
-335
-306
-297
-185
31
282
482
555
533
473
499
596
699
762
692
556
427
365
328
251
156
55
-40
-141
-255
-342
-399
-435
-448
-430
-426
-470
-535
-543
-458
-328
-218
-175
-204
-288
-306
-227
-106
-3
8
-19
-37
33
185
371
487
508
397
37
-473
-825
-823
-579
-421
-569
-963
-1398
-1624
-1553
-1264
-954
-882
-1058
-1246
-1275
-1057
-678
-302
-67
63
197
368
550
782
1086
1377
1601
1712
1765
1778
1797
1881
2048
2193
2184
1997
1717
1506
1419
1412
1368
1179
859
535
268
102
2
-111
-305
-573
-823
-955
-1022
-1110
-1180
-1255
-1277
-1298
-1272
-1219
-1160
-1141
-1097
-976
-797
-601
-476
-402
-335
-167
49
233
341
410
462
502
571
659
739
734
646
555
477
455
408
331
250
150
45
-58
-137
-229
-286
-325
-370
-399
-431
-459
-474
-467
-412
-340
-298
-297
-333
-344
-335
-268
-169
-103
-99
-125
-76
81
255
381
451
422
290
-21
-459
-770
-770
-551
-403
-577
-1004
-1436
-1629
-1471
-1109
-860
-879
-1134
-1373
-1326
-970
-483
-166
-79
-66
28
228
520
868
1144
1325
1444
1524
1621
1715
1810
1907
2039
2110
2044
1866
1665
1528
1473
1456
1340
1103
763
466
263
185
131
-10
-261
-576
-804
-903
-912
-919
-1001
-1097
-1196
-1244
-1211
-1139
-1026
-958
-945
-931
-852
-695
-510
-320
-226
-154
-54
58
203
335
450
484
484
485
521
577
575
537
506
451
374
298
222
147
112
43
-19
-103
-190
-262
-316
-296
-288
-303
-362
-428
-446
-386
-314
-244
-223
-285
-353
-340
-278
-187
-127
-143
-153
-102
5
135
261
333
349
227
-61
-452
-753
-767
-558
-419
-553
-956
-1395
-1584
-1412
-1058
-817
-831
-1088
-1327
-1298
-950
-504
-175
-73
-109
-51
156
485
850
1120
1290
1366
1432
1563
1694
1809
1936
2032
2047
1973
1817
1656
1576
1547
1511
1387
1130
794
537
400
314
243
71
-221
-509
-735
-825
-808
-854
-927
-1083
-1239
-1295
-1259
-1134
-1046
-1059
-1102
-1021
-854
-685
-551
-466
-361
-222
-50
120
235
320
380
487
598
674
694
621
561
541
569
584
502
349
220
137
93
75
8
-117
-262
-345
-344
-335
-357
-428
-502
-541
-502
-450
-442
-458
-470
-470
-446
-397
-365
-328
-274
-193
-89
21
138
229
321
343
174
-173
-568
-760
-664
-374
-240
-526
-1066
-1497
-1490
-1112
-697
-563
-796
-1175
-1340
-1114
-600
-150
29
-53
-150
-39
320
758
1029
1170
1232
1316
1397
1517
1672
1800
1899
1954
1951
1841
1678
1555
1518
1521
1471
1269
967
652
467
430
386
260
11
-305
-567
-692
-690
-677
-833
-1071
-1231
-1265
-1179
-1122
-1127
-1158
-1198
-1167
-1041
-842
-685
-624
-571
-462
-278
-82
73
196
270
339
459
552
621
664
684
681
658
662
590
520
435
399
392
311
147
-7
-114
-171
-152
-163
-237
-381
-527
-577
-540
-475
-436
-470
-551
-615
-606
-530
-434
-404
-401
-407
-355
-223
-57
73
158
247
317
276
3
-373
-685
-732
-483
-223
-271
-739
-1304
-1509
-1267
-810
-505
-617
-1023
-1334
-1265
-808
-275
-12
-54
-209
-219
65
537
943
1101
1128
1148
1237
1418
1636
1792
1854
1887
1865
1816
1762
1670
1615
1573
1512
1350
1098
836
626
538
494
394
160
-159
-436
-571
-591
-602
-724
-950
-1141
-1229
-1177
-1100
-1057
-1111
-1217
-1273
-1132
-878
-691
-590
-590
-560
-416
-162
66
210
262
263
309
427
578
708
751
673
562
530
557
575
530
464
367
250
154
72
3
-35
-99
-174
-261
-370
-433
-473
-459
-410
-407
-478
-563
-597
-574
-524
-502
-456
-395
-363
-361
-299
-154
11
163
224
244
137
-91
-372
-631
-670
-520
-336
-412
-783
-1204
-1402
-1225
-881
-631
-693
-986
-1250
-1221
-843
-382
-105
-72
-168
-188
53
474
856
1067
1115
1148
1239
1416
1634
1817
1907
1906
1872
1834
1786
1723
1673
1614
1510
1329
1117
903
701
574
476
343
139
-160
-401
-539
-610
-644
-780
-985
-1162
-1233
-1169
-1117
-1086
-1150
-1244
-1270
-1127
-861
-682
-591
-614
-606
-446
-177
100
238
259
251
291
411
560
698
705
632
553
527
568
577
532
450
365
256
165
108
32
-18
-72
-133
-197
-301
-401
-439
-430
-393
-374
-424
-518
-568
-537
-477
-403
-379
-382
-408
-377
-263
-136
-15
60
110
133
98
-40
-292
-531
-671
-641
-515
-475
-688
-1063
-1305
-1273
-1007
-766
-726
-928
-1167
-1169
-884
-481
-204
-86
-105
-116
57
405
790
1016
1119
1168
1264
1423
1600
1765
1875
1907
1898
1869
1823
1751
1687
1618
1506
1369
1191
962
760
603
488
354
159
-80
-315
-486
-604
-666
-774
-955
-1113
-1194
-1188
-1170
-1186
-1227
-1269
-1232
-1071
-886
-751
-719
-687
-586
-387
-140
46
144
138
182
298
457
606
645
634
569
539
594
606
575
482
375
296
232
189
105
22
-96
-166
-194
-252
-327
-392
-434
-442
-424
-415
-432
-480
-496
-471
-426
-408
-371
-336
-295
-208
-109
17
61
90
142
181
134
-86
-353
-632
-740
-647
-520
-550
-832
-1190
-1352
-1242
-968
-754
-806
-1038
-1204
-1112
-790
-386
-125
-62
-98
-57
219
600
911
1089
1168
1254
1391
1539
1707
1830
1887
1911
1907
1888
1784
1697
1626
1534
1417
1265
1054
806
601
458
379
219
10
-215
-429
-556
-628
-688
-802
-978
-1144
-1242
-1195
-1122
-1053
-1072
-1161
-1203
-1096
-842
-629
-538
-529
-516
-392
-175
90
282
316
289
302
403
546
680
699
641
554
497
508
510
470
386
272
180
89
12
-41
-105
-177
-227
-293
-364
-442
-481
-461
-431
-398
-417
-478
-533
-537
-483
-401
-332
-298
-290
-303
-233
-79
80
214
253
218
80
-126
-338
-512
-592
-566
-524
-613
-855
-1140
-1284
-1210
-1003
-855
-883
-1070
-1202
-1116
-845
-480
-219
-103
-110
-56
167
499
826
1039
1143
1229
1345
1524
1721
1868
1954
1979
1950
1897
1869
1802
1710
1635
1513
1330
1120
909
719
562
412
239
22
-210
-413
-541
-640
-710
-817
-955
-1083
-1180
-1206
-1201
-1169
-1107
-1129
-1165
-1152
-997
-776
-605
-468
-429
-385
-273
-57
160
318
365
369
397
467
591
697
682
609
524
474
483
468
428
334
209
114
27
-43
-103
-164
-207
-263
-309
-362
-419
-471
-460
-417
-398
-415
-457
-505
-509
-450
-374
-311
-287
-299
-268
-151
-26
78
157
245
253
81
-230
-579
-784
-716
-515
-440
-645
-1056
-1360
-1383
-1134
-809
-695
-891
-1184
-1272
-1037
-600
-222
-63
-87
-113
5
318
688
992
1171
1258
1362
1470
1602
1731
1859
1961
1997
1958
1866
1737
1657
1638
1602
1507
1274
978
705
518
433
351
179
-85
-354
-581
-676
-713
-763
-875
-1030
-1159
-1242
-1243
-1220
-1192
-1182
-1161
-1146
-1090
-929
-764
-583
-463
-348
-235
-123
40
206
350
451
515
544
584
657
729
757
701
619
601
537
430
375
341
271
136
51
14
-81
-197
-247
-238
-298
-371
-413
-458
-518
-499
-401
-384
-486
-532
-502
-470
-406
-338
-300
-285
-262
-209
-81
51
152
237
254
115
-219
-620
-883
-807
-555
-393
-559
-1002
-1415
-1481
-1203
-847
-673
-799
-1106
-1289
-1136
-677
-188
48
22
-60
2
290
670
998
1216
1325
1400
1476
1591
1724
1837
1927
1998
1998
1878
1698
1579
1514
1479
1431
1261
973
651
422
311
280
204
2
-286
-562
-749
-806
-792
-821
-932
-1069
-1188
-1225
-1195
-1127
-1067
-1019
-1000
-958
-939
-840
-642
-450
-250
-174
-119
-49
58
218
417
564
620
621
572
594
645
700
708
621
535
434
352
319
270
209
134
0
-130
-218
-286
-300
-312
-332
-387
-471
-535
-537
-497
-474
-437
-425
-453
-455
-448
-404
-334
-282
-246
-212
-142
-54
33
113
193
246
220
54
-272
-625
-801
-754
-548
-446
-595
-949
-1284
-1343
-1170
-896
-761
-838
-990
-1040
-901
-569
-215
-7
47
54
200
447
751
1017
1191
1337
1447
1556
1626
1690
1752
1807
1865
1878
1813
1677
1505
1361
1264
1202
1102
895
659
435
278
173
68
-89
-286
-497
-657
-739
-785
-832
-897
-972
-1053
-1079
-1060
-1028
-1010
-986
-943
-871
-786
-673
-550
-428
-300
-230
-136
-27
89
222
300
377
421
480
530
556
576
571
529
463
436
402
364
318
207
116
46
-43
-101
-192
-247
-322
-383
-410
-443
-451
-475
-491
-513
-523
-506
-459
-446
-463
-454
-420
-399
-368
-345
-300
-229
-163
-95
-34
3
37
78
52
1
-95
-236
-363
-459
-507
-472
-399
-403
-457
-522
-545
-544
-483
-441
-385
-304
-218
-106
-17
75
154
239
316
428
584
696
804
853
873
907
952
1002
1052
1049
1024
1020
1009
972
912
828
742
676
623
579
505
439
358
265
213
167
96
27
-46
-90
-130
-148
-168
-212
-250
-275
-300
-327
-317
-323
-324
-325
-297
-300
-312
-325
-347
-329
-310
-305
-318
-325
-323
-318
-295
-306
-296
-292
-289
-264
-239
-205
-205
-191
-195
-195
-166
-153
-144
-151
-133
-113
-99
-69
-71
-79
-74
-40
-11
6
-5
-11
-8
-17
2
-11
-11
-37
-56
-52
-44
-21
-7
-29
-46
-71
-70
-65
-45
-14
-15
-22
-47
-45
-60
-52
-40
-57
-50
-42
-48
-50
-39
-21
-10
4
30
32
29
33
48
71
87
104
104
82
76
78
99
105
98
94
68
64
46
44
56
65
87
81
81
86
71
81
80
115
132
127
118
113
113
116
134
163
162
149
137
138
159
170
186
181
165
167
163
166
158
153
151
141
136
125
111
103
104
109
98
80
89
63
43
49
49
50
35
10
-4
-1
-4
-17
-39
-50
-81
-87
-93
-92
-119
-161
-171
-174
-186
-192
-208
-228
-235
-247
-239
-255
-253
-266
-249
-253
-243
-217
-210
-194
-181
-145
-159
-137
-109
-123
-90
-80
-80
-75
-77
-64
-52
-31
-15
-11
-8
-14
-19
-6
15
45
43
31
36
33
33
34
49
66
47
44
41
23
24
11
8
3
-4
6
3
-10
-3
16
42
48
48
46
28
37
52
67
92
109
91
62
57
78
99
118
115
119
105
100
100
117
121
114
122
118
130
123
131
122
118
124
124
104
96
76
63
70
72
52
26
19
-4
3
27
14
9
3
-17
-14
-48
-39
-42
-63
-51
-70
-89
-94
-101
-116
-129
-124
-101
-107
-109
-128
-136
-148
-140
-126
-138
-151
-128
-113
-118
-107
-100
-97
-101
-83
-85
-70
-40
-32
-8
7
18
2
-16
-10
-12
3
27
36
43
62
61
59
48
12
-86
-257
-326
-205
-13
152
244
256
218
154
138
152
200
267
306
284
188
46
-28
-32
26
70
70
77
28
-33
-98
-143
-152
-106
-47
-29
-38
-67
-72
-81
-85
-72
-54
-28
-6
17
13
14
53
113
111
85
61
11
-2
34
61
94
142
150
120
64
19
-14
9
61
49
25
-12
-81
-106
-51
26
54
27
-12
-22
-16
-1
5
24
29
41
23
34
27
-22
-9
18
18
-11
-54
-100
-143
-210
-215
-202
-192
-158
-143
-121
-103
-85
-80
-123
-178
-213
-200
-137
-78
-42
9
78
91
86
74
52
30
18
28
42
71
106
139
154
171
143
72
43
22
32
43
37
20
9
-12
-73
-113
-145
-161
-130
-109
-115
-105
-91
-103
-77
-61
-60
-7
35
51
72
93
110
135
148
171
206
242
239
174
69
33
103
231
273
218
195
211
242
256
256
227
228
269
262
213
136
67
64
59
49
25
12
11
3
-2
-8
-21
-55
-112
-154
-181
-184
-166
-142
-111
-107
-115
-147
-209
-233
-232
-182
-163
-121
-96
-72
-64
-69
-73
-89
-83
-75
-54
-53
-131
-354
-689
-1094
-1420
-1565
-1516
-1380
-1235
-1101
-990
-924
-891
-869
-827
-726
-547
-273
50
432
796
1102
1296
1408
1468
1501
1512
1557
1661
1767
1855
1860
1806
1661
1444
1182
928
661
424
228
66
-39
-165
-320
-474
-651
-831
-966
-1049
-1066
-1038
-951
-821
-673
-536
-395
-275
-208
-200
-201
-167
-70
70
237
397
504
578
593
566
535
442
370
320
289
259
211
174
114
7
-110
-219
-309
-388
-435
-438
-414
-404
-381
-351
-336
-327
-315
-279
-252
-225
-173
-96
-36
40
94
109
108
94
103
127
150
145
121
86
16
-57
-99
-163
-214
-254
-250
-181
-83
23
114
36
-367
-1088
-1898
-2407
-2480
-2272
-1965
-1629
-1294
-968
-679
-501
-430
-429
-423
-307
-75
309
868
1489
2014
2365
2537
2530
2365
2122
1906
1783
1718
1676
1640
1611
1548
1416
1188
825
350
-161
-585
-862
-1033
-1103
-1057
-984
-935
-893
-853
-837
-848
-888
-879
-782
-592
-279
63
396
687
863
929
909
821
694
585
457
320
168
71
31
17
-14
-111
-243
-419
-588
-720
-779
-804
-780
-697
-588
-477
-369
-273
-217
-168
-127
-81
-40
10
119
253
374
455
518
539
510
453
382
289
184
106
25
-18
-32
-79
-149
-253
-394
-532
-619
-685
-721
-708
-622
-489
-288
-60
181
383
401
123
-491
-1255
-1906
-2282
-2402
-2324
-2076
-1718
-1257
-789
-398
-170
-81
-99
-169
-200
-108
207
690
1259
1768
2233
2566
2725
2690
2489
2198
1859
1518
1235
1072
1013
1040
1085
1032
865
598
225
-181
-615
-1006
-1294
-1464
-1480
-1334
-1075
-735
-454
-251
-136
-108
-116
-114
-95
-22
101
274
536
764
978
1115
1128
1028
833
556
296
53
-158
-302
-416
-502
-619
-782
-965
-1102
-1214
-1298
-1343
-1323
-1219
-1023
-750
-464
-190
35
228
390
496
560
616
646
659
670
702
760
786
765
708
606
477
317
132
-32
-203
-355
-447
-530
-553
-546
-533
-515
-510
-524
-555
-567
-582
-554
-490
-358
-157
51
315
546
741
764
520
-29
-759
-1470
-2042
-2380
-2533
-2490
-2249
-1833
-1340
-814
-357
-42
114
153
125
116
211
454
791
1200
1660
2120
2508
2773
2885
2786
2526
2111
1640
1178
812
553
396
302
214
174
124
17
-182
-473
-807
-1155
-1434
-1585
-1570
-1400
-1106
-764
-407
-27
313
567
711
765
738
667
605
578
599
679
761
844
878
848
788
617
358
65
-261
-579
-880
-1174
-1441
-1623
-1685
-1634
-1490
-1309
-1064
-816
-580
-363
-172
-4
136
261
358
457
552
712
849
948
1012
1015
952
818
637
433
220
-4
-199
-343
-453
-526
-528
-536
-541
-527
-514
-513
-508
-513
-520
-514
-457
-390
-306
-183
-34
132
288
456
618
756
881
913
709
228
-449
-1170
-1781
-2242
-2557
-2696
-2626
-2368
-1945
-1399
-846
-366
7
225
335
400
468
620
817
1037
1335
1707
2102
2457
2703
2813
2774
2550
2166
1694
1202
738
318
-31
-310
-452
-488
-469
-446
-467
-535
-676
-856
-999
-1116
-1162
-1126
-1019
-804
-485
-93
312
703
1014
1187
1268
1261
1172
1022
839
653
473
328
226
174
135
80
-4
-134
-305
-494
-691
-900
-1149
-1434
-1652
-1758
-1716
-1560
-1309
-988
-628
-246
124
472
737
871
907
862
757
635
550
498
463
439
439
455
431
395
300
136
-58
-270
-478
-638
-729
-778
-754
-692
-556
-390
-208
2
133
222
237
192
114
55
5
-17
-10
23
127
293
468
636
754
722
481
-61
-790
-1529
-2156
-2653
-3027
-3216
-3134
-2799
-2259
-1541
-806
-118
480
901
1154
1251
1285
1328
1314
1318
1392
1583
1893
2203
2499
2695
2754
2637
2339
1908
1400
802
169
-416
-891
-1206
-1331
-1320
-1204
-1050
-879
-718
-605
-526
-498
-526
-563
-591
-543
-377
-131
186
523
849
1174
1426
1573
1619
1529
1325
1027
678
333
29
-230
-429
-566
-648
-670
-641
-617
-614
-693
-863
-1060
-1257
-1420
-1525
-1521
-1405
-1189
-852
-433
39
473
844
1108
1239
1244
1131
958
703
431
179
-11
-126
-203
-183
-145
-107
-74
-60
-76
-132
-227
-352
-496
-608
-677
-681
-591
-442
-235
-19
198
407
561
646
655
568
429
264
102
-51
-154
-172
-137
-19
131
277
300
87
-355
-949
-1533
-2070
-2539
-2900
-3078
-3014
-2723
-2165
-1432
-628
179
884
1418
1772
2005
2116
2107
1975
1772
1608
1547
1566
1660
1816
1928
1997
1973
1866
1660
1311
864
289
-300
-832
-1244
-1504
-1653
-1657
-1539
-1316
-990
-622
-264
31
243
372
395
390
381
376
376
405
484
605
776
951
1083
1158
1140
1013
801
515
170
-211
-578
-909
-1161
-1305
-1376
-1385
-1362
-1306
-1218
-1124
-1010
-908
-788
-699
-595
-459
-301
-109
104
337
548
740
890
973
993
945
815
640
430
202
-19
-204
-363
-452
-470
-454
-400
-307
-187
-107
-47
-23
-25
-40
-64
-99
-133
-123
-75
1
111
219
318
381
411
393
343
260
134
41
-38
-80
-83
-40
-55
-206
-517
-955
-1368
-1756
-2105
-2402
-2589
-2619
-2465
-2112
-1595
-988
-350
290
857
1321
1697
1974
2126
2138
2040
1896
1768
1696
1624
1593
1562
1527
1526
1472
1370
1201
943
604
215
-211
-588
-905
-1164
-1343
-1438
-1416
-1280
-1025
-728
-404
-98
169
382
537
621
658
638
589
540
505
523
548
579
625
637
627
595
509
353
143
-121
-408
-666
-921
-1147
-1339
-1481
-1550
-1534
-1435
-1255
-1016
-768
-493
-226
33
248
425
554
629
662
658
619
578
526
458
367
299
233
149
85
-3
-83
-149
-208
-266
-325
-328
-338
-333
-298
-269
-190
-120
-64
16
83
144
205
237
252
224
180
131
63
6
-48
-90
-109
-87
-25
65
155
214
131
-122
-521
-985
-1407
-1846
-2233
-2513
-2641
-2575
-2309
-1848
-1224
-560
107
710
1235
1641
1917
2054
2061
1959
1774
1608
1487
1418
1361
1342
1359
1397
1439
1429
1348
1195
915
549
165
-242
-611
-938
-1196
-1382
-1448
-1366
-1176
-884
-552
-232
80
333
507
638
702
687
624
529
449
376
347
356
368
421
459
485
499
457
344
156
-64
-300
-569
-845
-1130
-1361
-1518
-1583
-1522
-1381
-1194
-945
-664
-366
-68
188
407
553
629
658
635
563
502
427
338
261
182
146
126
120
112
88
50
24
-23
-88
-155
-259
-335
-391
-436
-430
-395
-314
-224
-104
32
146
249
309
326
295
226
126
11
-82
-177
-210
-206
-156
-61
61
173
208
115
-123
-480
-895
-1309
-1719
-2090
-2352
-2454
-2384
-2128
-1695
-1136
-512
116
691
1206
1624
1929
2106
2129
2026
1868
1679
1502
1358
1256
1176
1167
1187
1224
1254
1230
1126
933
689
365
11
-358
-717
-1041
-1263
-1372
-1355
-1235
-1028
-730
-407
-82
214
460
626
707
725
680
601
487
373
293
222
193
183
224
268
289
298
259
155
-20
-259
-531
-810
-1063
-1281
-1418
-1468
-1443
-1289
-1047
-757
-435
-115
189
447
615
725
741
663
560
414
233
79
-57
-145
-160
-158
-106
-26
31
112
152
168
124
49
-54
-172
-284
-401
-450
-456
-389
-307
-188
-29
106
228
313
357
366
307
221
104
-33
-132
-206
-232
-197
-139
-72
-24
-56
-200
-409
-674
-959
-1270
-1582
-1852
-2019
-2064
-1940
-1653
-1279
-818
-296
232
759
1222
1606
1895
2022
2024
1954
1824
1678
1521
1354
1184
1065
1010
992
1000
983
944
869
731
535
295
38
-264
-571
-832
-1051
-1172
-1205
-1162
-1000
-790
-534
-243
30
293
482
616
676
677
626
532
421
300
171
52
-37
-115
-155
-174
-170
-178
-203
-211
-247
-283
-335
-408
-463
-492
-513
-494
-460
-396
-294
-206
-107
-9
87
145
166
168
145
109
65
3
-46
-89
-119
-134
-128
-122
-106
-72
-45
-12
13
47
48
59
54
42
18
-24
-69
-122
-147
-170
-213
-256
-256
-225
-182
-126
-82
-31
5
-21
-106
-254
-457
-686
-918
-1135
-1307
-1422
-1462
-1415
-1275
-1065
-753
-417
-68
290
596
882
1115
1268
1344
1361
1316
1266
1168
1099
1030
973
930
893
884
860
839
804
710
601
473
314
157
-44
-204
-353
-461
-518
-533
-496
-441
-349
-245
-124
-6
81
140
169
186
162
118
78
63
33
18
26
38
63
84
117
139
138
134
88
40
-27
-105
-182
-279
-336
-406
-448
-479
-474
-459
-420
-352
-275
-206
-162
-105
-77
-70
-97
-120
-140
-166
-167
-158
-135
-92
-31
28
87
141
192
226
219
150
84
-3
-92
-165
-241
-278
-309
-291
-258
-215
-172
-140
-147
-179
-253
-371
-504
-636
-756
-881
-958
-967
-910
-796
-629
-422
-192
64
329
565
774
946
1041
1094
1091
1030
955
847
724
621
520
467
438
395
388
369
355
337
291
229
157
71
-12
-97
-130
-151
-171
-168
-118
-45
29
124
206
296
344
379
412
415
392
327
253
163
64
-15
-94
-159
-212
-245
-252
-266
-270
-272
-273
-282
-291
-294
-309
-328
-333
-348
-335
-325
-308
-252
-195
-121
-48
20
60
87
99
100
76
44
18
-28
-58
-105
-156
-198
-216
-240
-282
-295
-319
-335
-346
-335
-311
-282
-241
-215
-201
-208
-215
-249
-282
-317
-374
-404
-421
-407
-366
-330
-275
-175
-69
36
141
251
332
386
437
477
481
472
463
457
459
457
469
481
506
514
532
546
545
518
479
435
382
328
274
216
168
128
93
80
71
78
57
74
91
92
99
95
81
61
15
-29
-63
-123
-158
-187
-200
-224
-233
-207
-155
-128
-101
-56
-14
19
55
77
65
65
62
54
35
19
-19
-47
-65
-85
-105
-132
-149
-145
-181
-209
-226
-271
-301
-334
-381
-408
-411
-403
-390
-367
-341
-292
-257
-212
-176
-169
-180
-204
-239
-291
-345
-408
-457
-504
-517
-522
-505
-467
-409
-340
-246
-139
-47
47
138
212
284
336
388
416
442
462
481
493
504
530
562
568
580
583
567
580
566
556
533
500
464
435
403
376
356
332
288
261
240
231
205
171
149
117
82
54
28
2
-22
-55
-88
-110
-133
-144
-139
-131
-102
-96
-101
-106
-104
-100
-117
-138
-143
-167
-203
-232
-269
-306
-331
-338
-349
-343
-339
-343
-349
-323
-309
-323
-321
-314
-316
-307
-299
-283
-252
-205
-169
-131
-82
-44
1
19
15
5
-7
-42
-70
-102
-144
-166
-194
-197
-186
-179
-153
-129
-95
-58
-7
32
59
89
122
141
135
134
143
153
154
162
159
175
185
211
241
244
262
267
288
299
307
306
294
290
265
258
254
245
224
222
228
225
229
238
239
253
252
257
263
254
243
238
215
193
188
148
125
95
79
57
35
19
-23
-43
-63
-123
-170
-201
-241
-273
-300
-313
-313
-310
-304
-300
-288
-285
-273
-291
-297
-308
-299
-291
-295
-286
-273
-277
-275
-280
-289
-284
-288
-281
-288
-285
-290
-285
-268
-281
-268
-247
-234
-215
-179
-155
-114
-55
1
63
108
158
213
252
282
313
320
324
331
332
314
294
256
241
216
211
192
169
163
156
161
167
172
180
196
209
208
208
213
206
188
172
172
163
173
163
184
183
190
201
199
208
198
197
177
138
107
85
47
-1
-44
-71
-131
-175
-209
-235
-241
-240
-236
-235
-226
-224
-204
-194
-196
-198
-192
-184
-177
-176
-159
-145
-145
-126
-105
-84
-65
-59
-61
-55
-75
-98
-117
-150
-158
-173
-198
-201
-207
-200
-166
-140
-114
-76
-37
-6
23
54
57
69
77
66
74
66
45
31
26
29
22
24
43
43
39
44
60
59
69
58
44
49
30
52
76
80
97
109
125
133
160
176
180
187
190
199
213
216
210
218
212
203
191
180
178
160
137
123
91
61
22
7
-5
-40
-71
-83
-80
-90
-85
-85
-87
-84
-87
-83
-74
-65
-70
-83
-93
-89
-88
-102
-100
-103
-114
-117
-124
-115
-133
-146
-144
-171
-179
-181
-186
-183
-189
-182
-171
-148
-137
-123
-87
-62
-47
-29
-7
0
14
17
33
44
40
58
74
87
99
107
110
109
97
102
91
84
82
88
72
62
62
65
60
59
70
67
78
87
98
102
105
111
107
83
71
62
39
22
20
10
2
-3
-10
-11
-15
-39
-27
-24
-34
-27
-28
-20
-24
-27
-21
-6
-6
-3
8
6
10
11
4
-2
-10
-1
-6
-27
-30
-21
-24
-28
-32
-27
-28
-20
-9
-7
-9
-5
-9
-19
-29
-45
-55
-70
-83
-94
-104
-83
-78
-71
-63
-52
-33
-21
-2
3
7
4
10
5
-2
-22
-26
-9
-10
-8
-6
-9
-4
-14
-22
-12
-7
-17
-17
-6
-16
-11
-20
-11
2
9
26
50
67
73
81
72
73
81
72
54
45
47
39
45
48
37
41
35
46
46
48
54
59
57
47
71
67
53
55
53
47
41
59
45
35
34
35
27
27
14
-8
-32
-55
-60
-65
-64
-72
-89
-96
-97
-99
-113
-101
-94
-99
-80
-63
-66
-55
-50
-52
-35
-36
-28
-26
-20
-14
-22
-18
1
4
3
13
18
3
12
12
25
16
20
10
3
16
19
46
38
41
37
48
47
46
46
40
33
28
37
34
31
21
10
10
12
4
9
-7
-21
-17
-33
-43
-57
-70
-69
-68
-63
-47
-47
-34
-19
-18
-11
7
13
14
18
10
12
-1
-7
-8
-17
-14
-5
-12
-7
8
5
21
27
47
44
51
50
47
57
44
57
55
58
55
54
63
43
50
38
30
16
8
11
-6
0
-1
7
-4
-5
3
-5
9
2
-13
-22
-26
-23
-33
-40
-49
-56
-54
-55
-55
-66
-38
-39
-51
-54
-59
-54
-55
-46
-51
-51
-43
-37
-32
-28
-10
4
6
19
12
10
8
13
17
7
-7
4
9
9
20
20
25
27
38
38
46
49
41
36
40
35
32
23
36
37
24
24
13
2
-3
-19
-21
-22
-44
-47
-35
-39
-28
-29
-21
-19
-9
-9
-11
-3
3
16
37
46
39
33
34
42
46
53
48
47
37
26
25
25
16
6
4
0
-2
2
-7
2
-6
-2
-14
-21
-5
-20
-21
-25
-18
-3
-7
-7
-5
-2
-5
20
16
10
22
23
22
12
2
-6
-13
-28
-40
-37
-40
-47
-40
-27
-21
-28
-20
-25
-15
-19
-27
-26
-36
-40
-29
-33
-33
-26
-38
-28
-23
-21
-13
-5
-9
-11
-6
4
-13
-22
-21
-16
2
3
8
16
20
23
25
30
20
14
13
28
35
17
27
16
18
20
23
39
30
31
31
20
18
27
26
14
27
22
26
12
8
15
1
4
5
6
-4
7
10
11
27
19
18
30
39
37
22
26
19
17
11
7
0
-8
4
-6
-7
-11
-13
-18
-26
-28
-33
-17
-24
-32
-31
-29
-26
-27
-31
-28
-31
-40
-32
-24
-21
-21
-14
-10
-11
-15
-22
-21
-12
-21
-10
-1
3
6
8
9
18
1
8
4
13
18
13
11
-8
-4
-12
-12
-17
-12
-5
-16
-11
0
-9
-14
-14
-9
-15
-4
1
-7
-19
-30
-23
-24
-20
-21
-11
-2
4
17
16
14
19
32
33
46
51
54
46
42
43
46
50
42
35
40
29
26
20
21
17
8
2
3
-14
-12
-14
-26
-17
-17
-7
-9
-6
-16
-22
-14
-11
-6
-12
-10
-11
-5
-7
-1
-6
-14
-15
-19
-17
-3
3
-2
3
-6
2
-1
-2
6
1
-11
-13
-10
-25
-19
-20
-18
-10
-12
-19
7
18
16
21
15
13
14
30
28
26
5
13
16
20
20
19
11
11
13
0
7
14
5
10
12
-3
13
2
2
19
14
17
4
12
6
-6
-1
-5
-16
-20
-38
-35
-39
-48
-51
-60
-44
-57
-59
-59
-51
-47
-41
-51
-39
-38
-41
-20
-12
1
8
20
16
19
31
23
23
32
11
16
16
10
17
-1
-1
7
7
12
18
19
12
4
8
13
20
18
18
24
37
32
24
30
18
25
36
38
38
36
36
31
29
22
20
12
0
6
15
0
0
-2
-27
-29
-34
-41
-41
-31
-23
-25
-19
-15
-16
-19
-7
8
6
9
17
24
29
33
35
35
25
20
17
11
13
1
-8
-15
-13
-16
-15
-15
-17
-12
-27
-18
-28
-28
-12
-20
-16
1
4
-7
-18
-10
-11
-13
4
-13
-16
-1
-5
-14
-1
1
-10
-6
-15
-19
-12
-22
-37
-12
-7
-13
-14
-21
-11
-19
-21
-10
-6
-4
-5
-4
0
2
4
-5
5
19
20
15
12
20
18
18
9
11
16
7
17
8
16
3
7
19
8
3
5
-4
1
3
10
36
39
53
52
35
43
46
23
14
3
-6
1
0
-9
-21
-16
-30
-32
-28
-31
-22
-32
-23
-15
-9
-4
1
6
17
21
13
8
8
22
16
9
11
21
21
19
23
13
6
-6
-12
-4
1
-15
-17
-20
-25
-39
-45
-41
-39
-36
-29
-17
-23
-17
-27
-29
-14
-17
-14
-21
-13
0
-5
9
10
5
8
10
14
2
-7
-3
-8
-12
-8
-10
-4
-7
-3
-6
-4
-6
-13
5
4
11
9
4
10
10
8
11
19
14
21
13
21
25
24
27
36
36
20
22
20
28
25
27
20
21
14
9
9
6
8
-1
3
17
21
16
0
10
30
34
24
22
19
11
10
19
17
14
16
17
18
13
25
18
9
-5
-14
-19
-29
-43
-41
-42
-39
-39
-57
-52
-60
-51
-40
-37
-31
-35
-30
-31
-32
-34
-29
-38
-32
-29
-23
-15
-18
-1
-4
-12
2
-5
-13
-24
-28
-14
-24
-12
-8
-6
0
-13
-6
5
8
13
11
15
16
14
13
-2
5
-3
3
6
3
0
8
26
15
12
11
18
17
18
18
15
4
9
15
6
14
15
17
16
12
8
2
-1
11
15
15
28
34
25
28
39
30
15
21
16
20
27
33
23
32
42
49
35
30
26
14
8
7
19
18
17
11
2
3
11
2
-5
-8
-6
-3
-6
-8
-8
-8
-24
-33
-35
-33
-48
-39
-42
-48
-38
-50
-44
-42
-45
-42
-35
-37
-36
-45
-36
-40
-39
-25
-28
-27
-17
-5
3
14
10
17
17
13
12
0
-6
-5
-8
-10
-20
-7
13
15
21
20
23
14
11
6
4
-7
-8
-3
5
5
13
22
16
18
27
18
16
20
24
26
17
15
5
9
3
-6
-4
-1
-4
-10
1
-1
-12
-13
-8
-13
-9
-4
-4
-7
-7
12
3
-2
2
6
1
-3
-2
-4
-2
-5
-4
-2
9
19
14
15
21
19
20
28
28
37
29
33
27
21
23
22
18
14
1
-16
-14
-11
