14
16
8
8
11
6
-1
-3
-14
-10
-5
4
6
-1
11
7
7
1
-7
-18
-15
-18
-20
-7
-5
-9
-4
6
7
17
7
2
16
21
18
7
-5
7
9
8
7
4
11
-8
-5
2
2
-3
8
9
9
23
9
4
8
4
12
13
13
0
0
14
3
-5
-8
-5
-9
-9
-21
-22
-23
-33
-25
-33
-26
-30
-31
-17
-12
-6
0
8
8
5
4
14
18
23
25
11
23
14
5
3
18
28
2
8
-5
14
11
1
5
8
12
3
-8
-6
-8
3
12
8
1
-1
5
5
-3
7
8
3
9
6
12
-9
-1
3
-4
-6
-8
-4
9
3
2
-5
-10
0
1
4
-3
-8
-9
-20
-4
-14
-36
-13
-29
-28
-24
-29
-32
-33
-32
-24
-26
-21
-10
-17
-14
1
-8
-7
-6
-12
-6
2
12
3
6
1
-1
10
12
4
11
19
32
18
14
17
27
39
25
41
26
17
21
2
11
14
-1
-4
-14
-12
-11
-6
4
-4
-4
7
14
6
9
14
26
22
19
21
18
22
27
14
21
23
4
3
2
-7
-9
-9
-14
-16
-16
-5
-6
-13
-19
-7
1
1
-6
8
8
11
9
21
24
26
29
29
27
27
7
8
12
21
26
17
-1
-18
-17
-26
-23
-30
-33
-28
-22
-29
-17
-11
-13
-13
-15
-32
-16
-14
-23
-14
-11
-25
-38
-25
-26
-28
-31
-37
-33
-36
-33
-35
-45
-54
-43
-29
-22
-11
-12
-10
-13
-8
0
15
16
18
20
7
14
24
21
38
33
33
36
36
40
25
32
22
12
15
6
22
17
16
19
22
14
17
22
6
18
26
21
17
25
29
25
14
19
9
7
8
0
-8
-9
-25
-25
-18
-26
-21
-23
-26
-26
-25
-14
-18
-20
-13
-13
-10
-14
-5
-26
-26
-17
-15
-1
0
11
11
1
7
2
-5
-1
1
10
2
-1
19
13
9
8
8
9
7
10
27
26
23
29
14
22
31
32
18
17
17
9
5
11
3
3
6
-4
4
-12
-19
-17
-18
-10
-9
-16
-28
-35
-31
-11
-8
-18
-5
-8
-19
-18
-21
-26
-15
-21
-9
0
0
3
3
8
-7
-12
-8
-8
-20
-10
-13
-4
5
5
22
17
25
31
25
18
20
22
19
8
-2
5
6
-1
-6
8
3
-9
-10
-14
-11
-7
-18
-13
-24
-23
-28
-27
-21
-14
0
-5
-2
3
3
4
7
1
0
21
29
22
27
23
14
9
8
2
-9
-9
-10
-11
-10
-7
-5
0
4
18
14
18
22
21
19
25
28
31
19
22
35
21
19
3
-11
-13
-4
-6
-16
-13
-23
-24
-25
-13
-14
-28
-25
-38
-50
-36
-21
-29
-15
-12
-12
-16
-5
-5
-7
-11
-17
-9
-7
4
3
-2
-7
0
6
-7
-7
-13
-3
3
11
19
13
19
18
16
17
24
32
16
31
27
15
30
19
32
39
32
23
22
40
32
10
11
6
3
7
9
4
3
6
11
-1
-7
-3
-1
-2
-7
-7
-3
-2
-5
-4
-13
-8
2
1
-22
-13
-20
-22
-26
-34
-25
-32
-41
-44
-39
-40
-38
-43
-38
-39
-39
-34
-36
-21
-20
-18
-7
-4
-6
6
14
27
25
35
43
40
49
46
49
42
36
28
33
35
30
18
9
4
9
-2
-4
-7
-24
-14
-2
-9
-10
3
5
11
14
2
-3
-1
-14
-19
-21
-34
-34
-36
-32
-29
-31
-23
-20
-18
-14
-9
-5
-1
-7
-4
5
4
2
8
11
16
26
25
45
41
25
29
35
14
-5
23
34
6
1
13
20
13
9
17
24
12
6
6
2
-8
-15
-8
-9
-18
-26
-16
-12
-18
-17
-21
-4
0
-12
-5
-15
-10
-37
-32
-29
-25
-34
-31
-27
-29
-20
-6
-5
-4
7
-11
-9
-3
-3
-8
-7
0
8
17
16
24
12
13
19
23
28
17
17
23
23
15
25
23
28
23
28
30
17
27
21
32
43
40
33
29
30
33
34
26
25
21
19
9
5
3
-19
-28
-20
-17
-32
-39
-27
-38
-43
-47
-48
-45
-44
-31
-27
-32
-21
-24
-15
-5
-11
-7
-16
-19
-15
-8
-15
-17
0
-9
-14
-5
-8
-8
-9
-15
-21
-22
-24
-12
-12
-15
-14
-1
5
9
17
16
27
19
20
30
17
22
29
21
26
49
34
26
34
20
17
1
-3
1
-4
-5
2
-2
-16
-10
-7
-6
-14
-11
9
9
13
12
9
6
4
8
8
3
5
-5
-9
3
-8
-7
-1
2
3
6
8
8
7
-4
-2
-4
-5
-7
11
8
2
8
12
22
11
11
4
5
-2
4
-3
-24
-12
3
-7
-10
-13
-9
-13
-16
-25
-22
-23
-29
-14
-26
-23
-24
-27
-30
-32
-25
-12
-13
-13
-14
-11
2
2
0
-5
7
3
-9
-11
-8
-10
-2
-4
-1
5
9
20
34
23
16
22
19
13
17
33
29
27
34
24
19
26
25
31
21
14
30
15
18
32
13
-4
-11
-20
-4
8
0
-4
-2
-16
-12
-17
-27
-20
-31
-21
-27
-33
-6
-6
0
-7
-21
-13
-15
-13
-24
-17
-8
-16
-21
-15
-8
-23
-15
-15
-21
-21
-18
-12
-10
-4
21
18
14
17
13
24
28
29
38
42
48
51
39
44
40
25
34
30
33
16
21
8
6
17
13
7
9
18
4
13
10
13
8
1
-3
-11
-12
-7
-11
-11
-15
-14
-17
-21
-16
-34
-34
-34
-29
-24
-15
-15
-15
-21
-25
-13
-18
-90
-234
-247
-129
-43
-41
-14
97
138
116
150
162
156
103
71
50
19
-8
6
22
12
22
52
77
56
49
40
59
24
10
-1
-22
-39
-39
-32
-41
-30
-51
-52
-58
-66
-68
-62
-58
-44
-39
-34
-28
-16
-27
-32
-50
-27
-5
0
-1
-9
-22
-15
-24
-12
19
-3
-4
11
22
10
2
12
23
28
-15
-9
2
-4
-7
-17
-13
-16
-38
-23
-20
-32
-32
-34
-16
-11
-11
-1
1
7
-5
-15
8
15
12
13
23
8
22
32
17
18
20
13
2
6
17
17
-1
5
9
10
-21
-18
16
4
0
5
19
16
3
14
3
-7
2
21
24
28
21
26
51
41
21
64
38
-4
23
48
39
-3
15
35
18
-17
7
35
26
5
25
36
33
1
15
18
6
18
30
26
-11
-5
15
17
10
-9
1
0
-5
2
-8
-15
-14
-31
-24
-42
-16
-33
-34
-6
-43
-61
-41
-14
-48
-46
3
1
-24
-22
-3
-9
-55
-59
-7
-19
-76
-61
0
-16
-63
-23
17
4
-27
2
34
6
-6
7
26
16
22
28
40
34
5
9
55
18
-12
-7
19
1
-21
7
25
13
-27
2
20
-25
-24
40
28
11
-21
25
15
-47
-19
-7
-27
-20
-21
-4
-10
-24
-17
-25
6
15
17
-43
5
5
-12
-2
-19
-15
12
28
-25
-36
27
-2
-74
3
25
-19
-28
45
40
-20
19
34
30
-24
29
39
-4
11
29
36
30
9
24
8
-7
34
36
-34
-4
61
26
-26
-18
50
23
-66
-16
80
43
-25
-31
99
35
-26
14
44
-6
-15
28
0
-14
-23
3
18
-13
-10
-3
-3
-2
-44
-6
2
-39
-14
-34
-55
-5
11
-7
7
20
-1
-24
25
32
-27
-27
-16
46
-16
-45
-7
7
-4
-49
-17
-10
-48
-45
-39
9
-26
-33
-3
-6
14
-5
8
28
-44
-10
16
-10
-37
5
11
15
-21
-9
43
34
75
2
-2
36
66
-26
-40
-1
31
-14
-28
46
-15
40
8
-2
59
-12
16
50
90
-51
-45
79
52
-33
-109
29
52
-7
-56
-26
25
45
-40
-68
52
51
-46
-48
48
23
-18
-84
-7
30
-40
79
2
-15
29
64
-27
-53
-19
20
-15
-88
34
-35
-23
13
34
-62
-31
18
31
-39
-44
39
0
-50
-25
6
-41
7
-56
34
-29
18
18
-12
-10
-3
24
-29
5
0
41
7
13
-7
26
49
-42
26
62
7
-24
-35
106
41
-57
80
64
-1
-107
-16
55
-29
-40
69
-1
-10
1
69
21
-71
6
-16
31
-18
-55
74
22
-69
-37
61
23
-76
79
4
-86
-11
57
32
-84
-42
91
74
-98
18
150
-54
-158
89
57
-64
-94
42
87
-116
18
65
32
-142
-111
143
-71
-151
40
80
29
-130
-33
105
-51
-94
2
113
26
-34
26
-17
10
30
48
20
-6
12
-44
45
-15
14
-25
-36
10
-25
-63
-3
63
-72
-76
85
62
-87
-13
174
62
-102
22
115
16
-144
-40
160
35
-61
64
20
24
20
-19
-86
-40
110
24
-126
30
98
-44
3
8
14
21
-2
-58
-19
128
-7
-75
52
53
5
9
38
15
-79
25
-27
-36
-10
-44
44
16
-13
-3
6
33
-55
-41
85
-18
7
38
5
25
1
19
-12
8
38
-77
-36
96
52
19
-41
28
-19
-12
-44
-69
2
36
25
-108
23
137
-22
-157
7
68
-61
-129
58
102
-31
-58
-14
53
-6
-12
-56
-27
40
30
-77
25
-5
-28
-67
-17
31
-111
1
32
-10
-16
29
-70
-67
123
58
-49
-7
38
96
-35
23
168
-38
-49
2
-73
33
-27
-15
42
116
-49
-172
58
45
-70
-29
67
70
-47
-15
7
-54
-24
-3
24
-4
-49
1
8
-105
-4
-70
-75
-20
-18
-65
-84
39
-4
-139
-105
74
10
-115
16
142
-26
-127
-9
139
55
-110
55
176
16
62
17
52
87
72
23
-26
31
32
25
-32
-7
74
-46
23
183
25
-78
59
140
1
-187
-5
125
-72
-58
107
25
-34
88
18
-50
75
-15
-94
-40
95
62
-70
-49
84
125
-47
-160
27
129
-32
-39
25
0
-129
67
109
-42
-93
96
126
-77
-61
18
-26
-99
22
72
-75
-36
50
-55
19
5
48
-112
-114
106
19
-86
-26
104
-10
-98
-88
0
94
-152
-43
175
73
-156
-44
139
48
-98
-34
182
140
-66
-60
153
174
-181
-157
131
188
-200
-164
240
216
-168
-156
164
106
-92
-227
26
218
-24
-159
80
223
-133
-221
189
140
-286
-91
284
62
-166
-83
47
-22
-126
-57
-9
-4
-52
-18
-26
-44
-114
-44
14
-18
-105
-119
-2
98
-28
-93
56
177
-84
-205
-40
-33
-80
14
32
-26
63
11
-12
-68
-114
39
-18
-73
-11
219
154
-88
-48
30
130
100
-139
11
142
2
-8
23
45
-107
67
113
-150
157
194
-80
86
185
40
-94
37
175
18
-9
160
64
41
156
84
-136
-33
76
-52
10
95
71
-40
32
115
-111
-1
22
-191
-108
-10
110
-134
-60
93
-51
-150
-92
-47
-99
-118
-78
98
123
-9
-91
39
-3
41
-128
13
222
-98
-184
21
236
12
-99
70
85
-73
-226
-66
31
48
-89
-137
139
70
-121
-32
83
47
-48
-4
-149
-182
-28
-94
148
155
-8
-44
12
105
-10
-160
-69
93
39
-61
-114
-64
-76
-99
-31
69
29
18
83
46
-91
-2
69
51
21
84
199
-18
-11
57
-24
-127
122
214
-62
-49
55
107
43
-32
-130
-39
136
118
-65
-39
106
92
-172
-72
104
79
-51
-32
125
72
-47
-73
40
-74
-55
121
-8
-5
129
81
-24
-41
87
29
-84
-19
83
-8
-110
-66
13
-17
-44
-25
-53
-62
76
104
-120
-129
8
122
93
-90
-152
118
126
-84
-157
17
160
-11
-153
31
173
-125
-250
70
192
-94
-134
-15
10
-90
-25
155
-26
-79
62
77
5
-14
51
-79
-37
145
51
-124
-37
125
-44
-46
100
6
3
-6
-102
-165
-8
128
-27
-136
52
91
-34
-213
-78
137
9
-194
-38
98
-37
-135
-17
-2
-62
-27
-4
-89
-159
72
197
45
-25
164
200
-115
-123
71
-1
-167
43
223
58
-8
37
7
-56
-9
14
-6
50
136
95
31
-58
-44
145
192
5
-128
54
220
39
-163
-85
182
184
-138
-80
123
138
-122
-147
72
-1
-90
45
112
-45
-130
41
172
-106
-172
-26
-80
-107
36
134
31
-46
34
-21
-96
-44
31
44
2
31
119
73
51
74
-25
-80
1
135
100
65
-47
-198
-89
44
-11
-105
47
162
7
-127
-73
-46
-140
-83
183
264
0
-82
144
177
-128
-128
72
17
-88
-66
66
67
21
18
32
-68
-77
-16
-32
-39
-106
-175
-50
13
-27
-82
-113
-67
77
149
5
-125
-165
-52
-93
-153
48
294
156
-83
-16
62
-25
-169
-172
-72
-145
36
397
289
-26
-282
-190
-118
-116
45
133
174
121
89
46
-99
-250
-256
-47
170
242
164
38
-32
-34
-92
-193
-132
56
263
316
222
107
96
40
-149
-207
-40
41
87
144
79
-14
-73
-83
-101
-100
-96
27
163
171
124
-58
-123
-73
-52
-39
23
55
-20
-24
-34
-109
-61
36
-60
-147
6
163
96
-38
-95
-112
-79
-47
-70
-46
8
109
79
12
141
224
66
2
83
32
-100
-52
59
3
-89
-34
129
114
-68
-155
-74
2
41
81
130
134
21
-104
-89
-132
-202
-183
-66
14
127
255
199
120
49
-20
-117
-139
-30
12
-31
-59
-33
22
-37
-135
-163
-143
37
184
204
202
188
98
-6
23
46
86
66
158
115
-47
-153
-200
-150
-155
-194
-131
18
43
-2
-38
52
55
-43
-90
-19
-5
-53
-61
15
-58
-132
-149
-109
55
40
-32
-8
100
71
-17
44
104
128
45
-31
73
106
45
-41
-12
32
54
55
-20
-9
-23
-78
-73
35
108
61
34
25
5
-58
-99
-64
-66
-47
34
105
128
65
33
-50
-181
-154
-55
50
146
186
208
98
-12
-45
-62
-86
-83
-24
34
36
10
-27
-100
-143
-118
19
147
163
89
1
-66
-86
-46
-13
-12
-29
28
79
150
202
163
73
-89
-85
-47
-18
35
86
172
136
8
-39
-8
-56
-117
-74
6
33
-24
-63
-86
-143
-183
-98
-23
17
-35
-108
-173
-199
-185
-152
-57
49
99
89
62
65
34
-44
-88
-38
53
64
-36
-85
-77
-99
-112
-44
83
106
22
-53
-49
-14
12
55
128
191
177
138
126
83
18
-29
6
47
13
-35
-54
-72
-73
-96
-61
27
64
49
46
87
147
148
112
117
161
143
59
7
-22
-51
-79
-35
30
55
30
-26
-12
17
-31
-28
27
82
59
45
70
52
16
-30
-42
-34
-48
-39
-10
-10
-50
-66
-41
-12
-33
-54
-41
-55
-66
-97
-151
-174
-186
-155
-105
-54
-8
-17
4
-46
-122
-114
-75
-34
-22
41
132
159
139
91
35
-27
-83
-58
17
86
113
100
76
24
-58
-125
-152
-180
-154
-89
-34
9
-25
-74
-125
-160
-133
-92
-6
82
132
171
166
113
37
6
4
12
22
53
95
99
44
-15
-48
-49
-27
-2
57
56
37
61
98
104
81
60
43
55
79
93
69
33
27
49
106
148
160
127
70
7
-26
-17
-46
-63
-62
-31
-9
-18
-37
-92
-158
-155
-66
24
83
115
103
64
67
69
7
-47
-20
21
66
93
82
49
-36
-117
-112
-60
-25
-25
-40
-119
-160
-126
-130
-131
-136
-128
-135
-114
-67
1
-13
-59
-30
25
106
157
165
107
56
58
106
127
128
97
55
20
-15
26
35
-44
-69
-59
-41
-12
38
44
-32
-104
-107
-78
-30
-3
-31
-40
-41
-12
3
-14
-45
-64
-39
12
97
147
129
67
33
54
76
109
113
89
81
138
172
180
130
60
35
23
72
122
125
53
-52
-94
-79
-82
-80
-95
-115
-155
-158
-117
-56
-57
-88
-78
-57
-62
-97
-76
-52
-76
-100
-90
-76
-85
-109
-137
-187
-214
-224
-198
-184
-217
-215
-220
-263
-238
-238
-246
-277
-247
-207
-171
-109
-120
-154
-213
-166
-88
-34
29
77
133
131
144
201
217
218
200
245
313
347
379
359
341
308
280
303
361
370
363
368
364
333
299
274
249
213
195
233
281
289
256
225
185
162
162
158
139
131
107
86
72
21
-13
-5
-2
2
-31
-66
-161
-249
-272
-262
-227
-224
-168
-98
-76
-47
-43
-37
-93
-159
-160
-137
-112
-168
-238
-320
-422
-499
-546
-614
-753
-926
-1129
-1297
-1425
-1463
-1435
-1375
-1285
-1130
-890
-590
-196
156
462
766
1057
1326
1569
1750
1832
1806
1704
1581
1460
1308
1101
870
602
377
200
80
-25
-134
-201
-210
-131
-13
101
174
227
263
317
351
386
389
329
256
186
117
25
-58
-146
-266
-387
-508
-583
-660
-711
-728
-732
-722
-687
-636
-580
-562
-610
-628
-590
-462
-309
-149
-43
-7
-14
-4
71
125
157
158
174
215
247
239
120
-107
-590
-1249
-1952
-2476
-2733
-2838
-2696
-2416
-2006
-1574
-1186
-742
-333
35
449
1024
1693
2296
2799
3107
3158
2965
2709
2467
2217
1971
1686
1412
1116
786
457
92
-280
-607
-803
-860
-722
-520
-316
-107
-11
94
192
255
324
343
413
539
690
813
823
727
463
217
41
-83
-146
-228
-368
-519
-569
-524
-439
-426
-461
-552
-625
-536
-372
-163
-45
-30
-2
37
117
235
276
195
45
-107
-184
-229
-269
-356
-531
-710
-842
-883
-871
-875
-921
-968
-897
-760
-604
-486
-384
-301
-175
22
250
421
462
471
443
401
263
-57
-513
-1105
-1687
-2107
-2317
-2399
-2432
-2346
-2059
-1665
-1197
-672
-193
222
658
1186
1800
2335
2698
2893
2921
2816
2654
2501
2263
1946
1586
1219
910
608
309
-22
-364
-652
-829
-852
-783
-669
-532
-400
-252
-81
100
278
439
549
653
759
825
833
765
617
302
-23
-277
-403
-436
-449
-437
-467
-548
-608
-561
-454
-328
-197
-35
122
200
289
349
303
177
43
-12
-40
13
65
90
31
-123
-268
-386
-416
-427
-382
-309
-258
-195
-210
-295
-452
-605
-720
-716
-624
-510
-440
-439
-470
-525
-458
-398
-308
-188
-47
134
281
409
481
518
428
203
-141
-624
-1220
-1867
-2383
-2678
-2789
-2785
-2645
-2302
-1873
-1413
-901
-350
187
655
1211
1862
2442
2860
3094
3160
3053
2839
2599
2334
1989
1587
1208
824
457
112
-221
-525
-756
-905
-918
-788
-623
-436
-262
-96
115
324
529
748
853
904
957
987
954
855
677
435
175
-69
-268
-516
-756
-970
-1057
-1038
-938
-814
-700
-624
-500
-276
25
305
505
625
628
611
588
537
448
317
182
91
9
-67
-148
-311
-479
-627
-685
-599
-463
-330
-211
-148
-146
-161
-221
-264
-338
-392
-369
-360
-335
-338
-388
-467
-517
-481
-378
-201
-19
134
272
325
382
472
486
264
-121
-662
-1321
-1987
-2491
-2751
-2887
-2898
-2676
-2200
-1621
-1112
-626
-162
246
714
1326
2032
2625
3003
3157
3150
2963
2697
2412
2074
1708
1328
998
716
427
66
-317
-659
-913
-1023
-941
-726
-479
-271
-89
119
311
504
663
817
921
994
1081
1117
1041
820
548
216
-142
-406
-594
-705
-787
-840
-969
-1158
-1310
-1360
-1237
-1007
-700
-306
5
254
472
663
760
778
778
771
751
737
684
531
265
-99
-420
-643
-760
-776
-738
-701
-690
-650
-608
-514
-430
-379
-303
-207
-77
60
154
149
70
-75
-189
-230
-236
-262
-385
-525
-575
-558
-429
-294
-117
48
161
360
493
388
-79
-874
-1754
-2597
-3129
-3244
-3074
-2706
-2224
-1683
-1219
-852
-483
-151
260
822
1593
2408
3076
3475
3514
3260
2835
2436
2082
1836
1630
1397
1126
771
365
-88
-531
-861
-1040
-996
-781
-441
-102
113
263
312
352
446
633
880
1094
1271
1325
1248
1049
752
403
33
-249
-438
-554
-636
-784
-982
-1224
-1437
-1634
-1713
-1585
-1240
-759
-294
128
352
425
436
516
701
898
1075
1176
1121
903
605
268
-52
-347
-553
-631
-662
-646
-682
-715
-778
-826
-744
-588
-321
-25
180
305
349
300
176
59
-64
-134
-168
-160
-159
-233
-359
-529
-610
-584
-448
-248
-15
271
477
545
379
-55
-812
-1726
-2604
-3314
-3613
-3461
-2863
-2116
-1466
-1032
-805
-640
-403
65
798
1633
2478
3142
3567
3681
3420
2945
2403
1949
1616
1472
1414
1270
953
389
-220
-767
-1145
-1268
-1140
-832
-530
-204
83
253
328
362
456
586
821
1120
1382
1530
1491
1242
854
434
50
-219
-376
-499
-618
-755
-907
-1133
-1387
-1544
-1611
-1615
-1512
-1228
-776
-250
133
453
620
642
687
790
970
1078
1096
962
708
382
109
-127
-339
-519
-693
-777
-786
-775
-767
-741
-682
-588
-403
-115
188
365
393
365
283
183
142
92
13
-137
-275
-399
-487
-556
-632
-673
-706
-627
-393
-84
240
430
498
449
155
-461
-1354
-2322
-3262
-3818
-3739
-3018
-2017
-1242
-790
-633
-618
-527
-152
575
1417
2264
2991
3519
3745
3560
3095
2427
1801
1397
1273
1338
1369
1138
610
-66
-690
-1166
-1348
-1265
-987
-640
-257
115
389
529
506
457
468
639
954
1319
1587
1611
1374
972
480
71
-229
-443
-564
-653
-713
-782
-912
-1130
-1407
-1591
-1678
-1611
-1269
-734
-162
255
532
640
618
589
599
705
838
984
1041
955
747
397
1
-415
-715
-857
-853
-748
-631
-542
-496
-479
-448
-333
-146
66
254
391
478
503
432
296
113
-92
-297
-476
-587
-655
-673
-707
-781
-780
-658
-472
-246
45
298
474
543
327
-312
-1428
-2720
-3783
-4230
-3801
-2747
-1591
-811
-476
-495
-624
-553
-132
575
1404
2272
3094
3703
3922
3693
3066
2188
1469
1115
1138
1343
1432
1218
617
-95
-787
-1266
-1450
-1333
-1063
-685
-225
222
553
608
528
377
326
485
857
1302
1609
1685
1446
1025
493
35
-280
-478
-563
-592
-586
-628
-748
-1009
-1313
-1551
-1724
-1709
-1400
-840
-231
222
546
626
568
500
481
596
744
938
1042
1017
860
540
172
-262
-569
-766
-801
-657
-503
-367
-336
-345
-387
-378
-287
-122
80
239
380
416
375
246
62
-121
-326
-506
-590
-609
-611
-622
-637
-652
-644
-472
-196
101
316
493
601
405
-251
-1343
-2675
-3838
-4340
-3920
-2845
-1672
-826
-446
-485
-684
-673
-307
379
1229
2123
2980
3640
3964
3840
3247
2419
1623
1149
1093
1302
1471
1359
900
195
-539
-1132
-1420
-1409
-1209
-865
-420
25
375
575
542
384
239
269
576
1014
1446
1710
1679
1307
816
296
-161
-439
-569
-585
-570
-541
-599
-785
-1066
-1420
-1792
-1941
-1741
-1209
-494
118
559
695
636
502
448
504
648
856
1013
1088
1069
899
579
129
-349
-743
-978
-952
-781
-544
-399
-325
-364
-448
-454
-362
-236
-93
105
247
362
376
276
59
-226
-487
-692
-780
-733
-609
-504
-450
-426
-363
-241
-20
218
432
603
539
128
-687
-1815
-3006
-3910
-4116
-3580
-2567
-1538
-811
-449
-448
-537
-438
-58
559
1344
2210
3028
3637
3895
3749
3245
2514
1790
1304
1147
1203
1258
1184
859
310
-345
-908
-1244
-1367
-1260
-980
-593
-173
203
458
553
499
366
339
485
804
1169
1490
1608
1424
1058
559
95
-251
-493
-632
-700
-739
-804
-920
-1062
-1286
-1538
-1674
-1585
-1222
-718
-115
371
632
731
671
619
594
666
804
874
885
808
668
432
72
-333
-716
-962
-1040
-941
-734
-445
-241
-149
-127
-138
-140
-188
-167
-96
-19
52
122
116
-17
-256
-519
-755
-894
-869
-751
-604
-414
-241
-33
144
292
372
394
359
136
-356
-1189
-2194
-3130
-3679
-3598
-2934
-2042
-1234
-670
-406
-310
-234
26
439
986
1606
2254
2874
3292
3481
3345
2884
2223
1563
1087
854
794
806
761
570
247
-119
-471
-700
-800
-781
-608
-308
45
405
709
850
798
626
476
397
440
611
773
819
729
477
168
-133
-398
-612
-772
-865
-905
-882
-845
-833
-857
-874
-830
-700
-474
-142
208
471
676
760
750
674
571
492
407
338
274
186
94
-66
-260
-469
-648
-748
-764
-691
-525
-329
-126
28
102
139
95
47
-2
-42
-63
-60
-77
-179
-303
-481
-692
-851
-974
-991
-899
-740
-499
-247
17
220
345
418
414
281
-114
-788
-1648
-2534
-3178
-3346
-3004
-2302
-1551
-926
-515
-310
-198
-44
212
575
1050
1621
2192
2713
3118
3299
3188
2798
2239
1660
1188
933
828
790
776
673
470
211
-76
-342
-563
-696
-684
-560
-297
26
359
555
600
544
390
253
197
260
368
465
513
474
395
221
16
-200
-414
-628
-788
-845
-800
-726
-708
-687
-679
-652
-587
-450
-247
-37
143
257
363
402
460
506
503
442
349
242
109
18
-64
-175
-267
-339
-414
-457
-411
-323
-238
-156
-92
-58
-83
-101
-109
-111
-139
-193
-279
-386
-488
-622
-722
-785
-791
-736
-679
-591
-440
-272
-68
93
248
396
523
545
326
-163
-961
-1888
-2691
-3101
-3010
-2539
-1857
-1149
-600
-271
-84
27
117
266
495
839
1307
1847
2403
2844
3108
3096
2805
2307
1765
1313
997
835
803
818
803
722
595
364
39
-257
-532
-750
-795
-694
-477
-201
34
178
218
170
82
1
-10
25
81
149
184
267
309
335
269
143
-56
-282
-451
-574
-638
-655
-609
-553
-485
-403
-286
-204
-148
-114
-110
-116
-89
14
156
283
358
355
287
160
-3
-154
-278
-330
-351
-346
-284
-199
-119
-69
-66
-122
-179
-265
-331
-336
-346
-310
-302
-336
-367
-451
-530
-602
-636
-616
-568
-475
-367
-281
-181
-70
73
208
324
462
534
498
269
-159
-736
-1384
-1927
-2219
-2220
-1934
-1492
-1018
-611
-342
-178
-93
-14
57
184
404
697
1072
1474
1859
2185
2337
2317
2145
1903
1647
1431
1266
1168
1116
1060
993
900
774
630
455
244
-4
-226
-385
-506
-550
-555
-509
-442
-336
-253
-207
-176
-171
-194
-222
-232
-218
-139
-57
30
111
148
105
17
-107
-224
-316
-376
-356
-307
-228
-154
-98
-43
-45
-63
-86
-126
-127
-127
-103
-89
-72
-82
-84
-98
-127
-129
-156
-176
-191
-198
-203
-183
-164
-148
-105
-89
-92
-97
-158
-206
-295
-372
-399
-454
-486
-475
-426
-387
-310
-280
-304
-299
-302
-265
-189
-87
40
151
260
352
359
282
97
-219
-609
-1052
-1428
-1596
-1589
-1442
-1178
-875
-606
-399
-230
-117
-33
60
130
247
404
617
878
1173
1470
1724
1874
1901
1845
1733
1584
1426
1298
1183
1107
1077
1048
1034
957
813
638
404
138
-129
-326
-464
-541
-548
-513
-450
-391
-344
-309
-312
-349
-379
-413
-426
-412
-351
-265
-169
-116
-76
-43
-103
-148
-201
-231
-278
-267
-229
-184
-99
-23
55
75
66
1
-82
-162
-219
-232
-231
-205
-158
-125
-90
-67
-86
-102
-127
-173
-209
-225
-194
-162
-100
-64
-49
-77
-142
-212
-278
-322
-366
-341
-325
-279
-250
-237
-216
-208
-199
-201
-165
-115
-75
17
97
155
194
242
258
211
123
-55
-313
-632
-969
-1231
-1341
-1311
-1140
-903
-663
-459
-314
-203
-135
-81
-40
1
96
259
500
797
1130
1426
1615
1700
1672
1582
1455
1322
1218
1134
1074
1024
990
949
873
764
624
442
243
36
-146
-274
-353
-405
-413
-391
-372
-352
-327
-316
-314
-333
-385
-419
-427
-409
-351
-263
-176
-113
-78
-122
-152
-184
-208
-205
-177
-131
-101
-51
-14
-8
-23
-40
-58
-62
-88
-80
-45
-42
-2
19
7
6
-25
-52
-90
-115
-117
-126
-133
-151
-159
-190
-208
-211
-224
-255
-258
-243
-210
-221
-224
-233
-260
-265
-254
-254
-235
-194
-182
-165
-147
-138
-128
-87
-40
21
86
138
191
191
115
-81
-336
-651
-929
-1115
-1199
-1123
-986
-770
-567
-397
-261
-180
-131
-101
-57
23
131
291
557
827
1092
1343
1466
1499
1488
1422
1341
1246
1160
1087
1030
990
951
906
838
738
610
467
316
135
-8
-119
-213
-258
-289
-290
-283
-287
-284
-270
-296
-351
-400
-428
-456
-446
-407
-352
-302
-258
-207
-201
-206
-215
-240
-240
-232
-203
-154
-88
-12
33
63
74
56
53
17
-17
-48
-77
-86
-99
-65
-52
-65
-93
-129
-168
-225
-259
-300
-327
-321
-301
-231
-183
-132
-102
-86
-93
-133
-179
-229
-250
-250
-235
-210
-184
-178
-159
-142
-152
-151
-135
-98
-72
-11
65
162
261
316
320
231
85
-143
-436
-734
-979
-1093
-1109
-1040
-854
-657
-509
-381
-288
-227
-185
-119
-55
41
195
427
686
947
1199
1352
1427
1435
1367
1276
1204
1138
1075
1006
966
947
913
874
806
694
563
411
259
101
-28
-124
-211
-256
-285
-284
-279
-277
-312
-371
-433
-488
-534
-553
-524
-483
-411
-339
-289
-241
-223
-211
-224
-247
-244
-255
-225
-176
-92
-23
28
63
64
46
37
28
12
-18
-36
-55
-77
-70
-81
-71
-71
-85
-102
-152
-185
-213
-213
-186
-167
-150
-138
-99
-74
-39
-46
-64
-80
-125
-138
-143
-132
-122
-116
-113
-122
-170
-170
-164
-133
-111
-68
-22
0
46
87
141
163
164
133
39
-161
-432
-753
-1038
-1192
-1256
-1195
-1023
-800
-611
-443
-309
-236
-168
-130
-73
6
116
304
560
842
1096
1323
1430
1422
1351
1260
1140
1043
980
957
964
980
1010
993
953
846
704
530
331
162
16
-92
-168
-205
-239
-270
-287
-317
-367
-418
-449
-501
-532
-532
-499
-435
-342
-241
-183
-128
-86
-81
-89
-87
-127
-146
-155
-153
-113
-60
-12
21
44
18
-15
-49
-75
-83
-91
-100
-93
-101
-112
-107
-76
-68
-80
-88
-122
-149
-174
-177
-165
-159
-149
-150
-160
-132
-114
-96
-84
-72
-92
-131
-154
-175
-174
-158
-164
-170
-159
-168
-163
-152
-140
-123
-109
-79
-33
31
106
171
198
194
45
-204
-544
-908
-1170
-1305
-1288
-1139
-911
-668
-466
-330
-243
-179
-168
-180
-133
-47
121
388
716
1038
1315
1486
1519
1439
1321
1202
1142
1106
1092
1108
1120
1142
1124
1083
995
832
598
359
127
-54
-189
-259
-274
-301
-314
-335
-377
-433
-476
-539
-581
-588
-557
-493
-376
-236
-123
-45
-12
-19
-63
-95
-118
-117
-103
-110
-111
-136
-159
-149
-136
-127
-137
-148
-146
-147
-121
-68
-9
28
50
30
-16
-53
-93
-90
-68
-46
-49
-71
-85
-94
-106
-123
-146
-163
-209
-226
-206
-180
-128
-78
-49
-37
-60
-88
-96
-131
-149
-172
-175
-192
-196
-207
-190
-154
-108
-52
8
98
175
236
267
235
48
-272
-682
-1098
-1403
-1502
-1431
-1212
-946
-707
-554
-453
-415
-416
-404
-360
-264
-108
160
518
926
1319
1615
1773
1771
1627
1436
1297
1234
1229
1268
1286
1300
1284
1207
1059
856
596
317
59
-167
-298
-335
-307
-281
-255
-275
-325
-383
-468
-528
-568
-559
-516
-434
-307
-168
-19
94
130
94
11
-81
-136
-160
-158
-123
-62
-44
-50
-112
-197
-271
-359
-383
-377
-317
-240
-142
-42
23
59
57
23
-38
-74
-101
-55
9
78
122
91
36
-35
-123
-193
-240
-254
-246
-229
-185
-118
-84
-61
-58
-116
-158
-208
-225
-200
-143
-112
-107
-107
-126
-154
-171
-169
-141
-74
4
107
207
312
345
257
-78
-623
-1210
-1684
-1883
-1808
-1510
-1124
-768
-537
-438
-423
-432
-411
-354
-257
-99
196
611
1096
1534
1840
1994
1951
1744
1493
1300
1220
1248
1323
1367
1366
1322
1208
1035
795
496
177
-114
-300
-405
-396
-290
-199
-186
-267
-370
-490
-554
-574
-555
-481
-373
-236
-87
71
205
268
226
118
-13
-131
-169
-144
-112
-47
20
0
-92
-209
-372
-510
-594
-595
-561
-413
-222
-124
-38
16
13
-25
-76
-131
-145
-72
35
142
228
271
259
147
12
-115
-201
-240
-231
-177
-113
-46
15
15
-47
-104
-199
-270
-288
-275
-220
-143
-78
-60
-89
-161
-254
-287
-291
-221
-87
71
237
372
463
439
229
-306
-1072
-1813
-2290
-2379
-2102
-1611
-1096
-725
-582
-609
-686
-692
-631
-436
-144
223
703
1271
1818
2202
2349
2251
1978
1623
1370
1297
1399
1569
1687
1674
1497
1237
917
564
223
-82
-308
-403
-411
-303
-159
-76
-106
-275
-498
-660
-683
-579
-390
-167
38
160
229
234
217
180
107
1
-92
-87
-15
85
157
135
20
-156
-353
-518
-608
-658
-698
-683
-634
-500
-383
-249
-167
-182
-223
-226
-155
-38
102
224
305
277
218
177
114
96
53
-21
-66
-119
-110
-75
-25
-12
-42
-68
-115
-107
-50
-2
23
-1
-51
-116
-154
-174
-192
-228
-257
-292
-304
-263
-173
-33
106
209
276
316
318
153
-372
-1261
-2211
-2853
-2931
-2473
-1757
-1118
-791
-797
-971
-1095
-1009
-663
-157
392
870
1342
1874
2319
2562
2508
2197
1809
1516
1425
1552
1792
1931
1818
1456
961
473
101
-108
-230
-308
-334
-297
-152
-32
-3
-100
-289
-489
-578
-439
-104
297
611
678
541
340
166
76
59
100
135
146
127
111
84
-10
-171
-374
-585
-699
-693
-573
-392
-339
-460
-617
-716
-681
-521
-292
-75
18
27
28
64
91
102
103
47
-14
-14
69
155
196
177
45
-106
-204
-227
-161
-74
12
29
20
7
5
9
-18
-51
-126
-168
-145
-86
-42
-70
-154
-273
-366
-382
-309
-162
-7
135
238
307
331
186
-296
-1183
-2263
-3024
-3187
-2746
-1928
-1177
-821
-930
-1213
-1375
-1262
-876
-272
434
1050
1572
2005
2358
2492
2359
2043
1671
1486
1538
1780
2035
2062
1760
1233
716
295
24
-73
-85
-60
-40
-2
53
55
-7
-169
-383
-514
-438
-139
244
579
702
628
420
170
34
20
104
192
257
274
222
149
20
-159
-362
-512
-554
-493
-343
-193
-149
-192
-373
-637
-791
-782
-560
-298
-34
128
70
-52
-146
-179
-185
-154
-60
30
102
175
238
210
92
-34
-129
-154
-106
-4
99
114
56
-1
-61
-84
-89
-82
-103
-118
-131
-89
-49
-55
-118
-207
-309
-376
-338
-236
-110
1
92
130
120
71
-10
-213
-713
-1502
-2321
-2790
-2645
-2051
-1324
-900
-971
-1313
-1532
-1399
-996
-500
9
495
948
1419
1791
1983
1925
1693
1471
1406
1558
1856
2136
2169
1911
1444
921
587
452
455
478
416
307
226
180
106
-55
-300
-516
-566
-424
-128
165
304
285
123
-46
-137
-88
23
158
261
317
314
283
248
129
-5
-139
-212
-175
-55
62
96
12
-168
-351
-503
-589
-630
-609
-519
-357
-203
-125
-183
-348
-500
-552
-412
-195
20
148
178
145
101
28
-55
-109
-150
-83
26
123
182
170
95
-28
-104
-134
-83
-27
17
27
-32
-106
-187
-257
-324
-360
-393
-370
-322
-259
-212
-210
-243
-293
-305
-267
-191
-113
-69
-111
-243
-496
-810
-1057
-1087
-873
-556
-336
-302
-426
-585
-613
-531
-415
-319
-250
-153
81
395
642
712
616
430
352
468
729
1012
1163
1194
1155
1086
1056
1056
1011
922
854
872
953
1019
1006
837
567
324
179
147
175
176
124
36
-30
-80
-136
-203
-278
-338
-337
-274
-191
-122
-108
-194
-282
-342
-319
-287
-288
-273
-250
-211
-216
-214
-225
-284
-349
-342
-300
-257
-192
-169
-185
-232
-254
-270
-280
-239
-202
-150
-98
-28
-4
-7
-18
-44
-38
-41
12
62
87
134
145
121
78
52
4
-37
-46
-77
-83
-67
-59
-73
-89
-122
-148
-130
-116
-105
-97
-81
-76
-77
-70
-49
-16
4
3
4
-32
-91
-171
-288
-393
-441
-483
-479
-491
-553
-611
-675
-714
-708
-672
-599
-507
-439
-336
-228
-140
-79
-21
49
138
300
466
626
742
805
878
909
943
995
1040
1072
1092
1076
1061
1021
927
828
676
526
428
372
358
337
307
239
158
57
-33
-77
-100
-105
-109
-126
-137
-140
-182
-226
-290
-352
-386
-395
-355
-322
-309
-280
-275
-293
-300
-298
-288
-250
-230
-182
-166
-160
-138
-135
-123
-124
-93
-83
-31
36
65
75
49
29
-14
-36
-17
29
45
51
45
22
-43
-115
-162
-201
-201
-185
-171
-146
-121
-132
-148
-167
-187
-195
-198
-156
-136
-107
-79
-70
-47
-16
-4
3
28
48
15
-54
-141
-274
-383
-448
-483
-534
-591
-640
-703
-712
-700
-648
-584
-514
-437
-360
-243
-157
-79
-6
75
170
286
427
570
698
798
838
868
910
938
980
1015
1002
991
966
936
887
788
674
535
411
360
338
341
327
263
191
109
22
-38
-89
-124
-152
-156
-162
-178
-202
-231
-271
-318
-359
-356
-316
-261
-222
-229
-252
-258
-297
-328
-304
-279
-237
-197
-156
-141
-114
-109
-102
-94
-72
-41
1
65
103
134
130
83
49
24
30
27
46
65
39
7
-38
-57
-84
-108
-113
-110
-97
-96
-97
-117
-143
-168
-210
-240
-242
-219
-174
-167
-143
-124
-103
-83
-50
-18
-10
21
19
-2
-77
-183
-306
-409
-485
-531
-561
-602
-606
-627
-644
-632
-586
-528
-446
-368
-305
-233
-147
-60
30
121
214
306
405
520
647
738
785
820
830
836
871
904
897
903
877
839
781
679
565
473
387
337
306
296
281
242
176
113
50
-18
-46
-79
-97
-95
-101
-89
-123
-156
-197
-243
-247
-242
-222
-184
-166
-161
-191
-240
-252
-263
-264
-252
-221
-180
-151
-119
-77
-67
-70
-50
-41
-23
-4
28
51
38
44
36
49
40
26
28
21
-5
-31
-50
-89
-109
-123
-117
-134
-146
-172
-198
-205
-240
-252
-260
-284
-293
-290
-266
-216
-157
-109
-75
-55
-43
-7
14
36
48
37
-9
-101
-208
-295
-409
-475
-512
-548
-595
-643
-643
-634
-578
-515
-448
-371
-280
-209
-140
-60
-2
86
165
238
347
463
567
674
728
764
817
841
873
887
896
892
878
838
814
745
649
550
438
372
334
290
272
225
161
108
47
-4
-57
-87
-103
-87
-79
-44
-56
-96
-128
-165
-185
-191
-189
-177
-181
-226
-253
-274
-267
-263
-251
-242
-221
-192
-176
-146
-125
-122
-107
-80
-65
-26
10
63
75
75
68
34
33
43
33
29
15
-9
-22
-57
-99
-132
-153
-183
-210
-242
-251
-238
-273
-290
-312
-321
-307
-288
-267
-249
-213
-178
-131
-97
-62
-23
4
48
90
116
106
58
-21
-147
-270
-376
-441
-474
-500
-520
-539
-563
-573
-553
-527
-471
-411
-339
-280
-196
-101
-2
92
176
275
386
483
580
679
745
797
815
839
876
887
889
872
849
820
772
709
642
520
416
355
297
278
272
246
199
143
98
34
-43
-85
-113
-134
-132
-95
-59
-79
-94
-135
-165
-162
-168
-156
-155
-185
-210
-209
-220
-224
-221
-217
-216
-226
-206
-182
-134
-107
-82
-73
-67
-55
-20
-4
5
31
24
9
19
13
-21
-30
-68
-91
-95
-124
-128
-142
-164
-203
-231
-245
-276
-297
-313
-297
-295
-294
-288
-272
-255
-237
-202
-165
-128
-92
-36
1
40
57
72
58
51
36
16
-42
-126
-236
-353
-427
-471
-492
-502
-485
-490
-496
-471
-427
-371
-319
-272
-211
-153
-70
23
104
193
275
370
464
554
642
727
765
796
848
876
884
884
869
833
787
746
684
614
537
450
393
352
311
268
224
154
86
47
18
-35
-74
-95
-112
-103
-111
-109
-116
-159
-189
-191
-207
-212
-217
-225
-250
-265
-272
-252
-234
-218
-205
-202
-182
-158
-126
-96
-54
-40
-22
-1
8
9
18
18
15
3
6
10
-21
-62
-83
-75
-87
-107
-119
-141
-169
-181
-203
-211
-237
-258
-276
-268
-256
-269
-256
-250
-229
-209
-183
-169
-163
-137
-88
-58
-35
-14
9
-8
-23
-11
-20
-58
-108
-156
-230
-327
-389
-407
-418
-404
-406
-428
-435
-445
-412
-378
-337
-264
-203
-130
-40
55
141
205
255
310
388
483
579
665
725
763
769
798
820
817
796
763
734
703
664
631
579
495
447
391
338
302
252
223
172
125
56
-14
-59
-94
-93
-99
-100
-114
-143
-164
-189
-209
-222
-242
-269
-286
-292
-275
-251
-218
-211
-229
-196
-202
-181
-156
-122
-78
-53
-26
-25
-19
-27
-12
-2
-12
-3
26
31
33
28
1
-34
-34
-58
-79
-74
-96
-117
-131
-158
-199
-223
-226
-247
-249
-235
-249
-236
-222
-223
-211
-196
-182
-167
-144
-124
-102
-86
-71
-47
-51
-51
-42
-53
-79
-93
-155
-231
-311
-385
-413
-425
-428
-420
-425
-422
-420
-410
-359
-313
-257
-194
-129
-20
60
134
210
252
335
432
517
603
660
693
689
729
748
745
775
753
753
742
737
687
616
548
479
407
343
318
280
242
216
158
99
59
-16
-69
-101
-116
-114
-116
-132
-162
-175
-203
-234
-243
-262
-281
-282
-269
-265
-251
-244
-240
-227
-209
-177
-143
-92
-55
-16
9
24
26
29
26
27
36
50
75
75
79
66
41
21
1
-3
-39
-56
-65
-99
-112
-132
-162
-198
-212
-240
-244
-247
-257
-273
-284
-299
-296
-263
-258
-227
-205
-174
-139
-122
-117
-118
-121
-138
-129
-138
-154
-189
-208
-274
-364
-415
-455
-440
-428
-425
-390
-376
-371
-331
-269
-214
-178
-125
-37
36
122
217
282
347
404
469
541
612
667
687
723
772
765
770
774
769
732
698
669
611
556
493
430
391
345
278
234
204
163
121
74
36
-13
-62
-75
-108
-110
-114
-146
-159
-181
-197
-219
-254
-277
-290
-294
-258
-239
-226
-211
-198
-197
-163
-121
-97
-82
-65
-36
-6
28
33
39
35
44
64
59
47
47
38
30
23
16
2
-23
-50
-61
-99
-128
-171
-212
-236
-268
-294
-316
-334
-330
-319
-336
-318
-310
-306
-282
-259
-223
-197
-178
-157
-149
-151
-158
-167
-182
-204
-229
-279
-343
-375
-390
-381
-352
-334
-305
-298
-296
-244
-184
-127
-88
-41
32
97
171
232
281
341
413
464
519
595
624
658
690
694
706
713
710
702
708
681
638
608
546
479
419
361
320
261
211
176
151
103
78
28
-30
-81
-115
-123
-130
-136
-172
-186
-213
-230
-228
-220
-216
-179
-156
-155
-123
-115
-136
-127
-106
-97
-61
-50
-42
-23
-34
-34
-41
-31
-26
-30
-15
-27
-25
-18
-19
-41
-59
-69
-79
-87
-109
-137
-142
-171
-186
-202
-222
-225
-236
-250
-270
-286
-299
-305
-308
-301
-295
-289
-286
-265
-237
-222
-215
-210
-235
-238
-265
-297
-311
-343
-337
-337
-325
-302
-291
-263
-240
-219
-173
-112
-34
20
73
133
192
233
283
316
370
405
438
498
550
586
601
624
635
647
635
637
623
585
579
553
511
485
442
416
378
334
290
248
198
155
125
92
42
4
-31
-47
-67
-79
-89
-106
-120
-132
-142
-164
-181
-186
-178
-161
-166
-162
-170
-188
-170
-163
-147
-166
-145
-135
-137
-139
-138
-141
-143
-139
-117
-111
-106
-96
-101
-113
-136
-137
-143
-135
-141
-155
-167
-187
-194
-190
-192
-193
-194
-192
-198
-217
-221
-248
-267
-281
-300
-301
-332
-343
-333
-342
-335
-302
-301
-288
-280
-258
-212
-182
-135
-107
-80
-20
37
78
121
152
200
237
283
330
376
411
457
492
518
535
538
562
544
557
544
541
523
496
483
460
445
398
369
335
314
291
245
209
165
129
105
70
48
20
-25
-45
-60
-83
-110
-122
-137
-151
-177
-181
-181
-184
-180
-181
-184
-157
-159
-161
-135
-137
-127
-110
-101
-83
-83
-79
-84
-93
-109
-113
-129
-150
-155
-186
-195
-208
-211
-213
-237
-247
-255
-273
-287
-287
-303
-308
-301
-307
-308
-309
-310
-302
-306
-305
-297
-287
-270
-257
-236
-210
-210
-182
-138
-113
-77
-51
-20
7
51
79
121
151
167
218
254
273
298
319
342
364
379
395
415
441
444
444
452
442
452
462
463
459
459
456
440
399
374
362
328
312
276
249
208
170
142
108
82
36
8
-34
-61
-89
-117
-121
-136
-143
-148
-160
-144
-144
-146
-129
-121
-125
-125
-110
-114
-114
-125
-132
-130
-148
-147
-154
-163
-182
-190
-196
-213
-219
-228
-243
-256
-263
-274
-280
-283
-297
-300
-287
-290
-286
-279
-274
-282
-293
-291
-280
-276
-257
-264
-262
-223
-218
-194
-166
-148
-148
-129
-99
-74
-30
-4
19
49
86
110
123
145
180
214
237
253
273
303
311
328
342
345
353
365
358
377
379
361
375
367
365
341
323
318
304
294
288
276
253
236
235
223
206
203
180
170
157
133
125
105
89
80
71
57
34
27
4
-23
-46
-64
-95
-122
-132
-153
-163
-191
-213
-220
-243
-245
-270
-286
-296
-295
-281
-292
-277
-266
-272
-277
-291
-283
-284
-289
-279
-276
-278
-288
-287
-277
-263
-260
-257
-252
-248
-236
-230
-210
-191
-167
-155
-126
-107
-77
-51
-36
-16
-7
17
34
67
80
101
128
143
165
163
168
191
200
204
221
217
225
246
261
266
283
300
302
319
325
325
326
322
329
330
322
314
319
298
279
255
254
236
218
218
189
185
167
147
135
105
76
49
37
21
-11
-18
-48
-76
-101
-124
-140
-146
-161
-166
-184
-190
-188
-214
-220
-245
-262
-268
-280
-298
-292
-305
-312
-314
-330
-334
-339
-326
-328
-306
-319
-304
-274
-284
-267
-253
-247
-228
-216
-207
-164
-151
-130
-119
-109
-81
-37
-30
-13
25
44
59
83
105
105
127
141
162
177
188
205
213
231
238
241
241
263
269
268
292
307
305
296
317
328
322
313
312
307
305
295
291
278
259
259
244
231
220
178
165
163
130
123
87
61
34
14
14
-12
-31
-62
-84
-104
-111
-126
-140
-159
-164
-176
-196
-206
-213
-235
-254
-257
-268
-285
-300
-301
-308
-309
-308
-304
-277
-286
-289
-263
-267
-270
-268
-256
-234
-228
-219
-205
-209
-205
-189
-172
-148
-136
-122
-104
-92
-77
-46
-25
-3
18
40
45
80
106
104
114
116
132
153
185
193
208
223
229
244
243
249
257
269
276
277
273
287
286
289
288
290
285
263
256
249
244
237
245
241
233
221
204
188
171
157
149
125
112
78
71
38
11
-5
-19
-40
-75
-100
-131
-147
-161
-171
-181
-203
-203
-209
-223
-228
-249
-250
-259
-284
-293
-288
-284
-270
-273
-268
-259
-250
-240
-236
-240
-226
-223
-217
-192
-178
-160
-149
-134
-136
-133
-114
-115
-93
-73
-65
-46
-23
-5
3
17
34
42
50
82
100
101
95
110
113
129
138
165
179
169
181
183
190
196
204
205
211
224
221
227
235
222
205
184
183
187
174
154
163
157
154
153
118
115
102
82
67
43
40
31
23
14
-1
0
-4
-17
-24
-25
-13
-22
-42
-51
-67
-82
-79
-93
-93
-102
-109
-99
-104
-117
-119
-95
-99
-109
-124
-133
-134
-145
-152
-162
-165
-161
-147
-151
-154
-159
-162
-160
-142
-145
-125
-95
-110
-104
-96
-90
-92
-80
-68
-75
-65
-46
-43
-13
-9
-12
-3
-2
25
29
53
57
76
84
95
115
112
139
135
148
153
155
152
164
163
153
158
163
162
139
132
117
94
88
98
82
79
66
63
53
59
54
49
27
35
36
30
34
27
37
29
24
39
16
14
7
-3
-1
-23
-22
-46
-51
-64
-90
-84
-96
-97
-99
-93
-108
-119
-115
-115
-116
-116
-121
-111
-103
-98
-85
-89
-82
-75
-82
-66
-51
-45
-37
-23
-5
-5
-17
-1
0
-4
13
14
15
15
34
40
31
37
39
34
27
36
37
48
55
55
54
47
55
53
65
63
65
69
72
71
57
53
42
39
27
12
10
6
5
11
-8
-10
-12
-29
-15
-16
-6
-11
-13
-17
-11
-2
-2
-5
6
10
-21
-10
-12
-17
-18
-19
-21
-28
-21
-39
-36
-29
-47
-49
-55
-51
-45
-49
-43
-42
-33
-26
-27
-25
-25
-13
-16
-14
1
-3
-19
-13
-11
0
8
-6
9
25
24
16
11
11
21
26
26
31
35
45
37
45
48
40
37
29
26
19
24
19
14
20
22
15
9
14
23
24
16
0
14
19
13
26
21
12
31
30
29
29
26
24
34
30
21
17
33
42
35
27
23
19
14
16
14
19
4
-7
1
-14
-7
-12
-27
-31
-52
-56
-68
-69
-73
-81
-93
-83
-89
-101
-89
-80
-74
-80
-51
-55
-69
-55
-63
-52
-55
-49
-44
-37
-35
-36
-26
-8
0
8
21
34
57
45
58
71
75
82
83
88
85
92
83
86
85
75
75
54
46
46
42
25
20
24
26
10
-3
-16
-12
-10
-13
-20
-27
-12
-31
-30
-23
-50
-51
-58
-56
-50
-51
-42
-43
-39
-56
-52
-40
-48
-47
-29
-33
-31
-20
-20
-10
-10
-9
-7
4
8
23
27
23
32
31
33
28
36
48
41
48
52
64
63
60
58
51
59
59
48
55
47
20
28
9
13
13
-1
7
2
-10
-19
-23
-27
-5
-6
-22
-13
-28
-35
-34
-27
-30
-40
-33
-35
-38
-32
-55
-63
-49
-50
-38
-39
-21
-25
-21
-9
2
8
1
25
29
31
39
51
61
57
44
44
38
32
32
25
17
19
20
-9
-16
-20
-28
-18
-20
-12
-6
-14
-17
-31
-32
-39
-35
-28
-29
-31
-27
-20
-27
-32
-25
-21
-15
-20
-23
-22
-16
-8
-18
-22
-23
-11
-14
-9
-3
-7
1
2
26
30
26
28
25
32
33
30
34
35
49
67
55
68
70
51
44
34
45
43
45
38
40
27
24
22
18
10
4
7
0
-5
-25
-23
-30
-33
-26
-21
-17
-20
-28
-46
-42
-47
-46
-41
-38
-49
-63
-53
-40
-51
-45
-51
-51
-45
-34
-29
-39
-31
-28
-20
-26
-12
-11
3
14
20
26
14
31
34
33
32
30
37
40
41
41
40
38
35
45
30
19
20
19
27
17
28
20
13
5
-5
9
2
4
3
-5
1
4
14
11
4
6
4
5
1
-22
-36
-27
-22
-24
-23
-21
-15
-13
-16
-11
-23
-16
-15
-20
-11
3
12
7
9
3
10
10
17
22
21
31
39
28
40
31
21
24
16
0
13
7
3
28
28
11
2
-3
-15
-17
-17
-16
-9
-3
-3
-7
-1
1
-6
-10
-7
-12
-10
-30
-41
-40
-40
-41
-43
-37
-45
-47
-44
-38
-32
-33
-30
-15
-20
-32
-26
-19
-16
-13
-20
-21
-14
-7
-10
-8
9
15
18
13
8
1
7
7
7
20
7
13
29
24
20
28
21
15
21
18
26
39
36
45
46
41
54
53
52
60
56
42
34
26
27
25
22
19
7
6
3
-7
-18
-21
-15
-20
-18
-28
-35
-33
-41
-41
-35
-22
-26
-9
-7
-15
-10
4
-1
-6
7
4
2
-6
-4
3
9
2
3
-6
5
8
-10
-9
-6
-1
3
9
4
-1
8
8
4
10
5
13
12
2
7
-9
-8
2
-9
-4
-22
-11
-11
-22
-20
-18
-25
-22
-7
-13
-23
-14
1
-4
-2
-7
-10
1
-6
-6
-8
-1
-13
-9
3
-7
-13
-11
4
-9
-10
-23
-14
-13
-10
-5
8
16
20
30
40
39
44
33
37
43
35
37
40
48
33
16
4
4
-4
5
-2
-16
-18
-29
-19
-10
-13
-13
-12
-10
-8
-23
-20
-22
-24
-22
-26
-21
-24
-11
-19
-24
-26
-25
-36
-37
-31
-25
-29
-36
-27
-26
-28
-36
-31
-31
-18
-13
-8
-2
9
19
21
24
30
24
33
37
32
52
42
58
67
54
68
54
50
46
37
25
25
25
26
37
29
24
13
7
3
10
4
-6
-7
-11
4
-4
-4
-6
-9
-22
-12
0
-2
0
-15
9
1
-12
-30
-20
-22
-24
-14
-25
-20
-27
-35
-21
-24
-35
-36
-25
-23
-18
-18
-15
-20
-13
-2
-1
14
6
2
5
13
19
14
5
15
17
9
3
11
4
7
12
6
0
0
0
-5
4
7
7
15
10
5
-1
5
-2
-7
-5
8
9
0
1
6
15
1
0
-4
-16
-17
-21
-28
-19
-20
-18
-10
-18
-9
2
-4
-9
-2
1
0
-3
6
16
22
13
10
25
24
29
20
33
26
26
19
8
-4
-4
4
-6
-4
-1
6
3
3
9
11
10
7
3
-6
10
13
-5
-2
-1
-10
-9
-4
-8
-4
-4
-7
-1
-4
3
-8
-24
-23
-39
-36
-30
-39
-34
-31
-28
-26
-25
-22
-8
-20
-11
-1
1
7
19
25
25
17
8
2
-13
8
7
11
16
16
13
14
3
0
5
9
-1
7
19
10
18
12
16
10
10
13
7
9
0
1
-17
-18
-17
-23
-15
-20
-28
-19
-30
-32
-16
-12
-16
-8
-10
-13
-2
-7
-1
6
9
-7
-3
-2
1
2
5
18
15
11
17
31
5
0
19
10
20
11
10
12
11
13
3
12
7
5
4
11
22
17
27
28
33
35
32
26
18
16
20
7
7
7
-15
-5
-2
-14
-10
-7
-12
-13
-19
-14
-17
-27
-37
-27
-22
-30
-36
-37
-28
-21
-20
-15
-20
-10
-1
1
9
10
12
18
10
10
18
-1
-10
-8
-15
-16
-2
1
-1
-6
-9
-10
-15
-22
-8
-8
-3
6
10
17
29
22
19
14
5
10
15
18
25
27
18
18
29
15
3
14
-4
-1
4
7
16
18
21
22
6
0
-6
-17
-10
-12
-5
-9
4
9
8
7
2
5
-3
-3
-10
-17
-10
-6
-12
-18
-17
-28
-24
-17
-17
-11
-6
-7
-6
-3
6
15
8
6
20
25
12
8
19
12
13
0
-13
-14
-15
-16
-18
-24
-28
-22
-25
-23
-31
-39
-27
-17
-17
0
9
6
7
-6
4
7
0
-3
1
-4
4
4
1
5
2
11
1
9
23
19
19
10
3
8
1
-4
1
3
4
-8
-4
5
2
19
13
9
22
27
27
21
28
17
24
17
5
-1
-7
6
-11
1
-4
-3
6
4
1
1
-1
-3
4
-2
-4
-1
2
6
4
-13
-14
-25
-27
-28
-33
-42
-41
-20
-28
-28
-37
-38
-26
-33
-24
-21
-9
-10
-4
3
14
17
8
12
12
16
16
32
33
30
41
31
27
29
25
33
34
28
41
28
19
17
7
9
-2
-8
-5
-3
-4
0
-1
3
3
11
7
2
8
1
-5
-6
-7
-3
-13
-19
-21
-24
-31
-30
-21
-24
-20
-20
-26
-15
-15
-12
-5
-8
-3
8
9
18
19
16
11
14
15
2
15
22
20
22
15
16
10
-12
7
5
-1
-2
9
9
12
9
4
1
-8
-11
-9
-4
-8
-14
-18
-28
-34
-39
-33
-31
-32
-31
-33
-34
-32
-25
-19
-14
-27
-28
-18
-22
-20
-25
-19
-26
-16
1
-3
6
24
20
23
32
31
28
25
26
35
31
33
37
28
36
35
35
38
43
27
24
35
10
23
17
10
24
26
5
1
-4
-16
-16
-16
-10
-6
12
-3
-1
7
-1
-16
-25
-20
-22
-23
-20
-29
-31
-22
-19
-23
-20
-19
-18
-17
-21
-21
-24
-34
-29
-24
-22
-8
-14
-1
13
11
14
16
16
19
23
28
19
30
38
26
17
16
23
25
20
16
11
18
10
6
21
17
9
18
19
13
17
18
15
11
10
12
0
-1
-5
2
2
-11
2
-6
-18
-16
-16
-32
-39
-30
-34
-34
-19
-11
-15
-14
-19
-24
-12
-11
1
3
2
9
8
10
23
13
25
27
23
30
17
15
6
2
-18
-33
-25
-42
-23
-32
-22
-14
-30
-1
3
15
11
-2
4
4
-4
2
-3
0
-1
-12
-9
-3
3
7
-2
-8
1
-5
-13
-9
-10
-3
-8
5
-1
-11
-11
-12
-10
-23
-19
-10
2
4
3
6
5
15
17
12
7
12
13
6
13
10
23
19
19
16
13
23
18
14
13
13
12
18
5
15
17
13
23
21
15
9
5
4
3
11
-3
-19
-30
-36
-24
-38
-35
-37
-33
-24
-30
-31
-24
-23
-16
-14
-21
-8
10
9
10
-5
-7
4
-3
-5
1
12
10
19
15
20
19
22
33
18
15
18
21
12
25
23
18
28
20
7
15
16
6
13
14
18
22
18
20
14
11
5
9
8
-2
-2
-13
-10
-15
-6
-10
-15
-22
-26
-34
-26
-25
-38
-23
-30
-30
-24
-43
-40
-26
-26
-30
-30
-40
