20
32
6
6
36
41
13
0
7
15
-37
-65
3
12
-35
-25
-11
47
29
-59
-49
-2
1
-52
-45
-1
23
-23
-52
-36
-18
-22
-67
-78
-51
-43
-34
-47
-49
-31
-23
-22
-60
-87
-66
-29
-12
11
12
0
2
24
20
-10
-30
-21
-14
-18
-8
2
20
-5
9
9
-4
13
-17
-40
-15
18
26
-45
-48
-23
-6
-32
-68
-75
-26
13
-38
-24
-13
5
26
-8
-30
-27
-22
-41
-56
-67
-52
31
46
1
-20
27
92
7
-75
-46
45
67
2
-32
53
112
62
-8
-13
34
70
49
-45
-43
63
91
3
-5
50
73
22
-38
14
86
51
3
-19
36
73
31
0
-16
24
28
11
-38
-39
8
25
-10
-43
-44
-33
0
39
25
-13
-17
-7
32
50
-8
-25
24
50
0
-20
-6
34
50
2
5
59
58
-34
-24
45
85
-9
-59
43
43
-21
-47
-10
24
8
-14
11
39
9
21
45
-3
-26
-8
10
15
34
23
26
-12
-73
-37
13
-15
-49
23
100
36
-88
-55
6
-19
-53
-19
29
10
21
74
101
18
-104
-56
52
29
-56
-67
50
50
-67
-127
-64
19
-42
-102
-48
67
21
-72
-77
-3
33
-1
-24
23
51
61
30
10
28
17
8
-9
13
6
-22
-44
7
21
1
-9
-16
27
-12
-37
-15
14
-18
-2
31
-12
-37
-41
6
-19
-39
-52
-49
-18
-10
-24
-41
-44
-81
-66
-23
-12
-21
-16
61
106
4
-89
-48
66
54
-106
-88
114
179
16
-93
56
149
23
-84
-20
91
65
-41
-72
18
33
-5
-38
-30
40
33
-39
-51
58
82
-54
-89
34
94
-42
-97
44
103
73
7
40
58
-31
-47
27
64
-14
14
70
42
-73
-58
75
64
-50
-83
-18
8
-57
-14
70
24
6
46
30
-47
-81
0
90
-5
-17
93
46
-86
-108
34
50
-111
-94
67
102
-77
-165
-28
28
-61
-183
-46
120
77
-69
-67
51
28
-45
-53
11
93
67
-17
27
52
67
11
-55
22
86
34
-16
7
44
18
-35
-52
-10
18
-35
-76
-13
4
-67
-111
-39
64
33
-31
-11
19
-22
-53
37
142
75
46
74
87
40
-70
-3
99
40
-23
41
79
-43
-89
-9
-21
-95
-114
-32
29
-6
-116
-102
75
124
-91
-171
-27
73
-4
-85
7
103
71
-48
1
81
42
-3
-6
104
80
14
111
126
3
-32
83
107
-26
-91
22
60
-17
-64
-2
47
-36
-104
-29
18
-39
-28
-37
-38
-45
-39
48
51
44
42
30
19
-18
-37
10
21
-24
-15
49
83
27
-38
-20
34
35
-65
28
129
-15
-138
-122
-7
-37
-117
-75
58
78
-18
-64
15
101
-13
-65
-30
-22
-48
-43
33
59
75
17
-27
-46
20
84
-58
-92
50
147
-31
-171
-6
94
-50
-193
-45
91
-2
-41
8
34
4
-44
19
36
-37
-54
-4
85
132
41
-121
-17
131
17
-68
-46
-7
21
-16
-106
-5
131
-6
-123
-31
58
-26
-80
-31
76
96
-38
-54
76
-33
-142
-31
52
27
-77
4
78
11
-15
2
-8
-14
51
83
-20
-8
144
132
-119
-83
186
80
-143
1
91
28
-21
-29
43
-15
-61
-55
-72
-27
45
71
20
-41
62
59
-53
-102
62
99
-31
14
122
49
-149
-111
49
-14
-59
52
71
-72
-13
127
-36
-132
-25
48
9
-59
46
178
-28
-254
-6
211
-1
-182
41
153
23
-90
-42
130
90
-99
-69
111
166
-9
-76
116
138
-14
18
145
24
-124
-85
42
52
-82
-95
-45
68
-2
-105
30
52
-115
-143
-14
-56
-29
51
23
-64
-73
77
39
-137
-92
113
130
36
31
69
-9
-124
-151
-91
28
91
-34
-77
62
44
-157
-164
-7
54
-74
-119
-2
164
53
-247
35
300
-50
-220
42
130
2
-66
92
217
81
-171
-54
130
-104
-166
137
223
52
-10
-7
19
-34
-152
-102
42
45
-79
-150
23
60
-44
-63
-4
96
30
-39
13
14
11
27
33
11
-22
3
46
27
-41
-26
39
66
6
-86
-28
30
27
-10
6
39
41
90
117
63
-78
-104
64
101
40
-32
0
70
199
155
-70
-84
75
92
-69
-111
153
183
-56
-50
19
-31
-142
-86
105
54
-127
-41
136
58
-210
-202
21
-9
-122
12
253
50
-216
-4
141
-85
-263
-25
110
-86
28
96
-75
-115
10
-22
-178
-129
142
128
-23
48
22
13
74
-16
-115
70
110
-35
-23
56
118
-59
-177
6
77
51
46
136
117
78
64
19
-133
-172
39
76
-120
-184
-74
-9
-117
-187
-56
-13
-139
-159
50
143
7
-42
98
38
-73
4
2
-57
11
40
18
79
168
62
-157
-112
105
-13
-60
157
64
-130
-47
80
21
-54
-91
-109
32
62
61
43
-13
-82
-113
4
-16
-54
87
91
2
91
185
-4
-188
-63
92
141
153
176
238
47
-147
-13
77
102
73
104
189
112
-32
-39
-85
-72
9
-67
-64
82
30
-183
-216
55
91
-185
-167
139
118
-212
-97
190
21
-153
-31
84
2
55
80
-29
-66
28
80
-33
-35
91
90
-118
-105
63
2
-125
-33
134
14
-160
40
104
-76
-26
217
147
-156
-84
60
-90
-150
-7
181
125
-21
25
37
-64
-151
-72
37
37
10
-3
-78
-157
-53
6
-129
-173
25
95
-146
-141
-33
-84
-162
-142
21
49
20
-8
41
84
-65
-143
61
228
81
-84
50
167
44
43
115
-42
-30
132
95
-60
-34
184
131
-141
-158
82
61
-88
-85
39
114
-18
-120
17
60
-83
-99
134
154
-91
-114
143
164
-79
-66
70
84
32
-17
75
187
34
-72
-1
93
21
25
43
-26
-37
94
71
-65
-78
-28
-7
-69
-55
37
62
-115
-108
72
174
-1
-231
-78
103
63
-82
-60
34
-31
-115
15
67
-47
-40
25
-25
-91
42
124
-92
-164
-20
20
2
-27
-7
33
44
-13
-17
3
-57
2
108
64
-34
-50
84
35
-117
17
133
56
-110
-81
37
33
-65
-117
6
43
-83
-132
0
35
-96
-117
45
97
-24
-48
102
19
-163
15
251
129
-17
37
79
9
-77
-5
79
44
-21
10
71
-21
-94
-35
35
23
20
79
106
-1
-163
-89
72
-18
-120
29
147
28
-117
-2
97
-62
-83
95
141
85
114
116
16
-67
18
65
56
46
58
50
50
21
-67
-73
5
12
20
50
-6
-175
-150
-62
-86
-93
-32
73
3
-108
-89
-12
-42
-121
-80
67
53
-97
-55
4
-43
-72
-22
35
37
-47
-122
-42
-63
-77
-40
-30
-7
-27
-72
-55
-45
-66
-75
-57
7
59
35
-17
-12
-54
-51
29
107
118
47
22
70
92
32
23
105
134
111
80
93
125
67
-18
-27
77
190
159
62
105
121
64
30
85
116
49
72
78
108
8
-1
103
4
-69
45
163
55
-59
-4
-7
-16
31
106
23
-71
-66
-18
-18
-58
9
1
-92
-96
-21
-69
-153
-173
-73
26
-61
-77
-57
-83
-100
-137
-94
-19
12
-75
-149
-146
-124
-143
-186
-192
-184
-134
-169
-221
-252
-308
-362
-378
-308
-238
-297
-391
-405
-373
-331
-276
-189
-156
-151
-130
-65
9
91
168
204
298
424
500
530
547
607
663
730
800
844
860
784
693
644
658
637
530
420
400
380
275
208
190
172
65
-42
-43
-43
-74
-196
-370
-342
-197
-284
-449
-451
-352
-440
-567
-381
-154
-263
-525
-496
-286
-279
-337
-214
-117
-193
-332
-269
-114
-158
-217
-176
-126
-93
-86
-85
-88
-119
-152
-82
-128
-240
-282
-382
-501
-571
-503
-445
-534
-659
-650
-581
-548
-528
-488
-399
-329
-282
-205
-78
45
103
160
275
460
595
650
734
830
914
1015
1103
1162
1178
1139
1136
1152
1165
1131
1018
911
857
761
652
547
406
254
108
19
-69
-188
-345
-539
-666
-644
-592
-637
-698
-763
-805
-748
-662
-552
-479
-482
-474
-362
-193
-63
-44
-58
18
148
261
317
314
295
239
219
273
296
233
82
28
35
27
-22
-107
-243
-289
-251
-253
-339
-456
-439
-388
-445
-542
-478
-338
-353
-408
-393
-248
-17
-4
-121
-200
-134
-102
-309
-524
-536
-388
-345
-427
-525
-625
-689
-732
-679
-525
-403
-410
-502
-525
-423
-268
-142
-46
78
221
338
418
483
634
740
851
1034
1208
1299
1239
1186
1242
1339
1414
1433
1388
1283
1148
1039
971
944
864
725
567
405
298
159
18
-111
-205
-283
-403
-529
-639
-720
-798
-844
-811
-773
-788
-863
-944
-918
-824
-691
-622
-601
-621
-595
-479
-344
-198
-125
-74
-33
38
144
250
294
291
306
370
434
432
369
297
282
298
289
252
195
61
-31
-75
-102
-113
-133
-171
-249
-277
-226
-247
-317
-329
-297
-328
-382
-283
-179
-164
-183
-144
-80
-39
22
51
-114
-449
-666
-634
-518
-423
-435
-553
-804
-1034
-1053
-846
-635
-607
-647
-676
-688
-643
-491
-315
-201
-75
80
243
354
404
490
656
871
1086
1258
1299
1268
1247
1343
1501
1609
1628
1543
1399
1291
1242
1252
1232
1119
957
793
656
510
368
229
99
-21
-135
-259
-405
-595
-744
-803
-805
-827
-882
-970
-1050
-1088
-1036
-1023
-1075
-1101
-1046
-829
-637
-589
-650
-670
-514
-273
-3
157
190
136
131
288
526
696
662
591
568
623
676
672
609
537
448
391
333
225
92
-26
-82
-102
-133
-235
-407
-564
-590
-537
-494
-515
-537
-531
-489
-427
-322
-209
-128
-70
-104
-309
-745
-1074
-932
-431
-13
-115
-706
-1290
-1446
-1134
-607
-238
-308
-722
-1096
-1090
-702
-254
-60
-98
-121
9
192
312
427
553
777
1033
1277
1348
1227
1111
1158
1481
1877
1984
1740
1405
1196
1251
1452
1592
1493
1184
850
655
645
660
566
349
125
-44
-156
-299
-472
-628
-698
-727
-758
-855
-1011
-1174
-1239
-1136
-983
-928
-1028
-1202
-1292
-1134
-837
-544
-445
-532
-638
-598
-304
61
285
295
239
242
343
492
676
723
693
676
696
715
667
602
552
569
539
482
335
122
-15
-53
-27
-25
-153
-382
-587
-668
-645
-563
-550
-624
-689
-671
-544
-386
-219
-104
-149
-478
-1052
-1483
-1286
-483
188
11
-899
-1693
-1743
-1140
-472
-134
-282
-834
-1297
-1238
-605
15
123
-68
-139
70
322
427
480
679
1014
1320
1435
1343
1175
1089
1315
1777
2145
2096
1647
1220
1175
1484
1772
1758
1441
1029
754
685
762
797
638
349
65
-94
-175
-301
-485
-614
-664
-711
-806
-996
-1147
-1187
-1127
-1016
-970
-1076
-1330
-1530
-1439
-1028
-596
-497
-712
-931
-880
-519
-63
237
274
157
67
172
423
700
808
734
669
671
714
706
685
701
746
721
586
396
233
167
194
256
206
-8
-278
-478
-511
-400
-361
-460
-611
-691
-678
-610
-506
-404
-276
-227
-366
-831
-1514
-1794
-1222
-190
209
-510
-1705
-2244
-1741
-821
-204
-225
-739
-1362
-1551
-1086
-274
220
93
-216
-173
180
438
532
646
1000
1398
1550
1410
1206
1179
1400
1857
2274
2285
1854
1343
1207
1550
1985
2012
1617
1149
883
832
923
930
769
491
176
-63
-153
-215
-380
-530
-607
-660
-847
-1109
-1286
-1257
-1098
-986
-1042
-1219
-1359
-1466
-1469
-1307
-997
-730
-687
-821
-945
-806
-453
-60
188
218
128
69
169
443
778
931
854
682
613
679
819
925
934
823
670
535
450
438
443
405
298
143
-30
-194
-302
-310
-284
-318
-465
-651
-731
-694
-572
-436
-339
-269
-295
-431
-834
-1444
-1755
-1296
-299
177
-511
-1774
-2373
-1863
-847
-241
-373
-971
-1550
-1692
-1173
-348
131
-10
-408
-386
12
369
473
599
944
1348
1480
1285
1119
1186
1555
2025
2322
2232
1792
1387
1371
1797
2169
2088
1599
1112
944
1020
1096
1025
836
543
226
-11
-125
-205
-320
-437
-551
-694
-908
-1139
-1260
-1174
-1040
-1045
-1206
-1413
-1471
-1375
-1298
-1242
-1155
-1031
-850
-763
-760
-729
-534
-190
96
210
137
103
173
423
772
944
863
671
606
737
970
1049
951
764
631
607
630
631
559
424
250
127
50
-44
-143
-252
-349
-401
-481
-588
-647
-655
-573
-467
-424
-410
-388
-402
-591
-1110
-1665
-1630
-832
-21
-213
-1341
-2263
-2146
-1242
-464
-397
-886
-1466
-1692
-1384
-682
-90
-42
-366
-503
-163
287
461
492
746
1200
1477
1370
1150
1164
1503
1965
2280
2262
1931
1564
1492
1800
2185
2209
1785
1279
1050
1132
1235
1149
941
680
395
130
-50
-152
-227
-340
-497
-670
-904
-1144
-1251
-1184
-1055
-1051
-1249
-1504
-1585
-1433
-1275
-1263
-1239
-1142
-918
-816
-802
-774
-613
-274
-9
153
130
109
178
416
758
935
910
704
617
751
971
1073
966
798
660
607
601
584
506
399
262
119
7
-79
-166
-262
-355
-418
-510
-650
-731
-687
-598
-512
-502
-500
-440
-350
-384
-716
-1338
-1747
-1385
-467
57
-534
-1715
-2321
-1826
-847
-331
-549
-1140
-1574
-1523
-1021
-383
-43
-157
-400
-320
71
415
527
638
976
1376
1494
1310
1140
1317
1776
2196
2318
2098
1734
1532
1675
2032
2268
2061
1559
1171
1091
1216
1253
1091
833
536
243
-18
-175
-231
-275
-402
-620
-887
-1127
-1287
-1291
-1162
-1076
-1149
-1409
-1624
-1638
-1509
-1283
-1090
-930
-958
-1084
-1076
-849
-414
-71
42
12
-19
94
299
581
841
934
865
730
719
836
980
1035
975
855
703
571
514
524
550
472
291
49
-132
-206
-183
-188
-311
-526
-716
-782
-734
-615
-608
-647
-675
-610
-492
-408
-435
-727
-1283
-1722
-1519
-716
-129
-473
-1520
-2202
-1898
-1016
-432
-549
-1040
-1433
-1447
-1081
-471
-37
-45
-267
-269
84
487
664
737
1037
1413
1586
1461
1311
1445
1828
2212
2332
2181
1865
1649
1658
1941
2164
2027
1581
1148
994
1075
1152
1015
725
421
135
-116
-241
-294
-334
-510
-766
-1004
-1193
-1315
-1308
-1223
-1138
-1225
-1451
-1670
-1774
-1611
-1294
-882
-724
-893
-1129
-1126
-696
-140
216
250
96
23
151
495
871
1094
1067
861
778
849
996
1102
1115
1062
899
707
529
453
504
537
449
212
-107
-319
-351
-263
-221
-374
-662
-906
-940
-809
-668
-599
-653
-693
-679
-556
-459
-624
-1105
-1691
-1741
-1081
-311
-284
-1182
-2088
-2141
-1391
-611
-423
-819
-1333
-1555
-1294
-690
-128
49
-143
-269
-69
354
664
794
982
1313
1560
1548
1420
1470
1755
2158
2360
2266
2007
1758
1698
1871
2110
2104
1755
1276
995
998
1090
1023
799
475
164
-94
-251
-291
-322
-444
-692
-971
-1189
-1305
-1303
-1246
-1197
-1241
-1444
-1634
-1763
-1681
-1457
-1137
-836
-830
-965
-1088
-900
-365
158
408
293
136
155
394
817
1156
1257
1071
836
793
938
1181
1242
1115
908
697
559
481
461
470
411
231
-67
-334
-434
-426
-373
-423
-605
-829
-982
-968
-859
-715
-646
-667
-687
-652
-542
-571
-947
-1571
-1869
-1401
-513
-136
-801
-1901
-2330
-1765
-783
-263
-471
-1067
-1514
-1436
-828
-71
326
146
-194
-173
254
715
961
1102
1291
1536
1642
1576
1565
1750
2060
2354
2406
2208
1897
1669
1741
1986
2141
1945
1427
980
813
924
1015
869
521
112
-210
-393
-455
-457
-536
-778
-1066
-1299
-1442
-1457
-1404
-1315
-1292
-1470
-1682
-1797
-1651
-1340
-1049
-880
-905
-918
-885
-654
-238
130
375
384
324
362
563
867
1087
1205
1148
996
875
901
1069
1176
1133
925
664
440
330
326
366
321
147
-132
-418
-559
-537
-444
-461
-670
-892
-1006
-955
-795
-681
-616
-638
-627
-552
-571
-840
-1387
-1833
-1626
-817
-200
-492
-1546
-2327
-2135
-1203
-364
-235
-745
-1420
-1678
-1239
-354
352
416
11
-284
-56
557
1035
1232
1321
1449
1595
1668
1695
1771
1980
2252
2405
2360
2117
1795
1648
1761
2023
2072
1738
1174
739
681
836
906
705
269
-199
-520
-598
-526
-523
-703
-1027
-1300
-1444
-1445
-1423
-1361
-1323
-1375
-1519
-1674
-1665
-1504
-1217
-954
-793
-775
-820
-710
-452
-4
373
517
492
404
510
766
1039
1248
1270
1121
980
885
960
1100
1169
1063
803
546
356
313
303
284
174
-33
-284
-487
-593
-574
-540
-598
-742
-913
-1018
-986
-823
-682
-563
-559
-569
-490
-483
-732
-1275
-1795
-1685
-913
-166
-244
-1247
-2278
-2385
-1511
-428
-19
-469
-1284
-1771
-1540
-664
305
669
328
-212
-335
190
957
1453
1528
1430
1441
1548
1723
1850
1959
2129
2291
2360
2213
1948
1708
1623
1750
1905
1828
1456
925
523
423
530
645
471
28
-452
-782
-803
-663
-614
-801
-1114
-1429
-1585
-1510
-1329
-1189
-1198
-1288
-1440
-1444
-1323
-1181
-1078
-1015
-801
-562
-333
-253
-302
-200
75
526
884
883
700
550
654
937
1252
1357
1166
880
640
679
919
1057
942
579
252
125
146
208
136
-34
-276
-443
-500
-538
-614
-714
-760
-767
-783
-779
-803
-793
-715
-594
-421
-289
-285
-477
-930
-1458
-1692
-1365
-604
-50
-325
-1326
-2229
-2272
-1365
-309
103
-349
-1170
-1620
-1395
-620
226
653
520
118
-77
166
714
1296
1599
1616
1523
1490
1595
1745
1857
1938
2012
2112
2151
2005
1683
1383
1292
1405
1550
1507
1176
659
229
59
129
288
277
-45
-508
-896
-1048
-979
-849
-833
-983
-1210
-1370
-1372
-1281
-1160
-1100
-1058
-1046
-979
-981
-991
-980
-848
-487
-153
137
90
-122
-181
-44
463
863
1002
860
543
480
579
865
1070
1046
904
664
539
470
451
442
337
244
105
-18
-148
-317
-407
-519
-567
-558
-557
-632
-779
-931
-1016
-961
-839
-740
-704
-702
-684
-650
-611
-545
-429
-312
-256
-393
-618
-774
-728
-435
-48
162
-12
-364
-634
-609
-271
101
285
212
11
-102
-24
171
365
469
482
531
596
685
722
721
707
739
835
930
980
944
875
767
713
714
740
741
701
599
476
381
365
394
380
318
184
70
39
56
73
18
-75
-150
-187
-175
-146
-143
-167
-225
-261
-235
-212
-173
-154
-157
-188
-168
-152
-150
-166
-204
-194
-192
-198
-214
-249
-266
-263
-252
-274
-311
-346
-355
-350
-328
-315
-322
-320
-289
-297
-299
-278
-277
-237
-196
-143
-128
-133
-130
-111
-69
-20
-6
-13
-12
-11
13
55
61
62
50
22
2
13
54
115
86
48
41
53
91
116
123
120
86
40
37
45
73
86
101
59
8
8
18
58
89
72
22
-27
-29
-25
-17
-3
-30
-72
-91
-103
-100
-83
-77
-105
-123
-117
-107
-95
-90
-97
-97
-74
-42
6
8
1
-27
-16
21
99
127
121
119
110
145
183
241
292
318
326
308
311
341
376
419
427
438
418
397
392
387
389
367
324
306
275
247
208
157
129
92
69
32
-17
-39
-74
-83
-109
-170
-234
-267
-281
-256
-228
-254
-302
-340
-339
-315
-280
-279
-298
-348
-360
-328
-275
-225
-244
-280
-315
-306
-263
-237
-210
-178
-183
-187
-168
-142
-98
-69
-41
-62
-59
-46
-29
-3
19
33
37
38
54
79
59
49
54
81
68
60
39
44
62
55
63
52
25
-1
9
-4
3
-8
-33
-41
-23
-33
-48
-52
-73
-90
-59
-21
-1
-4
-33
-55
-56
5
52
51
22
18
22
55
107
135
151
158
162
169
213
241
243
261
251
257
262
263
278
270
258
236
209
213
210
216
197
158
137
101
70
61
52
45
7
-40
-80
-104
-100
-103
-99
-115
-157
-179
-178
-164
-149
-131
-137
-151
-189
-208
-196
-165
-141
-143
-144
-165
-167
-179
-171
-148
-128
-123
-117
-132
-127
-110
-71
-29
-21
-14
-34
-52
-31
11
33
73
59
40
11
2
35
76
103
93
77
37
32
48
75
97
74
32
23
-1
2
17
19
17
-3
-27
-50
-63
-62
-66
-82
-68
-68
-48
-44
-71
-96
-97
-40
-10
-4
-9
-24
-40
-19
31
57
79
75
68
66
79
102
140
136
121
110
89
92
117
130
132
128
97
76
63
77
98
105
83
49
14
-22
0
43
59
60
37
0
-32
-31
-23
-25
-31
-36
-60
-61
-32
-25
-54
-40
-104
-362
-650
-671
-277
172
400
357
195
99
90
181
256
222
144
105
201
263
159
-79
-294
-315
-167
-2
66
15
-109
-209
-252
-252
-242
-254
-367
-500
-438
-163
103
238
245
209
145
94
111
150
200
271
331
343
284
151
-22
-118
-105
-13
119
153
93
14
-104
-202
-251
-286
-256
-163
-79
-5
9
-57
-144
-222
-228
-164
-123
-116
-103
-79
-37
3
28
1
-46
-63
-67
-7
99
192
258
268
256
171
13
-141
-226
-128
88
230
248
174
117
92
90
69
-5
-8
71
195
289
249
146
72
32
-5
-67
-91
-51
27
106
153
48
-161
-301
-283
-189
-88
-82
-144
-136
-91
-63
-66
-152
-240
-246
-139
39
129
149
108
56
11
15
68
100
82
106
134
44
-61
-90
-1
133
199
175
95
75
87
131
149
111
66
55
40
-19
-102
-155
-146
-125
-77
-54
-71
-96
-122
-189
-218
-186
-121
-99
-72
-65
-81
-88
-63
-3
37
78
74
55
42
9
15
78
111
119
104
126
139
138
116
94
93
68
34
4
40
79
91
81
58
38
45
24
-23
-50
-41
13
48
15
-35
-64
-26
12
26
-38
-104
-138
-108
-62
-67
-115
-130
-115
-97
-57
-60
-79
-101
-71
-21
47
65
40
-17
-44
-33
18
64
52
8
-50
-27
44
71
91
78
50
51
54
53
64
67
69
61
60
63
77
51
-6
-34
-53
-56
-68
-95
-150
-187
-172
-143
-140
-167
-241
-319
-360
-422
-467
-515
-523
-474
-424
-384
-319
-299
-264
-185
-140
-55
54
177
281
338
351
320
377
489
641
737
729
744
794
836
842
782
684
624
615
571
482
388
350
319
275
182
68
-4
-65
-79
-133
-170
-164
-135
-104
-113
-118
-128
-140
-134
-157
-201
-190
-128
-99
-99
-133
-187
-192
-177
-164
-197
-259
-289
-270
-204
-135
-135
-159
-183
-207
-271
-462
-878
-1438
-1926
-2130
-2042
-1841
-1680
-1570
-1444
-1281
-1083
-931
-863
-824
-747
-490
-58
462
955
1366
1690
1920
2091
2174
2209
2172
2093
2089
2130
2200
2247
2184
1973
1703
1380
1043
671
261
-82
-362
-547
-680
-784
-912
-1045
-1181
-1326
-1433
-1502
-1511
-1459
-1345
-1138
-884
-603
-338
-126
25
137
254
356
469
598
723
839
896
926
862
694
478
230
35
-105
-207
-282
-347
-419
-462
-494
-571
-665
-743
-805
-847
-794
-662
-510
-331
-158
-13
145
284
399
473
504
528
575
642
723
770
782
716
660
573
469
353
137
-71
-261
-383
-437
-472
-528
-564
-551
-543
-482
-445
-392
-332
-369
-544
-938
-1458
-1936
-2194
-2201
-2102
-1891
-1625
-1336
-1003
-660
-397
-249
-193
-177
-126
74
412
859
1314
1699
2032
2293
2476
2524
2440
2224
1961
1744
1588
1506
1434
1374
1306
1160
948
662
323
-44
-434
-768
-1043
-1191
-1244
-1203
-1111
-971
-824
-736
-668
-664
-646
-604
-533
-405
-236
-1
273
540
741
877
934
941
887
784
668
543
432
341
290
193
32
-198
-478
-725
-989
-1185
-1294
-1350
-1332
-1232
-1038
-862
-660
-484
-347
-235
-162
-52
60
173
316
481
641
770
913
1005
1030
982
891
765
612
480
314
155
12
-103
-201
-263
-325
-403
-515
-631
-726
-784
-799
-769
-683
-549
-362
-142
67
180
77
-300
-860
-1413
-1801
-2041
-2120
-2069
-1903
-1559
-1105
-641
-248
33
134
119
70
66
148
336
585
906
1284
1697
2084
2343
2460
2415
2228
1946
1609
1270
993
780
666
595
568
552
494
375
154
-133
-451
-776
-1043
-1219
-1290
-1236
-1061
-818
-560
-310
-87
82
200
231
206
206
213
246
330
485
641
789
930
983
987
896
735
504
237
-33
-290
-468
-600
-677
-761
-885
-1020
-1157
-1242
-1324
-1378
-1384
-1379
-1296
-1104
-830
-511
-165
128
376
607
767
866
926
923
869
846
788
775
794
779
780
723
639
479
294
92
-124
-328
-525
-658
-748
-770
-739
-676
-587
-466
-347
-267
-224
-198
-157
-92
-14
114
290
444
524
443
149
-316
-816
-1285
-1654
-1940
-2132
-2201
-2081
-1779
-1404
-994
-630
-344
-160
-45
64
163
279
399
572
835
1183
1561
1926
2208
2383
2453
2411
2266
1998
1660
1294
951
651
410
230
129
54
-18
-109
-237
-380
-553
-742
-928
-1067
-1168
-1179
-1086
-922
-659
-363
-65
231
455
628
751
774
764
737
672
624
585
559
573
563
540
498
428
299
130
-97
-350
-573
-823
-1048
-1256
-1439
-1535
-1539
-1458
-1371
-1240
-1073
-908
-718
-521
-338
-159
20
172
315
497
656
799
903
941
975
955
884
791
676
557
422
279
137
5
-87
-149
-222
-253
-272
-291
-308
-327
-332
-321
-269
-226
-187
-126
-51
7
72
166
254
356
438
497
530
506
324
-16
-501
-1002
-1487
-1927
-2264
-2471
-2539
-2415
-2117
-1723
-1291
-851
-436
-123
135
339
514
637
735
868
1052
1285
1597
1918
2183
2392
2520
2535
2454
2256
1953
1552
1105
671
266
-42
-274
-459
-576
-667
-736
-759
-770
-788
-825
-889
-960
-1004
-992
-913
-757
-579
-352
-50
269
569
822
1015
1150
1201
1179
1101
959
810
653
475
319
189
98
24
-72
-180
-297
-457
-639
-846
-1036
-1209
-1375
-1530
-1624
-1648
-1571
-1430
-1216
-945
-682
-389
-91
188
413
595
717
774
797
831
852
881
855
820
794
753
690
621
529
381
231
77
-97
-250
-366
-459
-527
-549
-525
-488
-425
-335
-233
-154
-72
10
57
116
138
166
163
171
187
204
265
349
430
442
319
53
-341
-834
-1282
-1707
-2102
-2421
-2588
-2550
-2361
-1993
-1519
-1008
-486
-20
354
675
956
1121
1204
1218
1247
1306
1411
1588
1765
1967
2125
2240
2279
2226
2054
1768
1387
930
476
35
-347
-656
-919
-1061
-1104
-1099
-985
-887
-799
-666
-586
-525
-480
-458
-397
-335
-232
-95
70
292
531
774
976
1146
1252
1263
1204
1050
817
544
255
-17
-263
-478
-642
-746
-834
-887
-877
-865
-873
-892
-941
-976
-1038
-1148
-1231
-1247
-1211
-1114
-923
-668
-364
1
354
666
904
1104
1208
1199
1118
975
813
585
401
248
129
83
60
43
62
78
81
63
-9
-135
-250
-361
-470
-524
-566
-556
-468
-347
-179
-11
156
313
417
471
473
452
353
252
134
23
-62
-103
-51
16
81
146
117
-93
-450
-856
-1234
-1614
-2003
-2349
-2574
-2604
-2404
-2035
-1561
-992
-398
179
691
1157
1526
1780
1899
1899
1841
1800
1785
1760
1759
1774
1822
1875
1912
1895
1806
1651
1377
964
508
56
-385
-819
-1184
-1480
-1645
-1701
-1637
-1469
-1236
-966
-692
-434
-235
-57
64
118
154
184
214
306
407
513
635
738
872
953
974
941
841
661
415
146
-151
-431
-682
-915
-1102
-1197
-1217
-1157
-1069
-970
-889
-839
-786
-748
-719
-677
-618
-531
-402
-215
11
301
573
831
1056
1211
1283
1290
1209
1061
841
575
347
107
-91
-251
-381
-450
-471
-458
-458
-432
-431
-441
-456
-458
-477
-489
-504
-502
-457
-385
-211
-61
108
270
420
534
600
605
557
476
346
217
61
-39
-102
-132
-138
-113
-166
-359
-640
-923
-1171
-1418
-1700
-1928
-2049
-2027
-1874
-1573
-1172
-718
-218
283
761
1209
1606
1872
1998
2006
1965
1908
1819
1720
1609
1489
1419
1373
1355
1282
1187
1030
836
560
255
-56
-399
-737
-1038
-1280
-1425
-1463
-1453
-1363
-1206
-997
-733
-449
-193
63
254
401
484
535
563
555
537
491
494
506
520
553
580
577
536
454
323
164
-33
-246
-471
-683
-849
-976
-1058
-1117
-1142
-1114
-1035
-924
-780
-643
-494
-331
-184
-28
98
248
392
482
581
654
699
754
744
706
644
563
493
379
271
151
30
-76
-184
-268
-331
-401
-469
-500
-513
-527
-504
-474
-443
-380
-326
-246
-179
-106
-45
27
81
128
167
206
245
275
309
319
309
228
43
-247
-566
-849
-1154
-1435
-1663
-1842
-1888
-1782
-1558
-1280
-924
-517
-106
287
638
957
1205
1366
1425
1468
1475
1475
1481
1469
1468
1459
1458
1497
1502
1450
1355
1178
966
729
434
134
-165
-473
-732
-924
-1070
-1139
-1127
-1048
-953
-808
-616
-474
-321
-185
-82
-7
49
92
122
176
225
296
358
432
506
588
629
649
617
558
448
273
95
-115
-317
-491
-630
-782
-908
-994
-1034
-1006
-943
-851
-749
-609
-443
-308
-161
-8
122
248
355
423
483
514
560
558
549
514
459
414
378
331
243
171
92
28
-57
-130
-213
-288
-363
-441
-494
-538
-564
-567
-540
-496
-424
-341
-251
-180
-91
-37
15
62
100
138
144
141
157
177
197
234
238
165
14
-173
-403
-612
-828
-1063
-1285
-1431
-1457
-1418
-1287
-1056
-792
-471
-109
241
582
890
1115
1273
1364
1400
1424
1423
1397
1349
1307
1266
1250
1241
1189
1149
1078
961
823
646
428
192
-85
-373
-609
-809
-928
-1033
-1101
-1092
-1005
-874
-699
-515
-349
-190
-78
7
97
163
176
172
171
182
206
265
290
324
326
320
269
211
169
54
-47
-170
-286
-389
-457
-470
-493
-443
-388
-297
-192
-87
-6
75
89
95
104
69
45
-3
-30
-65
-83
-73
-47
-31
30
66
81
85
89
96
61
9
-79
-145
-206
-262
-288
-302
-322
-323
-298
-260
-215
-165
-147
-124
-119
-102
-89
-102
-94
-98
-104
-72
-15
11
-8
-91
-210
-333
-433
-545
-689
-835
-892
-931
-890
-758
-614
-429
-204
22
285
536
751
928
1062
1149
1175
1186
1180
1132
1065
1004
936
900
833
784
759
700
630
551
445
336
204
33
-141
-312
-448
-559
-650
-703
-715
-707
-646
-555
-430
-297
-165
-35
58
160
229
260
269
243
244
225
239
233
198
158
134
107
54
4
-43
-93
-163
-224
-307
-380
-425
-457
-497
-529
-540
-535
-505
-437
-378
-287
-184
-110
-21
74
130
163
216
226
218
246
221
196
186
143
107
70
29
-14
-59
-98
-144
-177
-218
-234
-253
-265
-262
-307
-342
-385
-461
-530
-606
-705
-777
-819
-832
-808
-722
-621
-465
-278
-73
118
310
498
653
769
867
947
1000
1026
1023
998
956
912
852
796
757
691
618
548
475
407
307
207
109
2
-102
-208
-283
-364
-425
-448
-425
-394
-338
-231
-137
-37
36
112
188
219
239
238
230
222
199
145
107
69
49
23
-24
-65
-96
-148
-207
-242
-295
-336
-376
-420
-456
-480
-492
-464
-441
-405
-360
-307
-256
-212
-141
-82
-19
45
73
105
124
139
139
142
128
101
81
60
44
18
9
9
-8
-27
-42
-73
-70
-101
-123
-162
-222
-296
-375
-447
-508
-548
-602
-645
-659
-617
-587
-508
-416
-315
-184
-42
110
265
411
505
596
674
734
778
803
813
826
808
773
744
700
622
574
510
444
356
275
207
126
58
-28
-102
-151
-186
-219
-225
-211
-215
-184
-139
-102
-80
-37
21
40
79
98
125
127
145
137
137
98
69
63
18
-6
-25
-58
-96
-114
-143
-160
-167
-202
-223
-244
-263
-255
-259
-277
-274
-233
-205
-149
-105
-83
-45
8
24
35
35
13
-11
-52
-82
-118
-132
-170
-199
-224
-242
-250
-248
-224
-213
-192
-185
-172
-175
-212
-249
-294
-351
-391
-420
-457
-504
-493
-441
-392
-301
-205
-103
23
138
253
366
470
552
584
610
621
631
602
593
571
546
528
495
497
468
416
397
350
313
260
217
186
139
87
29
15
-3
-27
-30
-3
-10
15
40
65
86
102
125
112
87
66
39
2
-24
-87
-149
-177
-197
-235
-271
-282
-293
-274
-260
-267
-258
-247
-238
-226
-197
-176
-161
-128
-100
-70
-50
-33
10
22
27
77
104
90
114
135
105
74
26
-16
-71
-116
-156
-207
-223
-255
-255
-261
-256
-245
-233
-208
-204
-208
-225
-243
-287
-326
-361
-397
-403
-365
-340
-314
-262
-180
-77
16
127
178
266
347
382
414
427
452
439
423
399
368
369
328
306
285
253
246
257
265
270
274
246
235
213
221
210
187
177
185
180
192
205
224
232
227
234
232
192
189
150
100
59
-1
-47
-107
-138
-175
-233
-278
-277
-277
-275
-268
-254
-233
-216
-214
-173
-161
-149
-129
-128
-112
-103
-94
-90
-67
-76
-61
-77
-72
-82
-119
-143
-162
-195
-251
-266
-296
-306
-309
-320
-310
-295
-278
-267
-260
-245
-233
-252
-240
-227
-243
-244
-234
-215
-201
-154
-103
-22
45
113
188
259
315
362
398
408
423
412
415
377
347
312
271
243
214
199
205
183
170
168
163
163
160
165
162
148
150
160
158
167
182
189
221
228
247
274
262
269
255
226
207
190
137
91
57
25
-18
-64
-86
-108
-126
-138
-156
-183
-163
-151
-160
-145
-137
-157
-139
-132
-153
-162
-161
-183
-177
-192
-204
-210
-232
-232
-251
-254
-264
-276
-289
-276
-248
-249
-227
-197
-185
-169
-145
-149
-151
-154
-174
-198
-236
-272
-281
-317
-336
-342
-325
-313
-285
-214
-169
-94
-12
56
124
171
232
272
289
311
322
319
338
321
312
341
355
349
347
356
353
380
372
360
351
347
336
311
292
273
244
221
214
190
176
191
183
181
184
171
174
164
136
125
89
49
30
-3
-13
-24
-53
-64
-80
-71
-68
-80
-93
-108
-109
-115
-117
-133
-133
-142
-144
-187
-195
-203
-225
-238
-276
-295
-282
-298
-322
-324
-348
-337
-317
-303
-269
-237
-220
-177
-163
-135
-129
-140
-121
-120
-159
-194
-202
-228
-226
-239
-256
-250
-237
-209
-169
-121
-88
-49
-1
51
79
101
122
149
180
179
188
199
219
240
263
290
310
318
333
343
359
361
342
330
313
302
284
272
232
222
225
222
219
222
227
216
224
222
220
221
214
195
176
171
150
124
95
60
36
11
3
-12
-35
-44
-59
-73
-98
-112
-129
-152
-170
-162
-198
-206
-203
-216
-235
-254
-265
-270
-267
-272
-278
-293
-300
-288
-276
-272
-263
-250
-237
-225
-198
-210
-201
-190
-177
-199
-221
-231
-244
-227
-230
-238
-211
-191
-166
-139
-96
-59
-30
-17
19
66
79
111
128
152
153
170
190
211
234
222
231
242
266
270
275
269
255
251
249
248
243
245
248
235
222
227
234
227
235
234
230
234
234
216
208
205
199
199
174
168
152
147
129
110
90
69
48
27
-7
-46
-72
-104
-138
-166
-192
-220
-253
-242
-257
-261
-255
-256
-238
-254
-258
-246
-243
-236
-206
-206
-190
-174
-176
-161
-166
-169
-161
-167
-175
-184
-176
-182
-190
-180
-197
-209
-206
-190
-176
-176
-149
-114
-102
-75
-43
-23
-7
4
25
60
102
120
139
164
186
205
228
248
247
248
239
227
221
199
171
162
170
170
151
146
144
149
155
151
160
152
151
155
148
126
100
94
68
55
40
59
74
79
84
91
99
92
84
69
58
29
34
9
-26
-43
-48
-71
-89
-97
-102
-110
-121
-138
-145
-158
-178
-185
-204
-203
-195
-191
-194
-168
-160
-144
-137
-109
-98
-97
-83
-100
-105
-105
-103
-110
-106
-100
-79
-66
-46
-19
14
21
25
29
23
18
8
12
9
-1
-6
14
35
38
68
79
85
94
95
104
95
97
110
120
98
98
107
105
120
111
94
77
68
69
61
58
52
32
22
21
14
4
15
6
15
38
26
38
55
62
67
71
61
55
61
38
41
45
17
24
10
16
6
-7
1
-18
-26
-41
-37
-39
-52
-71
-93
-104
-110
-121
-121
-131
-139
-139
-122
-117
-105
-108
-118
-99
-96
-93
-86
-84
-77
-54
-39
-34
-17
-18
13
31
23
8
13
22
21
28
18
21
8
16
14
10
-3
10
3
14
7
8
21
20
22
5
37
55
53
65
54
54
64
69
58
60
75
82
67
71
95
69
65
85
66
58
56
48
49
27
27
4
-6
6
-20
-45
-62
-67
-78
-76
-69
-67
-44
-34
-19
-25
-18
-11
-6
-19
-2
-4
-23
-6
-35
-49
-36
-39
-28
-43
-45
-29
-18
-7
-19
-5
-13
-7
-6
10
11
16
32
22
24
33
37
29
26
32
32
36
59
79
74
66
84
70
56
50
14
6
18
20
0
18
8
10
-6
8
20
16
5
-26
-14
-31
-31
-26
-33
-30
-17
-20
-30
-34
-45
-27
-41
-35
-24
-29
-32
-48
-38
-40
-40
-50
-49
-53
-63
-61
-57
-34
-22
-2
-7
-9
-7
-4
-2
-6
14
2
12
1
-8
-11
-35
-12
-26
-23
-14
-20
-1
-1
4
18
25
26
20
23
26
34
28
44
40
40
22
10
17
-6
6
-12
-19
-12
-4
-4
5
15
32
42
24
52
51
51
71
71
72
70
38
44
28
23
17
5
-4
-13
11
-14
-5
-1
-9
7
10
-7
0
7
-1
-36
-35
-45
-53
-45
-47
-40
-48
-60
-63
-45
-47
-38
-48
-54
-36
-39
-43
-25
-16
-17
-19
-22
-12
-13
-7
-10
-14
7
9
17
11
8
25
25
40
60
63
57
47
52
40
40
46
31
32
38
28
43
25
37
30
30
54
39
52
48
61
59
65
40
13
1
-17
-29
-41
-46
-43
-42
-50
-49
-59
-70
-62
-47
-45
-45
-57
-31
-22
-18
-16
-33
-15
-22
-25
-20
-14
-24
-26
-24
-29
-30
-6
-4
-22
-2
-21
-22
-13
-14
-6
-6
-5
11
11
15
30
3
3
3
-3
12
10
7
20
23
28
44
51
34
37
43
43
30
41
31
32
28
-3
-11
-32
-37
-45
-57
-64
-49
-53
-44
-36
-24
-24
-23
-4
14
10
16
42
30
40
42
42
37
36
57
28
26
27
25
18
22
15
15
22
6
4
-17
2
0
10
14
0
7
12
8
9
-8
-12
19
23
3
4
5
11
23
20
20
21
18
2
1
-18
-16
-7
-9
-16
1
0
-4
-17
-45
-43
-63
-48
-45
-44
-48
-61
-42
-54
-38
-35
-38
-42
-30
-11
-7
-13
4
8
4
22
-13
-4
5
-4
10
25
16
12
12
8
-7
-15
-23
-42
-49
-32
-29
-49
-48
-34
-11
6
24
47
38
49
65
55
63
66
67
53
38
28
36
56
31
24
29
34
38
35
38
32
48
41
39
51
38
31
10
13
5
-12
-6
-19
-16
-17
-26
-25
-23
-20
-28
-40
-41
-38
-37
-49
-36
-27
-38
-39
-32
-22
-35
-47
-34
-28
-45
-45
-27
-22
-35
-32
-35
-44
-27
-19
-9
-5
4
7
2
6
-14
-2
-23
-22
12
8
21
30
21
35
40
41
33
39
23
-3
0
2
-3
-2
-9
-12
-3
9
8
9
-6
-2
9
20
13
-3
-5
12
32
29
29
18
31
31
31
30
10
-4
14
17
15
6
6
-1
17
18
4
19
17
37
43
18
40
38
29
27
41
50
30
15
16
25
9
7
-4
-7
3
5
13
2
-1
18
2
-10
-3
-16
-20
-35
-41
-49
-61
-77
-102
-105
-106
-96
-99
-86
-79
-75
-58
-59
-45
-36
-23
-26
-34
-25
-31
-24
-19
-6
-1
6
5
17
32
34
35
40
37
35
45
39
45
45
21
38
42
44
38
23
29
16
16
14
9
9
1
11
21
-1
7
-5
12
20
20
14
8
10
-2
9
-3
11
7
6
2
4
0
2
18
-3
-14
-23
-19
-29
-19
-23
-17
-9
-18
-2
7
-1
-3
18
18
43
25
20
51
49
46
58
53
41
63
48
35
27
20
11
14
5
-13
-23
-33
-30
-23
-22
-28
-42
-38
-34
-41
-54
-55
-29
-26
-18
-32
-15
-25
-40
-23
-8
-10
-27
-11
-1
1
12
14
-2
0
-1
-16
-15
-14
-6
-1
-5
-11
-14
-8
8
-7
-16
-19
-6
1
-6
2
-7
-11
5
-1
14
4
2
15
14
4
7
11
10
15
10
10
24
25
9
22
-4
-13
-3
3
15
17
34
12
21
27
35
15
15
20
6
0
-12
-6
-25
-27
-25
-10
3
11
-11
4
4
-2
1
4
6
11
16
-3
-9
6
4
5
8
21
8
10
-6
-1
-2
-7
-11
-6
9
-5
3
-3
-23
-18
4
-12
-9
-10
-22
-29
-26
-17
-10
-22
-20
-13
-24
-20
-19
-18
-20
-9
9
-11
-11
-6
-6
-20
-25
-4
5
19
36
19
22
