30
19
23
1
3
6
18
23
10
15
1
-8
7
-20
-12
5
-21
-30
-43
-33
-49
-31
-29
-45
-53
-36
-27
-34
-32
-36
-19
-35
-26
-24
-41
-30
-12
-7
-16
-8
-28
-28
-28
-19
-2
-14
-23
-6
-3
-11
-4
-7
-1
-6
-2
-13
5
2
13
28
40
33
22
31
21
25
1
0
-4
12
13
4
0
6
10
19
-10
-10
5
-3
-7
-9
-2
0
9
0
10
4
-12
-13
-3
-12
-30
-39
-26
-26
-23
-14
-9
-2
14
-2
-28
-34
-30
-10
-21
-4
-1
-22
-4
8
11
11
-13
-6
-8
-2
-22
-32
-1
3
-7
7
7
-5
26
20
27
25
16
20
19
29
19
34
34
34
32
29
26
48
13
22
14
5
36
39
49
39
33
48
65
21
19
13
3
13
14
2
11
19
18
7
-2
-11
-24
-18
-9
4
-6
-23
-26
-19
-11
-18
-12
-13
-15
-9
-9
-25
-13
-8
-18
-1
-16
-19
-32
-14
-2
-6
2
-9
-14
-34
-12
-16
-6
-7
-28
-2
-13
-27
-16
-5
-4
-3
-1
-12
-5
0
-12
-18
-6
8
0
2
-6
-4
3
-6
3
11
-6
-20
-21
0
8
1
8
5
8
5
10
0
26
2
-11
3
-2
6
5
4
-20
-8
12
8
-12
8
5
2
-10
-5
-9
-20
-14
-17
-5
-7
2
-18
-21
-8
-8
-4
-14
-11
-22
-18
-23
-26
-9
4
-5
-5
-5
-28
-10
-17
-20
-9
-14
3
14
14
15
14
22
13
17
17
20
20
18
22
14
17
15
15
30
41
35
23
16
19
31
7
-10
0
-4
9
2
-1
12
6
5
-4
18
21
7
16
20
17
21
13
15
11
23
32
26
29
22
33
21
42
24
23
8
4
-6
1
6
-8
11
8
-10
-12
1
-10
7
-13
-10
-35
-30
-29
-18
-34
-29
-19
-32
-26
-17
-13
-14
12
-16
-4
-23
-19
-12
-4
-12
-17
-29
-36
-8
-34
-9
-14
-7
2
-6
0
5
9
9
15
7
22
27
27
12
19
19
3
4
13
5
-10
5
4
-12
-2
18
-13
-14
-37
-30
-16
-18
-12
-15
-33
-40
-20
-17
-30
-27
-34
-53
-45
-41
-45
-37
-16
-15
-37
-12
-15
-11
-1
-35
-28
-17
-23
-9
0
-11
8
-1
5
12
10
9
3
9
16
18
18
22
34
20
17
28
35
16
14
8
22
15
10
30
35
50
44
52
47
37
29
35
33
50
42
46
52
42
45
60
44
39
42
18
34
23
28
14
-11
6
-6
-29
-33
-19
4
-24
-17
6
-1
-6
3
-26
-33
-36
-7
5
-14
-19
-7
-13
-13
-21
-12
8
-14
17
-18
-14
-8
1
2
-9
-13
-12
-18
-12
-12
-13
-2
-1
-4
-13
-13
-10
-8
-13
-16
1
2
-3
-6
-21
-4
3
4
4
6
1
-4
-1
-7
-12
-17
-20
0
-4
-20
-13
3
-11
-20
-26
-19
-2
-23
-12
-28
-27
-30
-29
-37
-40
-36
-32
-32
-49
-36
-28
-12
-2
-21
-5
0
-5
1
4
3
12
44
23
27
39
35
14
12
8
-14
-2
4
8
16
13
3
-2
6
-17
-36
-17
-16
4
-3
5
23
29
8
19
21
3
25
23
21
29
27
32
43
38
35
26
29
30
31
37
34
43
29
19
38
44
38
37
24
18
33
24
3
1
-11
-15
-20
-13
-24
-21
-15
-16
3
-12
1
7
0
8
9
9
5
13
2
22
23
8
28
-10
-25
-20
-42
-34
-35
-29
-24
-19
-32
-17
-18
-38
-35
-7
-19
-6
-3
-17
-3
2
22
3
22
28
8
13
7
-6
-35
-24
-32
-34
-28
-41
-20
-18
-15
-9
-9
3
7
13
11
3
-1
1
8
15
14
-21
-19
2
-2
-17
8
-7
-11
-1
1
-6
-29
-36
-23
-27
-23
-18
-39
-39
-33
-35
-18
-18
-38
-35
-35
-24
-3
-1
-18
-10
4
-10
-10
15
14
24
23
-8
-7
-11
1
-4
2
11
-9
5
-2
-6
12
-13
-4
2
-14
25
18
12
23
23
31
20
30
33
27
13
30
19
35
57
46
57
42
51
56
44
37
47
58
25
32
42
10
16
26
22
-7
-5
7
19
25
30
35
33
21
12
13
8
29
31
-4
-11
13
-9
-28
6
-19
-42
-15
13
-20
-27
14
6
-52
4
18
-41
-41
-11
-6
-59
-31
3
-50
-56
13
-19
-54
-4
10
-15
-7
5
0
-2
5
-19
3
-13
-28
43
-4
-31
14
5
-51
-19
18
-29
-66
22
-2
-90
-36
10
-28
-68
19
12
-73
-17
39
1
-31
22
63
-37
-31
40
-2
-39
21
30
-54
-1
65
-20
-19
72
14
-35
43
26
-49
3
67
-33
-14
82
-19
-81
6
12
-89
-27
37
-69
-77
48
-11
-131
-24
18
-122
-58
45
-67
-50
73
-27
-78
60
0
-62
55
37
-37
53
75
-41
47
102
-25
14
93
-20
-31
78
-5
-42
102
20
-31
119
33
-36
109
73
-61
76
104
-89
28
114
-63
-2
114
-35
2
134
-4
25
108
-40
-1
85
-39
-36
58
-27
-2
88
-33
-19
69
-25
-29
65
-3
-41
100
4
-34
90
-31
-85
27
-51
-35
102
-29
-104
36
-30
-94
76
-5
-103
-2
-21
-80
-3
-40
-48
-12
-97
0
45
-154
-23
64
-60
23
118
-127
-120
45
-50
27
38
-10
50
-15
-17
135
-23
-82
74
-12
-12
128
59
-154
-21
25
-88
91
-35
-23
8
-107
9
38
-96
-15
-16
-103
51
34
-18
-78
73
-45
-23
45
-36
88
5
20
-44
27
23
-29
-117
-13
-29
-60
-31
-26
38
-59
23
-84
-54
21
-29
-35
25
114
80
-56
73
81
27
9
47
57
-10
38
-27
10
-29
10
-5
-36
-20
88
0
-89
13
48
-101
33
106
-18
-26
-56
31
-5
49
-2
4
20
-43
1
87
44
-9
-16
26
51
-9
54
0
78
2
-32
44
90
97
57
114
-59
-34
49
0
5
148
156
-82
-19
140
-9
-58
68
82
-33
-1
111
15
-61
57
25
-47
65
24
-93
-16
65
-50
-36
41
-43
-81
-93
-35
-27
-129
-68
-23
-82
-52
-49
-54
-11
-49
-42
-20
35
-70
-108
117
62
-81
39
120
-112
41
164
-37
-13
13
-30
-51
35
41
-144
-19
56
-17
-74
19
-2
-114
58
4
-72
-8
-17
-113
-60
63
-148
-74
79
1
-91
102
39
-59
22
-50
26
-28
-17
56
6
-11
1
-9
-92
-20
4
-158
5
-35
-74
-140
36
-12
-156
91
-15
-150
-6
38
-91
-102
28
-17
-1
-10
32
27
-10
91
35
42
87
25
41
150
-14
-9
163
47
14
106
104
15
76
144
29
10
42
66
-7
84
63
28
65
53
51
-17
27
73
15
64
75
8
61
67
-43
86
94
-57
16
-3
-4
-76
-33
75
43
-112
37
77
-191
-52
82
-27
-28
125
31
36
-111
-75
104
-25
-133
35
20
-66
21
3
69
-43
-155
44
56
-196
-3
232
-125
-172
231
-4
-203
129
64
-224
7
-56
-135
27
0
-61
9
62
-80
48
22
-80
-3
140
-47
21
128
-39
-6
-44
63
-119
-17
95
27
-83
8
93
-84
54
9
-17
27
-15
-75
7
-52
-45
-12
-10
-95
-133
23
-17
-200
13
-30
-138
-21
74
-65
-40
49
4
-127
44
4
-283
-10
32
-64
23
194
-111
-67
89
-69
-32
262
-166
-119
220
12
-191
244
51
-230
112
34
-80
30
210
-69
24
119
-169
7
23
-80
106
83
20
11
126
13
11
155
-8
84
17
-23
125
15
-14
112
61
-27
18
97
-144
-27
48
-55
64
68
-8
-75
36
-39
-10
15
-138
100
5
-37
119
87
-86
-130
87
-49
68
-83
-38
83
-128
77
192
-28
-68
95
53
-30
97
110
-100
14
19
-107
-47
28
0
-10
16
-28
20
-130
83
-7
-29
-27
-151
54
-78
51
56
95
-56
-158
137
-5
-29
-23
56
-38
-133
113
173
-145
22
138
-145
-67
229
38
-177
130
-61
-30
-82
-15
154
-90
-58
263
-87
-287
263
-19
-368
32
242
-203
-257
63
98
-210
-130
413
-72
-205
34
68
-332
-6
166
-121
-52
-78
172
-226
-139
221
32
-197
93
160
-312
151
104
-135
25
154
-147
-80
198
-68
28
55
103
-146
63
32
-6
12
-11
77
-29
265
-83
-63
214
-68
-21
161
94
-31
128
-79
-23
38
-16
-72
-54
116
-16
26
47
36
-63
-13
13
132
102
54
146
118
-32
-45
93
-87
33
26
-89
-53
31
-37
7
-16
2
72
28
-96
-28
56
-72
-112
31
59
-60
-29
-38
96
78
-23
44
239
-57
-132
24
66
-83
-112
11
31
-168
-173
90
-195
-76
96
-47
-270
81
30
-194
92
48
-20
41
88
1
-193
-4
150
-136
-35
239
103
-161
54
161
-12
-197
188
56
-176
97
126
-36
-49
12
-58
-50
-5
13
-64
70
-73
-129
19
38
-107
20
74
-134
-81
-35
-77
-20
-88
-59
0
-83
49
-10
-36
-35
4
-34
13
46
40
66
-10
2
-108
18
87
-58
-140
117
-80
44
258
-121
-11
147
-22
-42
99
169
-183
-87
181
-149
-87
227
163
-66
235
215
-61
22
229
43
-72
142
18
-83
142
181
-87
17
131
-210
-139
172
-105
-180
274
168
-317
285
330
-190
-179
112
7
-418
118
233
-354
-5
215
-195
-58
260
-232
-302
124
-115
-178
198
218
-236
191
195
-193
-9
-5
16
18
122
56
-17
-56
28
36
-12
118
6
-210
63
106
-188
66
141
-152
-244
155
-42
-267
155
197
-276
23
267
-318
-133
233
-120
-59
237
-14
-135
63
126
-50
64
3
-89
-74
15
-10
-52
3
-167
43
-212
57
-37
-390
19
61
-146
-196
187
-160
-196
-46
122
10
-44
246
-113
7
185
-36
-263
191
158
-219
207
153
-60
-231
129
242
-165
193
218
50
2
191
205
-304
-117
288
-5
-192
377
168
-374
176
117
-225
22
19
-128
-83
-12
12
-62
-231
44
99
-288
204
124
-304
118
181
-94
-97
138
-4
-12
-84
229
54
-286
162
134
-234
144
102
-146
15
-112
60
86
52
60
-32
-63
70
86
-30
64
36
-113
185
192
-146
250
115
-183
275
90
-288
14
-63
-141
181
125
-88
9
-62
-151
5
176
52
-21
270
-73
69
376
-110
-151
164
-56
-186
224
16
-204
-109
-222
-369
1
-111
-101
118
-268
-61
69
-82
-43
145
17
-250
-186
31
-44
-162
201
113
-203
-89
145
73
-41
-67
65
50
-187
84
381
-5
-168
164
-54
-89
-162
162
95
-140
-5
-39
-73
-13
195
9
-142
-133
132
66
-27
298
176
-119
-53
186
40
-149
83
265
-93
-142
14
3
-67
-130
281
221
-305
-92
-21
-270
-71
202
22
-185
-202
-18
17
-49
-52
33
70
-100
69
153
27
76
295
-12
-152
20
1
106
104
82
95
83
-311
-187
253
-187
-130
173
-22
-411
92
367
-34
-53
107
36
-167
-90
127
106
-222
24
2
-14
2
158
292
10
-51
91
199
54
68
255
82
-110
-26
7
70
-136
-226
-5
3
-68
103
-27
-263
-101
6
-98
-95
-1
64
-129
-276
-158
-76
-163
24
192
-9
147
136
-8
70
-103
-214
-35
133
175
70
237
310
-24
-170
-69
-61
56
38
140
229
-117
-191
164
71
-187
-76
118
11
-139
186
305
68
-130
-71
11
51
10
45
49
-67
106
183
65
-103
-205
-196
-81
27
43
136
39
-106
3
-101
-211
-71
-98
43
90
-60
-135
-273
-231
-40
13
17
-1
-111
-67
-54
52
33
109
-20
-148
39
42
27
47
56
-62
-140
-140
72
-29
-18
65
-68
-112
-3
-56
-237
-160
42
108
57
131
66
-49
-13
171
180
47
-24
71
-24
-25
46
-53
1
123
216
101
138
44
-142
5
209
192
87
121
103
65
107
186
157
16
11
56
-80
-24
77
10
-119
-93
-8
-106
-147
-174
-144
-63
-37
98
13
-125
-104
-82
-19
27
145
80
37
116
64
-20
-42
-52
-4
73
117
153
15
-136
-230
-219
-58
53
41
5
11
59
80
57
41
15
-13
18
105
126
20
-26
-40
-29
-67
-94
-51
-59
-22
146
185
26
-99
-118
-115
-154
-193
-122
-42
-4
130
199
112
-74
-257
-209
-45
60
137
145
106
25
-88
-85
21
52
75
109
190
218
-4
-150
-167
-157
-136
-74
-7
-27
-101
-171
-188
-183
-185
-207
-169
-160
-124
-39
-71
-96
-70
-42
-5
51
111
118
85
128
155
149
120
38
34
-6
-14
140
189
92
49
74
19
-9
-4
-10
4
21
92
103
68
76
88
68
83
106
55
57
86
71
82
141
144
82
-6
-15
-5
32
74
38
78
58
0
-32
-44
-89
-149
-135
-61
-46
-36
-19
-42
-79
-135
-171
-150
-105
-28
-2
-15
-44
-88
-75
-66
-48
-69
-32
57
76
78
45
-55
-109
-47
-9
23
47
48
24
-6
44
29
18
37
25
71
114
168
113
58
-5
-57
-45
-52
-17
-5
48
113
74
34
-5
-27
-36
3
57
100
100
71
26
2
57
67
76
70
40
71
87
82
62
51
23
38
33
5
-23
-56
-69
-48
-14
-32
-34
-51
-61
-62
-100
-156
-187
-159
-124
-94
-85
-112
-168
-227
-249
-259
-233
-188
-165
-156
-120
-140
-212
-211
-205
-175
-118
-90
-78
-68
-68
-109
-95
-117
-144
-123
-96
-95
-124
-128
-160
-121
-113
-112
-56
-65
-9
24
66
114
159
223
265
370
440
503
548
583
600
624
666
675
667
634
597
563
547
536
517
494
461
428
392
390
385
358
330
297
282
225
173
123
68
97
76
-36
-146
-221
-281
-292
-282
-319
-392
-421
-391
-311
-263
-309
-414
-510
-599
-588
-641
-783
-1050
-1512
-1968
-2330
-2490
-2572
-2632
-2561
-2331
-2136
-1984
-1789
-1605
-1311
-929
-376
254
797
1227
1533
1851
2114
2371
2588
2782
2920
2990
2987
2859
2686
2400
2084
1831
1635
1406
1078
740
391
72
-229
-461
-631
-795
-934
-968
-937
-881
-803
-692
-524
-345
-171
-5
158
343
532
691
840
923
936
878
800
759
689
649
569
464
312
87
-209
-483
-690
-839
-870
-873
-919
-1059
-1171
-1252
-1277
-1197
-1060
-922
-810
-653
-537
-460
-377
-346
-375
-853
-1915
-3267
-4094
-3726
-2804
-1975
-1902
-2255
-2744
-3054
-2790
-2163
-1256
-674
-96
552
1268
1767
1796
1794
1907
2518
3265
3925
4193
3970
3515
3050
3023
3081
2970
2605
2190
1846
1477
1147
669
132
-450
-866
-999
-1032
-1089
-1371
-1636
-1726
-1591
-1361
-1175
-1018
-925
-709
-326
58
201
122
139
462
833
1161
1344
1300
1140
1003
1053
1071
941
669
431
233
119
20
-202
-486
-759
-832
-872
-768
-699
-717
-738
-678
-481
-383
-319
-254
-166
-37
207
413
476
416
335
302
338
381
387
324
213
94
45
-1
-95
-208
-319
-363
-430
-590
-1270
-2769
-4580
-5410
-4674
-3239
-2327
-2486
-3123
-3712
-3869
-3361
-2245
-1005
-271
209
825
1750
2361
2346
2275
2616
3413
4166
4706
4809
4368
3626
3082
3118
3262
3030
2369
1695
1211
811
448
-9
-586
-1234
-1716
-1891
-1783
-1676
-1877
-2134
-2149
-1839
-1467
-1186
-912
-646
-321
187
823
1226
1249
1130
970
995
1238
1573
1833
1669
1249
767
452
314
267
287
158
-92
-388
-679
-915
-1004
-997
-918
-728
-568
-491
-562
-645
-581
-392
-91
210
437
483
433
416
475
557
623
607
497
395
278
133
-5
-87
-87
-66
-77
-172
-335
-577
-851
-1305
-2324
-3853
-5123
-5016
-3684
-2445
-2341
-3096
-3805
-4019
-3602
-2594
-1258
-312
36
293
963
1888
2400
2412
2510
3145
3955
4479
4677
4525
3999
3322
3062
3262
3306
2800
2015
1385
973
671
245
-311
-981
-1584
-1899
-1891
-1666
-1654
-1958
-2291
-2242
-1834
-1438
-1080
-713
-393
-69
349
811
1065
1106
1130
1362
1709
2005
1981
1379
641
144
128
347
490
408
-37
-536
-861
-871
-829
-810
-787
-771
-665
-565
-427
-458
-446
-334
-97
262
495
567
431
395
532
800
955
923
809
560
387
350
420
367
186
12
-110
-147
-131
-80
-262
-682
-1144
-1875
-3252
-4831
-5334
-4101
-2398
-1950
-2763
-3755
-4167
-3995
-3142
-1680
-339
112
-71
166
1118
2066
2315
2354
2840
3607
4104
4282
4387
4184
3566
3040
3105
3360
3091
2349
1614
1203
921
545
63
-547
-1179
-1707
-1864
-1652
-1438
-1699
-2240
-2488
-2295
-1836
-1369
-921
-582
-424
-259
102
557
831
985
1087
1161
1159
1151
1156
1103
1052
1011
961
866
715
454
189
26
-21
-47
-109
-192
-301
-472
-621
-605
-482
-387
-291
-176
-123
-108
-62
17
95
245
377
458
490
490
447
374
333
321
307
290
304
315
301
152
-175
-588
-1056
-1913
-3330
-4575
-4521
-3238
-2158
-2350
-3353
-4176
-4371
-3952
-2941
-1580
-714
-707
-913
-418
666
1536
1868
2049
2520
3087
3543
3951
4248
4117
3581
3257
3393
3563
3288
2726
2225
1840
1445
955
452
-107
-676
-1127
-1251
-1179
-1269
-1711
-2286
-2495
-2285
-1897
-1476
-1157
-1061
-1103
-974
-542
14
446
609
668
710
844
1028
1166
1303
1308
1294
1241
1186
1053
803
557
432
471
409
230
-69
-326
-507
-564
-440
-378
-399
-533
-592
-532
-393
-289
-247
-161
-91
34
135
230
310
305
290
302
403
441
409
364
354
384
274
9
-339
-793
-1643
-2946
-4012
-3849
-2750
-1917
-2191
-3161
-3956
-4159
-3738
-2755
-1555
-959
-1142
-1405
-936
174
1121
1507
1644
1882
2260
2786
3466
4037
4023
3473
3043
3117
3416
3455
3198
2791
2280
1725
1253
937
631
189
-274
-563
-717
-980
-1433
-1924
-2148
-2078
-1819
-1529
-1403
-1502
-1696
-1664
-1246
-701
-328
-138
-81
-43
78
405
842
1087
1067
979
1044
1189
1334
1368
1257
1064
851
680
616
585
426
169
-47
-126
-199
-286
-374
-436
-441
-448
-459
-455
-466
-469
-426
-306
-160
-85
-112
-167
-179
-98
27
130
210
234
196
145
55
-46
-225
-684
-1581
-2738
-3329
-2852
-1843
-1403
-1902
-2797
-3441
-3559
-3068
-2076
-1183
-1000
-1414
-1633
-1073
-87
676
969
1029
1109
1345
1960
2824
3404
3284
2740
2431
2639
3085
3415
3420
3069
2414
1816
1611
1670
1637
1326
847
382
36
-226
-480
-732
-948
-1125
-1192
-1187
-1231
-1393
-1563
-1578
-1436
-1244
-1104
-1029
-944
-812
-672
-465
-232
-50
2
34
254
573
818
911
929
867
748
744
862
971
889
685
482
393
357
308
281
221
74
-112
-246
-256
-247
-303
-379
-407
-422
-474
-508
-534
-525
-526
-511
-460
-380
-336
-331
-290
-188
-127
-158
-245
-312
-426
-807
-1533
-2196
-2224
-1581
-966
-982
-1536
-2132
-2464
-2353
-1774
-1043
-735
-1038
-1407
-1275
-563
135
448
424
289
294
681
1495
2259
2431
2023
1551
1517
1925
2471
2888
2919
2474
1901
1575
1666
1929
1981
1749
1290
825
517
410
410
338
90
-258
-544
-674
-720
-711
-744
-855
-1021
-1106
-1070
-937
-849
-992
-1198
-1238
-1018
-745
-607
-562
-529
-516
-385
-132
111
181
103
134
328
589
761
727
557
389
352
532
774
846
650
344
129
101
228
308
219
-30
-298
-442
-401
-283
-295
-435
-645
-777
-766
-620
-489
-502
-625
-757
-724
-593
-411
-264
-223
-321
-463
-487
-412
-458
-637
-902
-1062
-934
-669
-478
-553
-765
-958
-1052
-898
-560
-274
-241
-433
-500
-331
-19
239
313
258
236
359
707
1107
1305
1228
1030
938
1092
1430
1747
1833
1610
1275
1087
1149
1330
1433
1367
1089
731
527
552
642
626
469
205
-32
-115
-75
-16
-47
-204
-427
-592
-595
-509
-473
-603
-798
-908
-887
-801
-681
-593
-631
-721
-741
-607
-442
-316
-270
-247
-210
-123
21
151
167
111
28
49
146
237
242
155
68
17
64
153
208
146
44
-80
-108
-88
-75
-92
-179
-264
-295
-246
-219
-221
-307
-422
-444
-389
-302
-249
-257
-320
-368
-339
-262
-190
-179
-175
-179
-168
-99
-15
34
21
-44
-57
-52
-52
-25
40
49
42
23
11
36
31
27
48
62
49
68
79
66
81
116
158
207
227
207
216
265
341
380
404
437
465
489
495
538
519
480
453
454
456
424
411
368
291
255
188
140
91
33
14
-5
-41
-69
-110
-183
-230
-244
-219
-171
-167
-172
-193
-221
-243
-220
-172
-139
-109
-77
-90
-69
-20
0
0
12
6
-27
-33
-35
-26
-60
-68
-89
-99
-85
-78
-79
-103
-146
-194
-188
-172
-178
-180
-189
-207
-235
-225
-208
-185
-170
-180
-148
-148
-144
-115
-82
-84
-105
-111
-94
-55
-12
16
-4
1
13
24
49
43
45
69
72
45
6
10
18
44
43
58
47
-3
-22
-10
0
21
49
40
7
-8
39
76
112
99
62
58
67
127
156
133
102
72
51
46
74
63
48
34
9
-18
-11
-16
-48
-48
-50
-14
3
37
31
10
33
45
54
91
146
140
162
190
207
226
208
206
255
260
253
243
210
188
171
125
143
159
120
91
51
21
-7
-43
-61
-84
-129
-127
-131
-130
-167
-236
-251
-235
-226
-212
-206
-207
-209
-219
-193
-160
-149
-126
-104
-94
-75
-61
-47
-34
-37
-39
-20
10
5
-22
-26
-28
-31
-24
-25
-34
-38
-49
-69
-85
-94
-98
-110
-93
-65
-45
-33
-37
-37
-15
-1
-1
15
30
46
79
93
74
75
65
32
43
47
54
49
44
31
24
2
-21
-25
-22
-25
0
10
-18
-54
-81
-69
-38
5
19
13
12
38
53
89
116
127
104
88
82
101
125
107
115
100
95
103
123
122
93
57
28
6
6
18
5
-14
-42
-54
-60
-53
-47
-47
-56
-48
-64
-49
-31
-35
-33
-36
-13
34
42
37
42
50
49
71
106
107
94
84
73
61
91
106
100
88
40
29
13
-1
-26
-42
-44
-76
-89
-106
-124
-140
-150
-143
-129
-115
-125
-105
-101
-85
-63
-66
-55
-44
-55
-51
-51
-61
-53
-61
-58
-27
-20
-27
-22
-32
-41
-43
5
35
49
29
10
14
6
33
54
55
27
30
19
32
48
44
28
8
-7
-26
15
15
-3
-2
-18
18
22
22
18
16
7
19
39
23
32
3
6
27
36
36
25
-14
-15
6
-12
-26
-14
-19
-47
-59
-39
-24
-12
0
3
8
12
5
13
35
42
56
71
75
103
111
117
107
114
117
100
101
104
113
93
76
66
18
0
-8
-13
-23
-30
-29
-58
-97
-103
-70
-68
-84
-101
-92
-97
-98
-76
-83
-65
-68
-105
-105
-78
-77
-71
-62
-83
-83
-77
-75
-43
-37
-38
-28
-39
-46
-54
-31
1
6
6
21
44
61
53
70
83
79
66
61
62
45
36
60
74
79
93
79
59
63
55
49
43
27
43
44
43
34
31
58
42
34
30
35
41
18
-1
-17
-26
-40
-16
7
-10
-35
-49
-59
-83
-78
-64
-59
-77
-69
-42
-40
-32
-58
-62
-60
-25
-2
4
13
22
14
28
49
63
54
19
17
23
28
20
0
5
2
8
14
4
0
-14
-27
-52
-29
-21
-16
3
-14
-31
-37
-31
-20
-31
-18
3
-4
-9
-1
-6
-7
-16
-26
6
14
-7
-8
9
-7
-3
14
33
41
15
14
24
26
6
-3
14
12
-14
-14
-5
-14
-10
0
-14
-24
-15
9
13
15
10
12
14
15
41
66
67
62
77
60
65
71
41
37
24
-9
-2
1
-9
-34
-37
-57
-62
-55
-49
-50
-56
-62
-82
-67
-36
-42
-42
-38
-26
-17
2
26
9
11
14
38
46
63
58
50
20
2
1
-5
42
24
20
18
-21
-30
-35
-43
-26
-27
-30
-36
-29
-20
-13
-4
-28
-27
-22
-14
16
17
39
27
-9
-14
-7
9
19
11
0
-4
10
23
49
33
15
11
8
17
18
26
19
-11
-14
-6
30
29
4
21
9
32
29
13
4
1
14
-4
-1
7
21
11
5
13
18
11
-30
-30
-22
-26
-28
-13
-1
-11
-11
-11
-13
5
0
-15
-1
-6
-12
-9
4
-11
-24
2
8
2
-20
-17
-3
-6
-1
-22
-16
0
-14
-8
35
35
32
38
8
-4
3
4
12
17
23
37
34
14
-8
-18
-5
-7
-3
-26
-23
-17
-20
-18
-9
-8
-39
-37
-37
-26
-18
-42
-57
-67
-50
-43
-54
-50
-57
-50
-55
-54
-47
-38
-28
-18
-8
-19
-11
-5
15
19
17
44
39
50
71
94
101
94
105
89
95
115
117
91
69
60
44
44
49
54
59
41
25
31
39
46
14
14
27
25
16
1
11
-18
-45
-47
-54
-48
-62
-67
-57
-58
-55
-64
-77
-83
-79
-63
-66
-52
-48
-64
-62
-47
-26
-25
-25
-12
13
10
-16
3
1
5
3
-5
1
10
9
6
1
-2
8
15
11
17
37
41
40
48
43
30
19
52
46
31
16
-22
-16
-5
-3
-6
-29
-55
-55
-44
-70
-58
-74
-80
-57
-42
-39
-54
-40
-46
-39
-31
-24
-5
7
22
30
45
69
85
94
84
77
55
79
101
81
93
90
81
67
71
60
39
46
26
22
17
27
20
16
23
16
0
-18
15
20
-1
-12
-17
-28
-31
-36
-32
-31
-50
-61
-70
-76
-40
-40
-63
-65
-89
-82
-76
-82
-92
-93
-83
-87
-85
-56
-51
-49
-49
-37
-38
-36
-1
-6
-1
3
12
22
38
60
67
78
83
71
80
88
79
81
78
74
47
45
50
52
63
44
62
16
-9
-1
-6
-3
-24
-24
-44
-44
-40
-24
-27
-39
-52
-70
-49
-13
-9
-16
3
4
0
15
46
54
42
43
43
34
50
52
39
56
44
34
33
15
35
30
15
23
7
25
6
-13
-9
-19
-17
-7
-12
5
0
-23
-17
-15
-3
-17
-17
-26
-26
-7
-36
-61
-58
-71
-63
-64
-59
-67
-83
-75
-78
-63
-81
-57
-57
-74
-59
-79
-68
-63
-32
-40
-27
-4
-6
5
3
35
37
44
62
77
83
85
92
95
94
98
99
98
101
85
70
56
57
47
13
14
20
7
-13
-5
-16
-38
-57
-48
-32
-34
-31
-46
-50
-60
-48
-44
-37
-30
-24
-12
0
3
0
14
11
1
2
-4
-4
21
10
18
21
4
5
18
3
8
29
17
27
22
-2
-3
4
3
27
28
17
24
26
18
8
22
12
32
46
47
47
36
17
10
13
21
1
1
-11
-17
-37
-43
-30
-33
-36
-48
-65
-75
-63
-81
-77
-65
-52
-53
-47
-52
-42
-24
-33
-36
-18
-8
10
18
41
65
59
39
42
56
62
75
69
43
40
10
0
33
40
49
38
20
15
25
13
-1
-19
-25
-11
-9
0
1
-14
-12
-13
-36
-46
-23
-26
-37
-11
-8
0
11
12
33
11
4
10
-11
-26
-45
-54
-74
-62
-52
-57
-45
-14
-7
7
6
9
-19
-184
-439
-636
-582
-396
-24
391
764
905
856
656
419
114
-120
-182
-78
103
333
547
623
557
324
67
-244
-452
-570
-509
-380
-211
-21
96
68
-74
-236
-414
-512
-561
-477
-342
-168
-29
39
54
-6
-91
-185
-247
-238
-171
-60
58
152
198
203
177
131
53
-16
-43
-20
19
57
111
125
118
65
10
-15
-62
-78
-53
-21
26
69
77
87
45
17
-31
-26
-29
-39
5
49
77
105
128
118
121
99
105
113
125
139
125
103
115
122
94
68
40
48
35
46
48
8
-50
-71
-61
-92
-71
-46
-23
-41
0
39
44
30
-16
-5
-41
-20
14
63
65
73
105
111
96
75
32
-53
-62
-59
-35
-31
10
15
0
-17
-40
-58
-105
-98
-86
-96
-99
-55
-52
-65
-103
-81
-109
-132
-97
-87
-59
-61
-5
10
4
-23
-47
-75
-126
-111
-39
25
36
71
108
83
49
27
18
-10
-36
-10
30
58
91
107
123
64
18
1
-91
-97
-71
-67
-39
-1
20
13
0
-26
-55
-84
-60
-11
-19
-50
-27
26
-24
-69
-34
1
-2
41
65
62
44
-35
-83
-112
-110
-29
44
60
147
120
45
-75
-141
-71
-76
-49
58
127
100
141
101
-20
-70
-25
-74
-91
5
115
75
90
202
208
58
-30
-32
-64
-49
-27
113
161
82
77
74
-20
-38
-19
-30
-52
12
58
28
10
49
41
-14
-52
-33
6
27
56
30
32
-6
25
-37
20
54
54
101
55
35
-12
-53
-41
47
13
68
54
30
23
-85
-102
-73
-44
1
63
59
19
16
-136
-227
-185
-66
-1
-6
67
43
-41
-79
-64
-115
-199
-84
-45
-97
-11
134
106
-20
58
-19
-168
-95
-6
-45
-121
37
205
27
-78
2
-78
-223
-196
34
18
57
157
115
69
-11
-21
-60
-115
-73
24
-39
39
56
6
91
25
70
38
15
30
-16
-33
-15
38
5
75
162
113
51
26
-56
-91
-74
18
34
44
108
179
130
0
55
-101
-157
-166
-92
80
78
108
152
151
7
-29
-40
-152
-123
-7
141
147
190
145
-52
-105
-3
-122
-161
-23
-9
-22
-100
7
68
-73
-66
23
-45
-126
34
70
-23
-24
39
46
-59
-39
40
-7
-90
-114
-27
-12
46
32
-41
34
118
-25
-86
-37
-64
-78
-49
52
53
63
106
30
-81
19
23
8
62
41
53
-78
-21
66
29
58
70
-14
-84
-42
0
-30
-46
-27
-38
23
44
33
110
-20
-18
86
-19
-91
-21
131
102
55
158
92
-119
-88
120
-103
-123
32
85
-51
-37
147
97
-61
-100
80
-59
-156
6
15
-46
-42
75
49
-42
-54
-13
-125
-9
58
-36
-25
-57
101
63
-63
65
68
2
-49
-114
-12
27
-2
-49
176
131
-125
-95
-8
-69
-78
-21
110
37
-65
-49
5
-23
-149
-121
14
-64
-47
117
35
-45
-43
30
-9
-60
-63
-1
-73
24
23
54
49
-80
6
75
-34
-71
-38
50
64
-70
18
31
-86
-42
-28
44
22
28
100
68
48
45
68
97
3
2
135
103
-22
89
140
-11
14
38
145
-62
33
160
27
-25
4
74
-153
-21
133
1
-55
69
101
-118
-53
6
-41
-124
-45
85
-135
-110
59
87
-137
17
-5
-64
-71
-54
94
-129
10
57
-27
-55
-65
27
6
-12
39
-7
-37
17
-50
-124
-57
10
-208
-10
109
-56
-11
63
5
-33
33
32
57
41
35
-85
4
-8
-94
53
101
95
51
-41
75
88
-78
38
176
5
-2
127
-123
-25
106
-112
-29
39
-21
10
-90
40
4
-120
-22
42
-81
-204
46
-1
-161
-42
116
-24
-120
104
29
-141
-98
115
-81
-132
131
50
-57
80
130
-38
-55
101
43
-17
12
87
51
-152
127
130
-85
-27
23
89
-71
36
57
-53
-35
-47
113
-50
-47
143
-41
35
-22
-54
17
-44
-16
51
17
-77
14
93
-76
0
165
30
-65
15
-28
-8
-30
7
20
-33
-14
-34
82
-19
-138
127
-27
-103
61
-60
-9
-45
33
7
-90
-60
-27
65
-43
-87
218
38
34
53
67
33
-82
145
38
-119
134
164
14
19
49
75
-46
-52
-1
-55
51
22
11
36
9
59
7
-113
99
104
-199
-1
103
9
-124
17
103
-27
-196
23
177
-163
-141
122
5
-156
38
17
41
-33
-27
67
-105
-98
107
-111
-97
61
110
-87
-63
81
-162
-101
-17
-65
13
-142
-18
15
-89
-15
29
-3
-102
-20
-39
-36
5
-75
97
111
-123
123
82
-121
12
62
-27
-1
65
9
-116
28
31
34
-53
-26
94
27
-85
-47
104
-1
-173
87
148
-109
14
118
-16
-49
-103
6
182
47
-12
152
162
12
80
39
-56
37
104
-8
89
33
1
88
3
-22
27
-19
-63
46
-117
41
145
-2
-30
-48
93
-104
-104
98
-8
74
-88
-50
21
-157
14
86
-180
-67
161
68
-145
-75
151
-34
-38
-110
1
103
-85
49
50
-25
-5
8
106
-82
-134
-12
82
-39
-153
41
53
-65
-15
-36
85
-50
-133
123
69
-139
23
197
-21
-90
85
146
-85
23
156
0
-56
-23
84
-38
-119
-6
23
37
-154
-20
116
-110
-135
205
26
-211
79
111
-100
-48
92
-46
36
67
-16
94
58
-130
-26
40
-54
-106
127
116
-149
84
114
-14
-59
72
33
-32
-42
-51
74
-23
-106
137
-86
-260
56
-100
-141
109
114
-136
-49
158
-86
-130
-10
166
-39
29
117
104
-91
-63
53
-56
-79
-46
100
-8
-49
7
55
19
-14
-67
19
-32
-9
-87
68
48
-136
23
165
-145
-148
67
49
-127
-57
163
-65
28
83
-58
-8
4
-12
31
161
61
-92
52
162
-154
-97
150
128
-75
-33
130
41
-146
-41
46
-12
31
-4
61
172
-43
-89
57
18
-115
-24
157
69
-90
124
113
-25
103
-5
-56
76
80
-86
15
225
-47
-149
76
80
-54
-89
196
111
-134
-6
32
-139
-84
9
-56
-97
44
-1
-86
-11
-62
0
-6
-80
8
-29
11
12
-155
23
96
-68
-59
59
92
-55
1
69
-107
-24
25
-101
37
-77
-86
162
43
-98
-97
26
75
-204
-104
225
-47
-48
120
-40
0
-120
-174
41
-12
-180
41
156
-15
-73
0
54
-48
-178
102
162
-86
-24
187
-2
-111
60
-27
-88
70
21
-114
176
169
1
4
169
6
-262
86
183
-181
-50
267
88
-13
47
99
15
96
91
-93
52
99
-99
21
135
18
-57
-5
159
-176
-146
150
-7
-160
110
52
-227
-65
49
-40
-188
43
-57
-232
-71
-40
-20
-28
83
33
-4
21
-22
82
20
31
30
7
-57
7
21
18
-5
-2
28
41
-55
-19
0
-3
-51
-23
53
-1
15
38
-23
-16
45
-42
-44
66
41
-46
13
93
-27
-32
47
-30
-14
70
52
-45
84
96
-90
48
209
-147
-59
145
-64
-174
184
60
-140
57
107
-178
-4
152
-169
-104
159
67
-146
148
97
-168
2
195
-106
-120
211
40
-74
201
123
-187
-31
63
-110
-88
102
-68
-116
17
-27
14
9
13
-44
-50
-31
-51
-84
35
-68
-135
-1
75
-47
-51
41
-75
-22
101
-79
-113
66
-96
-195
55
69
-89
-17
146
-42
-109
126
145
-148
-70
201
-59
-169
102
46
-155
-6
102
-38
-65
229
-30
-197
116
8
-217
70
211
-169
-64
320
28
-175
258
144
-204
27
228
-56
-67
219
15
-169
61
52
-122
46
75
-134
-64
145
-96
-72
146
-66
-183
140
128
-192
-11
156
-111
-64
204
56
-167
71
148
1
167
97
-9
-66
-20
53
-83
106
118
-86
-29
148
0
-30
161
63
-40
-36
24
-176
-72
88
-62
-127
89
66
-145
-31
110
-63
-45
83
-88
-120
21
-74
-65
75
-48
0
13
40
-33
-34
-11
11
-60
-53
41
-120
-52
52
19
-11
5
-118
-3
-34
64
179
-88
-13
73
-53
-40
131
31
-161
25
104
51
-24
53
-53
-19
8
-28
104
-62
-54
-69
25
3
-142
30
-24
-94
-17
73
24
-66
-20
-92
32
159
2
71
27
-15
-105
82
74
-86
1
46
-72
-32
133
-160
-71
71
112
-59
-4
213
-97
11
34
-16
-4
17
-26
-53
135
82
18
0
76
-114
-65
92
5
-33
-63
86
54
-75
45
6
-22
-45
49
11
16
-89
-42
43
-24
-2
-89
33
-57
-44
104
20
-48
51
-8
-34
52
-25
-2
39
-22
85
-45
13
68
-127
-6
33
-114
-64
96
-11
-65
144
-48
-30
-79
-21
16
-77
80
117
-80
51
112
-108
25
152
-15
-68
149
94
-104
33
102
21
47
38
36
-42
17
66
-39
-87
94
-9
-157
110
82
-110
-40
82
-52
-48
41
0
-81
-45
47
-14
-107
33
13
-128
-39
108
-115
-141
59
62
-144
-95
106
-73
-160
-50
106
-144
-95
137
22
-98
124
80
-120
7
173
-94
-67
117
101
-178
-16
263
-61
-156
155
143
-288
-13
231
-131
-202
233
115
-301
107
146
-165
-85
169
19
-232
85
198
-177
-77
304
-19
-284
179
209
-253
30
336
-24
-197
240
86
-227
-19
201
-27
-199
259
77
-245
110
225
-104
-144
252
24
-318
93
195
-151
-144
206
-41
-314
107
124
-151
-72
103
-55
-164
58
102
-58
57
145
39
-86
44
95
-123
-10
129
5
-31
35
48
20
-47
61
-38
-8
-61
-57
-46
-33
-67
-30
78
-55
9
28
-97
-146
-76
84
23
97
176
-9
38
5
-84
23
9
-173
-106
145
44
-85
121
67
-126
-16
51
-155
-66
45
-75
-13
46
46
30
-47
-28
20
-1
-15
-3
79
41
-34
66
25
-2
29
75
0
-45
-9
75
-33
-99
120
105
-145
-31
168
-69
-230
87
90
-151
-21
156
12
-182
8
57
-85
-142
70
91
-119
-28
132
38
-136
59
171
-95
-136
48
129
-75
-30
120
114
-28
-54
141
111
-94
-23
198
-55
-88
53
26
-68
-99
37
71
-53
-108
-16
18
-49
-91
94
87
-76
-11
93
25
-28
-40
43
51
19
-18
74
65
-71
-61
81
50
-102
61
50
22
34
-54
6
96
-49
-82
136
73
-78
58
143
9
-97
15
20
-34
-75
-74
43
67
-121
-29
129
12
-129
-21
89
-14
-119
-26
24
-29
-69
-107
42
6
-180
-93
76
-2
-135
-10
23
-34
-108
-135
-2
9
-53
-115
27
111
-79
-89
100
20
-94
-50
66
11
-24
-5
12
71
82
5
-37
123
60
-60
11
118
-12
-49
82
69
-16
-13
46
-27
2
78
-19
-69
57
105
-33
-24
92
5
-104
33
93
-48
-74
88
72
-88
65
50
-72
22
98
-38
-18
83
-10
-56
76
77
-51
-31
99
11
-136
-21
90
-57
-12
199
14
-92
-13
23
-87
-77
115
15
-120
54
135
-102
-57
137
42
-118
5
129
-60
-59
115
48
-102
6
80
-48
-119
60
60
-98
-34
84
-9
-144
26
101
-95
-72
123
-13
-119
20
112
-59
-95
120
85
-112
-56
165
23
-116
66
102
-69
-96
118
71
-125
-23
137
-24
-145
37
80
-93
-132
56
51
-138
-67
100
-12
-150
4
63
-89
-87
55
14
-101
0
53
-40
-79
11
27
-50
-21
29
37
-27
-8
13
3
-11
-26
20
19
-41
-8
57
29
-54
-7
42
2
-35
-12
40
4
-24
12
83
54
-6
13
56
9
-18
36
59
-2
-29
65
65
-42
-11
57
29
-41
-9
44
10
-31
-39
11
-24
-14
-14
-44
5
24
-7
13
77
36
-7
11
28
-26
-53
15
18
-40
-30
28
21
-23
-18
25
-9
-28
21
10
-55
-20
-8
-40
-22
27
23
-30
8
14
-35
-27
58
35
-32
19
79
3
-20
36
43
-26
-15
48
2
-33
45
56
-14
4
54
-7
-47
29
37
-29
-25
50
6
-42
7
51
-14
-45
20
44
-23
-22
31
-1
-19
17
28
-17
-25
19
-5
-38
-11
15
-12
-25
22
13
-40
-11
28
-12
-6
10
-6
-6
-6
2
2
-12
-35
-27
-17
-43
-52
-45
-33
-30
-48
-33
-20
-40
-27
3
-9
-11
-1
12
9
-17
-15
11
-2
-26
-2
7
-11
-16
14
18
7
13
42
34
24
13
19
42
6
12
55
28
22
43
41
42
36
18
-10
5
7
-19
-11
5
-25
-8
-9
-8
16
16
15
-3
-23
-18
4
-18
-11
-18
-29
-11
-10
7
8
2
3
-5
-10
-12
-17
-30
-28
-9
-11
-21
-23
-29
-10
0
-12
-21
-22
-18
-21
-9
-1
11
26
21
13
15
27
30
20
15
-5
3
8
16
14
17
25
18
17
5
-15
10
19
-2
7
-2
4
3
-7
-19
-11
-9
0
13
14
8
14
-1
-12
10
5
-1
26
27
-13
7
0
10
17
0
14
11
6
-13
-12
-2
-13
-12
8
10
0
-9
4
12
-11
14
24
18
25
13
15
9
9
-8
-9
6
6
-3
-19
-29
-6
3
6
-4
2
-8
6
14
5
13
-7
10
5
2
-1
1
-4
-4
-3
0
14
-14
-18
-20
-13
-22
-35
-26
-11
7
-18
-12
0
-9
-13
4
11
-4
-15
-16
2
-2
-18
0
7
-14
-16
-13
-9
-25
-6
-35
-41
-13
-31
-26
-12
-7
-20
-8
2
-16
-10
-2
-21
4
-1
1
24
32
34
27
34
22
-4
0
-1
-4
5
-5
9
10
7
9
24
26
39
18
1
0
-10
9
2
0
6
-6
-25
-6
-3
-8
-7
-2
7
-9
3
-8
-6
-5
-8
-8
5
-1
21
6
19
21
20
9
5
16
-9
14
2
16
8
8
31
19
8
32
14
4
11
15
6
16
23
-3
11
3
-2
9
4
12
-3
-9
4
-11
-15
-5
1
-21
-32
-24
-26
-15
-17
-31
-13
-12
-20
-24
-7
-2
-13
3
-4
-8
-5
11
16
11
6
13
6
12
10
7
12
4
-1
0
-8
-2
3
-22
-22
-25
-8
-7
-6
-19
-21
-4
-16
-5
15
7
7
14
-2
1
0
1
-3
13
18
3
4
16
0
5
21
0
-22
-18
-7
-2
-13
-15
-22
-14
17
-3
8
6
16
26
6
7
4
11
10
10
0
-13
4
-3
-6
-17
-4
-9
-4
-8
-12
-11
-27
-12
-13
-6
-11
6
1
-1
-4
0
5
-11
-2
3
-8
-6
-2
-11
-17
-6
18
19
3
-1
8
3
2
6
7
12
23
15
22
16
7
4
14
13
14
25
34
29
28
41
31
10
5
16
0
13
2
3
-6
-17
-12
-26
-30
-20
-22
-35
-24
-20
-13
-15
-31
-38
-22
-9
-28
-26
-20
-9
-12
16
7
-13
22
34
18
23
46
27
14
23
31
22
9
17
-13
-8
2
11
0
7
5
-8
-3
5
-5
-12
4
-2
-6
-13
2
-14
-15
-17
-11
-9
-8
0
-15
0
-11
-11
10
2
-11
-3
-9
-3
-3
-13
-8
-1
-12
-14
-3
-19
-15
-4
-14
1
20
6
11
0
16
5
2
4
-5
21
1
7
27
19
26
33
33
20
-1
19
12
5
1
7
4
-9
-6
-12
1
6
1
-11
-19
-9
-9
-38
-19
-3
-13
-3
-5
3
0
5
-8
-23
-11
-13
-20
-4
10
11
6
-9
-8
-2
-1
-18
-23
4
-7
-15
17
15
-1
2
16
20
4
8
-12
0
-2
2
13
-4
6
-1
-3
-11
-3
0
-14
-8
0
-18
-11
0
4
3
3
-11
-14
-1
24
-6
0
24
15
13
7
6
-4
5
-5
0
20
10
10
4
3
9
0
-14
-8
-6
-12
-16
-2
-3
-15
3
11
6
1
15
10
2
-3
14
24
9
5
0
-2
-2
7
-9
7
8
-7
-1
-22
-16
-8
-2
3
20
7
19
13
12
23
23
12
16
31
29
30
20
7
12
10
3
2
-1
-12
-11
-28
-25
-35
-31
-28
-34
-27
-25
-33
-31
-24
-36
-40
-41
-27
-10
-2
0
-9
-20
-16
-5
-5
-1
-14
-8
-6
2
1
-4
14
11
16
8
25
26
19
24
31
57
43
66
52
36
12
11
18
21
11
9
3
5
23
13
17
3
-7
-1
4
9
-13
-25
-5
-4
-8
3
-8
-17
-9
-26
-43
-32
-30
-31
-24
-25
-23
-17
-14
-26
-10
-18
-15
-15
4
-1
-9
-6
-17
-9
-8
9
1
-12
-12
9
-4
-8
5
6
3
17
17
4
1
2
13
-1
-5
30
21
12
16
3
12
28
14
-10
-17
-1
17
-4
-5
18
26
31
14
35
34
5
13
6
0
6
4
21
1
-18
3
-8
-17
-16
-3
-9
-12
-14
-25
-35
-27
-20
-15
-23
-27
-18
-13
-11
-7
10
17
19
15
8
9
24
17
20
24
16
9
29
20
22
31
14
-21
-7
-8
-7
3
-6
-15
-12
-6
11
5
-7
-11
-18
-21
-17
-19
-14
-12
-25
-14
-18
-8
5
-15
-16
-26
-10
1
-3
8
1
7
14
19
1
4
0
-3
1
20
23
28
15
14
1
-6
0
-8
0
7
-7
-1
-5
14
11
-4
16
-18
3
8
-5
15
17
13
15
17
1
7
-5
-8
0
-1
-1
-26
-14
-6
-13
-3
-11
8
15
-8
-22
-6
-9
5
12
-15
-5
-22
-11
-4
2
0
-6
-12
-31
-29
-22
-9
11
16
5
21
24
28
21
-2
-5
-11
-8
12
-7
-6
