3
-5
-4
16
19
9
4
3
-29
-21
-12
-9
11
4
3
9
-3
-3
-11
-16
3
-10
-9
-16
-5
15
2
14
14
4
17
36
28
2
-2
-16
-33
-32
-31
-13
-5
-11
10
20
20
8
6
4
-12
-19
-14
5
16
7
7
-4
-19
-20
-14
-11
-29
-35
-14
-6
-1
22
21
17
17
-5
-8
-9
-3
-7
-2
13
-2
-3
-3
14
43
42
38
23
10
32
24
10
13
18
-3
0
6
1
-2
-21
-46
-48
-24
-17
-13
-20
-11
5
-11
-17
-13
-28
-39
-39
-42
-37
-14
-12
-19
-5
-9
-6
-7
-8
-4
11
20
24
13
3
10
-8
-10
-6
0
5
-3
2
-2
12
15
20
6
12
28
13
7
6
16
15
27
19
27
43
38
37
20
25
13
7
8
-3
-10
-12
-26
-31
-47
-35
-21
-39
-16
-8
-22
-39
-48
-34
-27
-36
-33
-32
-20
-18
-13
-4
4
19
11
13
14
32
32
32
18
17
-4
-10
7
-4
-6
3
4
-5
21
14
-1
0
23
25
20
56
38
31
24
19
13
14
10
15
5
4
5
-2
10
6
16
14
20
31
11
0
3
2
-1
6
2
-6
1
-27
-4
-6
-6
11
14
10
5
18
20
18
-5
2
12
-3
-2
-18
-22
-14
-15
-16
-5
11
-1
4
7
-10
-22
-29
-36
-41
-37
-36
-41
-27
-22
-20
-1
0
-19
-13
-27
-28
-31
-43
-31
-23
-20
-37
-36
-37
-34
-31
-13
-21
-36
-27
-9
4
17
34
44
53
56
58
39
23
25
15
-11
4
3
4
16
-6
18
26
21
13
-6
-13
-22
-10
-14
-7
10
18
30
37
50
48
34
26
23
32
33
14
-1
21
-2
9
5
4
-11
16
8
0
12
1
8
6
19
14
14
9
9
-8
1
9
3
-5
13
13
8
15
7
12
4
-10
-8
3
-25
-40
-25
-17
-23
-17
-12
-14
1
-12
-12
-17
-10
1
-6
3
11
11
22
16
-6
1
-16
-16
-28
-26
-31
-37
-26
-33
-6
-15
-20
-14
-4
-16
-11
-4
-4
-18
-7
1
-7
2
-9
3
1
-17
0
1
-4
4
19
6
7
-5
-21
-15
-15
-19
-27
-21
-30
-12
-6
1
-17
-18
4
3
6
7
-3
-13
10
17
7
17
13
16
21
5
24
32
46
27
12
20
42
43
16
14
10
15
-1
-8
-16
-1
-4
-4
26
35
27
29
37
22
8
-2
-6
-4
-5
3
8
1
-2
-1
-16
-11
7
2
-20
-23
-30
-18
-32
-31
-9
-11
-14
-3
17
-4
-5
-21
-28
-28
-26
-18
-11
5
16
24
28
24
25
1
1
-1
-6
10
4
-1
3
10
13
11
6
12
7
5
1
2
-16
-1
7
15
18
18
13
8
5
-8
-22
-38
-38
-36
-12
3
13
5
15
21
4
20
5
-12
-12
-34
-41
-12
5
8
3
-16
-13
-6
10
17
17
-2
-8
0
-2
-7
-7
-5
-10
-12
3
31
35
28
22
13
-9
-9
-2
16
12
15
7
-5
4
1
-1
-8
-13
-24
-13
-17
-3
16
18
16
-6
-32
-15
-14
-16
-30
-30
-18
-20
-21
-24
-6
-22
-15
-4
-6
2
7
-3
6
16
33
20
19
18
-3
-14
-23
-35
-28
-13
-7
11
30
29
22
34
28
25
26
26
15
11
21
0
2
15
-4
8
10
-3
0
14
18
4
-1
13
43
64
56
52
17
1
4
-23
-38
-17
10
21
7
-16
-21
-35
-30
-18
-26
-38
-15
-3
-20
-20
-6
-15
-29
-19
-1
15
15
12
23
13
-8
-13
-21
-20
-26
-37
-22
6
14
28
22
1
10
5
-12
-15
-17
-18
-15
-16
-17
-28
-29
-26
-22
-4
-26
-31
-43
-19
5
8
22
20
25
21
15
2
14
11
9
3
-5
3
16
19
12
21
2
-22
-38
-40
-37
-15
-2
11
45
44
35
24
13
26
12
2
-3
8
2
-8
0
-5
-14
7
0
7
39
51
55
45
34
23
-3
-20
-24
-17
-8
-15
4
16
2
-5
1
-24
-13
7
8
9
-8
-3
-11
5
6
8
6
-3
-13
-26
-30
-23
-22
-5
-4
-9
-4
-8
-15
-8
-6
-33
-29
-37
-47
-22
9
29
39
44
23
7
-10
-20
-29
-39
-35
-21
2
5
1
17
3
-8
-6
-11
23
21
25
34
50
52
41
42
25
21
0
-2
-1
7
31
23
12
-1
-5
6
0
-14
-12
-2
-13
3
-13
-21
-23
-9
-7
-2
-1
-14
16
-2
-9
0
-5
-1
-8
-17
-21
-9
6
-7
6
12
-4
-22
-16
-22
-40
-38
-25
5
11
4
4
21
46
55
41
35
12
8
8
-10
-1
13
4
16
22
3
-3
-24
-30
-46
-69
-71
-74
-68
-40
-17
3
21
39
27
25
8
-24
-32
-20
-21
-1
21
27
21
14
0
-12
-24
-44
-24
-23
-10
2
17
9
45
55
40
17
-12
-5
-9
-4
-8
-1
24
46
52
73
93
64
40
22
6
-12
-25
-4
-2
-3
-2
-29
-13
-18
-10
18
19
34
28
33
5
-12
-19
-29
-25
-16
-9
-18
-15
12
16
7
-4
-18
-16
-11
-18
-18
-4
1
-10
-30
-35
-31
-47
-40
-34
-19
22
36
54
63
48
61
41
41
42
20
9
-13
-12
9
18
15
13
-17
-20
-13
-3
7
-5
2
-4
-11
-15
-12
-12
-9
6
13
11
0
-17
-48
-48
-58
-55
-31
2
6
1
4
3
-38
-52
-41
-48
-37
-33
-7
26
18
19
-4
-7
-3
-28
-35
-34
-1
-1
-12
-5
-1
-22
-8
-5
-11
-3
-18
-20
-21
-12
7
8
-8
10
21
20
24
-3
-17
-28
-11
-25
-7
6
37
63
39
56
47
36
20
34
21
5
-11
-6
-9
14
39
48
40
17
4
-31
-3
37
45
46
46
38
33
39
35
41
3
-27
-29
-30
-11
-6
17
37
41
22
25
10
-15
-22
-23
-27
-13
4
4
10
-1
-11
-22
-35
-22
-28
-37
-23
-11
19
63
69
73
64
14
4
-34
-69
-57
-48
-42
-17
17
33
39
27
4
-3
-14
-25
-25
-15
5
22
27
47
61
71
51
5
-39
-103
-120
-111
-84
-60
-47
-35
-22
-16
-16
-8
24
3
-33
-51
-71
-48
-41
-25
-18
-2
-3
-4
3
21
41
47
38
30
30
34
26
7
-3
-20
-34
-27
-11
-5
9
17
13
9
17
27
16
33
26
18
-9
-28
-50
-45
-23
-13
2
8
18
-1
-4
17
25
30
48
24
14
2
0
6
1
0
-5
6
13
28
39
27
13
-4
-36
-42
-20
-33
-34
-13
-5
-21
-37
-40
-59
-67
-35
-5
0
11
5
10
6
7
17
25
54
64
44
40
25
40
53
60
50
17
-11
-56
-50
-16
9
-7
-1
4
9
37
42
37
21
-13
-24
-36
-51
-19
21
69
66
60
71
26
-28
-38
-46
-42
-18
38
60
67
31
-6
24
26
4
19
15
-10
3
-6
11
7
-15
-30
-25
-47
-69
-80
-65
-9
23
39
64
74
28
-1
-8
-11
4
16
9
-7
0
-2
-12
-12
-38
-59
-83
-50
-47
-55
-32
-30
-8
29
53
-8
-48
-18
-19
-8
-8
-8
-12
-15
-17
-39
-15
11
9
-14
-29
-45
-68
-75
-48
21
47
54
46
10
-26
-39
-45
-40
-23
29
31
32
40
21
13
-23
-27
-31
6
65
102
114
102
40
-6
-24
-32
-17
-18
-18
-44
-23
33
50
66
51
-33
-91
-56
-3
-10
6
9
13
24
-26
-9
-1
-13
-7
-37
-37
-31
14
46
42
20
-28
-65
-74
-37
4
8
23
25
20
24
30
31
-1
6
15
36
26
25
31
37
33
40
49
27
57
32
5
1
7
8
-4
13
7
9
6
5
19
36
24
2
-38
-32
19
38
32
39
20
-21
-53
-59
-43
-42
-31
26
75
64
33
7
-6
-23
-51
-71
-84
-33
12
54
6
-38
-79
-57
-53
-92
-91
-67
43
93
77
57
-9
-90
-127
-110
-25
36
55
54
62
24
16
-21
-34
-32
-22
-35
-48
-10
8
34
28
31
15
29
-2
-39
-57
-32
16
21
42
43
41
20
11
-13
-28
4
-6
-54
-32
-9
-17
25
63
97
66
3
-33
-85
-109
-62
11
27
27
20
7
-19
-70
-77
3
29
31
58
67
39
5
28
33
15
13
43
68
33
9
2
-36
-20
-14
-4
24
71
108
97
83
31
11
-15
-35
-62
-88
-73
-28
37
66
76
91
62
-17
-76
-95
-89
-48
-18
-4
36
37
-22
-65
-59
-41
-26
-18
-33
-13
13
15
12
-1
22
-17
-9
20
38
18
-37
-72
-85
-56
-44
-16
28
108
116
66
67
42
17
9
-36
-50
-78
-60
-37
-14
32
69
44
19
-2
-30
-27
-10
-15
-6
-24
-21
-16
26
49
19
-44
-105
-115
-65
0
-31
-26
-32
-59
-8
61
65
55
30
-4
-51
-10
16
-9
3
16
3
-9
4
-3
53
49
13
13
9
6
30
75
68
13
-57
-95
-44
16
59
66
51
16
-14
9
12
33
26
3
-12
-3
6
-31
-27
27
73
108
94
81
29
-32
-38
-44
-25
-11
30
32
5
24
40
17
-59
-104
-148
-142
-80
35
56
2
-75
-71
-34
7
-38
-92
-77
-54
-17
-45
-26
-8
6
24
-14
-73
-58
-20
-11
15
-15
-32
-9
70
95
15
-24
-36
20
52
96
110
83
86
126
83
43
57
51
65
26
38
81
100
86
73
21
1
-48
-137
-192
-186
-113
-58
4
37
49
48
20
-28
-47
-89
-86
-89
-33
63
114
111
79
64
76
72
-44
-132
-62
35
71
100
140
108
5
-64
-89
-102
-105
-105
-99
-48
49
76
39
-15
-9
6
-17
-20
-7
-19
-84
-116
-113
-27
16
-2
-29
-46
-85
-100
-44
8
29
9
61
70
46
14
-5
-75
-83
-20
-34
-66
-1
52
5
3
34
107
71
0
51
52
53
26
21
-9
-27
33
111
131
123
71
-20
-41
20
35
-39
-85
-6
19
28
29
9
-7
-26
-21
-11
-12
-43
-65
-74
-7
59
117
138
129
30
-33
-53
-122
-158
-96
-62
-36
-2
-2
66
111
133
20
-60
-74
-87
-56
-26
-18
-6
25
35
48
42
17
19
56
10
-34
-37
-37
-38
-44
-59
-35
15
123
173
126
95
70
-11
-20
-17
-77
-36
-12
-10
52
96
46
9
-5
-13
-51
-48
-28
-7
-7
-29
-47
-29
-10
20
8
-49
-79
-69
-7
2
-29
-79
-55
-11
13
41
-1
-29
-76
-121
-74
26
54
-46
-100
-58
-16
0
28
57
56
-15
-53
5
78
91
61
-5
-50
-8
48
57
19
-39
-54
-59
-58
-58
2
59
71
89
90
48
-39
-77
-63
-10
6
7
-16
18
89
95
78
59
19
-49
-106
-109
-35
35
2
-74
-67
-19
17
-45
-8
39
-8
-76
-74
2
40
31
15
23
60
69
25
-16
-17
-15
-58
34
78
30
23
56
118
163
183
97
-39
-55
-17
-47
-13
82
85
46
-3
-57
-15
-5
31
36
-23
-54
-44
-24
50
88
113
123
53
-40
-142
-178
-146
-94
-96
-23
40
23
-3
0
20
20
5
-58
-91
-42
-10
-14
15
18
-1
-15
-98
-157
-56
82
105
41
3
27
34
58
85
95
18
-102
-99
-33
31
42
60
76
65
-2
-116
-153
-131
-53
-28
-33
68
148
101
14
48
63
83
81
50
29
5
-27
-94
-76
7
89
92
105
150
88
-45
-199
-292
-327
-228
-92
44
71
13
-13
-18
9
-15
-28
-21
-8
1
48
52
-1
-94
-120
-83
-34
48
133
123
76
49
68
75
18
7
-6
-19
-51
-14
30
5
-17
-20
-1
6
0
-58
-55
-25
-40
-77
-38
74
124
167
154
80
-22
-101
-106
-81
-134
-138
-83
42
133
192
169
33
-32
-107
-97
-7
15
3
38
150
169
41
-56
-87
-89
-99
-87
-62
19
41
-15
-11
43
16
-92
-85
-136
-107
-41
21
89
143
109
53
34
-15
39
40
61
91
155
254
293
246
146
-58
-234
-297
-269
-113
18
73
79
44
41
-6
-67
-25
5
-47
-82
-3
53
37
59
76
-7
-60
-12
-1
6
42
31
17
19
-1
-17
1
12
-48
-74
-40
-17
13
-39
-63
-84
-52
-75
-91
-67
-43
24
56
72
63
-17
-97
-101
-94
-15
65
18
-15
67
87
106
118
-6
-165
-208
-202
-210
-158
-41
22
54
83
140
170
152
83
50
-32
-95
-78
-60
-41
-65
33
123
100
95
146
94
-55
-148
-220
-172
-72
-39
26
161
219
137
62
0
-160
-326
-296
-201
-73
145
348
453
400
313
165
-49
-176
-305
-365
-314
-143
34
165
277
280
202
87
13
-61
-144
-117
-47
-27
73
154
201
212
179
35
-72
-70
-101
-144
-149
-140
-119
-50
33
47
-12
-12
-58
-136
-129
-66
-27
30
48
38
-15
-93
-172
-240
-147
10
185
339
313
133
-9
-85
-42
38
76
109
39
69
107
43
-53
-140
-183
-164
-96
-57
-32
43
87
39
27
-26
-83
-133
-108
-13
-2
-4
11
-20
-86
-87
-33
9
15
91
223
217
135
-17
-170
-279
-237
-104
26
152
248
276
260
219
191
129
24
-91
-187
-237
-167
-41
44
72
42
-98
-166
-131
-68
46
21
-56
-80
-17
44
132
178
193
145
104
84
56
28
-55
-79
-93
-29
24
128
174
131
61
-94
-194
-234
-221
-234
-214
-190
-111
-22
30
63
9
-34
-49
-15
-42
-59
-77
16
195
258
181
87
43
70
72
0
-31
-38
6
26
62
21
-19
-57
-120
-134
-93
-43
29
4
-56
-74
-30
0
-39
-60
-56
21
123
121
74
22
-18
-15
15
41
90
143
161
141
53
-21
-43
42
131
165
141
12
-70
-83
-101
-189
-166
-120
-143
-89
-44
64
143
109
-5
-99
-73
21
65
44
22
8
2
12
-4
18
58
56
38
-22
-64
-45
-60
-10
22
51
71
42
-8
-39
-38
-62
-120
-193
-166
-87
-21
35
93
88
59
5
18
14
-75
-77
-63
-26
10
43
34
10
15
6
-68
-62
7
36
27
-24
-72
-76
-35
33
71
56
17
-43
-114
-89
22
85
85
49
49
24
36
19
-8
1
50
70
71
129
140
115
143
154
57
-63
-131
-123
-75
-29
-14
-27
14
75
73
21
-30
-43
-69
-124
-55
27
59
77
98
80
56
29
-54
-150
-122
-104
-155
-137
-44
8
-40
-35
34
99
39
-10
9
-27
-58
-88
-72
-71
-64
-29
-37
-44
-31
-4
16
-8
24
48
-6
-4
39
16
-72
-121
-106
-18
114
171
151
206
241
150
20
-50
-88
-107
-82
7
68
96
140
91
59
31
6
-48
-64
-93
-160
-142
-57
52
110
125
103
35
2
43
38
-13
-70
-80
-103
-66
16
62
81
99
89
5
-37
-48
-82
-50
-42
-5
2
-9
27
91
104
62
15
-22
-23
-27
-75
-142
-163
-129
-60
29
99
148
218
225
189
107
5
-82
-75
16
38
22
-5
4
6
22
34
0
-45
-139
-210
-167
-122
-81
-48
-65
-75
-113
-97
-42
29
81
78
-9
-20
-3
-22
-21
-18
-58
-108
-92
-30
48
69
61
59
67
83
83
54
23
-39
-35
-35
-53
-72
-90
-50
-11
21
6
-25
-27
-32
-19
-1
6
-7
-9
20
49
77
85
68
12
-36
-59
-28
20
91
136
112
89
69
44
60
75
63
35
-12
-28
-25
55
114
107
55
14
18
-5
-7
-14
-23
5
39
64
70
50
-2
-70
-146
-163
-122
-87
-91
-85
-77
-66
-33
-16
-20
-5
-22
-42
-16
-6
-26
-19
28
24
0
-40
-71
-85
-88
-65
-19
-33
-39
-55
-57
-21
3
10
11
33
46
23
25
28
49
108
109
67
64
45
29
18
28
9
4
-13
-39
-33
-7
-10
-17
15
11
14
30
21
-28
-6
-2
18
63
89
117
120
94
36
1
-53
-76
-82
-58
-39
11
69
105
113
104
73
18
-40
-90
-105
-100
-63
-13
10
77
137
135
88
25
-31
-79
-129
-116
-60
-44
-16
-25
-60
-71
-100
-107
-119
-140
-107
-71
-68
-56
-29
12
60
87
80
56
14
-9
-53
-99
-123
-157
-157
-140
-80
-30
14
48
83
59
27
4
-38
-71
-98
-88
-77
-22
8
63
94
138
171
215
239
245
252
252
230
210
199
185
212
210
226
221
212
174
138
106
95
95
89
98
104
93
44
36
55
54
58
58
53
24
4
7
15
-20
-44
-106
-192
-242
-279
-282
-213
-128
-53
6
17
-1
-34
-74
-134
-175
-251
-288
-315
-335
-348
-347
-355
-385
-477
-668
-900
-1164
-1433
-1652
-1810
-1871
-1830
-1687
-1436
-1097
-638
-144
348
771
1110
1372
1558
1668
1736
1782
1787
1795
1739
1664
1585
1448
1277
1049
782
530
300
113
-1
-32
5
85
203
315
410
464
500
478
405
360
276
225
204
196
231
254
287
283
246
139
-20
-227
-421
-611
-759
-851
-916
-938
-932
-880
-810
-717
-613
-499
-412
-362
-348
-319
-271
-221
-183
-142
-104
-66
-29
-40
-128
-388
-888
-1645
-2577
-3413
-4013
-4212
-3989
-3418
-2509
-1418
-295
748
1650
2349
2771
2921
2788
2509
2245
2070
2035
2103
2210
2285
2239
2060
1709
1268
724
143
-413
-909
-1218
-1326
-1196
-855
-403
57
430
604
546
342
131
1
-55
28
257
563
931
1262
1502
1576
1448
1134
628
76
-427
-796
-993
-1032
-917
-709
-451
-221
-49
37
18
-67
-211
-312
-354
-317
-192
-73
61
162
161
97
-72
-286
-487
-665
-857
-966
-932
-794
-554
-281
-16
167
257
241
212
159
85
70
29
-127
-542
-1328
-2432
-3621
-4547
-4970
-4870
-4242
-3203
-1905
-560
739
1824
2631
3153
3298
3139
2741
2328
2070
1996
2084
2254
2398
2410
2188
1761
1195
561
-91
-728
-1270
-1636
-1732
-1558
-1110
-486
166
737
1129
1252
1198
1039
868
732
613
591
657
794
931
987
927
692
318
-174
-695
-1125
-1403
-1465
-1351
-1110
-796
-427
-45
285
481
537
489
377
212
77
35
55
156
257
331
320
255
145
-61
-282
-500
-694
-868
-939
-900
-754
-557
-317
-122
16
72
59
13
-104
-182
-244
-244
-169
2
232
477
676
780
801
705
534
154
-632
-1899
-3544
-5157
-6234
-6510
-5941
-4695
-2988
-1114
587
1978
2974
3602
3832
3675
3222
2624
2126
1916
2042
2329
2653
2829
2658
2090
1235
255
-691
-1485
-2061
-2372
-2362
-2016
-1391
-551
379
1213
1772
1974
1837
1521
1216
1049
1007
1107
1270
1444
1542
1487
1262
907
376
-282
-992
-1700
-2206
-2501
-2495
-2172
-1611
-929
-288
249
607
824
882
805
658
497
415
393
462
547
612
580
381
27
-390
-814
-1170
-1379
-1418
-1275
-953
-561
-151
246
507
600
533
362
159
-8
-143
-176
-148
-116
-46
36
94
136
181
227
297
410
539
675
758
527
-289
-1913
-4011
-5922
-7052
-7140
-6240
-4586
-2494
-345
1522
2950
3836
4256
4221
3711
2884
2046
1561
1534
1866
2363
2803
2920
2553
1698
522
-690
-1759
-2575
-3060
-3086
-2621
-1778
-657
603
1733
2555
2867
2681
2154
1534
1096
910
961
1166
1427
1627
1651
1455
1019
362
-473
-1381
-2204
-2766
-2942
-2733
-2224
-1539
-825
-218
236
530
671
671
615
501
448
511
654
833
968
940
712
315
-255
-841
-1344
-1634
-1684
-1524
-1154
-653
-107
412
791
964
953
713
391
103
-95
-85
36
178
285
304
210
14
-205
-380
-434
-345
-131
208
612
1009
1313
1311
598
-1119
-3604
-6034
-7545
-7737
-6706
-4750
-2317
105
2157
3515
4181
4265
3896
3112
2051
1099
669
926
1624
2427
3047
3183
2605
1393
-173
-1704
-2871
-3561
-3690
-3227
-2221
-855
611
1930
2885
3347
3220
2604
1744
970
581
617
964
1444
1864
2044
1879
1325
506
-427
-1370
-2195
-2729
-2848
-2476
-1815
-1110
-420
96
352
334
200
60
-11
64
280
594
954
1302
1481
1370
979
363
-364
-1065
-1580
-1797
-1646
-1241
-723
-241
156
444
562
502
365
230
134
79
120
274
502
688
728
583
275
-139
-580
-927
-1110
-1066
-806
-398
109
635
1132
1499
1657
1579
1101
-163
-2423
-5168
-7328
-8101
-7373
-5585
-3206
-691
1462
2948
3594
3587
3232
2670
1963
1242
946
1290
2141
3028
3551
3500
2744
1313
-526
-2269
-3451
-3882
-3623
-2806
-1537
-21
1372
2404
2971
3099
2792
2178
1468
891
710
972
1497
2001
2275
2198
1695
795
-292
-1298
-2098
-2591
-2704
-2428
-1768
-922
-118
392
558
424
69
-339
-577
-553
-310
109
584
949
1138
1137
839
325
-262
-837
-1250
-1399
-1220
-757
-190
308
559
561
383
115
-152
-303
-288
-117
135
408
668
819
830
682
381
-26
-447
-789
-995
-1010
-814
-458
-75
264
549
737
848
867
824
735
370
-743
-2817
-5262
-6978
-7316
-6318
-4452
-2151
178
2060
3281
3705
3530
2995
2313
1484
708
446
801
1504
2077
2272
1957
1137
-121
-1517
-2573
-3005
-2768
-2006
-839
621
2042
3120
3602
3548
3104
2427
1651
954
524
456
702
1066
1345
1397
1137
501
-363
-1246
-1896
-2220
-2158
-1732
-1036
-195
514
934
1011
683
134
-494
-1020
-1187
-1009
-524
55
508
756
736
519
105
-410
-853
-1112
-1129
-912
-449
95
519
678
516
176
-220
-504
-605
-442
-95
337
732
1019
1119
976
698
262
-217
-587
-790
-819
-685
-476
-206
-1
58
45
19
43
155
351
597
834
1007
731
-515
-2826
-5433
-7157
-7379
-6207
-4172
-1723
678
2587
3715
3966
3542
2732
1771
828
150
185
866
1776
2435
2517
2041
953
-485
-1878
-2780
-2950
-2443
-1364
63
1649
2964
3641
3629
3048
2205
1347
648
244
224
567
1082
1515
1689
1497
934
2
-1049
-1901
-2289
-2182
-1651
-870
-21
689
1013
949
544
-28
-667
-1231
-1486
-1346
-836
-151
480
762
769
542
147
-303
-696
-870
-850
-643
-340
46
347
456
307
-15
-381
-635
-639
-393
39
520
964
1195
1145
888
513
94
-276
-510
-571
-474
-318
-176
-116
-154
-260
-390
-466
-417
-174
203
608
993
1258
1247
503
-1368
-4059
-6468
-7448
-6825
-4996
-2590
-80
2070
3457
3944
3571
2688
1655
727
59
-37
624
1665
2451
2613
2107
1023
-432
-1871
-2843
-3007
-2402
-1230
229
1735
2974
3587
3440
2713
1800
985
521
426
636
1067
1516
1775
1685
1269
562
-364
-1294
-1969
-2154
-1823
-1153
-380
300
682
689
344
-205
-704
-1016
-1089
-975
-622
-188
223
478
475
263
-86
-352
-499
-471
-303
-72
128
181
151
57
-121
-321
-503
-583
-503
-250
132
548
885
1077
1062
845
522
208
12
-95
-89
-44
10
48
-4
-169
-421
-662
-909
-1008
-898
-620
-195
294
702
930
947
848
674
128
-1269
-3506
-5725
-6805
-6303
-4592
-2362
-149
1649
2742
3032
2662
1934
1186
623
313
448
1092
1973
2570
2497
1770
615
-732
-1879
-2475
-2322
-1490
-322
923
2030
2779
3023
2706
2005
1298
847
775
1017
1334
1603
1692
1499
1006
370
-317
-948
-1416
-1605
-1398
-910
-306
169
379
309
-5
-413
-732
-833
-717
-483
-231
7
207
319
273
61
-261
-495
-569
-428
-183
77
263
223
-35
-348
-563
-643
-612
-497
-247
75
414
718
881
903
790
537
264
64
-12
-31
8
38
16
-21
-171
-382
-580
-679
-688
-611
-487
-322
-79
114
264
384
479
577
654
728
757
402
-880
-3153
-5525
-6759
-6388
-4782
-2646
-505
1284
2463
2886
2582
1878
1160
630
384
650
1428
2388
2912
2701
1819
543
-818
-1941
-2456
-2209
-1309
-100
1093
2071
2720
2819
2384
1625
914
582
646
991
1387
1688
1711
1366
748
54
-537
-1005
-1252
-1232
-940
-461
0
282
316
162
-149
-467
-647
-617
-477
-317
-139
1
128
108
13
-177
-375
-433
-382
-259
-111
9
31
-67
-235
-379
-429
-400
-292
-131
42
183
294
395
416
374
256
164
118
104
134
163
148
103
-8
-174
-345
-483
-555
-576
-495
-393
-242
-92
31
152
265
415
520
587
686
748
289
-1211
-3615
-5784
-6557
-5730
-3894
-1796
134
1600
2385
2413
1837
1087
553
363
508
1137
2155
2999
3131
2448
1221
-160
-1415
-2164
-2163
-1427
-267
853
1689
2169
2262
1917
1249
603
290
453
993
1677
2116
2162
1784
990
133
-538
-896
-992
-871
-544
-113
244
355
233
-114
-481
-779
-873
-714
-387
9
242
178
-141
-523
-841
-1001
-934
-708
-309
114
451
613
531
259
-121
-429
-556
-439
-134
200
456
502
384
178
-97
-287
-334
-204
54
349
588
662
554
262
-120
-443
-603
-603
-434
-194
5
124
151
81
-126
-314
-397
-305
-87
185
477
705
849
773
16
-1843
-4308
-6157
-6444
-5205
-3165
-1025
731
1856
2218
1900
1170
478
254
506
1116
2070
3068
3507
3043
1833
351
-1059
-2073
-2362
-1883
-845
330
1248
1702
1748
1455
932
448
238
532
1235
2037
2603
2673
2199
1313
266
-552
-920
-864
-580
-227
107
276
202
-81
-457
-813
-1009
-976
-723
-326
111
379
379
98
-377
-860
-1171
-1125
-767
-202
373
746
850
695
381
-67
-438
-607
-517
-248
113
432
463
259
-72
-350
-483
-415
-143
238
590
809
832
627
271
-126
-406
-466
-359
-104
140
296
285
90
-213
-531
-701
-676
-398
-26
313
526
635
678
655
406
-638
-2708
-5098
-6361
-5815
-4039
-1989
-278
870
1386
1314
841
284
78
435
1188
2091
3003
3572
3308
2164
660
-656
-1595
-1999
-1675
-754
311
1084
1342
1134
739
369
116
173
637
1431
2254
2761
2779
2303
1434
429
-384
-701
-504
-79
307
469
398
44
-502
-958
-1192
-1141
-844
-395
36
375
494
318
-38
-430
-717
-828
-817
-713
-456
-111
164
246
191
37
-122
-246
-268
-191
-54
72
94
67
-37
-175
-269
-271
-181
23
234
356
390
353
295
221
197
216
263
317
351
316
190
13
-151
-280
-351
-403
-416
-386
-345
-304
-234
-185
-59
151
398
658
864
782
-249
-2433
-4904
-6092
-5379
-3585
-1701
-246
654
952
764
294
-138
-89
522
1428
2403
3333
3789
3237
1884
387
-790
-1523
-1723
-1206
-240
709
1191
1063
560
20
-345
-331
98
913
1807
2451
2726
2582
2078
1269
425
-156
-224
158
581
786
708
314
-300
-910
-1257
-1236
-940
-532
-147
97
125
-46
-331
-578
-655
-529
-248
55
289
378
186
-233
-643
-917
-938
-784
-506
-132
149
246
106
-123
-369
-553
-555
-405
-128
185
410
477
404
259
83
-35
-30
135
427
667
768
728
502
147
-170
-393
-440
-363
-302
-249
-255
-313
-403
-485
-501
-412
-214
99
468
846
1108
1145
816
-349
-2490
-4771
-5764
-4909
-3129
-1465
-340
233
347
138
-183
-415
-123
723
1787
2813
3569
3711
2855
1385
151
-472
-673
-589
-172
361
646
498
12
-595
-937
-822
-298
585
1584
2366
2619
2331
1807
1236
728
448
485
841
1275
1401
1097
457
-360
-1191
-1730
-1759
-1316
-708
-194
62
13
-254
-561
-776
-780
-433
94
557
800
807
501
-119
-773
-1153
-1146
-895
-560
-225
-3
11
-125
-392
-627
-640
-465
-201
131
474
652
597
406
219
98
92
225
443
669
777
692
453
148
-145
-409
-510
-407
-197
-9
49
-9
-123
-228
-307
-340
-318
-229
-88
55
199
309
331
305
243
209
119
-660
-2437
-4409
-5135
-4179
-2594
-1347
-669
-376
-309
-328
-300
-155
370
1239
2177
2967
3515
3460
2401
935
-39
-301
-274
-126
158
406
484
235
-168
-644
-864
-718
-214
610
1498
2137
2190
1862
1478
1190
957
797
796
963
1091
965
612
126
-471
-1019
-1308
-1183
-793
-408
-147
-106
-208
-374
-515
-581
-523
-290
2
209
249
136
-105
-377
-487
-402
-292
-241
-255
-295
-380
-520
-621
-598
-453
-231
-9
144
283
341
324
283
272
305
372
433
486
538
561
461
282
139
33
-32
-97
-117
-135
-206
-326
-532
-688
-747
-673
-494
-320
-154
-15
46
32
37
86
168
250
364
450
426
273
-57
-1015
-2639
-4178
-4506
-3497
-2139
-1132
-654
-497
-488
-431
-235
67
665
1457
2216
2836
3252
3144
2257
1208
606
516
524
521
590
522
287
-15
-329
-617
-734
-633
-257
336
920
1248
1134
856
727
775
910
1053
1242
1369
1324
1081
734
303
-139
-531
-755
-749
-692
-707
-795
-983
-1167
-1231
-1146
-916
-544
-168
75
121
89
-95
-378
-461
-291
69
277
316
239
52
-110
-242
-344
-369
-280
-177
-60
67
179
217
119
46
64
135
239
347
429
513
545
479
316
187
114
2
-105
-198
-248
-292
-312
-350
-401
-412
-411
-337
-237
-169
-136
-177
-192
-80
80
259
367
385
328
229
-272
-1542
-3141
-4033
-3501
-2267
-1289
-906
-949
-1072
-1073
-753
-216
466
1200
1866
2429
2887
3050
2489
1516
857
813
948
989
952
721
340
-75
-350
-584
-751
-764
-627
-238
327
825
963
810
684
715
819
950
1142
1300
1269
1082
822
479
64
-310
-514
-487
-372
-324
-483
-776
-1050
-1234
-1255
-1107
-842
-505
-229
-63
32
108
15
-175
-185
82
414
514
444
240
32
-121
-159
-141
-176
-141
-158
-168
-141
-48
-20
-90
-72
55
192
268
365
422
451
440
374
281
143
25
-91
-202
-210
-204
-256
-397
-515
-550
-531
-519
-526
-494
-454
-366
-214
-40
115
192
222
238
192
190
147
70
-220
-1114
-2440
-3346
-3078
-2059
-1211
-904
-974
-1101
-1070
-682
-105
456
1040
1454
1730
2007
2243
2074
1543
1142
1134
1223
1121
935
684
394
147
60
25
-65
-177
-293
-288
-80
192
276
169
173
317
496
627
827
1027
1112
1116
1026
911
659
324
34
-123
-110
-102
-207
-414
-601
-749
-806
-799
-737
-598
-468
-378
-361
-321
-261
-190
-38
100
190
147
43
-16
-34
-6
28
73
45
-17
-62
-102
-169
-175
-121
-76
-15
37
73
23
-33
-1
40
14
-38
-117
-157
-147
-92
-47
-72
-95
-139
-235
-323
-314
-231
-127
-76
-61
-82
-115
-150
-164
-199
-217
-183
-88
16
137
238
244
149
-73
-705
-1729
-2543
-2490
-1709
-1036
-791
-905
-1127
-1193
-964
-519
-22
455
866
1143
1432
1742
1811
1556
1322
1337
1415
1320
1133
928
672
417
267
165
-24
-199
-398
-497
-355
-75
130
195
249
351
466
486
600
766
899
987
1010
1002
896
660
392
195
144
140
18
-160
-383
-598
-765
-838
-830
-823
-844
-853
-723
-525
-405
-365
-369
-299
-125
74
230
335
372
321
282
251
205
115
-11
-102
-158
-166
-195
-257
-340
-372
-336
-300
-244
-175
-91
-20
61
186
269
288
214
135
88
81
68
66
56
-2
-78
-149
-140
-99
-89
-155
-206
-178
-103
-71
-23
51
122
179
161
-79
-885
-2071
-2805
-2459
-1549
-992
-1046
-1441
-1725
-1646
-1103
-375
257
682
860
974
1219
1563
1615
1398
1314
1516
1642
1470
1187
898
633
508
501
440
251
-19
-317
-451
-295
3
127
75
104
243
378
463
623
782
850
874
921
907
765
567
361
282
321
314
146
-152
-395
-549
-642
-665
-654
-699
-779
-783
-688
-560
-495
-484
-475
-385
-245
-100
-20
40
82
100
108
103
102
83
54
54
98
107
79
-15
-85
-86
-84
-56
-33
10
-1
-51
-67
-57
-53
-75
-86
-114
-76
-24
3
-3
-27
-6
50
44
-33
-96
-158
-189
-143
-61
-38
-61
-127
-226
-299
-350
-453
-692
-968
-1190
-1386
-1495
-1410
-1153
-978
-940
-935
-895
-782
-571
-254
71
383
671
882
979
1044
1120
1129
1109
1160
1193
1108
1009
940
821
719
654
559
415
310
259
237
236
288
345
337
301
290
278
258
324
390
444
465
467
441
375
322
266
201
162
127
95
-12
-132
-219
-302
-329
-370
-390
-463
-686
-892
-895
-698
-505
-462
-480
-491
-409
-249
-70
21
62
60
30
100
228
338
330
275
251
201
87
-9
-6
14
28
45
50
-14
-71
-113
-177
-186
-142
-134
-174
-198
-121
-11
34
56
68
27
-8
-20
-48
-100
-150
-196
-203
-128
-25
60
29
-46
-149
-590
-1436
-2290
-2463
-1876
-1245
-1051
-1323
-1643
-1738
-1427
-806
-150
318
458
474
610
1052
1548
1737
1679
1704
1794
1683
1464
1288
1167
1080
1066
1097
949
598
168
-194
-300
-166
-7
-62
-211
-263
-208
-95
54
273
379
370
394
477
538
558
569
586
634
654
581
348
96
-54
-165
-282
-369
-466
-649
-869
-975
-892
-774
-756
-790
-856
-847
-735
-530
-298
-105
56
150
212
251
333
360
397
455
535
559
467
340
237
188
169
171
154
97
-22
-144
-218
-228
-198
-191
-228
-238
-209
-196
-234
-272
-271
-248
-169
-132
-118
-127
-138
-145
-140
-140
-133
-173
-260
-279
-284
-258
-291
-368
-505
-748
-1095
-1443
-1601
-1457
-1145
-873
-793
-886
-953
-858
-528
-123
225
421
522
612
815
1083
1286
1386
1444
1439
1352
1229
1112
990
892
861
826
759
620
444
235
104
67
97
115
73
29
-3
9
76
173
244
250
245
256
255
275
300
302
293
254
219
138
19
-88
-174
-211
-222
-228
-333
-482
-574
-567
-491
-443
-452
-506
-547
-545
-456
-332
-202
-98
-57
-47
-4
82
192
277
329
387
357
311
283
306
346
355
361
276
131
-21
-178
-265
-276
-239
-208
-242
-252
-286
-314
-304
-293
-291
-306
-303
-262
-178
-87
-18
-17
-54
-94
-110
-82
-42
-52
-104
-220
-338
-460
-646
-978
-1373
-1548
-1380
-1036
-843
-888
-1061
-1114
-936
-555
-112
213
321
290
330
563
895
1152
1240
1270
1272
1264
1217
1147
1076
975
917
872
851
740
554
337
181
174
226
221
126
11
-75
-103
-74
-12
55
49
21
41
69
121
166
198
214
256
268
234
200
139
109
106
88
83
-7
-150
-311
-500
-585
-520
-420
-436
-524
-621
-675
-655
-571
-376
-237
-125
-40
17
122
243
317
351
384
419
421
364
337
327
280
208
139
72
8
-80
-140
-176
-210
-222
-262
-334
-366
-367
-319
-253
-207
-168
-197
-260
-266
-206
-158
-85
-34
-28
-25
-34
-63
-134
-191
-240
-288
-350
-466
-701
-993
-1186
-1101
-876
-713
-744
-885
-977
-884
-614
-232
88
190
173
145
251
488
756
893
946
992
1058
1097
1156
1202
1169
1103
1018
944
824
708
563
427
379
391
369
241
48
-115
-206
-214
-149
-85
-61
-77
-112
-116
-45
48
146
228
275
293
298
266
211
203
200
177
107
24
-51
-160
-364
-499
-506
-426
-374
-449
-550
-637
-675
-636
-494
-334
-243
-210
-215
-200
-86
86
195
260
301
316
291
271
295
294
264
251
206
150
94
26
-44
-87
-68
-63
-127
-220
-235
-276
-307
-302
-290
-263
-304
-318
-296
-284
-220
-178
-135
-101
-92
-77
-62
-87
-149
-234
-349
-436
-561
-767
-964
-976
-843
-687
-646
-720
-809
-840
-685
-391
-44
211
296
231
161
281
545
816
964
1012
1009
973
968
1019
1088
1047
970
899
789
709
652
537
416
348
339
306
204
97
9
-85
-116
-79
14
30
-4
-41
-75
-38
56
124
165
164
132
120
126
161
209
208
163
107
-26
-208
-364
-374
-309
-282
-324
-425
-553
-617
-582
-497
-391
-332
-307
-326
-316
-193
-56
19
72
134
189
227
227
230
257
274
320
342
289
232
142
11
-48
-35
-26
-87
-169
-251
-330
-388
-384
-358
-322
-278
-262
-289
-274
-237
-215
-163
-124
-100
-92
-83
-115
-175
-236
-295
-370
-483
-645
-834
-947
-916
-827
-746
-716
-719
-736
-672
-535
-328
-84
87
184
235
333
472
643
799
909
995
1046
1052
1039
1036
1032
1018
1020
1018
964
880
754
612
533
465
419
347
226
97
-29
-141
-184
-173
-169
-157
-184
-218
-232
-187
-127
-62
-4
40
81
89
71
32
-13
-22
36
72
44
-17
-127
-232
-293
-290
-251
-222
-246
-303
-397
-420
-350
-254
-145
-110
-94
-131
-135
-67
33
153
209
223
230
204
196
195
194
200
189
189
170
83
-33
-122
-180
-179
-152
-123
-147
-190
-255
-310
-301
-279
-248
-203
-164
-147
-120
-100
-100
-129
-202
-274
-402
-687
-1058
-1290
-1220
-925
-729
-784
-959
-1149
-1243
-1106
-756
-353
-30
24
-56
-42
137
457
732
956
1087
1145
1165
1179
1242
1300
1322
1339
1318
1283
1254
1095
879
677
541
511
457
373
254
48
-187
-346
-403
-345
-286
-274
-316
-395
-413
-387
-285
-165
-87
-32
-37
-46
-1
85
136
181
236
245
205
135
73
36
-2
-23
-97
-204
-281
-315
-350
-413
-454
-478
-519
-539
-476
-433
-368
-328
-304
-259
-193
-53
71
141
206
257
315
375
428
460
453
413
383
353
308
271
185
98
37
8
-16
-55
-105
-177
-278
-378
-433
-451
-423
-373
-329
-303
-342
-358
-356
-331
-288
-233
-215
-222
-200
-147
-97
-81
-96
-165
-230
-292
-331
-390
-453
-465
-486
-483
-457
-395
-374
-354
-360
-311
-195
-83
58
122
191
257
340
469
574
668
732
763
791
845
901
932
936
904
870
849
830
781
693
608
507
408
297
221
147
76
-13
-106
-181
-239
-266
-293
-308
-337
-339
-361
-404
-423
-338
-200
-97
-21
-26
-55
-98
-83
2
75
163
177
142
80
17
7
-18
-37
-12
7
1
-27
-66
-100
-134
-176
-187
-158
-108
-91
-115
-158
-220
-208
-214
-184
-150
-133
-133
-160
-149
-103
-39
-27
-43
-59
-93
-85
-55
-22
7
18
11
-20
-110
-218
-452
-767
-1033
-1126
-1015
-853
-775
-850
-991
-1144
-1193
-1051
-752
-417
-164
-48
-1
88
252
458
655
848
1026
1203
1314
1400
1465
1450
1375
1287
1248
1280
1311
1242
1082
864
620
436
326
244
172
63
-95
-274
-404
-475
-501
-495
-499
-499
-515
-531
-530
-490
-425
-349
-288
-245
-147
-49
51
117
133
123
97
90
107
150
150
142
107
29
-32
-84
-159
-218
-289
-353
-353
-361
-364
-378
-382
-367
-335
-274
-203
-125
-52
2
65
135
212
287
316
322
306
284
274
262
275
253
217
196
120
47
-24
-89
-144
-214
-266
-316
-345
-355
-354
-357
-355
-368
-384
-376
-325
-299
-297
-280
-295
-279
-258
-233
-201
-168
-164
-170
-194
-215
-231
-284
-301
-302
-275
-246
-222
-181
-174
-154
-118
-93
-35
51
130
200
275
345
410
452
528
565
597
629
685
729
777
814
789
747
717
684
678
657
589
563
494
427
373
297
202
118
49
-34
-76
-131
-219
-295
-360
-367
-353
-362
-366
-348
-314
-303
-255
-187
-126
-37
15
36
50
93
133
143
125
123
113
88
82
87
79
35
-38
-102
-140
-153
-165
-161
-176
-217
-252
-267
-295
-283
-271
-272
-266
-258
-235
-216
-197
-198
-174
-129
-94
-84
-43
-23
-26
-25
-13
-1
17
12
-80
-273
-547
-788
-890
-848
-773
-707
-710
-809
-919
-969
-922
-797
-622
-448
-298
-176
-14
160
281
418
537
675
835
1013
1215
1356
1376
1328
1253
1199
1201
1241
1232
1155
1031
861
688
498
351
215
84
-21
-104
-181
-227
-295
-407
-510
-576
-600
-565
-479
-418
-371
-393
-396
-382
-338
-256
-176
-92
-14
21
64
82
81
96
78
54
66
95
96
108
71
25
-60
-151
-210
-227
-213
-239
-260
-263
-270
-281
-243
-219
-197
-127
-67
3
90
143
190
211
235
262
282
303
338
367
337
294
233
168
104
27
-38
-92
-131
-177
-234
-273
-325
-363
-392
-419
-402
-382
-338
-308
-280
-269
-271
-262
-242
-181
-166
-163
-176
-205
-240
-283
-273
-297
-332
-369
-378
-357
-336
-313
-286
-220
-184
-126
-32
55
123
164
200
259
327
434
487
549
613
650
702
744
772
790
776
744
737
728
719
665
621
569
516
441
362
316
275
215
147
70
-25
-131
-222
-269
-283
-305
-332
-354
-367
-389
-376
-362
-344
-315
-277
-233
-182
-128
-87
-67
-44
-25
-17
17
28
24
31
22
-1
-26
-56
-58
-73
-97
-123
-136
-152
-161
-140
-163
-184
-205
-222
-203
-185
-185
-163
-149
-146
-132
-112
-92
-92
-68
-37
-14
17
32
58
62
42
35
-21
-140
-299
-431
-516
-564
-562
-561
-570
-571
-604
-641
-667
-668
-598
-517
-423
-289
-167
-37
65
170
260
349
465
576
718
856
961
1032
1081
1100
1063
1049
1033
1009
980
917
856
781
671
548
401
254
150
53
-34
-92
-173
-251
-315
-381
-404
-428
-417
-404
-387
-386
-384
-364
-320
-270
-222
-188
-168
-142
-109
-70
-47
-34
-22
-27
-27
1
9
-12
-49
-55
-66
-54
-85
-136
-162
-189
-206
-207
-189
-161
-150
-146
-134
-123
-122
-107
-58
-28
-5
23
29
35
63
90
110
113
114
80
69
69
52
15
-42
-73
-121
-164
-199
-212
-236
-270
-297
-328
-345
-325
-309
-301
-295
-287
-279
-259
-241
-203
-196
-192
-185
-179
-137
-98
-77
-49
-2
27
72
130
170
195
234
250
290
324
381
436
462
482
506
537
571
599
592
593
576
534
526
511
470
443
403
344
316
276
242
209
172
136
83
22
-8
-46
-84
-94
-118
-134
-137
-160
-190
-197
-208
-209
-192
-192
-192
-174
-184
-181
-185
-164
-163
-175
-179
-182
-174
-178
-196
-188
-185
-168
-168
-183
-197
-240
-257
-268
-260
-244
-227
-228
-224
-241
-243
-235
-212
-163
-142
-106
-71
-65
-55
-77
-129
-194
-283
-338
-370
-379
-359
-325
-285
-258
-244
-235
-224
-205
-164
-123
-73
-1
62
159
235
311
390
448
509
562
617
661
682
703
717
714
703
693
656
611
567
517
470
407
344
258
204
154
105
68
24
-16
-73
-110
-145
-204
-217
-229
-233
-233
-244
-256
-266
-250
-239
-247
-230
-204
-183
-180
-177
-161
-159
-167
-177
-159
-171
-165
-165
-152
-165
-158
-146
-155
-147
-147
-142
-146
-116
-97
-77
-64
-57
-43
-11
22
20
21
26
36
38
52
56
54
61
48
33
31
12
-2
-17
-33
-38
-63
-75
-82
-89
-66
-96
-111
-119
-144
-158
-162
-145
-139
-127
-125
-116
-127
-135
-132
-144
-153
-148
-129
-112
-82
-32
-2
25
60
81
125
176
230
272
321
356
392
439
483
499
517
551
550
552
562
552
526
504
461
397
357
339
301
251
188
147
93
38
2
-36
-70
-99
-118
-130
-164
-174
-175
-196
-202
-215
-223
-228
-232
-241
-248
-262
-270
-284
-293
-280
-285
-300
-295
-285
-305
-290
-308
-309
-308
-308
-292
-287
-268
-240
-230
-219
-192
-183
-158
-133
-108
-84
-50
-48
-20
-9
-28
-41
-64
-102
-141
-189
-217
-227
-239
-226
-215
-188
-164
-169
-149
-114
-102
-86
-48
3
57
114
188
261
339
395
436
487
526
559
582
596
617
627
618
623
597
596
576
521
462
407
355
300
251
188
136
84
51
15
-10
-34
-56
-81
-102
-109
-116
-110
-113
-115
-124
-115
-108
-108
-127
-127
-130
-140
-160
-165
-189
-214
-214
-234
-239
-266
-271
-283
-322
-323
-339
-343
-334
-320
-289
-264
-244
-226
-215
-193
-185
-184
-144
-113
-90
-59
-22
17
47
55
60
66
64
63
62
60
35
47
27
24
7
-16
-34
-41
-49
-80
-113
-108
-123
-134
-117
-127
-124
-99
-60
-55
-27
-17
-28
-2
20
52
92
115
147
172
210
240
245
255
257
271
281
309
310
330
349
344
342
340
345
349
345
331
320
311
304
297
281
238
208
193
159
124
81
47
15
-15
-46
-60
-82
-96
-101
-107
-112
-117
-121
-143
-144
-161
-193
-217
-234
-253
-255
-273
-279
-282
-278
-271
-279
-289
-297
-310
-325
-311
-298
-289
-292
-278
-265
-241
-227
-200
-179
-189
-179
-171
-165
-159
-157
-162
-180
-184
-183
-192
-192
-201
-209
-190
-174
-162
-126
-106
-63
-28
30
95
145
210
254
296
348
392
415
431
470
501
506
512
532
528
527
518
500
502
505
469
453
423
380
365
323
272
223
184
132
72
37
18
-19
-24
-41
-62
-85
-90
-108
-114
-103
-125
-123
-109
-111
-108
-97
-101
-104
-125
-120
-135
-161
-167
-196
-202
-235
-271
-281
-303
-310
-300
-294
-292
-289
-296
-298
-285
-289
-292
-276
-253
-260
-231
-208
-196
-182
-158
-140
-124
-107
-98
-91
-93
-81
-84
-79
-73
-89
-97
-95
-89
-81
-70
-64
-71
-53
-46
-41
-6
27
42
80
76
91
124
149
164
194
229
246
284
303
317
328
346
365
382
376
409
426
420
409
393
382
359
349
324
287
257
231
198
163
149
128
98
80
60
41
13
-5
-4
-8
-13
-15
-21
-60
-82
-87
-102
-106
-126
-146
-142
-156
-180
-172
-173
-188
-185
-197
-204
-217
-207
-188
-166
-166
-185
-172
-195
-213
-213
-199
-197
-198
-192
-180
-174
-197
-210
-223
-249
-262
-265
-272
-266
-253
-249
-217
-212
-199
-193
-165
-138
-121
-99
-87
-64
-52
-29
4
47
80
118
185
225
243
282
320
343
344
360
357
352
355
362
365
379
375
360
350
343
329
325
288
258
258
224
202
186
193
164
150
138
127
98
71
49
37
31
-7
-19
-32
-42
-51
-76
-92
-105
-141
-163
-203
-210
-226
-246
-260
-285
-277
-285
-258
-266
-247
-236
-240
-220
-223
-204
-203
-203
-182
-189
-174
-167
-141
-116
-142
-146
-169
-184
-207
-219
-239
-253
-254
-242
-232
-219
-181
-164
-135
-117
-97
-61
-33
7
31
60
91
109
141
163
190
224
265
293
317
327
335
332
319
325
316
331
307
300
321
320
317
325
305
296
282
257
248
240
229
209
196
190
166
164
162
139
129
106
80
47
18
-3
-6
-11
-32
-65
-89
-109
-151
-170
-190
-197
-217
-239
-253
-260
-254
-258
-263
-244
-237
-231
-218
-215
-216
-203
-207
-205
-194
-205
-199
-196
-181
-185
-178
-189
-206
-214
-233
-241
-248
-265
-250
-233
-223
-199
-164
-133
-103
-70
-53
-28
-22
-1
40
50
89
130
152
183
192
213
239
241
268
290
304
308
296
295
301
299
303
316
310
320
314
322
319
295
279
273
264
244
213
200
182
181
157
117
119
87
68
37
28
-9
-23
-32
-56
-62
-107
-120
-136
-154
-195
-212
-229
-246
-255
-267
-251
-254
-271
-241
-240
-239
-220
-216
-228
-239
-223
-231
-237
-231
-221
-208
-197
-180
-180
-177
-176
-180
-173
-189
-189
-184
-172
-171
-158
-134
-85
-54
-21
9
20
43
46
62
90
118
129
132
169
175
183
193
206
222
223
228
219
235
241
234
235
238
236
256
264
260
283
276
302
314
301
293
284
265
236
225
219
195
188
181
165
136
115
78
43
21
5
-12
-34
-58
-73
-105
-126
-151
-192
-198
-219
-234
-226
-212
-210
-222
-205
-210
-207
-217
-206
-235
-257
-253
-271
-259
-276
-261
-277
-285
-282
-293
-278
-283
-285
-287
-282
-266
-257
-238
-221
-186
-151
-122
-114
-62
-23
10
47
82
96
114
156
174
194
215
217
219
233
222
218
219
225
213
199
207
212
219
221
213
215
210
216
206
234
242
256
252
242
225
202
194
181
181
161
168
170
160
129
127
117
85
53
47
38
19
4
-34
-54
-73
-92
-123
-133
-134
-147
-161
-152
-153
-148
-154
-157
-157
-177
-185
-201
-204
-232
-250
-250
-257
-263
-276
-271
-280
-277
-281
-269
-257
-252
-253
-232
-223
-225
-209
-190
-139
-102
-83
-50
-16
19
39
58
87
95
113
124
130
144
179
196
214
218
233
266
270
266
257
255
276
263
260
272
248
256
249
235
241
228
242
225
207
190
171
152
137
125
99
103
91
80
55
48
23
17
-12
-39
-43
-66
-81
-122
-127
-145
-179
-200
-202
-203
-206
-202
-210
-217
-213
-220
-225
-236
-237
-223
-225
-222
-224
-221
-215
-210
-214
-213
-194
-183
-164
-149
-156
-143
-129
-127
-112
-102
-96
-82
-53
-46
-36
-7
5
31
60
64
94
116
122
143
144
141
152
163
168
172
166
173
186
211
211
220
230
231
237
226
231
218
214
213
192
200
193
190
184
161
161
165
160
155
122
123
117
104
105
75
74
38
22
4
2
-14
-25
-42
-71
-73
-100
-116
-141
-154
-149
-165
-179
-189
-200
-219
-225
-228
-248
-258
-268
-280
-285
-276
-267
-285
-285
-278
-284
-275
-274
-254
-244
-243
-222
-211
-192
-165
-155
-133
-81
-72
-50
-11
7
36
71
92
112
148
170
186
206
224
244
256
276
284
291
280
292
291
285
295
285
271
271
253
232
227
214
210
180
176
159
151
143
110
102
86
71
45
45
41
24
9
3
10
-8
-21
-24
-32
-50
-55
-66
-71
-90
-96
-97
-118
-140
-138
-137
-168
-166
-169
-167
-164
-160
-164
-187
-187
-192
-205
-205
-212
-211
-209
-190
-177
-173
-155
-153
-147
-149
-129
-130
-107
-107
-105
-92
-95
-82
-70
-48
-19
-2
6
31
42
59
78
90
93
101
102
114
131
141
144
150
157
155
177
182
178
177
188
189
200
192
196
189
181
175
164
167
158
145
146
149
122
117
92
86
88
62
60
57
53
56
53
46
42
27
-2
-30
-38
-59
-63
-80
-100
-105
-119
-118
-136
-157
-171
-176
-187
-203
-203
-204
-213
-212
-220
-209
-182
-180
-179
-174
-169
-161
-156
-161
-160
-154
-139
-137
-125
-109
-91
-67
-41
-15
1
21
23
37
37
52
57
69
85
105
131
122
138
136
146
142
127
139
137
148
137
138
154
156
146
146
165
153
141
149
146
132
120
134
118
116
113
103
91
94
68
68
68
55
52
42
44
12
10
0
3
-1
-26
-22
-29
-50
-59
-69
-88
-113
-129
-131
-146
-156
-156
-168
-179
-171
-167
-184
-163
-164
-153
-143
-150
-142
-141
-122
-121
-123
-108
-105
-115
-96
-87
-77
-70
-63
-54
-44
-28
-19
-8
-11
-6
0
16
44
44
50
77
98
95
112
115
111
120
133
139
125
128
131
140
148
150
148
146
145
139
136
153
142
135
141
126
125
120
99
81
78
46
45
43
29
17
8
2
-6
-18
-24
-30
-44
-57
-71
-76
-95
-84
-92
-98
-90
-109
-118
-118
-120
-132
-143
-141
-127
-125
-125
-126
-130
-115
-113
-117
-114
-95
-95
-85
-69
-72
-72
-59
-73
-80
-65
-54
-49
-45
-37
-21
-14
-7
8
7
31
32
25
26
36
42
40
56
65
71
90
96
94
99
111
108
113
112
113
121
111
121
117
123
130
119
114
110
117
117
109
108
92
86
83
79
59
49
47
28
23
22
21
-4
-26
-28
-28
-45
-51
-52
-58
-67
-72
-77
-79
-76
-94
-77
-90
-110
-113
-120
-119
-113
-100
-102
-92
-78
-78
-70
-51
-63
-69
-56
-57
-58
-63
-62
-39
-33
-28
-13
-12
-14
-3
14
7
3
2
15
29
15
31
43
37
54
52
61
64
42
49
46
39
40
35
26
48
45
45
49
53
58
52
34
18
17
4
6
13
14
4
12
9
-2
9
7
5
12
3
-14
1
20
11
-5
-12
-8
-21
-9
-15
-33
-21
-24
-33
-27
-20
-7
-11
-8
0
-3
16
10
-8
-27
-33
-21
-22
-18
-31
-38
-36
-37
-52
-44
-45
-44
-26
-22
-17
-11
8
3
7
20
17
26
19
25
29
21
13
17
21
22
25
18
23
33
44
45
56
58
49
38
34
37
25
25
31
28
18
20
17
11
-3
-19
-12
-10
-13
-3
-11
-3
6
0
-2
2
3
3
20
14
32
30
15
17
2
-17
-13
-28
-32
-21
-28
-26
-32
-34
-50
-59
-66
-70
-69
-63
-56
-55
-52
-57
-36
-32
-27
-27
-31
-22
-19
-25
-26
-6
-4
-11
-6
4
11
18
14
17
9
16
23
15
20
21
21
23
38
43
58
62
59
52
42
45
33
19
-1
12
16
0
7
13
18
20
23
21
37
21
1
1
8
6
14
14
13
8
7
-5
-2
-6
-9
1
-7
-1
-5
-6
-21
-5
-2
-9
2
6
12
27
16
24
24
-2
-11
-25
-27
-41
-43
-42
-47
-40
-38
-35
-33
-38
-40
-21
-32
-30
-40
-41
-26
-25
-22
-14
-19
-14
-8
-5
-10
-23
-31
-32
-19
-22
-32
-18
-7
-17
-13
-4
-11
-2
13
17
16
20
24
35
25
29
39
32
28
22
21
22
47
65
49
39
20
32
35
40
51
47
45
47
59
60
55
60
41
23
25
32
27
8
11
14
24
26
21
15
9
16
12
9
-6
-18
-22
-16
-18
-27
-25
-33
-38
-46
-45
-43
-47
-26
-37
-34
-19
-23
-38
-39
-40
-34
-22
-12
-10
-21
-3
-3
-8
-23
-24
-36
-37
-36
-39
-31
-34
-37
-29
-12
-21
-25
-25
-7
-35
-39
-33
-21
-8
-11
-12
-5
-11
-10
-1
-20
1
-13
-10
-5
3
4
12
24
22
34
29
44
20
16
38
18
10
23
25
15
18
30
38
32
25
37
42
39
34
33
38
48
42
33
32
14
8
25
20
9
30
12
14
12
3
14
3
1
-16
-25
-12
-10
-14
-10
-24
-26
-21
-14
-25
-28
-18
-17
-24
-20
-31
-25
-13
-21
-14
-10
-3
-24
-14
-5
-4
-1
-7
10
5
-1
-11
-18
-12
-13
12
19
28
31
11
8
22
7
9
13
9
13
13
16
27
29
11
12
7
19
18
20
13
7
13
8
18
8
20
8
7
14
-10
-6
4
3
1
-6
3
4
3
-11
-24
-18
-24
-18
-16
-23
-23
-32
-25
-21
-34
-27
-31
-40
-47
-44
-44
-36
-22
-26
-42
-29
-24
-21
-24
-18
-23
-24
-21
-23
-11
-9
-9
-9
8
-4
4
-8
0
10
13
13
8
6
1
6
-9
-12
-6
7
1
14
13
12
21
23
21
12
4
10
19
11
22
17
39
50
42
44
60
44
45
37
18
18
18
9
5
8
20
28
34
42
41
34
26
27
33
23
27
12
11
6
3
13
4
17
12
17
0
-6
-11
-29
-25
-25
-20
-20
-9
-5
14
8
-11
-20
-35
-32
-31
-32
-41
-42
-27
-31
-26
-32
-32
-34
-29
-17
-18
7
6
0
-2
12
1
-14
-22
-31
-36
-48
-45
-31
-12
-16
-1
4
11
1
-12
-12
-18
-19
-15
-27
-25
-18
6
15
5
4
16
30
19
24
20
24
14
19
11
24
15
22
35
25
31
21
17
12
21
5
14
21
28
36
32
38
45
40
46
42
13
9
16
2
-2
-6
-7
-10
-4
7
0
-13
-20
-19
-39
-50
-44
-33
-41
-50
-53
-56
-51
-43
-47
-44
-46
-39
-40
-33
-26
-23
-19
-27
-26
-33
-25
-19
-10
4
8
17
22
17
13
19
24
25
25
27
24
26
29
22
19
26
24
29
24
20
27
19
23
27
7
11
21
9
15
11
15
25
-1
6
-2
5
11
14
10
10
27
22
12
13
23
15
23
7
0
5
-1
-5
6
14
-1
9
11
-7
-3
-3
3
3
-4
-7
-11
-3
0
-9
3
2
-1
-21
-18
-11
-28
-14
-24
-18
-12
-12
-21
-17
-10
-12
-10
-24
-12
-9
-11
-12
7
8
13
16
13
16
20
12
13
14
12
9
-6
-1
6
0
4
1
1
6
4
2
4
4
-6
4
-1
-9
-21
-9
-8
-13
-7
-15
-20
-24
-29
-19
-10
-30
-33
-19
-32
-27
-20
-21
-16
-11
-17
-16
-14
-18
-11
-12
-22
-21
-20
-19
-3
0
3
5
10
9
0
-3
-1
-1
-3
2
-16
-13
-13
-15
-1
0
-6
-8
0
3
12
0
3
17
22
33
23
22
33
23
27
34
34
28
26
28
21
24
26
29
23
20
19
11
23
32
27
24
35
37
37
39
41
33
34
28
35
18
22
36
24
32
21
20
24
10
8
6
-6
-2
-21
-14
-17
-29
-19
-21
-23
-14
-16
-28
-24
-35
-50
-39
-47
-30
-32
-40
-30
-27
-23
-34
-33
-25
-34
-30
-30
-28
-26
-25
-25
-17
-24
-15
-17
-5
-12
-13
2
-7
-4
-14
-8
-18
-18
-13
-24
-19
-7
-7
3
3
-3
