-2
-8
-1
-4
-7
-4
6
7
13
6
5
5
2
11
3
4
11
13
6
4
4
5
-2
-3
-2
-8
-1
-4
-4
-3
5
-6
-10
-3
0
-1
3
4
-2
-4
2
-3
-3
1
-5
5
5
1
-4
-2
-5
-13
-14
-2
-10
-11
-10
-10
-9
-11
-3
0
7
-1
2
6
10
13
6
5
5
5
5
6
1
5
1
-2
2
-4
-3
-2
-4
-9
-9
-7
-4
-10
-13
-4
-12
-6
-5
-2
0
-1
1
3
2
2
9
9
9
7
14
10
13
16
10
12
6
8
6
5
6
-1
2
-4
-3
-3
2
0
-3
-7
-6
-4
-9
-1
1
-5
-4
-2
3
3
3
2
10
-5
1
6
-8
-7
-8
8
2
2
7
2
7
-2
0
-4
1
5
7
-1
6
15
6
-1
-1
1
-1
0
6
9
5
2
8
7
4
-1
1
3
-8
2
5
4
6
3
4
1
-8
-9
-7
-11
-5
-6
-6
-3
4
0
-6
-4
0
-4
-6
-5
-8
-2
-8
-6
-8
-10
-10
-10
-1
-9
-5
3
0
-4
-9
-3
-1
11
9
10
5
6
3
2
2
5
6
1
5
-2
-7
-8
-4
-8
-6
-7
-9
-8
-3
4
3
-7
3
-1
-5
2
1
2
5
8
6
5
6
5
7
5
-1
1
-9
-3
-2
-6
-7
-3
-4
-4
-1
-1
-8
-3
0
2
1
1
-9
-2
6
2
2
9
14
9
11
12
14
13
13
6
16
7
2
7
9
11
0
-1
-6
-12
-7
-6
-6
-1
1
0
-11
-6
-6
-4
3
-2
-4
1
1
0
3
3
1
3
3
0
-4
2
0
5
1
2
-1
3
-7
-9
1
-12
3
1
13
18
10
10
7
11
-3
2
-1
-7
-2
-6
-1
-1
-1
-2
-3
-11
-17
-15
-17
-12
-14
-12
-6
-4
-9
-9
-5
-10
-10
-2
2
3
5
6
6
6
7
4
-1
6
-5
-6
-5
-4
-3
-3
0
-6
-2
-4
-2
2
4
-1
1
12
5
1
7
0
6
4
5
2
-3
5
13
9
3
8
7
3
-12
-10
-9
-6
-3
-4
0
-2
-4
3
2
0
5
1
3
-3
-1
5
2
-1
4
1
4
0
5
1
3
4
5
13
1
1
3
5
2
3
-1
-2
-2
-3
2
-1
1
2
6
-1
-2
-4
-6
-4
-10
-5
2
3
-1
3
3
5
-1
-6
3
0
-3
-4
-4
-3
-1
1
-1
6
2
3
4
-4
0
-2
-8
-2
0
-1
4
10
17
5
0
2
3
4
6
7
1
3
-6
2
-4
-2
-7
-5
-11
1
2
-2
-3
-11
1
-2
-12
-7
-4
-7
-1
5
2
-2
3
-2
-1
1
1
11
11
2
-1
-3
-6
-3
-3
0
-2
-3
6
-7
1
5
6
6
3
8
4
4
-1
5
-3
-12
1
-4
-5
-6
-9
-3
2
-3
-9
-2
-5
-5
-3
-4
-5
-4
-4
-8
-3
7
7
3
9
10
3
-4
4
6
4
8
3
-3
-4
-1
5
8
3
-8
-12
-6
-7
-2
-2
-4
1
0
5
9
8
0
-7
-8
-3
-6
2
-4
0
8
-1
6
-5
-3
-1
-5
-14
-12
-7
-4
0
1
4
2
11
4
2
3
3
5
6
6
5
11
7
6
7
7
5
1
-1
-1
-1
6
2
-7
4
4
3
1
8
2
1
-3
2
9
4
6
16
14
5
8
4
3
3
7
-4
-3
2
0
-8
1
-4
-15
-7
-6
-9
-10
-13
-9
-13
-10
-16
-16
-11
-14
-10
-13
-6
-2
9
0
-3
-3
-1
7
7
12
4
3
3
3
-4
-3
1
-4
-8
-5
2
-2
-7
-2
-5
-2
0
-10
-2
-8
-4
-12
-3
7
-4
-5
-5
-4
-8
3
2
1
4
6
12
-2
-6
1
-7
7
-1
-7
-2
-4
-4
-4
-1
-7
3
3
8
7
6
12
7
7
12
13
10
3
7
13
10
18
12
12
9
9
12
6
4
-1
8
2
-2
2
5
3
1
3
8
2
1
10
6
4
7
5
8
11
-2
-1
-9
-10
-4
4
-5
-1
-11
-2
-3
-8
-2
-6
-1
-6
5
2
-5
-11
-1
1
-12
0
2
-4
-3
-10
-13
-11
2
1
5
7
-3
-8
-4
-4
-6
6
4
5
5
2
-8
-4
1
-2
0
-10
-2
2
0
3
4
2
-8
1
-6
1
0
8
14
4
5
2
-1
-11
-10
-13
-6
-9
-14
-12
-15
-17
-6
-10
2
11
1
5
4
7
5
-2
12
1
1
5
-4
-5
-6
0
0
-6
-13
-17
-9
-7
-3
-3
-2
2
2
0
-1
0
-1
0
-5
6
4
-5
-7
-9
-9
0
7
12
13
4
2
5
8
14
19
6
-3
-3
-10
-7
-4
-3
12
7
-1
-2
-9
-1
-2
-1
0
-6
2
-2
-1
7
7
9
13
12
7
12
11
10
11
10
7
10
9
0
-7
5
4
6
10
14
9
3
11
7
10
10
15
9
16
10
4
-1
1
-4
2
1
-3
-11
-10
-17
-19
-15
-19
-10
-15
-9
-11
-3
-3
-1
-7
-8
0
3
-1
5
8
6
4
-11
-7
-9
-12
-7
-7
-16
-17
-14
-17
-13
-3
1
-4
-9
-2
3
-2
-1
-3
-3
1
3
1
4
7
-3
-2
3
3
9
10
6
-3
-8
0
-8
-13
-9
2
-4
1
6
0
-1
6
7
-4
-4
-3
-5
-1
7
2
-3
-3
-3
-5
-7
5
8
-7
-14
-19
-13
8
11
2
2
-2
1
-2
3
3
1
-8
-1
6
4
8
12
6
6
2
5
16
10
-2
-10
1
14
16
16
13
2
-2
-2
10
24
27
9
3
-4
-1
11
18
20
15
21
1
-10
-12
-2
6
13
13
8
0
-16
-23
-10
13
28
17
-3
-16
-18
-16
-8
4
4
-3
-14
-10
-4
-6
6
12
-1
-6
-4
2
-5
-8
-5
-7
-6
-1
7
-3
-12
-17
-11
-10
-3
-4
-11
-14
-15
-8
-8
2
6
-2
-10
-8
-12
8
21
14
8
-2
-16
-5
14
19
21
10
0
-15
-7
-3
0
6
-1
-5
-14
-14
-8
-8
-8
-10
-6
-6
-14
-7
-8
-8
1
2
2
7
12
0
-3
0
10
19
19
8
-7
-15
-14
1
1
3
-16
-9
-12
-15
7
11
4
-1
-4
-7
-1
8
8
2
4
2
-4
-4
5
16
10
-7
-5
-4
4
9
4
-6
-8
-10
-3
0
11
17
2
2
-5
-3
1
15
17
15
8
-1
-8
-3
12
14
21
18
10
9
5
2
16
25
16
2
-5
-10
-6
4
4
2
0
11
-2
-7
-8
-8
5
6
7
-4
-11
-16
-13
3
18
21
6
-12
-28
-18
1
14
13
-1
-7
-3
-6
-1
-5
-3
-9
-12
-9
-6
-7
-14
-10
-13
0
11
32
24
2
-18
-24
-6
3
22
15
-1
-23
-35
-20
-11
2
0
-9
-22
-26
-16
1
9
3
3
-9
-3
5
12
19
11
0
-2
-1
2
3
-2
-3
-9
3
3
3
-2
-15
-11
-11
6
13
11
5
-2
-5
5
7
12
10
3
1
1
3
7
4
-5
-7
-13
-12
-1
-4
-13
-19
-20
-15
-6
6
-1
3
-10
-14
-9
-1
1
-5
-14
-18
-9
-3
1
0
-1
-9
2
5
15
20
10
-3
-16
-3
15
30
22
11
-1
-4
16
32
30
12
8
0
4
29
36
38
21
4
9
10
25
25
27
20
5
4
15
15
15
14
15
18
13
18
19
14
3
-20
-20
-6
-1
16
4
-9
-25
-22
-12
-7
-6
-2
-14
-32
-28
-27
-12
-5
-6
-18
-25
-13
-14
-10
-19
-39
-44
-49
-45
-26
-22
-31
-38
-38
-23
-17
-8
0
-12
-19
-18
-4
9
20
12
4
-1
0
17
18
26
19
6
-4
-8
-4
12
21
5
-5
-16
-7
10
17
26
28
19
16
23
38
45
34
33
24
30
28
30
29
25
26
12
22
18
21
15
7
1
0
0
-6
-4
-1
8
9
-8
-17
-17
-11
5
2
-3
-19
-23
-28
-35
-24
-18
-20
-48
-54
-52
-42
-22
-36
-62
-74
-58
-49
-37
-20
-35
-51
-71
-69
-51
-35
-27
-35
-54
-54
-52
-39
-20
-12
-8
-7
-2
18
30
43
61
47
51
59
64
78
87
82
80
90
97
92
93
80
73
69
64
64
72
76
68
66
61
52
61
81
94
91
81
67
51
51
57
57
60
58
41
23
2
-8
-10
-10
-9
-20
-39
-69
-76
-70
-53
-41
-33
-37
-71
-103
-135
-135
-107
-77
-78
-101
-156
-207
-217
-207
-186
-203
-269
-341
-375
-347
-263
-199
-162
-170
-205
-185
-108
-2
97
146
156
150
159
207
263
294
298
274
238
223
220
216
194
161
129
119
111
95
81
49
41
37
54
74
80
69
43
36
56
90
108
114
106
68
49
48
58
68
55
25
-14
-25
-30
-32
-23
-25
-32
-50
-84
-87
-72
-51
-42
-54
-74
-96
-78
-41
-9
10
-3
-44
-69
-58
-22
15
16
-25
-64
-85
-92
-62
-41
-35
-51
-81
-92
-93
-68
-51
-43
-65
-80
-80
-95
-123
-170
-217
-250
-266
-262
-239
-237
-251
-267
-263
-232
-157
-88
-47
-21
8
49
96
167
224
260
270
265
276
291
294
293
295
274
253
228
207
179
154
140
123
115
105
89
67
47
46
58
71
82
80
81
74
66
79
87
89
82
70
61
40
35
34
32
33
18
-5
-13
-30
-23
-29
-38
-51
-71
-83
-97
-88
-80
-69
-81
-85
-85
-92
-91
-81
-69
-60
-59
-74
-64
-56
-65
-62
-81
-92
-76
-73
-74
-79
-94
-98
-110
-106
-95
-87
-100
-117
-106
-95
-90
-113
-135
-170
-227
-285
-323
-321
-306
-296
-301
-317
-321
-306
-263
-204
-129
-53
-5
22
76
146
215
278
332
368
381
386
388
406
422
409
393
377
340
323
295
255
226
205
191
165
137
113
87
77
74
82
98
87
78
74
63
79
100
92
83
62
41
17
9
8
6
-6
-29
-46
-72
-70
-84
-91
-108
-128
-144
-161
-152
-123
-105
-114
-113
-115
-120
-100
-62
-38
-34
-43
-51
-51
-30
-18
-39
-57
-62
-69
-67
-74
-89
-106
-106
-89
-71
-65
-67
-77
-83
-64
-42
-23
-52
-160
-320
-442
-480
-440
-398
-401
-452
-547
-618
-619
-536
-393
-268
-211
-182
-152
-77
46
190
320
436
501
522
535
573
615
644
658
648
626
568
493
420
370
344
322
287
246
191
123
67
41
54
84
93
87
67
55
58
84
133
159
165
137
91
74
74
98
102
90
61
14
-28
-79
-103
-124
-140
-176
-226
-264
-294
-313
-315
-301
-304
-317
-324
-332
-325
-300
-277
-249
-213
-183
-158
-140
-134
-106
-68
-19
27
55
63
38
6
1
19
60
71
44
11
-40
-55
-34
-4
26
39
23
-9
-19
14
61
102
118
103
79
39
-5
-80
-164
-239
-290
-303
-343
-376
-427
-490
-531
-528
-464
-373
-300
-265
-234
-186
-86
34
169
284
356
401
433
489
560
621
661
679
649
624
589
550
520
480
429
366
302
244
196
140
84
52
50
32
14
-8
-26
-37
-37
-21
-2
17
15
-3
1
-1
6
29
37
24
5
-15
-17
-2
24
14
-11
-46
-77
-78
-53
-28
-35
-63
-117
-124
-124
-111
-102
-103
-109
-135
-152
-168
-177
-196
-199
-178
-134
-86
-51
-34
-47
-50
-47
-63
-221
-525
-841
-994
-952
-851
-807
-917
-1150
-1375
-1437
-1247
-881
-537
-367
-399
-434
-310
4
403
769
1000
1059
1019
1015
1123
1280
1407
1405
1313
1189
1061
924
798
685
610
517
395
255
104
-35
-166
-226
-208
-136
-106
-142
-211
-234
-188
-92
43
161
213
196
153
146
195
261
317
304
233
135
23
-28
-48
-69
-113
-211
-320
-411
-476
-523
-536
-523
-530
-533
-540
-530
-510
-462
-383
-306
-228
-166
-133
-122
-91
-60
-45
-68
-89
-50
4
21
-13
-73
-101
-71
-13
47
58
20
-41
-64
4
126
210
189
102
50
59
143
231
275
264
184
122
122
186
284
326
291
228
172
161
173
219
283
317
263
147
64
10
-79
-246
-468
-650
-729
-759
-810
-908
-1047
-1188
-1263
-1213
-1037
-816
-665
-613
-565
-417
-163
158
444
661
801
888
982
1137
1316
1441
1473
1415
1347
1283
1200
1125
1014
879
734
565
415
260
121
-19
-148
-237
-283
-343
-421
-489
-530
-537
-501
-435
-366
-288
-262
-229
-143
-36
74
150
210
232
251
269
300
321
311
256
147
57
-3
-37
-79
-149
-240
-351
-432
-479
-492
-497
-516
-561
-612
-587
-480
-328
-172
-72
-41
-44
-49
-139
-470
-982
-1359
-1337
-1057
-898
-1098
-1515
-1883
-2022
-1782
-1250
-667
-398
-511
-719
-641
-112
601
1151
1400
1451
1409
1417
1581
1915
2219
2273
2076
1823
1660
1546
1415
1254
1082
886
657
374
86
-178
-408
-607
-707
-692
-670
-746
-921
-1023
-962
-763
-538
-307
-150
-96
-112
-85
85
329
564
676
625
499
411
416
480
533
511
363
130
-69
-161
-160
-184
-270
-400
-519
-582
-592
-550
-501
-477
-470
-434
-381
-302
-244
-220
-183
-105
-4
87
124
125
115
122
160
225
280
252
168
83
58
78
107
96
14
-92
-178
-201
-202
-203
-222
-290
-351
-354
-278
-139
-34
24
61
111
138
95
-210
-851
-1535
-1720
-1250
-696
-652
-1198
-1887
-2278
-2114
-1410
-503
56
-71
-589
-856
-441
515
1428
1832
1748
1528
1398
1497
1884
2360
2592
2393
2000
1716
1598
1496
1356
1210
1033
783
481
152
-206
-503
-715
-821
-809
-762
-821
-1037
-1279
-1300
-1091
-843
-655
-489
-351
-338
-328
-174
145
455
623
658
614
589
596
657
727
740
641
435
187
66
56
9
-132
-312
-459
-570
-643
-658
-621
-618
-666
-708
-672
-571
-452
-357
-285
-210
-124
2
118
234
312
332
312
314
392
441
426
333
226
131
34
-60
-114
-176
-292
-421
-461
-359
-198
-99
-121
-179
-264
-512
-1174
-2113
-2594
-2096
-1122
-698
-1188
-2107
-2788
-2829
-2080
-782
304
475
-250
-984
-846
264
1654
2470
2495
2070
1652
1570
1919
2594
3138
3067
2457
1902
1662
1573
1470
1341
1197
929
519
84
-317
-661
-861
-971
-960
-881
-864
-1092
-1455
-1576
-1320
-844
-462
-242
-172
-271
-427
-366
102
733
1067
971
654
427
435
650
925
1063
923
524
103
-105
-33
108
33
-254
-550
-728
-812
-802
-774
-808
-896
-968
-853
-653
-529
-545
-566
-465
-227
63
249
296
236
233
321
506
700
780
651
421
278
320
435
439
276
-1
-247
-385
-409
-352
-365
-502
-667
-696
-532
-254
-6
72
66
-59
-503
-1447
-2470
-2569
-1523
-360
-266
-1280
-2473
-3109
-2864
-1754
-242
671
326
-832
-1570
-1074
433
1911
2508
2251
1673
1279
1307
1894
2790
3329
3067
2343
1846
1735
1722
1679
1625
1544
1267
781
263
-175
-485
-655
-687
-640
-618
-795
-1233
-1696
-1736
-1312
-811
-506
-454
-622
-963
-1110
-664
225
887
894
484
140
115
423
930
1307
1309
942
426
122
206
508
624
399
9
-295
-510
-657
-656
-528
-468
-610
-797
-908
-918
-886
-764
-541
-319
-198
-216
-260
-237
-53
195
423
534
525
468
323
234
334
484
478
295
73
-75
-180
-223
-174
-69
7
-20
-135
-273
-403
-693
-1416
-2566
-3328
-2812
-1406
-583
-1231
-2655
-3648
-3560
-2467
-859
488
654
-393
-1512
-1427
108
2060
3125
2955
2148
1579
1603
2198
3126
3851
3769
2916
2066
1784
1932
2001
1862
1616
1261
742
160
-322
-663
-861
-975
-1042
-1070
-1158
-1459
-1911
-2110
-1775
-1131
-659
-565
-654
-795
-929
-780
-70
868
1328
1037
479
236
507
1089
1583
1710
1334
701
198
116
446
738
556
-50
-590
-782
-732
-662
-656
-678
-816
-1019
-1111
-977
-790
-720
-690
-550
-319
-133
-56
-35
62
256
496
662
710
660
555
417
384
544
671
566
211
-147
-319
-369
-315
-229
-218
-313
-449
-514
-436
-318
-286
-470
-1201
-2488
-3563
-3270
-1651
-294
-586
-2185
-3601
-3811
-2768
-1070
482
960
16
-1384
-1745
-395
1733
3095
3062
2223
1542
1511
2084
2998
3791
3885
3169
2265
1909
2084
2240
2102
1778
1450
1063
559
12
-402
-672
-858
-980
-1011
-1001
-1224
-1718
-2128
-2014
-1422
-871
-702
-794
-1017
-1219
-1147
-498
437
995
864
373
106
338
913
1469
1682
1440
876
308
99
375
835
931
450
-242
-680
-785
-694
-472
-331
-434
-823
-1188
-1228
-1005
-699
-506
-455
-471
-481
-435
-297
-20
300
498
505
390
368
455
526
570
612
573
413
143
-54
-104
-85
-49
-67
-119
-214
-336
-437
-452
-414
-572
-1345
-2724
-3771
-3333
-1620
-382
-923
-2653
-3947
-3927
-2770
-1052
416
751
-316
-1701
-1787
-147
2019
3198
2974
2131
1583
1683
2353
3304
4063
4086
3300
2405
2140
2384
2518
2320
1971
1666
1249
642
52
-341
-584
-766
-888
-964
-1099
-1472
-2022
-2363
-2108
-1484
-1021
-992
-1236
-1451
-1525
-1280
-535
338
708
460
56
49
531
1181
1605
1653
1369
920
646
733
1028
1172
868
322
-75
-208
-224
-311
-472
-611
-767
-953
-1070
-1011
-914
-950
-998
-916
-709
-530
-451
-423
-323
-129
107
290
420
517
529
527
545
641
738
718
550
348
200
112
67
80
99
55
-86
-215
-249
-198
-217
-776
-2144
-3675
-3963
-2438
-559
-362
-2055
-3988
-4629
-3767
-1999
-130
786
-25
-1811
-2693
-1478
1035
2976
3227
2290
1369
1181
1831
3006
4171
4599
3929
2775
2165
2433
2907
2956
2642
2241
1765
1111
471
91
-104
-306
-560
-795
-1003
-1316
-1895
-2407
-2416
-1891
-1338
-1258
-1532
-1801
-1918
-1794
-1218
-310
333
271
-214
-397
45
806
1429
1697
1562
1141
803
805
1191
1602
1603
1081
321
-163
-211
-14
93
18
-333
-904
-1351
-1394
-1046
-713
-708
-941
-1161
-1245
-1089
-783
-402
-124
-57
-68
-87
48
353
641
780
797
765
721
568
446
491
571
547
402
249
130
47
-38
-41
51
97
-186
-1147
-2690
-3815
-3331
-1533
-252
-902
-2883
-4429
-4514
-3276
-1407
140
354
-967
-2524
-2619
-794
1599
2889
2658
1685
1069
1251
2165
3386
4337
4404
3549
2604
2391
2817
3155
3084
2761
2353
1774
1098
544
257
107
-124
-435
-745
-1107
-1615
-2159
-2437
-2201
-1688
-1469
-1689
-2029
-2160
-2059
-1701
-1119
-499
-189
-284
-472
-325
216
802
1239
1385
1235
977
909
1115
1472
1704
1577
1088
575
317
348
472
453
236
-177
-658
-959
-919
-719
-641
-795
-1035
-1197
-1209
-1037
-818
-598
-472
-433
-389
-325
-157
93
343
454
494
517
454
424
434
494
557
530
420
285
191
200
248
260
184
-54
-544
-1549
-2824
-3422
-2493
-864
-397
-1757
-3651
-4421
-3795
-2383
-917
-35
-395
-1816
-2826
-2077
96
2069
2600
1904
1063
908
1530
2604
3736
4372
4059
3095
2420
2607
3212
3479
3240
2800
2351
1750
1098
678
544
456
146
-317
-746
-1165
-1655
-2144
-2271
-1936
-1581
-1634
-2043
-2365
-2317
-2024
-1619
-1120
-718
-633
-737
-714
-302
282
748
1020
1072
1036
1018
1100
1277
1519
1611
1394
1000
692
608
635
573
387
133
-192
-520
-698
-674
-648
-750
-973
-1158
-1165
-1066
-956
-849
-751
-667
-609
-506
-319
-83
136
222
264
353
490
585
605
603
619
583
470
360
368
459
473
388
282
155
19
-212
-791
-1878
-2993
-3012
-1705
-491
-882
-2626
-4040
-4128
-3143
-1727
-559
-280
-1230
-2590
-2790
-1237
969
2211
1962
1045
592
980
1973
3157
3992
4078
3352
2539
2452
3069
3617
3566
3104
2629
2194
1666
1230
1009
895
630
134
-356
-754
-1164
-1658
-1972
-1908
-1647
-1588
-1953
-2361
-2487
-2270
-1914
-1525
-1219
-1126
-1183
-1143
-809
-231
343
614
661
651
758
956
1185
1439
1628
1648
1381
1044
883
919
988
953
760
435
21
-333
-459
-408
-345
-478
-771
-1069
-1249
-1182
-992
-793
-674
-720
-804
-839
-663
-329
-26
116
111
98
148
246
385
537
597
551
429
351
360
420
489
483
438
266
-31
-531
-1455
-2486
-2716
-1711
-447
-513
-2086
-3688
-4029
-3140
-1808
-732
-431
-1164
-2486
-2970
-1752
367
1780
1737
849
265
556
1544
2744
3632
3814
3256
2516
2337
2850
3498
3669
3312
2838
2415
1959
1500
1254
1217
1059
633
86
-429
-879
-1308
-1609
-1580
-1381
-1436
-1876
-2382
-2568
-2321
-1936
-1621
-1451
-1468
-1556
-1542
-1197
-571
35
301
253
187
318
687
1148
1492
1572
1376
1060
917
1058
1342
1443
1209
783
419
219
191
240
182
-42
-400
-697
-840
-832
-756
-741
-786
-862
-905
-888
-837
-693
-500
-311
-217
-203
-169
-66
97
232
316
383
347
220
174
274
454
576
542
432
265
79
-92
-456
-1237
-2131
-2308
-1453
-518
-779
-2164
-3388
-3502
-2682
-1633
-849
-719
-1435
-2431
-2546
-1301
449
1389
1130
418
192
723
1667
2598
3200
3226
2795
2354
2433
2980
3445
3432
3035
2663
2410
2127
1761
1510
1387
1194
770
280
-138
-510
-898
-1160
-1221
-1156
-1326
-1761
-2152
-2230
-2019
-1781
-1604
-1565
-1671
-1816
-1704
-1214
-623
-266
-233
-338
-281
60
562
958
1106
1046
939
916
1037
1230
1329
1270
1045
812
692
635
553
401
252
74
-135
-354
-515
-632
-665
-662
-686
-752
-858
-957
-951
-828
-633
-479
-446
-508
-504
-373
-166
31
132
160
125
81
103
260
439
535
533
456
355
235
145
63
-263
-1010
-1840
-1943
-1106
-362
-783
-2095
-3038
-2941
-2199
-1427
-926
-907
-1522
-2291
-2221
-1016
426
1009
652
178
243
837
1597
2303
2730
2758
2462
2257
2456
2904
3196
3109
2809
2596
2428
2162
1827
1600
1492
1288
897
425
71
-230
-570
-833
-920
-951
-1204
-1644
-1958
-1970
-1789
-1642
-1639
-1717
-1814
-1790
-1541
-1166
-841
-667
-623
-545
-330
16
405
662
771
818
827
834
884
1037
1225
1266
1098
835
662
587
563
564
504
321
5
-317
-467
-432
-331
-355
-527
-747
-913
-920
-813
-651
-526
-515
-585
-658
-604
-430
-223
-115
-45
-12
-50
-93
-90
83
299
470
504
396
282
203
184
247
186
-305
-1219
-1848
-1505
-619
-305
-1067
-2223
-2752
-2464
-1781
-1153
-845
-1062
-1773
-2218
-1720
-486
495
595
188
8
346
945
1577
2086
2336
2288
2108
2128
2441
2796
2904
2756
2587
2493
2369
2106
1809
1635
1557
1351
989
592
261
-53
-364
-558
-585
-667
-1009
-1449
-1658
-1602
-1486
-1418
-1491
-1662
-1791
-1745
-1500
-1150
-934
-868
-851
-763
-510
-188
106
337
432
494
552
625
700
836
1012
1086
1006
826
676
605
628
663
665
478
187
-91
-214
-171
-99
-131
-305
-535
-731
-774
-678
-511
-459
-559
-705
-788
-696
-507
-348
-277
-259
-253
-238
-227
-167
-23
134
251
280
245
254
309
350
368
314
-16
-673
-1302
-1374
-759
-158
-401
-1420
-2318
-2383
-1829
-1179
-765
-807
-1290
-1873
-1920
-1151
-79
437
259
-70
-84
314
857
1399
1803
1960
1877
1789
1914
2179
2443
2538
2514
2425
2286
2100
1867
1714
1681
1651
1464
1072
630
290
120
19
-62
-205
-500
-905
-1225
-1289
-1190
-1115
-1213
-1436
-1663
-1732
-1569
-1286
-1061
-1010
-1060
-1042
-917
-685
-394
-100
93
111
96
153
354
544
722
842
840
741
613
585
651
745
760
660
495
283
111
68
124
140
25
-184
-385
-507
-527
-464
-411
-438
-542
-692
-774
-711
-545
-429
-399
-403
-413
-377
-323
-226
-144
-39
39
106
155
176
213
257
304
312
242
-57
-564
-1010
-1004
-524
-81
-320
-1180
-1876
-1887
-1352
-821
-626
-773
-1169
-1537
-1511
-895
-85
260
59
-262
-181
267
746
1108
1363
1490
1481
1447
1567
1812
2030
2149
2201
2195
2083
1892
1693
1614
1652
1653
1514
1155
718
418
319
340
299
114
-239
-612
-891
-944
-837
-768
-865
-1156
-1467
-1599
-1482
-1197
-968
-946
-1098
-1210
-1115
-899
-631
-431
-325
-267
-213
-91
75
214
315
417
547
619
580
525
544
630
734
776
701
520
340
253
285
377
327
141
-91
-279
-302
-269
-243
-293
-433
-583
-658
-596
-498
-474
-525
-554
-527
-471
-381
-314
-292
-293
-283
-201
-49
58
54
37
68
131
130
48
-174
-559
-888
-812
-341
-18
-329
-1102
-1596
-1404
-859
-489
-489
-729
-1055
-1264
-1114
-531
76
236
-57
-302
-138
323
722
939
1085
1143
1187
1248
1381
1593
1739
1795
1838
1852
1780
1643
1502
1487
1526
1543
1423
1155
828
593
521
549
512
287
-20
-305
-496
-533
-496
-525
-659
-908
-1193
-1305
-1166
-951
-851
-964
-1174
-1223
-1073
-852
-669
-550
-517
-531
-518
-444
-280
-86
83
173
202
199
184
228
368
513
606
574
459
328
294
366
460
471
381
179
-2
-67
-68
14
47
-21
-220
-389
-447
-404
-315
-280
-336
-427
-507
-515
-459
-370
-318
-307
-313
-325
-296
-257
-152
-61
12
19
-15
-50
-72
-121
-211
-375
-520
-492
-294
-194
-418
-796
-999
-856
-559
-418
-472
-592
-723
-767
-648
-373
-49
53
-61
-133
-9
266
495
639
729
809
901
987
1089
1206
1275
1326
1392
1458
1461
1386
1297
1247
1238
1222
1174
1078
924
751
585
530
503
411
262
74
-80
-192
-291
-360
-456
-594
-703
-730
-708
-733
-815
-929
-934
-846
-782
-773
-776
-738
-688
-624
-536
-420
-316
-274
-235
-184
-123
-54
-7
98
204
252
249
236
241
277
320
347
371
334
268
185
170
176
158
112
42
-23
-78
-149
-190
-204
-242
-314
-365
-363
-363
-404
-467
-491
-452
-381
-354
-338
-341
-347
-325
-254
-150
-76
-62
-99
-106
-93
-50
-2
32
28
-42
-156
-254
-245
-181
-106
-116
-230
-360
-414
-363
-279
-230
-217
-253
-276
-273
-193
-56
52
107
118
164
219
322
406
489
554
603
674
701
740
788
836
884
893
880
865
878
858
827
781
728
659
595
546
469
408
345
253
159
85
41
-22
-78
-148
-233
-274
-310
-340
-368
-382
-397
-396
-410
-455
-457
-432
-400
-352
-340
-342
-340
-318
-284
-243
-195
-159
-149
-157
-163
-157
-116
-93
-81
-71
-59
-72
-99
-120
-140
-123
-123
-144
-151
-180
-204
-221
-210
-198
-205
-206
-225
-249
-230
-198
-164
-145
-136
-117
-109
-100
-93
-50
0
14
28
40
29
28
33
46
73
81
81
31
0
13
33
58
77
66
4
-28
-17
0
36
73
75
35
0
5
27
61
87
78
59
60
67
73
83
114
125
133
142
126
126
125
148
163
160
177
170
160
133
141
170
182
175
148
141
138
134
142
162
154
135
140
135
133
141
135
138
155
153
155
133
137
127
118
131
138
91
35
24
16
50
65
27
-31
-85
-112
-101
-80
-74
-85
-143
-192
-219
-210
-205
-214
-235
-265
-289
-285
-256
-257
-256
-261
-282
-298
-306
-276
-266
-259
-233
-195
-172
-182
-153
-132
-99
-58
-47
-38
-41
-45
-28
-8
28
40
32
16
13
14
24
37
40
38
22
11
22
42
40
61
58
59
75
66
60
69
76
91
85
61
69
65
63
78
96
87
77
77
78
91
107
129
114
95
87
90
86
106
104
79
53
40
25
23
40
45
35
26
28
24
40
53
79
71
74
59
57
89
83
109
104
98
106
107
115
120
123
132
141
120
115
89
55
57
58
64
51
25
-4
-27
-34
-45
-56
-79
-100
-144
-165
-160
-165
-156
-184
-195
-217
-221
-224
-224
-216
-208
-203
-201
-192
-196
-179
-169
-132
-113
-111
-114
-132
-119
-84
-65
-54
-52
-39
-55
-45
-31
-20
-3
-11
-4
-4
6
12
21
28
36
44
42
54
81
95
98
97
113
110
97
71
92
107
116
128
120
111
85
96
92
91
124
127
107
53
38
65
66
80
79
39
12
-4
-14
5
21
11
6
-20
-30
-38
-26
-27
-26
-20
-27
-30
-38
-32
-14
-7
19
32
18
-9
-3
27
59
86
80
71
54
57
77
88
103
88
64
65
49
59
58
57
59
21
-11
-5
-18
-21
-28
-28
-45
-86
-85
-96
-92
-70
-58
-73
-88
-106
-129
-131
-110
-88
-101
-112
-137
-146
-102
-71
-49
-53
-85
-106
-109
-84
-71
-71
-66
-84
-99
-95
-61
-32
-26
-19
-10
-23
-19
-18
8
34
73
82
55
54
57
67
85
122
128
114
82
74
76
88
104
95
91
81
85
47
56
60
69
71
51
45
13
10
9
18
34
33
-5
-21
-28
-41
-22
2
-15
-27
-32
-50
-27
-28
-9
-21
-44
-62
-75
-65
-51
-40
-29
-12
-13
-29
-20
-2
17
42
50
35
-1
-1
21
56
69
61
46
39
19
27
29
46
61
37
37
35
26
33
38
33
22
6
0
-6
3
15
19
24
13
22
9
5
6
15
26
-9
-35
-60
-58
-51
-37
-42
-52
-78
-92
-78
-91
-86
-93
-96
-97
-104
-96
-86
-84
-76
-53
-37
-45
-56
-54
-48
-11
25
45
46
34
21
25
56
77
76
78
54
37
37
56
94
102
95
57
42
40
41
44
46
60
45
29
9
9
9
-2
9
0
-9
-21
-29
-13
-12
-22
-10
-18
-41
-55
-53
-39
-16
-8
-28
-41
-46
-35
-18
0
1
-15
-15
-31
-29
-13
-12
-12
-16
-15
-10
9
6
17
20
20
26
25
29
19
29
22
15
12
16
13
17
15
18
45
34
33
20
19
45
51
65
50
29
15
17
35
32
25
13
-13
-16
-18
-19
-19
-24
-30
-56
-54
-49
-64
-62
-67
-61
-66
-68
-66
-62
-60
-60
-46
-27
-23
-18
-6
-16
-7
-12
-14
-2
24
31
19
18
19
26
45
57
63
57
39
37
43
56
66
58
60
45
20
14
21
31
15
10
-27
-35
-7
-32
-21
-7
-13
-18
-32
-27
-21
-7
7
-13
-26
-24
-21
-7
9
21
20
-3
-8
-5
19
17
13
7
13
1
-7
3
12
17
3
6
-3
-15
-22
-19
-15
-15
-15
-32
-34
-32
-13
3
4
-5
-19
-14
-6
8
-5
11
16
0
-6
-3
9
18
18
25
15
21
20
9
21
29
26
22
8
7
-5
-5
10
21
-1
-19
-11
-13
-18
-17
-13
-17
-24
-29
-30
-28
-20
-18
-6
-5
-33
-28
-24
-31
-8
-7
-20
-11
-1
-2
-4
4
11
5
22
20
20
28
25
18
24
27
39
19
10
-5
-9
1
0
-2
-18
-21
-34
-21
-15
-28
-21
-24
-22
-18
-13
0
0
9
4
15
26
34
32
33
25
19
41
50
44
35
39
50
39
42
31
20
13
19
15
6
10
-7
-24
-21
-17
-13
-11
-17
-22
-28
-23
-25
-6
-10
-12
-20
-40
-24
-30
-21
-14
-10
-23
-30
-22
-12
9
14
2
-3
6
14
28
22
14
11
-3
0
15
19
12
2
-2
10
27
41
25
3
0
-9
-14
-4
-5
-17
-26
-49
-49
-35
-28
-12
-9
-17
-18
-11
-30
-17
-10
-19
-20
-43
-36
-37
-12
17
10
8
1
9
18
18
21
23
20
8
-1
4
2
-7
-3
-32
-42
-32
-17
-6
-4
-4
-5
5
36
34
26
36
12
13
23
29
30
34
35
31
29
34
46
51
61
54
43
36
47
38
31
33
17
16
15
15
-4
-11
-12
-20
-14
-16
-21
-25
-50
-52
-37
-27
-32
-35
-37
-52
-64
-56
-50
-42
-49
-59
-64
-44
-29
-19
-17
-17
-13
-14
10
-1
14
5
-2
18
28
29
23
35
44
40
28
40
40
30
29
28
19
15
25
33
26
27
22
8
13
7
-2
2
10
7
6
14
11
2
2
2
5
7
-1
-15
-19
-17
-27
-36
-28
-32
-26
-47
-61
-62
-63
-52
-31
-29
-43
-46
-45
-24
-14
-2
2
-5
-21
-11
2
7
27
30
24
22
31
36
36
42
35
30
42
49
29
44
40
38
41
34
37
12
8
18
3
15
27
-1
-20
-22
-29
-16
2
6
-3
-12
-24
-14
-3
-13
-11
-12
-25
-30
-33
-21
-16
-9
-11
-24
-24
-28
-14
-17
-16
-8
-25
-19
-12
-4
6
-4
-3
4
15
12
15
21
25
35
21
19
36
28
20
18
5
13
29
19
13
32
22
9
10
18
25
12
3
9
4
5
9
-7
1
-20
-27
-32
-31
-22
-29
-28
-41
-33
-29
-35
-41
-36
-34
-40
-29
-28
-32
-25
-13
1
10
12
21
24
34
43
39
47
49
42
36
33
30
36
45
23
26
26
9
19
21
28
16
4
-10
-14
-18
-30
-8
-11
-30
-32
-43
-39
-21
-19
-25
-24
-20
-26
-36
-29
-9
-14
-10
-17
-37
-28
-29
-33
-21
1
-12
-19
-10
5
4
11
12
4
7
1
7
14
15
18
15
13
11
13
15
10
24
26
15
21
12
1
-2
13
33
20
16
6
22
28
27
23
23
23
14
8
1
20
18
-9
7
-1
-25
-27
-15
-6
-15
-26
-36
-40
-32
-42
-29
-31
-25
-32
-40
-32
-28
-20
-15
-15
-14
-3
1
15
12
19
36
33
25
25
20
34
33
48
55
57
70
44
35
44
39
39
20
19
21
12
-3
0
6
-7
-3
-12
-21
-17
-24
-25
-21
-30
-36
-36
-48
-47
-27
-20
-24
-25
-33
-30
-29
-27
-4
-2
-13
-19
-16
4
18
22
20
22
7
7
13
13
21
15
9
6
12
-12
-11
-3
-10
-16
-8
-7
-16
-18
-15
-8
-4
-7
-5
-6
-15
-17
-9
10
-2
-8
-20
-7
-7
-7
-1
-1
0
-3
3
5
20
15
6
-11
-10
-14
-16
-10
-2
-1
5
5
-12
-6
-11
-14
-5
-6
-13
-15
-10
3
8
16
7
3
14
14
23
42
36
48
32
26
38
29
22
21
28
12
28
21
19
16
7
20
13
9
-9
-3
5
-4
-1
-7
-16
-14
-22
-15
-25
-22
-16
-31
-19
-22
-23
-27
-21
-21
-14
0
-2
5
7
11
16
18
24
25
27
21
26
24
28
28
21
17
10
2
2
3
4
13
5
1
-12
-17
-20
-33
-29
-34
-17
-31
-34
-10
-26
-16
-23
-28
-18
-14
-8
0
-1
-3
-7
-13
-2
8
20
21
6
5
0
-10
-11
-4
-4
-11
-1
-19
-25
-16
-14
-11
-15
-19
-23
-23
-27
-13
0
-2
-3
4
0
-1
-1
16
19
18
24
23
10
18
15
14
23
18
19
-3
-1
4
12
15
15
15
4
6
8
-2
6
2
-8
0
-3
-5
1
-5
-5
-4
-15
-12
-10
-8
-8
-5
-9
-3
8
2
12
7
4
13
31
34
42
32
27
31
31
37
38
36
28
38
35
28
22
25
13
20
18
7
3
-13
-11
-20
-17
-16
-23
-22
-18
-29
-38
-33
-34
-22
-28
-12
-14
-28
-25
-30
-32
-30
-36
-20
-22
-12
-16
-30
-23
-12
-4
-9
-7
-17
-12
-7
-16
-5
-2
-12
-4
-2
13
7
3
2
12
17
16
22
16
15
1
8
17
16
3
1
7
-1
14
9
1
-8
-13
-12
-9
0
6
4
-5
-5
-11
-1
4
-10
-15
-12
-18
-13
4
-4
0
-12
-17
-13
-15
2
-14
-8
-12
-12
6
3
5
7
0
3
11
9
22
28
33
31
23
32
26
20
31
37
33
34
27
27
29
34
19
18
20
3
0
-10
-7
-7
-3
-16
-7
-17
-34
-31
-35
-28
-35
-34
-22
-25
-27
-30
-22
-20
-26
-15
-16
-13
-8
-6
-7
-3
2
0
-7
1
-1
3
4
-1
7
18
32
26
25
20
15
15
13
12
22
20
14
12
22
25
28
33
19
20
13
11
-1
2
5
7
0
-6
-4
-12
1
-3
-5
-5
-1
-8
-3
-6
-20
-19
-16
-15
-9
-8
-7
-11
-16
-12
-25
-22
-29
-35
-36
-32
-24
-17
-16
-24
-15
-14
-19
-15
-11
-10
-5
-1
11
26
22
15
33
25
28
31
19
20
29
27
32
31
30
35
33
33
25
22
20
19
20
18
5
-2
-7
3
1
2
-10
-21
-26
-38
-39
-38
-40
-38
-35
-56
-45
-48
-54
-44
-45
-48
-19
-28
-34
-22
-15
-13
-5
-2
9
15
12
17
18
10
20
25
20
36
40
44
44
40
28
40
37
33
36
24
22
16
6
14
3
-5
-7
-11
-16
-13
-5
-2
-11
-5
-11
-1
6
-3
3
6
15
-4
-4
-4
-9
5
-4
-12
-13
-9
-1
-11
-19
-21
-21
-18
-18
-18
-17
-8
3
1
2
8
12
4
11
12
9
16
16
20
18
20
14
24
27
25
27
28
9
12
11
19
21
9
23
9
8
17
8
3
2
-7
2
-10
-12
-12
-19
-20
-6
-11
-35
-28
-35
-44
-31
-39
-35
-37
-39
-25
-33
-17
-24
-23
-13
-22
-17
-14
-15
1
-1
0
5
5
-3
2
5
3
6
9
6
6
-1
-2
2
-2
8
6
-10
-17
-7
3
2
2
6
7
6
5
6
-1
6
12
10
6
22
24
30
31
28
36
28
24
17
15
11
7
6
-3
2
-1
0
4
6
4
-4
-5
-3
-5
-14
-12
-14
-25
-30
-28
-22
-21
-11
-18
-10
-2
-6
0
3
5
7
10
8
17
32
29
34
39
38
35
25
26
31
32
20
33
36
31
23
16
19
11
13
8
10
2
-12
-19
-30
-18
-31
-33
-23
-25
-25
-29
-33
-36
-32
-31
-34
-30
-36
-38
-18
-27
-17
-13
-21
-22
-14
-5
-9
1
1
-4
3
-2
-10
-14
-10
-13
-13
-12
-6
-7
-1
3
-9
12
4
6
-4
-1
5
7
28
11
11
20
19
16
21
22
24
27
21
12
17
11
9
5
0
2
-5
-8
-12
-13
-12
-13
-15
-15
-10
-15
-9
-12
-6
-2
-15
-15
-19
-13
-8
0
-15
-7
-9
-8
11
3
0
6
10
10
18
12
20
23
37
44
35
38
40
42
41
38
34
28
35
35
28
33
28
25
15
18
17
9
3
0
-9
-14
-6
-14
-18
-32
-28
-33
-34
-37
-41
-32
-33
-27
-27
-22
-20
-18
-15
-20
-20
-20
-22
-12
-13
-4
-4
-16
-6
-4
-16
-25
-25
-21
-19
-24
-6
-9
-14
-10
2
2
-3
6
19
16
8
27
25
32
30
35
31
27
23
18
18
10
11
3
7
7
2
0
3
-2
-8
-2
-9
-9
-13
-5
-5
-10
-10
4
-9
-17
-19
-7
-1
-4
-1
1
6
-4
-8
-9
7
16
11
-21
-24
-15
-9
15
14
-14
-8
4
10
27
8
-2
1
-3
1
2
2
3
-2
14
14
1
5
6
15
5
8
-4
-4
-7
-1
6
-6
7
0
-3
-6
-9
-6
-3
-8
3
10
3
5
5
4
6
10
-1
-2
2
-1
-12
-25
-15
-16
-13
-7
-20
-15
-15
-26
-17
-12
-6
-19
-21
-23
-11
1
-2
-4
-13
0
-2
3
11
6
6
15
14
25
25
22
23
27
27
12
19
7
10
22
14
16
22
28
10
13
8
3
16
15
13
11
13
10
14
8
-8
-2
-5
-11
-3
-5
-5
-4
1
-4
-2
-5
-6
2
-3
-3
1
-5
-1
-7
-3
3
-10
-3
-7
1
5
1
0
-9
-5
-18
-9
-10
-11
-17
-11
-5
-11
-11
-10
0
-11
0
2
-4
-9
-12
-5
-2
2
5
6
2
12
4
2
8
-3
5
-2
-11
-8
-10
-3
-12
-13
-21
-19
-11
-13
-18
-24
-27
-28
-26
-15
-13
-14
-6
5
0
-1
3
-1
-1
11
15
12
20
10
2
3
11
14
6
14
16
8
17
14
16
8
10
9
2
13
9
16
18
13
-3
6
11
11
9
13
10
3
1
-6
-1
1
4
-14
-8
-3
-1
-3
-13
-8
-18
-7
5
-2
0
-4
4
7
10
4
2
13
17
6
1
18
16
24
34
23
-2
-28
-26
-3
25
24
26
-6
-16
-17
-31
0
19
26
4
-12
-33
-33
2
31
32
23
25
0
-6
-12
3
31
26
15
-7
-19
-36
-29
-20
-17
12
13
-11
-27
-42
-38
-20
-9
5
-2
-14
-27
-29
-31
-17
6
6
11
-19
-46
-35
-42
-24
0
-8
-10
-5
-30
-20
-7
0
8
9
11
-9
-10
-23
6
16
29
33
21
