-2
-2
-2
-4
-1
-3
-2
-16
-14
-11
-26
-21
-13
-4
-3
-6
-6
-9
0
-7
-12
-2
-1
-10
1
7
-1
1
-1
-4
-3
9
6
4
7
8
3
4
3
-3
-4
-4
-9
-14
-8
-4
1
-13
-5
-3
-2
-3
-4
-7
-7
-6
-2
1
-8
3
-9
-4
-8
-1
1
-1
2
0
-3
-12
-6
-7
-8
-18
-5
-5
0
2
-4
-14
1
-1
-4
6
1
5
5
15
6
8
6
2
5
5
0
4
8
8
2
10
5
8
4
-1
-1
-5
-1
3
5
-2
10
7
9
9
1
14
8
1
12
9
6
12
7
10
2
0
9
-1
3
5
7
4
4
11
14
14
7
3
3
3
0
-1
-5
-4
-1
15
14
11
10
-6
-7
-15
-8
-10
-14
-13
-8
-2
-4
3
5
-14
-8
0
-6
-1
-13
-1
-8
-7
-1
-5
-1
-7
-2
-5
-2
2
1
5
4
-3
-5
-8
-10
1
8
1
2
-10
-5
-5
-4
-6
-1
3
-3
3
6
10
-2
-3
-7
-3
-4
-10
-5
-1
6
9
5
-4
-4
-8
-8
-10
0
-4
-3
1
-2
12
2
3
0
3
-1
-9
-6
-12
0
4
9
2
3
3
-5
-3
-9
-5
-5
-7
3
3
0
1
-4
6
1
-6
3
4
-1
-7
1
-1
3
3
-5
-10
-14
-9
-8
-6
0
1
1
-1
-4
-2
-1
11
12
11
19
14
14
21
14
15
20
20
23
12
11
10
6
8
2
-1
6
-3
-6
-7
1
5
3
0
1
7
0
8
-4
1
-4
-5
-4
-2
-8
-13
-7
-7
-2
-9
0
1
-1
-1
-1
5
1
-6
-4
-10
-7
-12
-1
7
1
10
6
8
6
2
4
1
-1
-7
-4
-5
-2
-2
0
2
-4
-2
-2
-4
0
1
-5
-6
-4
0
9
-2
-1
-4
0
-1
-12
-1
-10
-13
-13
-10
-18
-17
-17
-7
-9
-10
-13
-13
-8
-13
-9
-14
-12
-8
-5
-6
-5
-4
6
-9
-9
-11
-9
-11
-6
6
-4
6
10
9
9
8
6
9
9
14
15
13
20
21
20
13
13
15
-1
4
-10
-2
-7
-3
-1
5
15
12
13
3
15
9
8
15
8
14
19
14
14
13
11
6
-1
-6
-7
-1
8
0
-2
-4
-9
-3
-6
-3
-9
-6
-2
0
9
11
7
8
5
3
6
-1
0
-4
-5
9
5
0
1
1
-5
-12
-3
-3
3
-2
-5
1
6
11
0
2
4
-2
-4
-4
-1
3
4
0
4
4
5
-1
-6
-10
-16
-17
-26
-16
-4
-16
-4
-5
-15
-8
-13
-10
-7
2
-9
-12
-7
1
10
8
5
-1
1
-8
-15
-7
-3
-8
-12
-6
-1
0
-8
-3
-8
-7
-3
-10
-7
-7
-10
4
9
2
5
7
6
8
9
14
17
14
6
8
13
10
1
0
-7
-5
-7
5
8
-2
0
6
6
-3
-3
-7
-7
-8
1
6
8
8
4
3
0
-6
-6
-3
1
6
12
15
6
11
14
4
10
9
10
7
-2
-4
-7
2
-10
-14
-6
-11
-8
-1
-2
0
2
-3
1
7
0
5
8
8
16
21
13
19
12
6
-5
6
11
1
10
2
7
6
13
9
3
-7
-6
-10
-18
-10
-7
-6
-4
-11
-11
-17
-9
-8
-9
-11
-13
-4
-8
-4
-8
-13
-14
-13
-9
-5
-2
-1
-7
0
1
5
3
1
4
-2
4
3
5
11
10
3
8
-2
2
5
6
13
4
5
12
9
7
6
4
-5
-8
-7
-11
-9
-4
-6
-5
-8
-3
-2
-7
-7
-8
-6
-5
-11
-19
-16
-17
-13
-1
-7
-8
-8
-14
-18
-15
-2
-3
-2
-2
6
9
2
-4
-7
-2
2
9
13
11
16
22
24
13
20
14
4
9
8
12
13
-1
3
8
0
2
2
6
7
12
10
17
17
3
-2
-2
-5
-1
-2
-2
0
8
12
4
2
9
5
6
5
0
-6
-8
-7
-15
-4
-10
-10
-4
-9
-6
-11
-16
-9
-18
-12
-10
-7
1
1
-1
-7
6
8
12
13
17
22
19
14
9
19
20
7
7
2
-7
3
1
-3
8
5
3
-1
-4
7
-6
-13
-7
-4
-2
1
6
1
-5
-3
-4
1
-2
-5
-11
-7
-7
-9
2
12
1
3
2
-5
-1
-8
-1
-4
-10
-4
-9
-11
-7
-8
-4
-13
3
0
-6
-7
-11
-18
-21
-14
-10
-7
-9
-8
-5
-4
-18
-16
-22
-12
-13
-12
-6
-4
4
-12
-4
-9
-8
4
5
4
14
13
8
7
3
5
-1
-6
2
13
8
18
14
10
15
11
8
7
9
-4
8
21
20
11
8
5
0
-3
-2
-11
-7
0
1
10
8
5
8
-1
-4
0
-4
-4
-11
-1
3
-1
-2
4
3
2
2
1
8
-3
-2
11
4
18
18
13
18
14
15
20
15
12
13
30
23
14
15
8
8
2
0
-6
2
-11
-10
-4
-9
-3
3
-4
-5
-2
-6
-8
-12
-8
-7
-8
-1
-6
-5
-8
-12
-7
-11
1
0
-1
0
0
-7
-8
-8
-10
-17
-12
-18
-12
-11
-4
1
-5
3
1
-2
-8
-9
-14
-7
-9
-5
0
1
-3
-9
-14
-5
-5
-22
-19
-15
-8
-4
-11
-6
-5
1
6
-3
-3
-4
-6
-3
-3
-2
-8
-8
-5
4
-1
-10
-5
-1
-1
-2
-3
-10
-1
5
0
4
-8
-15
-3
6
4
4
11
8
3
11
7
18
18
21
18
13
7
5
11
10
18
13
15
6
6
7
8
7
9
9
14
6
6
6
7
9
9
11
12
3
-2
0
-13
-10
-9
-9
-2
7
6
4
-8
-3
-2
0
8
5
16
14
11
-2
-3
-6
0
3
-5
0
2
6
12
14
8
11
14
19
14
5
1
0
7
7
4
-1
-7
-7
-13
-10
4
-3
-4
4
0
-1
0
-3
-9
-12
-5
-8
-7
-6
-5
-5
2
-3
-2
-8
-18
-15
-16
-15
-14
-3
-4
-4
-4
-1
-2
-9
-6
-8
-10
-3
-6
-10
-9
-12
-18
-19
-17
-15
-11
-9
-11
-17
-20
-30
-52
-77
-116
-150
-215
-407
-441
-179
199
421
570
585
286
-197
-333
125
221
185
360
189
41
-6
7
199
137
164
459
290
-37
-142
-286
-389
-218
-87
6
79
-83
-219
-231
-292
-373
-293
-127
-58
-52
6
32
-154
-275
-237
-378
-439
-444
-334
56
56
87
341
516
723
815
961
845
701
727
517
331
-7
-322
-360
-285
-62
-21
-138
-357
-649
-666
-659
-573
-465
-373
-270
-298
-343
-338
-365
-234
-26
104
212
254
182
130
81
67
228
355
379
435
410
274
136
76
100
57
8
-8
-56
-98
-117
-104
-159
-151
-124
-212
-57
15
-53
-86
-30
27
86
114
-29
6
78
47
164
234
-14
-111
9
9
25
34
50
23
-383
-506
-423
-222
105
344
526
512
503
467
492
568
524
652
574
299
133
-62
-215
-292
-182
-14
8
-27
-149
-315
-477
-543
-533
-487
-259
-206
-227
-165
-189
-219
-134
-54
10
132
151
127
70
10
27
-91
-63
185
288
264
203
77
4
-53
-63
27
85
7
-73
-187
-288
-280
-233
-208
-187
-123
-95
-169
-102
-41
-112
-133
-83
-18
51
51
-2
-59
25
124
179
227
193
106
2
25
57
122
174
157
62
25
-4
-61
-111
-153
-204
-162
21
142
139
73
-6
-93
-117
-104
6
140
133
16
-22
26
25
20
54
142
198
192
121
43
-16
2
59
67
8
31
41
11
31
25
50
82
85
41
-23
-104
-124
-183
-195
-104
6
80
93
-8
-128
-168
-150
-119
-92
-57
-80
-15
6
55
101
22
-27
8
87
118
106
63
50
61
94
126
107
75
-3
-41
-11
41
48
-39
-138
-143
-130
-139
-150
-130
-105
-76
-60
-65
-59
-58
-29
7
46
21
-39
-51
5
87
104
128
146
118
98
80
55
29
-51
-139
-179
-144
-57
25
17
-26
-80
-111
-113
-94
-10
54
96
121
101
47
7
-5
28
35
61
45
66
68
45
67
153
164
133
52
-30
-46
-15
79
175
227
150
63
-10
-136
-242
-255
-174
-29
84
38
-73
-211
-295
-213
-48
87
145
104
49
40
-11
3
77
135
143
149
152
131
56
-48
-90
-60
-1
84
94
1
-74
-52
-5
32
18
-77
-164
-152
-82
-39
-60
-40
-4
-49
-71
-17
-22
-96
-81
-33
12
-10
-103
-209
-297
-325
-229
-75
12
47
26
-27
-19
26
60
76
72
100
210
247
240
243
176
50
1
61
24
-90
-140
-100
-55
98
225
230
209
189
242
189
78
-53
-114
-98
-88
-56
-24
57
-8
-79
33
113
-89
-165
65
69
-38
-73
-63
-39
-58
-191
-111
8
-2
-119
-48
113
172
55
-270
-320
-273
-239
-148
-28
192
279
84
-11
16
-96
-119
41
168
13
-177
-90
108
176
143
20
18
188
212
40
-230
-217
114
221
38
-16
108
190
66
-207
-97
74
-161
-514
-524
-212
13
-128
-303
-138
67
186
121
61
116
154
182
244
354
464
462
391
409
441
447
390
347
337
347
297
203
164
115
83
21
-32
-61
-76
-111
-155
-188
-221
-243
-257
-268
-268
-279
-296
-303
-310
-305
-328
-299
-269
-233
-206
-214
-234
-247
-243
-253
-226
-191
-174
-150
-122
-117
-109
-131
-158
-132
-130
-137
-151
-135
-119
-107
-118
-135
-138
-122
-118
-129
-111
-104
-107
-111
-68
-12
-12
-34
-46
-25
31
17
18
34
45
90
128
108
102
120
156
171
154
145
176
203
203
187
181
193
216
205
167
158
165
188
165
140
131
132
159
144
122
159
183
188
177
155
157
185
179
167
182
205
203
161
136
135
150
123
103
83
89
117
119
68
38
61
62
69
26
0
20
29
-21
-79
-88
-62
-25
-37
-35
-7
-35
-67
-60
-27
-47
-47
-29
-2
10
-24
-30
-7
-15
-55
-54
-9
30
14
-27
-18
4
5
-49
-76
-72
-59
-80
-103
-88
-90
-103
-83
-65
-152
-236
-247
-163
-137
-188
-183
-115
-32
-70
-177
-192
-139
-102
-142
-203
-175
-24
95
65
-112
-163
-122
-65
-52
-79
-72
-153
-178
-46
130
140
103
54
118
150
127
122
149
248
258
81
-142
-131
13
47
-86
-105
1
27
-102
-289
-243
-27
45
-36
-116
-81
22
35
-87
-178
-118
-4
42
-62
-83
41
159
144
30
19
151
239
163
79
23
60
19
-52
-170
-161
-151
-105
-21
-97
-91
4
78
72
46
47
37
90
100
7
-42
-210
-207
-77
0
70
121
177
178
45
29
48
20
32
64
-26
-204
-323
-157
237
452
420
229
110
49
101
92
-134
-318
-286
30
234
86
-174
-192
96
404
472
346
252
280
262
93
-6
79
212
209
139
118
26
-117
-222
-256
-220
-127
-32
7
-100
-253
-267
-85
114
175
154
102
39
27
20
-49
-127
-148
-102
-63
-186
-247
-169
-98
-87
-50
-1
-4
-41
-101
-153
-130
-80
-92
-99
-104
-90
-97
-58
25
124
213
288
294
230
176
114
121
168
180
227
241
234
147
23
-80
-107
-47
-31
-114
-203
-214
-242
-333
-439
-363
-273
-259
-320
-447
-404
-320
-321
-352
-300
-94
112
70
21
172
367
401
307
210
286
429
383
257
257
340
287
57
-65
14
58
-33
-250
-359
-217
-147
-268
-449
-526
-513
-488
-481
-482
-420
-315
-302
-423
-551
-505
-304
-183
-193
-248
-223
-131
-113
-210
-217
-100
9
96
96
64
133
311
381
311
279
364
506
475
436
496
596
657
657
729
843
889
841
755
737
834
945
1002
1034
1085
1138
1154
1015
834
807
873
888
764
654
671
739
700
480
273
289
447
498
397
323
333
300
125
-40
-129
-157
-199
-248
-312
-484
-717
-936
-1063
-1041
-901
-874
-987
-1120
-1234
-1233
-1114
-1047
-1103
-1182
-1111
-958
-887
-915
-961
-949
-871
-751
-662
-616
-689
-852
-919
-843
-683
-600
-718
-856
-895
-809
-740
-782
-767
-732
-751
-800
-753
-653
-628
-668
-692
-628
-539
-397
-297
-390
-498
-484
-283
-73
-13
-58
-129
-172
-136
-97
-86
-31
1
36
8
-75
-105
-30
69
188
313
468
587
611
645
756
987
1250
1485
1588
1641
1726
1805
1896
1983
2043
2065
2030
1978
1899
1828
1759
1657
1565
1473
1380
1284
1135
950
782
660
583
484
371
232
43
-110
-159
-139
-107
-113
-160
-221
-275
-336
-358
-374
-379
-339
-276
-216
-228
-249
-269
-294
-321
-311
-301
-326
-387
-462
-506
-576
-653
-735
-897
-1313
-2068
-2978
-3565
-3367
-2552
-1805
-1723
-2261
-2929
-3160
-2741
-1853
-910
-208
38
2
38
264
863
1627
2244
2637
2805
2792
2795
2766
2817
3032
3220
3263
3045
2576
2086
1724
1461
1275
1053
724
288
-324
-989
-1533
-1875
-2030
-2072
-2005
-1883
-1816
-1882
-1965
-1922
-1617
-1041
-419
-20
90
71
118
344
748
1193
1500
1540
1337
1051
826
792
884
963
863
524
79
-366
-669
-799
-833
-847
-991
-1201
-1450
-1698
-1855
-1799
-1521
-1157
-874
-771
-812
-847
-797
-640
-471
-571
-1188
-2327
-3349
-3380
-2268
-929
-510
-1251
-2405
-3069
-2871
-1965
-740
270
602
249
-255
-308
322
1376
2293
2778
2838
2716
2612
2665
2967
3427
3842
3911
3596
3137
2784
2639
2585
2455
2188
1808
1365
880
405
11
-321
-608
-856
-1030
-1176
-1414
-1807
-2198
-2375
-2321
-2095
-1898
-1741
-1577
-1384
-1064
-666
-194
295
734
1061
1234
1376
1509
1681
1826
1882
1871
1733
1507
1241
1017
846
683
472
171
-191
-513
-729
-885
-1023
-1133
-1209
-1316
-1417
-1484
-1526
-1518
-1497
-1346
-1141
-872
-586
-338
-146
-36
64
180
355
401
11
-1030
-2482
-3500
-3245
-1881
-664
-739
-2093
-3651
-4404
-3970
-2648
-1139
-247
-421
-1282
-1949
-1647
-366
1209
2241
2485
2256
1961
1971
2490
3374
4188
4511
4227
3686
3278
3209
3379
3499
3329
2867
2264
1653
1133
728
405
63
-357
-756
-1068
-1338
-1716
-2140
-2411
-2475
-2343
-2134
-2022
-2161
-2559
-2819
-2503
-1494
-271
431
478
214
113
478
1284
2149
2626
2555
2061
1540
1321
1496
1764
1752
1427
887
345
-72
-283
-328
-374
-557
-903
-1248
-1475
-1545
-1511
-1448
-1439
-1473
-1488
-1448
-1353
-1189
-922
-616
-333
-74
219
507
638
642
581
174
-799
-2197
-3163
-2755
-1340
-286
-706
-2297
-3737
-4197
-3628
-2432
-1150
-463
-823
-1832
-2450
-1891
-453
986
1785
1888
1660
1459
1564
2199
3254
4169
4382
3943
3415
3195
3379
3677
3835
3686
3228
2550
1893
1460
1228
991
561
18
-432
-761
-1113
-1529
-1931
-2215
-2318
-2291
-2380
-2572
-2663
-2436
-2159
-2135
-2125
-1711
-874
-143
275
498
649
793
1111
1684
2180
2384
2239
1866
1532
1479
1633
1619
1329
944
585
227
-126
-312
-361
-534
-824
-1099
-1287
-1425
-1500
-1494
-1502
-1495
-1435
-1353
-1326
-1222
-935
-612
-407
-228
15
259
459
627
584
-161
-1667
-3096
-3196
-1765
-155
66
-1354
-3189
-4138
-3859
-2706
-1241
-169
-295
-1475
-2533
-2318
-879
713
1692
1908
1624
1172
992
1557
2778
3912
4281
3816
3105
2740
2861
3270
3670
3755
3347
2533
1707
1291
1282
1248
900
336
-183
-573
-904
-1168
-1414
-1609
-1830
-1994
-2066
-2064
-2132
-2448
-2832
-2807
-2170
-1310
-752
-641
-592
-460
-127
477
1264
1880
2016
1789
1585
1644
1891
2132
2114
1851
1498
1130
842
690
642
551
235
-164
-464
-633
-781
-925
-1015
-1063
-1167
-1318
-1386
-1407
-1377
-1261
-1094
-939
-752
-515
-306
-133
49
216
288
38
-820
-2219
-3232
-2753
-1109
-20
-604
-2195
-3438
-3717
-3169
-2017
-720
-155
-797
-1983
-2439
-1608
-121
1053
1484
1387
1103
828
959
1802
3010
3752
3571
2966
2573
2585
2870
3267
3582
3475
2854
2020
1502
1431
1557
1437
950
342
-145
-467
-753
-937
-1057
-1234
-1553
-1802
-1795
-1717
-1777
-1970
-2289
-2638
-2655
-2018
-974
-270
-206
-443
-584
-269
560
1533
2068
1947
1499
1185
1271
1658
2085
2131
1685
1119
758
654
621
611
545
243
-177
-525
-687
-737
-758
-774
-906
-1116
-1262
-1272
-1261
-1216
-1084
-955
-887
-799
-601
-301
-46
103
164
-61
-739
-1925
-2904
-2731
-1330
-77
-374
-1922
-3250
-3457
-2834
-1843
-785
-229
-756
-1888
-2417
-1656
-197
920
1310
1174
885
661
807
1566
2718
3510
3430
2847
2412
2441
2764
3177
3554
3573
3004
2109
1490
1418
1635
1673
1310
715
95
-379
-671
-792
-822
-934
-1269
-1700
-1863
-1747
-1704
-1817
-1871
-1825
-2028
-2315
-2171
-1425
-588
-259
-290
-285
-63
302
823
1375
1716
1712
1505
1374
1493
1739
1830
1588
1279
1088
928
724
532
490
341
6
-308
-505
-681
-751
-883
-919
-845
-934
-1068
-1181
-1245
-1114
-919
-852
-728
-566
-393
-266
-147
22
125
-239
-1310
-2591
-3011
-1996
-461
-55
-1225
-2788
-3520
-3189
-2237
-1084
-280
-543
-1765
-2643
-2177
-711
611
1075
943
622
404
543
1211
2300
3171
3257
2740
2284
2322
2672
3069
3462
3572
3158
2354
1690
1578
1822
2019
1834
1247
527
-61
-376
-371
-220
-261
-702
-1368
-1734
-1639
-1397
-1318
-1438
-1631
-1784
-1834
-1872
-1903
-1775
-1282
-637
-236
-177
-233
-202
84
683
1371
1743
1534
1068
836
1020
1414
1663
1569
1152
691
439
455
583
639
495
95
-336
-567
-573
-515
-507
-520
-598
-782
-1004
-1118
-1083
-945
-769
-595
-544
-571
-542
-421
-236
-22
-57
-668
-1869
-2876
-2693
-1307
-88
-393
-1926
-3231
-3414
-2655
-1518
-503
-239
-1043
-2209
-2505
-1420
138
982
927
547
316
376
872
1737
2613
2938
2626
2224
2196
2486
2783
2975
3112
3102
2728
2168
1812
1815
1969
1917
1562
1072
601
213
13
-10
-25
-281
-787
-1231
-1371
-1252
-1124
-1165
-1384
-1654
-1863
-1935
-1853
-1638
-1396
-1177
-1070
-968
-706
-372
-83
175
447
676
804
837
920
1076
1196
1234
1229
1194
1133
1031
877
780
724
662
487
258
79
-50
-159
-273
-359
-432
-573
-795
-965
-1018
-997
-942
-866
-792
-753
-736
-712
-604
-398
-186
-231
-843
-1929
-2748
-2456
-1096
-14
-432
-1969
-3140
-3117
-2216
-1091
-280
-272
-1242
-2316
-2286
-994
506
1063
707
214
66
387
1056
1909
2558
2581
2122
1789
2000
2506
2862
2998
3003
2872
2520
2109
1949
2078
2215
2071
1666
1197
750
422
271
271
241
-68
-635
-1111
-1258
-1172
-1095
-1168
-1334
-1570
-1821
-2005
-2009
-1824
-1619
-1520
-1404
-1216
-990
-781
-572
-230
146
411
525
584
707
867
1050
1202
1278
1256
1109
963
902
924
958
882
691
482
303
154
67
4
-77
-225
-448
-640
-727
-771
-805
-855
-886
-883
-865
-807
-748
-616
-455
-345
-342
-497
-916
-1631
-2286
-2169
-1200
-353
-645
-1897
-2860
-2768
-1945
-1115
-649
-731
-1391
-2077
-1962
-834
368
719
282
-166
-60
481
1172
1818
2173
2086
1780
1721
2136
2720
3003
2920
2755
2619
2506
2425
2390
2423
2335
2007
1569
1208
1005
877
690
457
158
-229
-639
-923
-938
-824
-874
-1155
-1517
-1772
-1822
-1776
-1734
-1824
-1912
-1882
-1690
-1313
-985
-809
-744
-614
-305
84
382
553
644
741
855
1026
1167
1196
1115
1008
1002
1050
1078
985
841
665
549
474
360
178
6
-166
-308
-388
-474
-623
-823
-940
-974
-893
-835
-818
-824
-777
-692
-583
-447
-334
-358
-747
-1523
-2225
-2161
-1212
-362
-625
-1793
-2746
-2693
-1927
-1085
-603
-761
-1500
-2161
-1942
-779
382
634
125
-311
-182
441
1192
1822
2102
1921
1646
1686
2208
2793
3017
2881
2651
2515
2440
2413
2438
2441
2286
1914
1511
1226
1066
914
710
489
222
-124
-508
-762
-790
-802
-900
-1149
-1415
-1582
-1651
-1636
-1680
-1851
-2053
-2054
-1790
-1372
-1066
-975
-979
-882
-602
-176
234
466
472
425
501
759
1088
1254
1178
1020
917
986
1105
1134
1041
863
682
547
490
436
347
186
-42
-229
-340
-388
-482
-605
-746
-859
-897
-876
-798
-725
-639
-618
-586
-586
-585
-590
-745
-1201
-1853
-2171
-1736
-924
-683
-1377
-2318
-2566
-2097
-1401
-925
-828
-1127
-1644
-1763
-1061
30
625
406
5
29
524
1191
1742
2049
2026
1780
1734
2095
2637
2922
2814
2568
2423
2407
2394
2372
2343
2161
1786
1376
1155
1089
1012
756
411
119
-180
-471
-669
-718
-702
-843
-1123
-1408
-1579
-1682
-1781
-1779
-1598
-1415
-1552
-1945
-2033
-1555
-848
-423
-381
-561
-730
-638
-86
663
1066
901
430
248
549
1102
1460
1385
1011
669
594
780
1054
1114
855
388
83
94
234
260
77
-207
-495
-673
-718
-666
-642
-710
-793
-872
-881
-868
-775
-620
-492
-454
-577
-728
-925
-1298
-1784
-1923
-1458
-772
-749
-1552
-2330
-2335
-1702
-1026
-667
-718
-1090
-1535
-1418
-515
488
779
375
-26
68
653
1399
1939
2122
1905
1579
1592
2057
2670
2917
2706
2342
2129
2132
2235
2311
2269
2028
1604
1233
1054
1017
960
764
464
172
-122
-399
-580
-617
-632
-763
-1056
-1382
-1549
-1555
-1453
-1454
-1741
-2098
-2223
-1894
-1386
-1099
-1092
-1178
-1166
-900
-402
75
266
166
102
296
665
987
1096
983
818
831
1014
1265
1322
1112
858
652
653
766
721
511
204
-20
-130
-206
-300
-423
-597
-791
-907
-946
-913
-915
-927
-918
-913
-884
-829
-778
-697
-584
-567
-717
-1078
-1578
-1847
-1535
-792
-382
-839
-1714
-2056
-1616
-884
-375
-256
-587
-1153
-1360
-753
288
878
665
140
-22
335
958
1603
1945
1820
1483
1323
1614
2156
2528
2491
2190
1981
1954
2005
2101
2153
2035
1716
1328
1091
1024
989
862
613
323
-11
-320
-512
-548
-567
-690
-992
-1385
-1690
-1817
-1726
-1501
-1318
-1422
-1736
-1955
-1847
-1358
-781
-467
-554
-814
-837
-437
178
661
755
506
270
336
771
1237
1362
1104
734
606
782
1068
1180
970
555
216
143
290
404
278
-96
-476
-635
-589
-471
-461
-598
-818
-972
-996
-887
-730
-630
-647
-725
-757
-673
-544
-402
-344
-491
-922
-1457
-1603
-1080
-346
-264
-939
-1663
-1766
-1300
-681
-298
-344
-827
-1364
-1295
-500
401
682
318
-93
-79
376
1018
1508
1683
1454
1165
1211
1637
2198
2439
2297
2009
1852
1867
1972
2068
2074
1897
1532
1202
1024
958
894
742
511
195
-153
-426
-565
-564
-563
-737
-1074
-1442
-1588
-1488
-1337
-1294
-1487
-1759
-1854
-1665
-1188
-791
-717
-867
-940
-684
-215
218
403
352
204
213
492
871
1104
1068
860
706
761
938
1069
1042
834
565
422
420
432
347
135
-91
-272
-365
-439
-513
-584
-687
-791
-886
-900
-869
-843
-805
-776
-749
-714
-670
-609
-497
-386
-319
-401
-649
-1051
-1380
-1265
-691
-180
-390
-1154
-1703
-1511
-892
-354
-179
-451
-973
-1280
-876
38
679
584
76
-192
70
693
1316
1626
1534
1248
1136
1414
1937
2285
2258
1964
1756
1751
1893
2028
1995
1828
1498
1183
1030
1010
1016
857
587
283
18
-188
-307
-343
-421
-592
-828
-1129
-1357
-1363
-1282
-1261
-1370
-1448
-1389
-1374
-1362
-1229
-938
-723
-679
-657
-536
-350
-112
188
390
407
328
344
528
838
1004
957
774
657
695
814
892
818
589
327
143
125
203
147
-86
-381
-544
-564
-565
-573
-671
-851
-973
-991
-898
-795
-766
-809
-853
-816
-681
-517
-401
-363
-374
-390
-487
-685
-941
-973
-659
-291
-301
-761
-1205
-1194
-808
-445
-263
-338
-663
-931
-752
-144
387
443
140
-51
107
531
1023
1314
1358
1193
1075
1239
1662
2016
2051
1849
1666
1674
1798
1883
1904
1786
1554
1271
1054
1016
999
876
621
347
104
-107
-248
-303
-337
-487
-716
-964
-1186
-1341
-1355
-1179
-1147
-1371
-1597
-1502
-1206
-985
-893
-828
-770
-737
-559
-186
133
183
108
186
398
619
783
805
730
696
743
831
901
892
760
569
421
390
388
280
87
-92
-252
-383
-468
-492
-566
-701
-835
-904
-886
-848
-822
-821
-801
-790
-708
-588
-500
-433
-389
-360
-316
-244
-257
-412
-709
-917
-800
-464
-271
-480
-939
-1205
-1068
-686
-375
-306
-495
-813
-899
-534
20
324
212
-13
-16
241
702
1104
1273
1176
1024
1088
1392
1749
1939
1878
1712
1635
1673
1787
1849
1784
1613
1373
1164
1043
994
916
771
549
300
47
-146
-239
-342
-512
-758
-933
-1036
-1131
-1233
-1313
-1290
-1226
-1187
-1203
-1198
-1170
-1057
-837
-573
-407
-379
-404
-273
6
286
426
411
356
379
554
748
845
792
637
495
475
585
621
510
297
82
-41
-66
-55
-118
-239
-395
-549
-592
-544
-523
-564
-647
-707
-696
-631
-587
-559
-530
-498
-469
-422
-349
-297
-274
-247
-242
-270
-379
-599
-822
-834
-569
-350
-485
-850
-1074
-1004
-763
-493
-375
-476
-739
-857
-573
-80
222
213
86
53
280
649
1017
1227
1200
1089
1138
1368
1682
1859
1843
1712
1604
1645
1728
1784
1733
1590
1384
1175
1070
1038
937
740
554
350
143
-36
-180
-269
-384
-547
-801
-1095
-1288
-1246
-1068
-1002
-1091
-1225
-1281
-1304
-1171
-880
-634
-587
-655
-634
-443
-188
56
201
192
108
114
273
472
604
613
501
385
400
462
522
505
361
191
59
-2
32
41
-82
-288
-448
-509
-511
-492
-498
-568
-672
-714
-673
-625
-587
-574
-586
-561
-525
-447
-403
-371
-310
-257
-197
-184
-258
-422
-601
-652
-515
-313
-287
-529
-805
-878
-712
-454
-315
-355
-500
-637
-582
-237
125
247
174
94
204
465
786
1013
1100
1073
1055
1170
1386
1628
1723
1711
1656
1605
1630
1663
1655
1594
1466
1296
1119
1020
926
835
658
454
246
45
-116
-288
-465
-592
-655
-749
-916
-1088
-1159
-1110
-1020
-1005
-1023
-1090
-1144
-1087
-891
-656
-529
-558
-599
-500
-261
-35
97
140
105
116
206
395
548
527
399
312
311
373
426
381
266
134
38
-20
-25
-37
-146
-279
-377
-417
-421
-435
-437
-452
-469
-497
-520
-509
-495
-455
-423
-381
-369
-375
-351
-280
-202
-168
-175
-230
-285
-348
-417
-466
-471
-442
-491
-575
-690
-743
-647
-520
-462
-510
-569
-561
-435
-234
-60
17
32
48
189
430
666
827
892
954
1029
1172
1364
1499
1564
1553
1543
1566
1620
1649
1601
1494
1352
1217
1103
1025
940
792
587
408
228
77
-60
-204
-353
-509
-710
-929
-1088
-1061
-927
-878
-989
-1194
-1264
-1161
-981
-750
-647
-667
-721
-682
-459
-156
14
6
-78
-54
102
296
472
509
426
332
331
433
552
556
410
222
154
157
175
143
35
-106
-248
-326
-321
-292
-315
-405
-479
-518
-509
-486
-447
-429
-445
-478
-477
-445
-409
-378
-350
-316
-295
-280
-238
-171
-179
-220
-302
-373
-428
-427
-401
-402
-449
-528
-617
-600
-493
-393
-371
-428
-464
-415
-257
-59
91
156
183
234
380
606
800
920
969
997
1102
1232
1380
1501
1523
1486
1463
1467
1483
1460
1381
1257
1111
973
867
751
617
456
290
142
-1
-131
-260
-417
-624
-797
-886
-866
-834
-880
-999
-1097
-1117
-1004
-799
-708
-759
-825
-785
-581
-311
-189
-182
-255
-258
-107
138
303
295
221
181
234
365
485
466
331
194
182
248
278
241
102
-53
-138
-146
-129
-154
-253
-340
-416
-440
-409
-404
-410
-444
-475
-472
-457
-443
-413
-377
-350
-322
-312
-315
-314
-266
-192
-176
-220
-268
-309
-301
-283
-271
-271
-314
-350
-400
-392
-361
-343
-324
-286
-249
-214
-181
-123
-13
85
173
258
363
458
563
683
814
927
990
1042
1111
1182
1223
1265
1271
1276
1260
1232
1218
1179
1107
991
880
762
672
574
454
311
174
42
-98
-217
-300
-392
-521
-620
-698
-747
-778
-791
-789
-778
-801
-826
-777
-738
-688
-625
-607
-547
-494
-437
-362
-286
-192
-131
-108
-87
-26
44
117
160
158
143
124
139
196
215
176
94
6
-20
14
27
1
-88
-168
-211
-228
-215
-184
-234
-319
-353
-349
-321
-313
-312
-310
-306
-307
-297
-295
-285
-276
-265
-277
-299
-301
-289
-282
-278
-265
-289
-339
-352
-316
-255
-208
-198
-175
-146
-108
4
110
149
159
190
270
398
522
603
651
684
736
811
892
961
981
981
966
961
975
988
970
944
884
788
719
634
550
475
371
273
170
70
3
-63
-147
-235
-324
-398
-456
-474
-515
-551
-576
-597
-579
-554
-533
-517
-506
-502
-466
-397
-318
-248
-203
-171
-138
-106
-54
9
60
80
87
98
129
154
154
131
81
24
-11
-12
-4
-30
-93
-181
-231
-236
-232
-232
-268
-346
-387
-402
-359
-327
-337
-385
-441
-398
-368
-324
-316
-347
-366
-351
-299
-255
-224
-265
-300
-303
-290
-269
-271
-255
-226
-226
-231
-201
-126
-82
-57
-4
29
72
139
211
323
417
451
487
555
634
684
732
765
791
809
843
887
908
892
830
796
767
744
726
676
586
513
442
361
282
223
129
19
-67
-134
-187
-233
-280
-361
-414
-443
-451
-459
-474
-492
-476
-470
-432
-370
-319
-292
-275
-247
-196
-128
-53
11
46
79
97
115
139
154
162
156
123
91
62
72
51
19
-35
-93
-133
-168
-188
-227
-243
-300
-345
-366
-367
-363
-375
-392
-418
-417
-409
-396
-379
-357
-356
-359
-332
-318
-283
-239
-218
-230
-247
-251
-200
-143
-108
-101
-90
-75
-47
6
60
97
96
94
82
114
162
186
210
219
222
218
273
318
336
357
339
331
360
386
398
421
424
408
399
406
415
422
422
422
382
352
351
334
316
294
257
212
185
177
160
137
94
55
13
-37
-39
-48
-60
-78
-110
-134
-148
-147
-138
-127
-108
-107
-111
-84
-78
-63
-39
-46
-39
-14
-25
-15
-24
-27
-28
-31
-43
-55
-73
-77
-83
-126
-161
-192
-191
-206
-212
-232
-254
-272
-291
-306
-324
-327
-374
-381
-373
-367
-361
-377
-407
-400
-365
-346
-332
-336
-327
-312
-287
-240
-198
-179
-168
-154
-140
-91
-45
-21
11
26
66
115
158
191
212
238
273
283
305
342
343
346
360
381
412
416
383
344
344
327
307
304
295
261
246
250
247
254
217
178
153
135
137
139
116
94
78
64
69
69
75
54
28
32
36
50
91
111
83
62
63
69
84
86
70
49
43
51
53
63
48
50
28
20
30
19
6
-10
-41
-42
-46
-67
-85
-128
-145
-185
-201
-205
-214
-227
-257
-259
-277
-289
-289
-316
-339
-355
-376
-364
-355
-355
-364
-362
-354
-330
-296
-283
-286
-300
-299
-253
-205
-194
-183
-170
-156
-124
-99
-86
-56
-15
5
37
64
88
112
128
146
164
177
181
202
222
250
259
245
233
253
287
306
291
268
266
270
272
282
254
232
219
209
207
189
187
162
151
146
142
134
97
85
71
59
54
54
38
16
25
39
42
49
23
24
21
37
74
61
73
69
72
85
92
98
103
101
92
99
96
79
82
74
78
74
42
-8
-51
-71
-92
-87
-108
-142
-189
-220
-216
-238
-251
-254
-275
-290
-285
-279
-270
-266
-272
-269
-273
-278
-274
-274
-256
-252
-212
-191
-179
-179
-187
-178
-155
-132
-119
-114
-105
-84
-66
-32
-19
-16
-9
14
13
28
35
20
52
64
86
109
119
139
139
159
187
195
184
189
176
196
212
192
170
151
155
177
183
181
143
115
113
89
109
103
86
46
27
50
46
24
18
-3
-21
-24
-26
4
16
-2
1
23
33
42
52
63
64
65
74
103
102
108
108
116
108
107
110
115
108
93
85
56
49
40
35
25
1
-15
-36
-71
-77
-97
-121
-128
-148
-149
-152
-160
-161
-151
-163
-172
-163
-160
-143
-132
-131
-108
-105
-119
-111
-104
-93
-100
-111
-96
-108
-85
-75
-74
-75
-92
-78
-90
-62
-42
-48
-39
-44
-41
-35
-2
7
16
46
30
47
76
104
109
105
107
116
143
146
155
156
140
123
108
116
121
108
99
67
44
44
30
25
8
-10
-20
-29
-23
-18
-16
-21
-40
-43
-47
-39
-30
-30
-29
-29
-42
-39
-21
-9
-1
7
13
12
16
6
19
28
22
34
42
38
39
48
49
37
21
13
23
18
29
19
4
8
16
11
6
-8
-29
-33
-23
-21
-32
-26
-30
-47
-39
-38
-38
-27
-37
-36
-38
-39
-25
-17
-20
-13
-31
-28
-6
-6
5
-1
-17
-9
-15
-28
-4
7
0
-6
-4
1
1
7
9
4
-3
-7
2
14
16
13
14
11
10
19
22
23
23
19
29
50
41
50
64
51
31
13
4
8
24
4
7
14
10
4
-17
-30
-39
-48
-57
-62
-58
-51
-64
-56
-57
-69
-61
-49
-42
-30
-31
-18
-23
-21
2
9
6
3
17
21
23
35
49
47
40
51
47
44
21
32
43
42
27
13
11
10
3
11
19
2
-11
-37
-37
-18
-11
-7
-12
1
2
-13
-13
-17
-23
-28
-21
-12
16
16
9
21
12
14
16
10
22
29
29
28
23
7
-6
-19
-5
6
-7
-16
-27
-33
-21
-14
-11
-9
-25
-17
-10
0
2
-5
-3
18
22
32
27
28
37
50
51
41
44
44
52
58
45
43
49
55
46
33
16
-5
-20
-41
-43
-48
-55
-73
-80
-80
-100
-95
-104
-102
-93
-85
-75
-59
-41
-33
-24
-19
-2
1
14
27
30
25
25
37
22
19
25
8
14
-2
18
27
35
27
8
3
-2
-1
16
18
10
21
19
24
24
6
0
-2
6
5
16
35
34
27
27
18
20
40
34
32
27
32
20
36
38
23
15
12
17
9
-14
-12
-14
-23
-8
-13
-28
-39
-43
-39
-54
-55
-61
-75
-74
-52
-32
-35
-21
-16
-11
7
31
29
35
37
36
51
63
62
55
71
64
51
56
55
33
31
24
9
-2
-11
-20
-31
-33
-50
-46
-63
-66
-73
-87
-86
-80
-62
-57
-56
-47
-44
-30
-13
-18
1
-13
-33
-15
-16
-8
8
4
18
40
29
28
40
40
20
31
27
29
25
31
40
25
17
23
20
3
-7
-13
1
-1
3
35
36
40
28
6
18
22
14
22
22
15
12
11
22
14
8
-13
-25
-30
-26
-17
-4
3
-12
-17
-10
-17
-9
-17
-20
-31
-18
-18
-24
-22
-15
-12
-24
-11
-16
-13
8
20
12
8
21
31
28
31
59
60
44
48
58
42
32
22
29
26
15
5
2
-8
-22
-17
-13
-4
-11
-10
-9
-15
-23
-32
-38
-48
-37
-30
-36
-37
-48
-50
-36
-35
-29
-26
-21
-30
-1
-22
-16
-10
-9
-13
-14
-5
5
10
-8
-13
-15
-10
-15
-12
-17
-8
1
10
10
12
5
5
3
4
12
12
12
28
34
24
25
30
35
26
42
33
35
40
36
35
43
36
22
10
9
-4
-32
-31
-37
-37
-30
-28
-33
-39
-27
-13
-20
-44
-44
-34
-25
1
4
9
-6
-14
-4
6
10
33
28
12
14
32
36
25
32
24
7
20
28
5
13
-3
3
16
14
3
-1
0
-3
-2
-16
-7
-4
1
-8
-6
-17
-12
-12
-10
-2
0
-1
-1
2
1
14
6
11
0
4
8
11
19
15
5
17
16
16
22
16
15
4
0
-3
8
13
13
18
16
13
2
4
2
-8
-3
11
0
-1
-1
-5
3
-11
-5
-17
-26
-28
-28
-44
-42
-38
-48
-44
-33
-33
-34
-33
-41
-27
-30
-29
-5
-6
-2
-10
-8
1
1
15
0
13
25
34
46
58
65
61
57
40
39
28
30
22
11
4
-6
6
-3
-18
-11
-13
-20
-31
-30
-25
-21
-24
-18
-37
-28
-26
-24
-6
-17
-14
-29
-27
-20
-19
-17
-16
-12
-9
-5
-4
-2
-5
13
-2
-13
-5
-11
-3
4
3
0
15
30
36
24
30
24
18
34
50
46
45
59
33
28
31
44
31
20
30
18
22
9
6
-3
-9
-22
-27
-22
-34
-29
-23
-20
-30
-42
-43
-47
-48
-49
-42
-30
-24
-26
-24
-13
-7
-14
-12
-1
9
4
8
8
11
12
8
26
37
38
43
36
34
48
43
39
58
46
35
40
44
44
21
14
14
11
0
-2
-3
-5
-9
-17
-19
-18
-30
-21
-13
-17
-16
-17
-25
-30
-34
-20
-17
-32
-30
-34
-32
-28
-22
-39
-37
-32
-35
-34
-16
-6
9
1
2
0
-6
4
0
-5
2
10
5
8
11
18
18
11
12
18
23
18
15
21
15
14
17
11
15
8
3
2
1
-7
-24
-25
-27
-15
-2
-1
-24
-28
-27
-34
-33
-26
-23
-26
-28
-29
-18
-30
-24
-12
-23
-11
13
-3
0
1
-3
11
9
8
22
26
23
29
22
32
40
53
46
38
56
50
44
34
35
44
47
51
51
53
55
56
36
34
37
22
12
13
2
-3
-7
-23
-19
-24
-27
-28
-30
-38
-48
-56
-54
-48
-44
-37
-40
-36
-45
-32
-19
-27
-35
-31
-21
-11
-4
-6
12
16
4
15
30
17
31
31
23
16
19
26
15
17
10
16
1
-3
-5
5
-3
-11
11
0
-2
0
-1
-21
-23
-26
-25
-22
-31
-28
-24
-10
-17
-27
-30
-35
-43
-36
-31
-28
-28
-18
-16
-12
-7
-7
1
2
-1
-14
9
8
24
17
33
35
27
41
23
24
25
23
32
26
16
25
15
23
16
28
45
38
23
23
12
5
10
5
-4
-9
2
-10
-7
3
-16
-16
-16
-20
-25
-17
-19
-30
-13
-23
-28
-30
-29
-29
-22
-19
-27
-22
-13
-8
3
10
8
21
15
9
-5
23
31
26
39
29
23
23
23
18
34
39
49
44
41
38
28
26
21
21
13
18
14
17
9
-2
3
-14
-21
-17
-16
-27
-17
-29
-29
-8
-14
-29
-39
-47
-42
-29
-37
-24
-18
-16
-14
-23
-13
-10
-16
-6
-17
-15
3
17
19
19
22
30
16
23
10
0
6
13
5
-6
5
4
5
7
2
-4
8
-4
1
6
-4
2
-7
0
-13
-25
-27
-32
-29
-22
-21
-10
7
-8
-5
-11
-19
-28
-29
-37
-36
-14
-20
-20
-12
-3
-4
-17
-15
-20
-20
-17
-12
11
22
26
47
22
24
14
3
19
9
21
15
15
20
21
9
-2
-3
4
0
0
20
17
12
26
13
19
10
15
14
0
-9
-10
7
14
19
3
-16
-12
-5
-6
-6
8
7
3
5
-5
-6
5
9
-3
8
5
1
-8
-5
6
16
20
24
24
25
24
19
23
19
24
21
21
22
12
18
25
29
16
15
19
7
11
-8
-2
-1
-8
-2
-12
-5
-9
-37
-31
-43
-52
-35
-31
-36
-34
-41
-36
-30
-17
-15
-22
-13
-17
-8
-13
-14
-14
6
7
-4
6
8
13
24
14
12
28
30
15
15
23
18
14
12
12
2
1
-6
-16
-8
1
-15
-9
-9
-15
-23
-19
-28
-4
6
-7
-5
-11
-13
-15
-21
-16
-11
-12
-4
-8
-2
5
8
10
-9
-8
-9
-8
0
-2
2
1
3
-3
5
-2
1
0
-10
-6
0
5
18
16
13
13
9
15
7
0
5
6
-3
5
10
-11
5
5
-4
-11
-16
-2
-5
-5
-3
2
-9
-19
-5
-2
-3
-3
-2
5
9
13
12
-1
-9
-5
0
-1
-7
-1
-1
5
-2
4
8
3
0
1
7
8
19
7
16
18
17
27
23
18
12
17
9
17
24
28
27
20
11
11
13
12
10
1
2
7
4
21
19
18
18
9
12
6
4
4
7
3
-5
11
-3
-13
-15
-13
-24
-25
-17
-31
-15
-13
-8
-5
-3
-6
-21
-26
-12
8
-5
-3
-7
-9
-1
-3
-7
-9
-14
-23
-18
-18
-22
-33
-35
-38
-27
-23
-32
-25
-21
-18
-17
-9
-10
-14
-8
-11
-11
-3
-8
6
12
-6
1
15
7
-2
-3
-3
2
1
2
1
-10
-3
5
-3
10
5
6
10
11
20
19
24
17
2
8
6
10
4
11
-4
-2
-7
-18
-10
1
11
1
1
-2
-1
-1
-2
-3
5
8
15
-1
16
34
16
26
27
25
28
29
27
21
18
11
21
17
15
12
30
34
19
29
11
11
14
2
-9
8
-10
-5
8
-1
-6
-11
3
-11
2
14
10
9
7
4
0
-11
-19
-25
-22
-31
-26
-22
-13
-15
-28
-19
-21
-25
-22
-14
-19
-11
-12
-23
-11
-24
-21
-11
-21
-22
-10
-4
-9
-4
2
12
5
2
6
2
0
-3
6
13
14
15
20
21
13
14
9
4
14
13
2
10
7
3
-10
-14
0
-17
-17
-1
-13
-6
-9
0
-11
-14
-10
-19
-9
-10
-1
-1
4
-9
-3
-2
6
1
0
-1
-9
4
0
11
1
1
9
-3
14
11
5
2
4
-1
0
7
1
14
3
1
9
-4
-2
4
6
6
4
12
8
9
6
15
6
2
6
8
14
-4
-10
-1
-5
-15
-9
-3
-2
-11
-13
-17
-22
-24
-32
-22
-12
-20
-16
-2
10
-5
5
17
13
4
11
8
13
19
23
16
19
26
14
21
12
21
25
6
14
18
11
14
16
21
9
11
12
1
12
5
-3
0
10
4
-3
5
3
5
-2
-6
-5
-4
-15
-23
-20
-20
-16
-13
-23
-24
-15
-14
-16
-19
-25
-16
-6
-8
-13
-12
-6
-9
-6
0
-7
-7
2
3
0
12
20
17
19
14
-3
13
7
3
1
-2
9
6
10
1
16
15
7
-2
-1
