-11
-9
1
3
12
4
-3
4
14
5
13
15
18
16
10
33
16
25
26
20
11
-7
10
15
21
8
-10
-6
4
2
5
4
-10
-19
-16
0
-1
7
-2
-2
-4
-14
-7
-12
-14
-9
1
-7
-10
-24
-18
-21
-32
-25
-17
-17
-9
-3
-15
-12
-18
-22
2
20
25
36
23
26
13
19
31
28
23
26
33
31
25
10
-1
1
1
2
2
-3
4
-12
-21
-12
-11
-7
1
0
-5
-12
-12
-25
-13
-5
1
-3
-3
-5
2
8
9
12
5
7
-6
5
8
15
15
-9
6
4
-14
-22
-13
2
2
7
18
23
26
16
10
6
14
21
17
26
16
15
5
-3
4
-6
-7
-7
-2
-5
-6
-3
-5
-19
-28
-27
-32
-31
-24
-29
-23
-16
-19
-31
-31
-23
-16
-26
-19
-22
-25
-17
-19
-4
-21
-11
-10
3
-4
-17
-6
-5
-4
-3
-3
-2
2
11
16
23
19
25
13
11
20
28
31
28
21
11
24
24
31
22
16
16
17
7
10
-1
-10
-9
-12
-13
-8
-4
6
-2
4
11
-3
5
0
0
4
-4
5
22
18
5
0
2
-8
-15
-6
-21
-18
-12
-19
-10
-23
-3
8
18
18
4
9
19
5
1
3
-10
8
9
17
19
24
22
5
1
2
-10
-13
-14
1
3
-6
12
13
11
-21
-14
-3
8
21
11
13
2
-3
-11
-18
-18
-10
-10
1
4
-7
-3
-12
-17
1
-4
-9
-14
-11
-3
0
-6
-6
3
-11
-10
-16
-13
3
8
-6
-6
3
3
-7
-10
-8
-1
2
10
21
11
9
1
22
15
20
16
5
3
-23
-23
-26
-26
-25
-29
-21
-25
-12
4
11
5
-17
-12
-15
-9
-6
9
11
24
19
11
15
-6
-5
0
10
8
8
-5
8
12
11
6
-4
-13
-25
-14
-23
-21
-19
-12
-12
-14
12
7
11
17
12
10
16
26
29
32
38
30
26
9
2
-8
-12
-9
-2
14
3
7
16
17
14
17
31
14
4
21
34
13
2
1
2
12
1
10
6
-7
4
-6
-8
-1
1
-14
-17
-13
-32
-16
-15
-26
-19
-17
-16
3
1
-3
-15
-14
2
3
-6
-21
-3
-4
-1
5
-3
-7
-9
3
-1
-2
1
0
-7
-15
-2
13
-2
-15
-10
0
9
26
23
22
22
14
14
3
8
7
-2
10
3
-5
-8
-15
-17
-24
-31
-14
-3
2
-8
0
-19
-35
-24
-17
-16
-23
-28
-27
-11
-9
7
-1
-6
2
-6
-6
-4
-7
-3
11
3
-4
2
11
8
5
15
-4
-7
8
14
7
4
4
3
29
29
23
28
28
24
26
15
18
22
12
14
11
-7
-13
-4
-12
-20
-30
-22
-9
7
19
14
0
-6
-26
-31
-14
-10
-23
-20
-7
2
7
1
-1
12
4
-3
-4
0
15
13
12
26
23
18
7
-4
-9
-16
-2
-5
-5
1
-10
2
10
4
-3
-10
-9
-5
17
23
16
13
30
37
47
44
30
14
-5
-21
-24
-18
-16
-17
-18
-13
-15
-12
-19
-13
-6
-7
0
-1
-1
-1
2
-6
-20
-14
-7
-12
-27
-18
-16
-8
2
3
-1
0
9
-11
0
18
1
-3
9
2
-10
-2
13
12
19
22
-10
-6
10
10
23
27
17
10
14
18
12
0
-28
-34
-6
9
0
-7
-16
-4
-3
4
0
-7
7
5
3
-6
-1
3
2
-1
-2
6
12
1
-10
-20
-9
-1
-9
-9
-14
-13
-11
3
-8
-25
-20
-26
-31
-22
-21
-2
-10
-24
-9
2
16
16
9
13
3
9
18
4
15
17
10
7
18
8
-8
-6
7
-2
-13
-1
3
9
9
13
3
10
10
20
11
-2
22
37
37
28
21
24
4
16
18
17
17
3
5
5
-12
-29
-21
-24
-31
-31
-31
-21
-12
-4
0
-2
-7
-15
-10
-9
-11
-11
1
7
10
18
9
-2
30
32
16
17
5
-7
7
9
4
9
9
8
8
-14
-19
-6
-3
-6
-12
-10
0
0
-22
-17
0
7
-9
-4
-1
-5
-8
-3
16
0
-8
-18
-23
-29
-32
-21
-14
6
2
-2
2
6
3
-13
-22
-28
-21
-19
-12
-18
-11
0
0
1
15
23
14
7
20
29
15
5
13
17
20
9
7
5
15
6
-3
-1
-15
-14
-38
-31
-28
-11
-1
25
26
20
29
12
3
10
28
22
14
15
8
9
16
6
9
8
-2
-11
-24
-25
-24
-14
-1
11
-4
-15
4
-4
-19
-37
-42
-31
-11
8
5
3
16
17
9
23
20
18
13
1
-12
-14
-8
-18
-2
9
8
-8
-10
-17
7
14
13
21
-1
9
26
36
37
33
6
-3
-6
-6
5
-3
8
12
9
-3
-10
-9
-5
-18
-2
12
11
8
2
-1
1
-18
-39
-29
-24
12
25
25
6
-2
-3
-4
7
3
-8
-10
-15
-20
-20
-20
-8
6
20
-1
-1
-8
-20
-27
-35
-21
-7
-13
-19
-19
0
18
18
16
9
20
2
7
10
-12
-19
-18
-15
-17
-4
-5
-13
-3
20
29
27
26
28
6
-7
-13
-6
-7
-17
-22
-17
-5
9
15
9
12
17
7
8
-8
-3
11
23
17
11
11
14
-1
-16
-27
-29
-3
16
2
0
13
15
5
-5
-1
2
7
6
4
0
3
16
26
35
31
15
8
2
-10
-4
-12
-16
-9
-17
6
40
33
13
22
17
14
12
7
9
17
16
7
4
7
-7
-15
-25
-24
7
6
2
-17
-17
-20
-23
-18
-27
-20
-38
-59
-65
-19
-6
2
10
13
16
-1
-6
-13
6
13
3
5
7
15
34
39
4
-12
-40
-38
-31
-18
-4
-4
3
11
24
40
44
32
28
-10
-20
-13
-18
-24
-17
9
30
42
29
32
22
12
13
6
17
16
-8
-34
-53
-46
-33
-32
-16
-4
-20
-52
-40
-29
-34
-46
-59
-50
-25
-35
-65
-50
-37
-39
-27
-1
-7
-5
-12
-28
-29
0
19
39
49
43
10
0
1
-2
1
22
47
58
65
54
62
54
53
48
58
52
23
12
1
2
13
26
26
2
-14
-13
-6
2
-2
-13
-33
-54
-53
-40
-23
-9
10
15
5
-3
-19
-24
-6
9
1
-1
-24
-28
1
16
18
9
11
31
26
5
-11
-4
-1
7
-2
-1
12
25
42
51
48
30
35
43
71
64
52
23
-1
5
12
19
17
13
-7
-13
1
8
3
25
24
13
7
-24
-7
0
-17
-28
-45
-30
3
15
14
2
-24
-54
-41
-37
-48
-46
-31
-22
-33
-10
5
12
6
-26
-38
-43
-30
-5
3
-14
-22
-20
-21
-10
-4
-20
-38
-32
-18
-30
-50
-54
-27
-9
-18
-11
3
-2
-2
-3
17
22
1
-41
-66
-45
9
60
91
85
40
-7
-11
-5
4
-8
-15
-17
-30
-4
37
39
10
-3
8
18
18
27
8
-15
-26
-21
13
35
36
38
36
10
-17
-36
-35
-26
-17
-8
-34
-2
30
54
83
84
45
22
35
47
47
43
21
-2
1
-22
-13
-4
11
35
32
23
-5
-13
1
18
18
5
-2
-4
25
28
25
24
30
53
66
82
76
24
7
2
-14
-8
-5
-8
-8
-4
-3
7
-12
-28
-18
-43
-43
-38
-45
-22
18
42
4
-29
-25
-42
-47
-44
-43
-53
-47
-24
-12
14
21
17
-7
-53
-85
-79
-72
-51
-46
-46
-36
-45
-51
-31
-28
-43
-18
-4
-3
-31
-67
-65
-71
-64
-55
-69
-55
-26
-28
-24
4
8
-2
-9
-2
13
49
72
51
17
-28
-21
21
10
-48
-40
-17
31
80
80
43
-10
-31
-31
7
61
72
52
89
100
106
80
0
-49
-52
-29
-10
0
-5
-4
36
81
131
118
18
2
39
65
14
-31
-72
-79
-50
-11
63
101
98
112
93
23
-34
-52
-19
-6
10
33
35
53
32
-3
-1
21
37
28
-35
-45
-21
-28
-41
-74
-109
-68
-17
15
12
-16
-13
12
78
135
147
64
-20
-66
-60
-30
42
65
11
-56
-80
-59
-57
-7
-10
-52
-19
-9
-52
-66
-38
-12
-27
-52
-40
42
119
190
157
84
-22
-86
-60
-24
-18
-61
-85
-50
-6
10
-3
-15
7
-1
27
85
93
11
-28
-37
-35
-32
-30
9
-2
3
30
90
134
103
30
-49
-58
-3
38
47
-27
-37
-3
28
42
-9
-33
-56
-50
-28
-15
-31
-33
-68
-76
-5
86
138
74
-7
-39
-41
-76
-78
-115
-115
-84
-93
-94
-72
-34
29
32
-55
-178
-166
-20
94
135
112
39
-26
-29
-4
6
-17
16
42
76
161
187
120
13
-79
-174
-186
-94
-27
28
28
-32
-12
25
63
96
100
19
-12
16
0
-28
-39
-37
-33
10
89
97
55
55
90
68
47
36
45
102
53
-31
-6
70
97
14
-79
-152
-147
-73
20
41
24
21
-21
13
21
-13
-21
-47
-65
-64
-75
-49
-2
40
68
95
86
61
-60
-170
-185
-145
-29
65
54
-42
-89
-46
55
54
106
158
112
45
-17
-33
1
71
63
22
-28
-74
-48
36
19
-87
-111
-122
-146
-178
-141
-57
27
112
161
135
66
92
125
125
38
-27
-80
-112
-109
-72
16
23
41
72
66
20
7
36
-7
-26
-42
13
30
11
18
53
130
84
31
-90
-172
-129
-47
59
76
60
-10
-66
-65
-40
-1
10
1
30
98
141
141
76
-57
-111
-91
-71
-81
-77
-2
86
130
58
5
-2
-11
-3
-22
3
68
-4
-100
-121
-74
-59
30
71
49
13
-26
-14
-59
-35
27
35
-12
-78
-101
-33
84
65
-77
-179
-164
-142
-85
166
271
87
-89
-88
2
26
18
25
91
108
42
-44
0
124
167
104
19
-38
-44
-16
-29
-69
-65
-75
-33
-36
-38
-24
-2
8
32
71
30
-13
-17
-10
-16
-48
-105
-96
-115
-89
8
119
132
-32
-97
-54
-18
-22
-68
-86
-16
105
149
195
209
171
101
-2
-36
-49
-122
-155
-79
71
224
261
179
-9
-78
-6
89
103
60
81
135
80
-161
-376
-396
-273
-72
54
82
112
93
29
-69
-67
4
17
-72
-97
-56
-33
15
60
23
40
103
210
295
213
58
-76
-106
-116
-114
-80
-11
-36
-113
-178
-247
-168
15
161
235
198
-1
-172
-139
-23
42
77
47
19
17
6
12
-41
-23
28
24
-62
-88
-49
2
33
1
-67
-32
119
245
137
-110
-263
-236
-112
6
98
189
228
178
85
1
-87
-157
-45
76
55
41
151
253
182
135
124
76
-19
-155
-222
-290
-328
-303
-206
-61
28
30
-48
-116
-112
-14
76
166
197
133
84
67
49
-22
-99
-59
17
-211
-384
-344
-144
58
38
-62
-60
17
108
192
256
331
395
493
559
488
290
60
-133
-267
-327
-310
-315
-361
-373
-303
-145
28
149
182
134
47
-24
10
1
-87
-185
-232
-165
-92
-51
-5
18
11
46
156
244
267
332
418
427
285
63
-125
-207
-265
-303
-251
-159
10
135
184
228
242
191
-23
-263
-418
-424
-322
-172
-37
80
197
254
219
62
-81
-201
-300
-375
-366
-221
-37
149
254
262
274
242
134
76
38
-71
-99
-119
-142
-109
-68
10
53
52
57
44
-25
-86
-98
-81
-6
53
83
137
153
158
107
91
75
67
42
1
-42
-64
22
32
-8
-81
-118
-136
-108
-69
-103
-168
-213
-183
-79
91
208
232
173
161
162
163
119
61
26
13
-30
-89
-75
-73
-113
-170
-163
-41
101
128
94
26
-23
6
34
86
62
-17
-38
-22
-28
-72
-132
-136
-126
-61
114
281
354
315
181
30
-31
-42
-76
-117
-139
-132
-61
-13
5
4
-14
-2
17
22
-37
-141
-165
-136
-61
65
126
122
39
-65
-104
-54
-25
47
98
160
236
254
203
39
-80
-178
-250
-306
-353
-271
-106
47
126
119
97
70
56
39
-6
-99
-138
-106
-37
31
81
132
154
103
65
75
86
73
17
-6
28
54
18
-5
-62
-130
-128
-104
-81
-72
-14
60
93
48
-43
-61
-61
-61
-82
-131
-171
-161
-38
71
88
42
-41
-64
11
113
164
111
9
-76
-96
-26
9
1
-33
-28
41
85
133
115
59
26
-10
-8
-51
-71
-30
18
37
35
40
18
-10
3
-6
-4
-9
-55
-62
-16
38
90
133
109
41
14
17
13
-21
-80
-137
-106
9
76
62
-5
-50
-48
31
105
89
-2
-82
-68
10
103
162
131
35
-33
-70
-91
-100
-97
-71
-5
21
58
47
-27
-96
-142
-95
1
37
2
-2
28
85
131
107
24
-50
-117
-46
47
112
212
198
96
4
-68
-113
-32
56
41
-4
-45
-65
-29
-36
-74
-74
-36
-53
-87
-42
17
75
50
-43
-110
-128
-79
-60
-35
15
99
134
134
101
28
-93
-180
-135
-22
70
95
85
73
40
19
62
75
79
104
124
101
9
-43
-45
-32
-3
-25
-87
-176
-334
-407
-289
-100
36
85
164
217
212
155
96
50
32
56
40
15
-10
-62
-118
-185
-235
-231
-182
-41
142
232
271
239
148
97
71
106
133
48
-92
-187
-231
-198
-149
-66
42
115
132
89
52
-9
-88
-103
-85
-84
-67
-14
81
153
116
-1
-89
-105
-8
87
83
64
46
28
24
3
-82
-148
-171
-150
-108
-125
-142
-105
-29
55
63
47
80
190
264
230
60
-137
-241
-279
-199
-71
-15
27
96
203
289
248
169
100
58
-5
-100
-174
-194
-200
-112
18
119
143
74
18
35
40
34
-39
-85
-73
-57
-2
18
61
116
120
91
93
121
105
35
-44
-61
-47
-79
-168
-232
-213
-213
-165
-57
63
164
219
218
196
168
70
-54
-144
-200
-201
-156
-82
21
95
126
137
136
101
52
26
87
109
51
-32
-119
-126
-101
-56
-6
-14
-21
-5
48
105
101
54
-7
-14
21
37
11
-34
-82
-99
-79
-26
56
77
47
13
16
39
16
-46
-100
-165
-210
-221
-191
-139
-80
-50
-19
10
40
68
78
109
94
81
94
122
85
25
20
31
67
66
23
21
28
38
25
12
1
-36
-84
-96
-82
-50
-68
-76
-96
-103
-71
-3
7
-36
-11
34
144
222
261
258
208
153
78
39
14
-13
-4
-23
-26
-11
-16
-17
-63
-114
-107
-89
-90
-103
-123
-156
-139
-113
-88
-63
-14
43
93
127
129
145
118
53
30
4
14
5
-40
-49
-58
-42
-12
23
68
49
21
20
2
11
14
20
-14
-42
-67
-99
-139
-163
-153
-158
-152
-131
-106
-62
-28
3
49
66
73
76
54
50
56
66
60
56
20
-35
-62
-97
-109
-106
-52
5
43
20
-22
-44
-23
12
62
85
107
112
108
110
98
93
55
45
29
16
6
15
64
100
108
117
112
119
145
121
65
11
-14
-32
-32
-31
-23
-25
-7
42
61
66
71
86
107
96
82
62
-3
-75
-130
-137
-147
-171
-189
-198
-193
-153
-115
-90
-64
-67
-55
-42
0
26
27
41
61
70
42
9
1
-4
1
-5
-42
-52
-77
-103
-95
-95
-83
-98
-103
-133
-143
-120
-118
-80
-28
-14
11
64
88
98
95
63
58
60
49
14
-7
5
-11
-2
-1
38
69
100
132
122
119
108
90
63
32
31
53
86
123
159
170
154
115
64
21
23
34
49
75
64
72
56
52
16
-16
-12
1
9
62
126
137
168
159
144
106
83
39
-10
-46
-113
-124
-158
-182
-197
-178
-138
-109
-106
-97
-81
-68
-61
-78
-107
-121
-115
-161
-188
-217
-253
-291
-335
-399
-480
-573
-702
-832
-943
-1052
-1139
-1198
-1236
-1234
-1159
-1000
-780
-523
-235
102
454
804
1145
1426
1668
1847
1970
2036
2004
1936
1837
1703
1557
1400
1224
1048
853
689
550
393
231
60
-103
-241
-384
-523
-630
-705
-749
-757
-738
-712
-649
-607
-538
-422
-303
-178
-61
30
93
140
136
126
74
-11
-90
-190
-286
-365
-438
-511
-549
-587
-593
-592
-599
-587
-546
-513
-451
-384
-329
-283
-237
-221
-287
-456
-731
-1025
-1304
-1570
-1851
-2102
-2242
-2253
-2163
-1946
-1582
-1095
-562
-45
512
1095
1664
2109
2422
2623
2714
2708
2613
2447
2237
2009
1754
1553
1419
1304
1228
1133
1041
991
889
798
664
446
207
-112
-451
-762
-1015
-1275
-1519
-1653
-1703
-1662
-1551
-1387
-1210
-1004
-792
-560
-321
-92
93
233
376
547
708
837
957
1027
1104
1138
1162
1148
1089
963
744
508
262
12
-254
-512
-767
-973
-1110
-1204
-1239
-1217
-1145
-1046
-936
-773
-588
-434
-298
-175
-79
-2
88
141
206
239
256
298
340
394
448
487
515
509
398
101
-345
-803
-1242
-1707
-2256
-2811
-3198
-3417
-3520
-3436
-3118
-2637
-2048
-1374
-590
288
1149
1877
2439
2874
3221
3437
3440
3325
3120
2856
2537
2250
2059
1878
1692
1546
1460
1397
1311
1220
1081
872
559
164
-242
-649
-1024
-1450
-1877
-2172
-2338
-2418
-2379
-2208
-1926
-1554
-1130
-651
-127
346
732
1022
1225
1361
1422
1357
1153
921
677
465
215
51
-69
-174
-225
-208
-100
-41
12
-9
-23
-73
-163
-260
-416
-554
-711
-828
-909
-880
-775
-672
-524
-333
-119
103
288
446
553
596
583
532
456
369
213
30
-105
-207
-269
-285
-297
-273
-169
-29
76
15
-267
-722
-1108
-1503
-1997
-2582
-3104
-3461
-3667
-3721
-3550
-3090
-2505
-1850
-1103
-183
846
1802
2553
3094
3508
3811
3960
3854
3630
3299
2844
2381
2007
1743
1491
1253
1066
995
974
946
928
843
681
409
71
-270
-611
-1030
-1512
-1938
-2242
-2397
-2444
-2411
-2242
-1909
-1481
-1006
-460
123
664
1065
1363
1601
1753
1766
1593
1351
1058
751
409
76
-156
-357
-552
-657
-641
-563
-481
-420
-347
-251
-173
-151
-198
-217
-286
-357
-441
-484
-427
-391
-334
-241
-96
75
235
348
495
587
591
580
555
501
369
193
34
-99
-210
-296
-377
-387
-323
-231
-97
60
73
-202
-687
-1116
-1433
-1877
-2553
-3192
-3566
-3795
-3910
-3766
-3351
-2753
-2114
-1388
-418
690
1724
2478
3020
3487
3878
4045
3964
3726
3388
2929
2396
1977
1711
1439
1106
866
823
842
855
841
797
693
458
149
-164
-472
-874
-1376
-1874
-2203
-2356
-2438
-2461
-2363
-2041
-1607
-1122
-542
62
610
1039
1367
1679
1872
1901
1779
1537
1234
919
573
277
-9
-259
-497
-669
-686
-627
-587
-607
-568
-513
-430
-394
-361
-335
-358
-370
-384
-330
-209
-114
-81
5
163
332
475
587
655
659
641
609
608
533
387
221
51
-62
-165
-269
-371
-432
-448
-409
-290
-156
26
94
-161
-625
-1077
-1357
-1739
-2409
-3114
-3580
-3792
-3935
-3878
-3537
-2986
-2369
-1694
-781
312
1375
2192
2761
3251
3698
3983
3977
3771
3454
3034
2556
2157
1892
1605
1233
952
887
915
919
879
848
774
592
327
70
-197
-588
-1103
-1638
-2029
-2189
-2311
-2406
-2381
-2176
-1790
-1314
-770
-182
381
827
1205
1570
1854
1945
1849
1636
1372
1082
734
410
111
-208
-476
-681
-727
-721
-704
-733
-726
-642
-571
-505
-493
-474
-488
-522
-511
-417
-301
-219
-119
8
180
403
570
679
762
801
807
787
726
619
449
208
49
-83
-216
-357
-473
-518
-533
-491
-409
-274
-114
66
218
118
-295
-779
-1131
-1484
-2082
-2840
-3425
-3707
-3877
-3947
-3708
-3200
-2568
-1932
-1097
-40
1071
2011
2635
3133
3615
3990
4073
3872
3567
3217
2700
2195
1865
1588
1210
866
744
804
856
839
830
803
723
533
299
14
-337
-803
-1370
-1835
-2085
-2269
-2440
-2509
-2409
-2068
-1598
-1104
-518
94
611
1047
1473
1840
2025
1992
1811
1583
1327
980
576
231
-84
-385
-669
-793
-832
-833
-854
-872
-753
-630
-511
-469
-435
-402
-369
-325
-308
-254
-206
-139
-103
36
214
336
408
498
606
664
661
643
610
508
353
220
112
0
-164
-346
-460
-503
-489
-455
-387
-245
-53
129
130
-219
-676
-1015
-1298
-1809
-2550
-3181
-3529
-3731
-3883
-3754
-3329
-2772
-2175
-1431
-416
706
1689
2403
2940
3496
3986
4177
4064
3822
3493
3036
2543
2137
1800
1379
919
690
697
695
644
605
582
522
373
187
-28
-356
-768
-1283
-1739
-2023
-2194
-2379
-2542
-2506
-2219
-1803
-1325
-757
-128
455
928
1422
1854
2102
2115
1997
1818
1557
1202
791
399
26
-335
-595
-744
-784
-805
-816
-780
-689
-535
-431
-392
-384
-362
-356
-385
-385
-360
-347
-333
-273
-102
59
205
329
477
613
700
768
767
714
606
450
315
173
-1
-178
-363
-480
-524
-549
-524
-462
-351
-185
42
282
296
-40
-537
-895
-1160
-1676
-2462
-3124
-3485
-3697
-3860
-3744
-3357
-2808
-2239
-1495
-470
637
1631
2343
2887
3427
3927
4145
4012
3753
3422
2951
2449
2051
1753
1321
844
602
601
637
598
557
530
505
400
211
-16
-315
-738
-1260
-1707
-1991
-2181
-2380
-2561
-2514
-2226
-1796
-1312
-769
-141
417
890
1365
1813
2063
2092
1954
1773
1595
1303
863
443
70
-233
-501
-711
-771
-804
-835
-813
-699
-557
-410
-363
-375
-313
-260
-263
-275
-272
-250
-235
-178
-80
71
190
275
380
534
665
703
706
700
649
554
429
298
178
-6
-170
-303
-404
-451
-492
-506
-429
-297
-104
65
50
-271
-754
-1091
-1320
-1770
-2487
-3138
-3488
-3662
-3787
-3687
-3323
-2799
-2232
-1467
-473
591
1582
2298
2849
3410
3905
4163
4071
3810
3487
3063
2574
2168
1833
1352
879
611
560
543
493
418
390
346
261
140
-58
-352
-749
-1198
-1594
-1847
-2028
-2225
-2384
-2348
-2072
-1661
-1224
-696
-132
420
905
1370
1771
1992
1994
1876
1749
1561
1263
857
460
88
-223
-475
-684
-805
-875
-931
-928
-863
-744
-612
-563
-548
-496
-419
-400
-405
-356
-313
-266
-192
-52
111
242
341
478
615
740
804
825
812
738
664
555
410
225
29
-155
-317
-431
-485
-536
-594
-549
-444
-255
-27
117
35
-376
-801
-1057
-1308
-1928
-2727
-3266
-3513
-3684
-3781
-3586
-3143
-2600
-1964
-1117
-48
1023
1901
2530
3070
3653
4115
4200
4000
3705
3346
2880
2383
2002
1611
1095
630
458
514
487
369
316
330
326
278
136
-88
-429
-820
-1248
-1599
-1792
-1993
-2199
-2357
-2228
-1874
-1443
-1024
-542
48
561
1043
1507
1874
1995
1916
1793
1655
1459
1105
683
292
-54
-342
-594
-765
-857
-938
-1001
-963
-821
-697
-636
-617
-591
-484
-428
-396
-396
-344
-278
-260
-148
35
200
285
399
556
710
800
840
828
816
746
635
510
345
176
-31
-232
-387
-499
-571
-628
-656
-588
-448
-289
-86
87
-7
-389
-808
-1059
-1330
-1950
-2704
-3227
-3465
-3613
-3686
-3493
-3058
-2495
-1855
-1003
45
1083
1950
2561
3098
3658
4073
4139
3919
3628
3252
2760
2280
1898
1500
973
547
445
509
490
386
360
364
385
319
144
-102
-413
-814
-1239
-1576
-1807
-1986
-2198
-2310
-2168
-1815
-1434
-1019
-494
70
584
1068
1522
1863
1989
1916
1779
1666
1448
1097
678
278
-31
-301
-544
-735
-839
-916
-947
-916
-806
-698
-644
-637
-592
-499
-453
-437
-423
-367
-295
-209
-80
81
235
362
476
621
766
838
839
808
768
698
572
425
240
76
-95
-280
-418
-508
-604
-655
-662
-586
-463
-313
-121
87
65
-307
-747
-1024
-1256
-1820
-2589
-3183
-3440
-3581
-3678
-3521
-3097
-2552
-1920
-1103
-70
978
1853
2510
3056
3604
4039
4132
3911
3634
3281
2796
2291
1897
1533
1064
646
481
552
558
475
413
426
448
377
223
-61
-411
-797
-1226
-1595
-1874
-2090
-2299
-2418
-2297
-1965
-1542
-1116
-587
22
549
1030
1464
1826
1971
1915
1809
1666
1465
1130
691
289
-36
-312
-547
-737
-836
-895
-899
-847
-740
-571
-511
-503
-436
-364
-311
-308
-316
-317
-278
-215
-151
-44
106
227
319
462
613
724
771
755
747
691
577
449
291
103
-96
-272
-428
-531
-621
-690
-737
-694
-581
-442
-271
-75
-33
-318
-736
-1041
-1248
-1705
-2405
-3020
-3328
-3441
-3515
-3382
-3017
-2481
-1827
-1056
-82
942
1840
2511
3048
3565
3983
4115
3927
3623
3276
2814
2319
1900
1554
1133
687
485
510
573
517
452
434
446
407
216
-56
-404
-778
-1187
-1594
-1857
-2069
-2250
-2360
-2258
-1914
-1489
-1056
-549
44
586
1037
1425
1768
1925
1878
1700
1505
1300
957
524
113
-182
-387
-573
-707
-751
-749
-679
-582
-474
-359
-310
-326
-339
-322
-338
-395
-490
-541
-499
-456
-388
-267
-82
84
242
434
633
788
837
835
806
703
590
420
229
14
-211
-412
-562
-653
-713
-749
-766
-689
-555
-396
-229
-22
36
-200
-626
-980
-1214
-1656
-2344
-2966
-3297
-3419
-3472
-3351
-2984
-2430
-1775
-993
-44
985
1919
2599
3120
3601
3985
4119
3946
3640
3266
2815
2320
1896
1559
1170
782
587
621
683
661
581
530
523
442
242
-69
-438
-891
-1328
-1727
-2032
-2227
-2382
-2461
-2345
-1975
-1534
-1055
-544
39
589
1021
1393
1695
1832
1779
1610
1391
1156
849
443
78
-188
-384
-514
-601
-598
-556
-495
-441
-360
-263
-237
-289
-370
-389
-419
-486
-581
-625
-577
-523
-440
-260
-54
151
307
494
666
805
857
822
774
679
535
354
161
-40
-238
-415
-549
-607
-640
-681
-669
-596
-442
-300
-120
16
-35
-349
-790
-1111
-1419
-1919
-2610
-3167
-3430
-3505
-3490
-3300
-2858
-2257
-1536
-688
301
1304
2168
2828
3296
3735
4043
4073
3832
3475
3087
2643
2172
1795
1495
1109
791
672
735
791
729
647
583
493
349
104
-265
-709
-1171
-1592
-1944
-2198
-2372
-2483
-2496
-2251
-1811
-1323
-834
-282
294
823
1248
1542
1775
1824
1688
1484
1268
1009
678
326
12
-212
-353
-453
-471
-468
-429
-376
-321
-230
-194
-199
-299
-360
-413
-474
-561
-633
-630
-608
-518
-402
-225
-5
181
343
535
672
749
767
731
651
516
362
186
11
-165
-334
-480
-578
-633
-652
-641
-607
-505
-371
-217
-82
65
34
-293
-747
-1109
-1401
-1873
-2540
-3084
-3363
-3443
-3405
-3206
-2781
-2192
-1460
-640
313
1269
2098
2717
3183
3581
3864
3904
3666
3362
3001
2554
2121
1777
1513
1198
907
794
853
921
882
796
693
583
406
132
-246
-696
-1155
-1609
-1983
-2216
-2371
-2463
-2447
-2196
-1739
-1260
-775
-246
311
812
1184
1462
1655
1704
1574
1368
1133
886
611
301
52
-118
-213
-287
-295
-264
-243
-222
-224
-210
-221
-291
-436
-578
-655
-737
-820
-879
-844
-754
-623
-439
-229
0
206
381
555
704
769
751
702
608
473
330
176
23
-127
-269
-386
-472
-497
-513
-522
-524
-470
-373
-300
-171
-47
15
-159
-549
-948
-1275
-1622
-2154
-2732
-3128
-3265
-3243
-3133
-2801
-2291
-1644
-890
-62
861
1716
2423
2915
3329
3646
3796
3718
3447
3132
2767
2359
1974
1710
1477
1185
951
890
948
939
834
695
526
334
71
-267
-692
-1128
-1589
-1971
-2222
-2354
-2414
-2423
-2262
-1896
-1411
-915
-430
72
569
964
1251
1449
1515
1464
1305
1083
878
656
410
191
67
-16
-55
-57
-34
17
24
-11
-52
-92
-187
-351
-536
-709
-823
-905
-971
-987
-929
-791
-612
-383
-140
88
288
466
626
737
746
706
624
491
388
242
79
-69
-196
-322
-404
-444
-465
-482
-502
-502
-462
-383
-294
-185
-112
-156
-447
-875
-1225
-1504
-1892
-2462
-2962
-3181
-3175
-3074
-2861
-2427
-1833
-1148
-355
507
1397
2147
2703
3108
3467
3689
3691
3490
3170
2898
2533
2125
1793
1607
1396
1131
1007
1002
1019
937
793
601
382
103
-229
-609
-1066
-1497
-1904
-2212
-2359
-2395
-2357
-2259
-1944
-1455
-912
-409
68
567
981
1259
1415
1517
1476
1306
1108
885
678
450
236
90
7
-29
-32
-17
33
71
53
-15
-92
-163
-331
-556
-754
-882
-954
-1043
-1040
-968
-831
-642
-431
-163
98
322
471
612
722
755
680
564
423
303
155
9
-124
-256
-350
-429
-461
-454
-458
-493
-484
-454
-387
-327
-274
-178
-126
-286
-688
-1120
-1436
-1722
-2179
-2732
-3066
-3131
-3020
-2838
-2508
-1953
-1306
-562
224
1087
1852
2454
2900
3217
3475
3551
3409
3148
2909
2624
2249
1916
1720
1572
1376
1176
1103
1120
1069
904
707
471
171
-182
-584
-1004
-1421
-1822
-2174
-2345
-2346
-2267
-2139
-1878
-1437
-920
-414
38
485
867
1135
1280
1346
1324
1180
959
744
572
428
264
154
128
153
194
222
247
251
215
90
-55
-222
-423
-652
-877
-1045
-1126
-1150
-1158
-1038
-836
-626
-389
-121
170
397
534
621
685
657
599
488
335
202
67
-48
-137
-221
-297
-358
-422
-428
-417
-458
-500
-503
-474
-446
-438
-386
-305
-333
-541
-886
-1206
-1497
-1781
-2182
-2588
-2792
-2786
-2639
-2413
-2005
-1469
-837
-164
572
1334
1992
2501
2860
3160
3350
3329
3161
2923
2699
2426
2092
1824
1654
1521
1349
1199
1138
1078
975
786
559
300
-48
-413
-801
-1173
-1539
-1864
-2120
-2209
-2150
-2016
-1811
-1529
-1101
-634
-185
241
605
883
1039
1122
1160
1076
871
661
482
346
198
78
-5
-9
54
83
109
141
153
117
23
-99
-225
-414
-617
-791
-910
-950
-966
-893
-765
-562
-347
-123
106
326
511
587
652
646
583
476
344
205
62
-68
-191
-275
-341
-390
-429
-449
-444
-470
-511
-540
-526
-483
-461
-411
-319
-228
-234
-395
-743
-1052
-1313
-1614
-2047
-2473
-2683
-2655
-2537
-2341
-1925
-1417
-805
-129
601
1313
1919
2369
2684
2933
3084
3061
2885
2659
2449
2225
1945
1734
1614
1529
1427
1339
1281
1227
1119
924
703
404
43
-369
-772
-1136
-1490
-1809
-2042
-2109
-2012
-1833
-1628
-1306
-902
-476
-57
297
606
799
876
928
904
800
626
426
272
166
101
34
48
104
190
255
277
299
268
167
12
-163
-362
-569
-788
-942
-1013
-1030
-995
-878
-699
-465
-224
-7
227
404
535
582
578
537
449
320
207
106
-9
-114
-178
-204
-210
-223
-249
-272
-301
-343
-404
-490
-568
-594
-600
-566
-485
-368
-258
-189
-297
-539
-831
-1077
-1318
-1706
-2119
-2388
-2488
-2427
-2281
-1956
-1513
-982
-351
330
1043
1652
2142
2473
2758
2925
2943
2814
2607
2415
2181
1916
1716
1600
1491
1403
1290
1230
1192
1084
935
719
438
95
-297
-676
-1033
-1345
-1641
-1862
-1935
-1865
-1698
-1472
-1175
-831
-429
-68
265
535
683
747
744
704
609
447
289
150
78
72
88
105
184
298
396
451
445
410
290
104
-100
-336
-561
-786
-959
-1054
-1063
-1007
-891
-690
-458
-219
14
219
382
497
503
476
409
310
185
70
-38
-108
-164
-201
-190
-163
-126
-125
-137
-167
-240
-335
-459
-556
-651
-731
-738
-660
-521
-343
-180
-88
-158
-344
-561
-806
-1118
-1521
-1931
-2228
-2336
-2322
-2181
-1908
-1481
-917
-280
385
1048
1635
2085
2427
2679
2827
2803
2620
2399
2216
1991
1758
1576
1446
1370
1315
1301
1260
1223
1116
942
733
454
106
-323
-723
-1076
-1378
-1638
-1822
-1867
-1785
-1599
-1328
-1013
-666
-310
-4
259
476
608
619
579
533
429
300
181
91
66
103
145
205
311
387
436
446
415
320
164
-38
-253
-430
-621
-778
-896
-919
-871
-808
-659
-493
-295
-105
58
213
311
342
313
261
186
128
63
-9
-50
-72
-58
-31
-5
21
32
0
-77
-148
-258
-401
-542
-641
-695
-706
-655
-566
-403
-205
-32
64
-12
-242
-532
-830
-1194
-1661
-2092
-2374
-2490
-2455
-2266
-1936
-1443
-814
-132
580
1271
1823
2219
2488
2670
2713
2602
2374
2145
1952
1756
1574
1443
1403
1386
1417
1448
1445
1398
1248
1027
750
400
-38
-526
-955
-1304
-1577
-1790
-1904
-1866
-1695
-1417
-1109
-759
-410
-95
158
322
471
525
470
395
321
236
171
133
129
191
278
365
472
559
584
575
510
378
212
-35
-276
-501
-680
-818
-921
-948
-896
-765
-609
-448
-258
-96
23
121
168
191
182
133
92
51
19
19
50
95
164
203
215
213
188
100
-11
-137
-310
-471
-642
-753
-828
-842
-766
-670
-497
-277
-51
160
236
115
-166
-516
-870
-1266
-1769
-2218
-2513
-2595
-2481
-2224
-1809
-1265
-624
64
775
1413
1924
2231
2367
2468
2461
2295
2051
1806
1657
1551
1475
1471
1505
1586
1650
1707
1698
1584
1362
1031
651
224
-235
-714
-1173
-1487
-1697
-1795
-1795
-1661
-1415
-1131
-788
-442
-161
64
239
301
342
336
276
190
94
66
98
183
270
374
481
589
664
676
621
479
305
100
-112
-341
-562
-723
-846
-872
-841
-781
-664
-532
-406
-266
-168
-84
-55
-77
-81
-104
-109
-113
-87
-26
65
177
299
396
430
459
458
381
273
103
-92
-295
-474
-597
-695
-764
-807
-761
-664
-519
-375
-197
-36
120
271
324
255
-35
-423
-848
-1225
-1629
-2067
-2393
-2523
-2430
-2166
-1787
-1285
-720
-109
519
1067
1543
1841
1965
1980
1951
1922
1800
1618
1509
1493
1547
1649
1751
1841
1917
1927
1883
1763
1517
1138
677
234
-204
-632
-1035
-1349
-1533
-1576
-1520
-1386
-1181
-957
-722
-483
-282
-128
-26
5
25
38
30
24
24
62
150
292
414
543
650
700
715
680
585
413
202
-24
-224
-381
-527
-628
-696
-717
-681
-611
-514
-447
-371
-325
-298
-255
-252
-265
-264
-229
-163
-59
18
141
267
388
493
578
592
533
433
287
134
-43
-240
-426
-554
-643
-664
-661
-623
-578
-508
-424
-330
-243
-181
-132
-91
-23
26
-2
-213
-560
-912
-1190
-1437
-1737
-2011
-2138
-2084
-1862
-1531
-1109
-662
-193
295
768
1193
1476
1613
1633
1660
1700
1669
1603
1544
1537
1593
1683
1812
1889
1903
1848
1768
1641
1380
1051
630
218
-151
-496
-829
-1100
-1259
-1308
-1286
-1171
-1004
-829
-663
-489
-314
-176
-83
-77
-74
-44
-14
29
80
93
155
268
402
524
575
608
578
541
490
356
181
-14
-184
-332
-434
-491
-551
-606
-597
-543
-510
-495
-492
-487
-490
-429
-382
-325
-272
-198
-82
25
161
274
352
397
450
477
453
358
243
123
9
-81
-178
-244
-305
-336
-326
-315
-300
-293
-335
-341
-350
-338
-332
-349
-357
-326
-212
-85
-8
18
-32
-235
-510
-802
-1070
-1376
-1719
-1942
-2014
-1907
-1676
-1357
-964
-538
-47
428
878
1203
1400
1486
1528
1565
1553
1500
1451
1467
1526
1630
1752
1878
1936
1927
1861
1735
1496
1162
765
313
-100
-466
-778
-1026
-1203
-1236
-1180
-1058
-891
-728
-560
-439
-332
-239
-195
-218
-244
-268
-236
-183
-87
11
125
310
478
640
746
787
757
680
549
377
163
-57
-249
-444
-572
-650
-701
-699
-665
-605
-528
-456
-416
-384
-343
-311
-299
-299
-264
-218
-132
-35
78
188
272
344
370
406
389
338
239
135
46
-45
-133
-207
-268
-292
-296
-300
-277
-266
-244
-255
-278
-303
-333
-344
-372
-331
-256
-178
-79
42
168
253
226
41
-281
-624
-922
-1249
-1616
-1891
-1988
-1939
-1752
-1405
-1001
-554
-89
354
778
1104
1315
1377
1361
1375
1404
1389
1368
1388
1476
1601
1756
1900
1974
1935
1836
1685
1449
1115
697
261
-137
-467
-729
-908
-1045
-1073
-1015
-909
-770
-621
-529
-479
-429
-401
-396
-404
-438
-438
-368
-260
-91
80
268
449
608
721
777
798
696
540
350
141
-49
-224
-388
-487
-552
-536
-494
-439
-384
-334
-301
-281
-283
-328
-373
-445
-463
-457
-401
-338
-233
-96
75
241
362
443
485
480
400
326
229
84
-56
-169
-226
-262
-290
-290
-270
-242
-197
-177
-172
-189
-248
-287
-322
-337
-347
-316
-257
-189
-53
62
117
148
71
-154
-463
-766
-1032
-1312
-1611
-1788
-1814
-1695
-1432
-1056
-650
-256
151
531
870
1139
1258
1261
1233
1231
1234
1236
1248
1341
1476
1593
1732
1841
1883
1800
1648
1423
1134
805
430
32
-288
-531
-723
-846
-866
-835
-790
-684
-549
-449
-408
-410
-422
-420
-427
-435
-423
-370
-309
-204
-22
166
341
483
577
661
696
682
597
427
242
72
-70
-201
-295
-373
-416
-394
-359
-321
-311
-330
-348
-395
-424
-459
-499
-531
-523
-464
-366
-239
-109
22
139
261
347
371
348
279
206
118
25
-57
-141
-175
-208
-196
-171
-140
-116
-113
-112
-123
-141
-183
-229
-267
-287
-272
-248
-222
-164
-117
-85
-37
-3
-45
-163
-383
-660
-916
-1135
-1324
-1501
-1584
-1535
-1359
-1100
-755
-391
-17
311
601
871
1069
1165
1179
1178
1186
1208
1233
1283
1338
1442
1536
1615
1678
1676
1556
1373
1156
894
609
293
-24
-277
-483
-603
-671
-689
-688
-660
-585
-515
-469
-475
-484
-524
-536
-516
-510
-483
-395
-269
-84
94
302
485
618
708
742
733
643
512
358
203
69
-83
-181
-252
-302
-306
-303
-282
-265
-286
-324
-371
-423
-487
-561
-588
-605
-558
-480
-386
-253
-138
-31
69
138
174
160
115
74
17
-43
-84
-144
-155
-132
-102
-70
-31
-10
-7
12
1
-9
-56
-118
-177
-207
-202
-201
-206
-193
-180
-137
-120
-89
-58
-68
-64
-75
-106
-145
-246
-406
-549
-684
-777
-872
-918
-906
-832
-698
-498
-285
-108
86
270
454
623
748
822
878
930
979
1051
1138
1205
1270
1307
1344
1373
1334
1242
1093
918
706
490
293
78
-126
-290
-382
-450
-499
-510
-522
-481
-458
-449
-421
-399
-404
-392
-356
-327
-271
-208
-127
-13
100
204
282
349
389
386
374
336
280
206
107
33
-40
-107
-161
-217
-246
-280
-293
-314
-353
-392
-446
-487
-504
-522
-523
-495
-467
-378
-300
-209
-111
-30
34
85
127
161
160
141
149
108
60
15
-13
-44
-55
-61
-81
-112
-148
-176
-224
-280
-326
-384
-424
-450
-485
-497
-533
-579
-619
-675
-673
-684
-669
-594
-512
-360
-220
-47
136
283
423
522
625
703
753
792
837
878
907
940
977
980
989
993
973
932
884
798
687
583
434
301
165
27
-78
-173
-230
-256
-276
-281
-273
-263
-281
-301
-298
-306
-306
-291
-272
-227
-171
-103
-39
21
93
131
169
189
179
185
166
115
92
54
8
-36
-88
-116
-142
-157
-179
-182
-212
-238
-252
-272
-281
-306
-339
-382
-378
-367
-352
-308
-281
-235
-200
-142
-116
-96
-89
-79
-80
-89
-75
-60
-41
-27
-2
20
7
10
18
-17
-47
-78
-102
-122
-132
-129
-150
-132
-92
-56
-29
-5
24
56
73
88
98
103
117
117
133
126
121
129
136
146
147
143
118
124
114
104
91
73
50
24
32
6
22
42
43
48
68
84
99
110
114
102
92
98
95
92
90
80
85
90
88
84
83
77
75
60
43
21
6
7
1
-3
-13
-5
-1
11
21
33
61
77
72
78
90
90
95
94
78
69
80
51
37
19
14
-4
-8
-18
-48
-54
-90
-107
-119
-132
-137
-142
-154
-146
-134
-120
-106
-104
-91
-79
-62
-40
-36
-43
-39
-23
-42
-59
-62
-47
-51
-54
-51
-74
-76
-72
-86
-81
-81
-102
-95
-87
-81
-81
-85
-77
-69
-70
-59
-56
-40
-18
-6
8
16
34
44
61
83
81
80
91
81
100
102
107
94
74
59
55
45
52
47
30
36
38
33
31
29
23
26
10
-2
-13
-8
-7
-13
-22
-14
-4
-21
0
25
17
26
36
37
27
21
24
5
1
0
1
-6
-16
-2
6
31
63
67
71
80
76
65
54
32
23
-4
-3
-1
-19
-6
-20
-25
-3
1
6
24
35
25
11
7
17
-4
-11
-24
-36
-27
-32
-24
-13
-17
-27
-29
-21
-37
-46
-40
-63
-73
-73
-87
-91
-83
-89
-93
-79
-67
-58
-60
-63
-52
-55
-50
-48
-47
-46
-54
-41
-41
-36
-27
-20
-10
12
24
56
84
109
104
100
106
100
101
74
67
76
67
60
70
59
48
51
45
45
42
38
23
31
37
34
13
3
-9
-25
-31
-53
-47
-53
-53
-42
-35
-18
-13
-12
1
12
15
12
21
26
31
16
-3
6
-1
-8
-26
-10
-7
-14
-13
-20
-23
-35
-40
-46
-51
-54
-59
-51
-55
-51
-32
-7
-7
14
26
34
40
71
88
80
90
71
78
83
68
49
51
42
18
13
8
-6
-19
-30
-42
-56
-64
-71
-69
-74
-60
-54
-71
-62
-48
-36
-28
-17
-10
-18
-10
-4
-6
-5
-10
-31
-26
-21
-12
-11
-8
-4
-14
-1
-1
7
15
37
29
18
30
32
34
20
18
16
20
27
26
51
47
49
43
66
62
61
64
58
46
14
6
0
-2
-25
-29
-55
-49
-46
-41
-30
-35
-28
-15
7
-4
-2
15
15
24
34
26
16
18
16
19
13
4
-3
-24
-53
-65
-79
-69
-68
-63
-55
-71
-62
-37
-25
-34
-15
-14
9
20
13
21
9
22
24
34
53
66
82
89
82
68
62
57
49
30
30
22
-6
-29
-35
-58
-63
-70
-73
-60
-43
-47
-32
-15
-15
-3
-14
-12
-3
-6
-6
-8
-19
10
11
19
36
27
28
15
14
0
-1
-16
-22
-6
-22
-16
-18
-5
-10
-1
-6
-11
-5
-18
-1
4
5
22
34
37
26
22
19
19
24
26
16
9
15
13
14
12
12
2
-2
-4
10
0
3
-4
-12
8
-16
-6
-4
1
17
-1
13
15
-4
14
9
-4
-8
-2
1
0
2
6
5
14
7
4
14
7
0
-5
-1
-1
13
-1
0
8
-6
-10
-24
-35
-52
-41
-43
-49
-31
-20
-3
-2
-5
16
21
34
20
2
-4
1
-13
-16
-8
-10
-2
7
23
23
12
12
32
48
32
23
25
17
0
3
-10
-27
-41
-38
-27
-21
-22
-25
-23
-32
-36
-33
-32
-39
-34
-41
-38
-41
-40
-50
-40
-28
-30
-16
-1
-2
11
32
37
43
52
31
48
48
26
26
2
-17
-24
-17
-9
2
8
4
-4
4
19
19
8
10
20
19
22
17
11
32
29
17
24
31
38
37
45
57
58
51
55
46
42
41
27
31
18
12
15
14
7
7
7
-5
-29
-28
-23
-38
-40
-53
-64
-47
-48
-60
-55
-61
-60
-40
-29
-26
-27
-16
-7
-7
-1
-11
-18
-30
-20
-18
-21
-11
-13
-3
7
23
1
7
1
16
39
30
45
33
34
29
27
27
21
14
8
19
24
14
16
12
3
8
-5
-7
-22
-41
-56
-65
-71
-72
-51
-30
-2
-2
-2
-1
4
6
10
-4
-1
11
20
12
-3
-2
-8
15
9
11
13
24
15
13
3
-2
13
0
1
-5
-1
-2
-5
-11
-8
-10
-13
-23
-7
-3
2
17
28
32
18
33
37
46
52
62
46
60
58
56
59
49
47
36
26
17
9
-14
-24
-35
-41
-48
-48
-57
-65
-64
-74
-80
-66
-47
-51
-28
-26
-18
-15
-5
8
-9
4
11
26
20
30
23
20
41
26
29
34
40
18
23
6
8
7
-7
-3
-7
1
-2
4
4
5
12
-8
-4
-2
7
9
11
15
5
4
6
3
-14
-29
-34
-37
-35
-28
-35
-26
-33
-47
-51
-39
-36
-30
-29
-31
-27
-31
-14
-3
-15
-22
-21
-8
-1
12
3
11
13
5
6
-8
-14
-21
-13
-3
10
-8
-5
19
15
33
34
28
29
34
38
34
42
49
57
67
70
90
77
52
53
46
56
55
35
15
9
2
-14
-27
-33
-33
-40
-39
-57
-60
-57
-57
-48
-48
-38
-30
-22
-17
-20
-11
-4
16
19
14
26
24
17
19
7
4
-15
-11
-11
-39
-31
-46
-51
-47
-39
-33
-33
-28
-17
-6
-5
5
14
5
23
23
42
55
54
70
80
68
50
54
44
47
48
37
21
23
15
-1
-11
-17
-12
-21
-22
-14
-30
-47
-47
-61
-48
-35
-30
-21
-3
3
-7
-9
-10
-9
-24
-11
-12
-2
-11
-5
16
6
24
19
-9
-10
-11
0
-18
-19
-14
-18
-1
-19
-9
-10
-9
9
6
25
25
26
25
30
34
17
7
5
15
15
4
0
-3
-9
3
-10
-18
-5
-16
-4
0
3
-3
4
-7
-6
2
0
7
8
4
9
24
17
26
17
10
10
-3
5
-10
-11
0
-14
-26
-26
-48
-37
-23
-36
-33
-34
-38
-28
5
1
11
17
16
20
13
13
8
14
23
24
40
33
37
40
32
31
19
17
-1
-9
-7
-20
-38
-46
-40
-37
-49
-39
-28
-23
-10
-2
-2
-12
-20
-12
-10
-11
-3
3
14
22
41
36
42
40
29
37
42
34
21
30
5
3
9
-3
7
-1
-6
-17
-19
-29
-29
-22
-20
-26
-18
-4
-6
-6
-17
-13
-13
-10
0
6
27
23
30
21
22
42
37
32
21
28
26
31
29
34
17
11
22
24
21
16
17
15
11
-10
-1
-5
-13
-10
-21
-28
-18
-25
-38
-38
-37
-35
-47
-54
-46
-52
-58
-49
-60
-48
-44
-35
-24
-8
-16
-14
-21
-22
-8
2
3
-10
-11
-16
-13
-8
-2
2
12
8
14
18
12
6
14
17
21
28
27
14
6
2
5
8
-1
2
0
-11
-6
11
13
23
27
13
20
13
8
14
15
25
27
32
44
33
36
38
19
15
24
33
27
3
9
-1
-16
-21
-17
-22
-13
-20
-22
-25
-30
-19
-1
1
-15
-16
-8
4
2
-12
-1
7
18
20
16
24
10
15
38
34
38
24
30
35
36
22
9
3
-2
5
-16
-19
-29
-37
-28
-13
-24
-32
-19
-3
10
5
8
2
5
3
3
1
-17
-18
-23
-33
-25
-22
-27
-18
-21
-23
-39
-39
-40
-45
-28
-19
-22
-31
-22
-20
-17
-12
4
6
18
15
12
23
31
29
28
32
18
23
7
-4
-5
-7
4
2
-7
-7
-18
-20
-11
4
13
-16
-7
10
9
23
24
22
28
32
33
14
8
17
4
6
2
2
-5
-14
-14
-20
-23
-30
-21
-28
-15
-14
-23
-18
-17
-14
-26
-8
-10
-1
7
12
13
16
15
11
30
41
42
47
30
29
30
16
21
11
19
21
8
5
12
8
11
11
3
9
9
21
14
17
3
6
26
16
18
24
24
17
17
7
2
-15
-27
-24
-28
-30
-33
-31
-40
-39
-42
-40
-47
-51
-51
-45
-39
-35
-20
-22
-23
-11
-13
8
18
22
37
27
41
43
44
36
38
30
24
17
-8
3
10
-14
-13
-21
-32
-33
-14
-35
-21
-17
-14
2
-16
4
-1
-4
2
0
4
9
15
17
17
20
7
16
-5
-4
-5
-18
-18
-18
-32
-34
-21
-23
0
-15
-15
-24
-29
-20
-13
-13
5
5
2
11
18
25
29
37
22
26
18
8
14
7
2
-6
-18
-2
4
11
8
11
5
-8
0
7
21
26
31
31
21
15
17
18
10
10
9
11
7
3
9
-1
-2
-18
-18
-18
-20
-14
-11
-30
-24
-31
-32
-39
-31
-39
-30
-23
-24
1
-7
6
8
3
22
8
0
16
33
20
8
17
14
14
23
26
20
17
7
-3
-15
-15
-13
-12
-17
1
5
6
7
2
5
5
13
11
20
30
32
41
29
40
32
23
30
8
19
10
-11
-8
0
4
-3
-11
-26
-28
-34
-46
-34
-28
-16
-12
-11
-6
-10
-1
0
4
8
3
-1
-3
-1
-14
-13
-7
-16
-24
-25
-23
-24
-22
-29
-9
-2
8
15
12
14
15
13
14
26
10
9
27
12
3
7
2
3
9
-13
-18
-17
-16
-30
-26
-13
-26
-37
-49
-37
-36
-33
-26
-25
-13
-8
-23
-6
8
-5
3
19
22
25
31
29
34
33
26
33
29
36
31
17
14
14
18
9
2
6
2
-4
-9
-9
7
-11
-19
0
3
2
-3
15
5
1
20
11
16
12
18
15
8
7
12
18
2
-9
-12
-8
0
-1
2
-6
-17
-12
-15
-18
-6
-10
-5
-6
-7
-2
5
10
-11
-16
-20
-25
-20
-25
-20
-18
-26
-11
-8
-12
-4
-2
3
9
13
12
22
35
34
45
49
40
41
47
54
39
46
54
43
36
26
19
11
8
5
0
-8
-25
-28
-23
-39
-37
-36
-31
-45
-38
-36
-45
-38
-36
-24
-17
-20
-18
-16
-30
-20
-15
-14
-10
-12
-16
0
-2
6
0
5
1
-4
0
-12
-10
-8
0
-4
2
-1
-5
-4
-5
-4
-12
-14
-18
-17
-22
-14
-6
-10
0
-4
-7
9
-1
1
8
21
20
11
15
13
11
14
21
28
30
36
24
15
14
15
22
19
17
7
4
11
8
13
13
1
-5
-7
-6
-15
-7
-14
-21
-16
-23
-15
-9
-2
-3
-5
-1
4
16
6
11
10
14
18
8
21
16
4
7
9
11
10
12
8
6
1
4
-2
-7
-6
-6
-3
-11
-13
-13
-12
11
1
4
3
-4
4
-3
1
4
8
17
9
8
3
14
3
-7
9
5
-1
-14
-8
-10
-12
-10
-8
-28
-10
-8
-16
-6
-16
-8
-10
-5
-8
-9
-2
-5
-8
-8
-15
-15
-8
-10
-10
-1
-9
0
-9
-18
-15
-12
2
-1
3
-1
-1
12
14
4
7
6
12
25
18
17
16
18
11
11
14
17
9
-5
-9
-11
-16
-18
-29
-19
-18
-24
-21
-28
-20
-8
-6
-6
-6
3
12
19
22
22
21
17
17
14
12
16
20
9
13
26
29
25
21
9
12
3
5
5
-4
8
3
-5
-9
-10
-11
-2
1
-4
-1
1
4
14
14
16
8
4
-7
-4
3
-1
-7
-7
-11
-8
-4
-5
-20
-23
-30
-38
-38
-17
-19
-24
-9
-4
6
-12
-6
-2
-7
-2
-2
2
11
11
14
12
8
5
-6
-4
-6
-5
-11
-10
2
-1
9
16
31
22
21
17
7
22
22
7
10
23
22
13
24
11
4
19
27
22
0
7
-5
-22
-26
-18
-24
-20
-27
-33
-19
-23
-19
-16
-7
-3
1
-1
-3
-14
-12
-2
0
-10
-11
-21
-7
-1
5
12
15
9
2
0
3
1
-3
3
13
-3
-5
5
-7
5
-6
2
-7
3
-4
-9
-7
-3
1
-4
-10
-12
-6
-9
-5
2
14
7
0
7
1
-11
3
-17
-18
-14
-17
-14
-15
-5
-6
-3
-5
-6
-3
4
4
-1
2
-1
7
7
8
27
20
19
18
11
1
-5
-7
0
-1
-5
4
4
5
3
8
18
11
17
4
21
17
18
17
22
35
17
18
10
-12
-7
5
4
15
11
18
2
-1
-7
3
5
-12
-13
-12
-1
-18
-14
7
-4
5
15
8
10
9
12
6
-1
8
18
12
2
6
1
0
-1
-4
-11
5
9
-4
8
-7
0
1
-6
0
-6
-4
12
9
4
-2
-9
10
12
11
3
0
-4
-15
-16
-21
-35
-21
-19
-24
-19
-25
-33
-17
-22
-32
-21
-31
-28
-27
-37
-26
-13
-19
-22
-16
-18
-20
-12
-11
-7
-1
-15
-8
-11
-6
-15
-4
5
-1
8
-2
0
-5
-17
-4
0
0
7
1
11
14
11
11
7
13
11
13
11
22
19
24
28
21
29
30
25
22
27
14
33
27
30
27
13
24
17
21
8
5
5
-3
-5
13
17
-1
-2
5
-6
-5
6
-4
6
-14
-12
-1
4
9
8
-3
3
5
-7
-2
4
3
-3
6
2
13
5
0
-7
-1
-6
-10
9
12
13
16
19
8
22
18
1
7
22
0
9
4
-2
-13
-8
-3
-4
-6
-12
-13
-11
-8
-2
0
-3
-7
-17
-8
-14
-17
-17
-19
-10
2
-5
-13
-18
-17
-21
-14
-12
-21
-23
-23
-24
-21
-27
-24
-17
-10
-21
-15
-2
-14
-6
-8
-11
1
-6
-6
-16
-19
-11
-16
-5
-12
-7
2
-3
-4
10
2
-3
11
6
9
