3
-6
-5
-23
-36
-18
-19
-9
-5
-2
-3
4
10
20
32
21
10
6
12
7
21
15
13
-12
-28
-17
-16
-1
-10
-11
-23
-20
-24
-25
-32
-27
-8
-28
-37
-17
-20
-19
-13
1
-18
-25
17
-4
-7
8
-2
11
22
21
17
10
20
14
4
-6
7
22
13
7
5
2
-11
-9
-23
-12
0
-11
0
5
13
16
11
16
17
7
32
2
-16
10
-3
-7
6
8
-9
8
9
6
9
1
-7
1
-6
-16
-15
-9
-16
-20
-19
-26
-8
-32
-26
-11
-11
-13
-13
-23
-21
5
8
2
0
15
-13
6
6
-3
5
-8
0
1
5
4
3
1
-7
-9
3
5
3
-4
-10
2
-5
-2
-1
-7
5
1
5
-5
15
13
-11
-6
0
-18
-3
-5
-7
-21
-32
-23
-12
-21
-23
-21
-2
14
14
29
4
14
8
24
24
11
30
45
62
64
51
39
50
30
43
32
24
16
8
-7
1
-4
-12
-3
-34
-15
-10
-22
-7
6
-5
-6
-2
-8
8
9
5
2
4
4
19
23
7
7
9
-2
6
0
-14
-23
-38
-31
-24
-16
-9
12
4
-20
1
-27
-29
-17
-31
-2
-7
-2
13
17
-2
15
26
0
-7
-12
-18
-13
-23
-31
-22
-17
0
-18
-17
-4
-11
-9
2
7
-3
-17
-22
-6
3
2
14
18
24
26
19
18
24
6
8
10
-8
-19
-26
-12
-3
-9
-27
-15
-16
-17
-15
-25
-19
-21
-41
-34
-36
-10
-4
-31
2
13
-5
18
27
14
15
10
30
10
20
28
22
18
10
17
8
-2
18
-5
-19
-5
0
-8
6
3
3
3
-5
-4
0
4
-1
20
11
28
21
22
36
22
20
26
43
31
2
25
14
2
0
-4
-1
-10
-17
-21
-6
-6
-17
-5
15
1
8
17
9
-5
17
11
22
25
0
13
12
23
18
39
20
-6
-11
-25
-30
-35
-15
-24
-43
-24
-19
-12
-20
-27
-33
-5
-3
-23
-9
3
18
3
21
17
18
36
14
3
8
2
-7
-13
-24
-23
-21
-28
-7
-5
0
13
-5
6
16
8
-5
-1
4
5
16
12
21
14
19
17
11
-8
-20
-6
-18
-6
-27
-26
-43
-42
-44
-60
-40
-28
-27
-27
-22
-12
-19
-23
-17
-13
-27
-8
-8
-15
20
-6
-15
7
3
1
4
6
25
25
-4
10
22
-3
7
25
12
10
22
11
19
-1
12
16
21
48
31
27
39
48
16
22
19
23
26
7
8
-13
-3
1
-1
-9
16
6
-7
-12
-12
-13
-19
0
-13
5
5
13
16
0
4
15
14
15
4
7
13
10
30
28
26
23
14
6
-2
16
14
4
18
10
2
3
-1
-14
-25
-31
-18
-15
-6
-13
-20
-12
-14
-28
-2
-17
-17
-24
-24
-21
-24
-15
-26
-2
-18
-15
-8
-10
3
7
-7
-18
-23
-8
-8
-16
-3
-21
-6
-4
-12
-15
4
-6
6
30
7
10
16
35
21
20
22
18
20
17
1
6
8
0
5
20
-3
-19
-2
-22
-26
-34
-34
-22
-17
-7
-9
-17
-4
-2
9
9
24
20
2
21
11
14
10
12
19
11
28
5
-9
-5
-5
-7
-22
-37
-28
-30
-29
-21
-17
-9
-13
2
-4
18
17
13
29
11
20
2
-10
-26
-24
-18
-25
-15
-22
-21
-14
-28
-5
3
11
0
-14
-15
0
16
16
17
20
45
33
12
32
33
35
48
56
35
20
37
39
9
4
8
0
9
12
13
12
25
29
24
36
60
32
31
22
-6
-14
-38
-46
-39
-30
-13
-25
-20
-16
-6
-8
-13
-28
-36
-48
-33
-51
-36
-31
-34
1
-2
-7
1
-4
-12
-6
-14
4
28
24
7
30
15
5
7
-20
-24
-20
-14
5
-9
7
24
4
13
5
-22
-14
-8
0
17
13
33
31
23
22
1
-3
-8
-39
-40
-39
-48
-37
-31
-35
-23
-6
7
10
-18
-29
-33
-26
-38
-23
-26
23
32
46
21
-7
9
-9
2
1
-3
4
22
32
38
37
8
-9
2
-18
-5
-8
6
12
15
-1
15
7
2
7
10
-16
-41
-22
13
18
25
23
22
17
12
-8
-18
-7
-12
20
36
74
59
64
54
18
2
6
4
8
27
28
22
7
13
-25
-43
-56
-58
-33
-25
3
0
2
12
6
0
-1
11
12
23
29
16
20
19
10
0
9
16
-2
24
18
-7
-15
-20
9
-9
-39
-41
-21
-8
-10
18
9
-5
9
-9
-16
-8
-14
18
32
20
-9
-26
-47
-69
-63
-56
-47
-20
8
-6
-4
-11
-14
-32
-34
-58
-29
-3
25
14
-6
-20
-25
-63
-62
-32
-7
15
27
58
28
20
12
8
15
54
35
31
19
-5
-30
-27
-28
-20
-8
4
29
33
51
34
4
-6
-7
15
20
6
26
3
-38
-68
-80
-72
-45
3
27
41
23
14
21
36
41
24
32
25
19
19
0
-6
-6
0
12
43
60
50
28
-4
-34
-28
-16
20
12
28
-5
-38
-59
-73
-48
-41
18
36
44
62
41
3
-29
-35
-23
-1
26
10
14
8
0
20
8
28
36
47
39
11
26
34
29
29
54
60
30
-20
-60
-51
-50
-52
-12
8
53
38
24
29
6
-5
23
18
16
1
-18
-35
-32
-13
-5
12
-12
-19
-53
-56
-60
-33
-20
9
26
4
-5
-20
-13
-23
-12
-9
5
12
-18
-14
-43
-38
-35
-13
9
21
14
-17
-42
-54
-89
-76
-63
-54
-22
11
16
18
33
10
-2
-5
-12
-29
-13
-9
-23
-19
-5
27
43
47
34
-6
-8
-24
-27
-10
14
15
1
34
25
39
-2
-28
-34
-36
-3
22
53
54
56
24
-3
30
18
25
55
67
44
26
-19
-44
-8
6
14
-24
-54
-71
-45
-11
11
43
53
31
9
-25
-9
20
11
-18
-52
-47
0
38
36
55
51
33
12
25
11
-9
-16
4
10
23
21
-5
13
19
14
18
12
8
24
19
38
41
49
26
5
-23
-33
-27
-56
-38
-17
-1
23
43
15
2
7
-17
-16
-19
-25
6
20
17
-25
-39
-32
-50
-62
-31
18
34
19
5
-50
-70
-48
-34
4
15
15
0
12
20
15
10
-6
-23
-30
-16
-5
5
54
52
19
20
23
19
11
-26
-37
-56
-59
-38
-11
-13
-21
-9
-8
-7
-1
28
26
45
61
26
-23
-50
-26
-30
-25
-34
-31
-42
-35
-30
-19
8
-2
12
31
27
17
28
25
21
9
6
-25
-30
-42
-29
13
31
37
70
72
61
55
18
-25
-32
0
34
28
-7
-47
-29
31
36
47
21
10
-24
-31
-26
-23
-6
15
31
16
22
10
-18
-40
-29
8
-1
-7
-7
-20
-53
-67
-86
-130
-114
-96
-93
-46
-17
8
13
33
-12
-35
-21
-31
-23
-30
28
79
98
88
50
26
-1
-38
-47
-9
36
38
57
20
-19
-35
-17
1
20
57
96
85
62
88
66
5
-28
-20
-4
4
-23
-26
18
66
101
96
81
66
40
23
16
39
34
3
-2
-15
-46
-60
-41
-22
15
49
52
30
13
13
7
39
73
30
4
-24
-36
-22
-28
-17
26
60
77
33
9
0
-20
-14
-40
-49
-38
-57
-54
-61
-66
-34
-22
-4
18
45
55
46
5
-23
-54
-71
-26
3
2
-1
-18
-11
-7
9
11
-36
-48
-66
-64
-63
-61
-33
-44
-57
-59
-19
5
2
-48
-106
-114
-86
-57
16
34
28
6
-44
-24
16
28
29
-10
-86
-60
-52
-35
9
42
60
47
57
13
-13
19
11
13
18
-15
-45
-32
-5
-9
-14
-1
8
-9
17
25
-23
-28
7
64
134
103
74
87
43
-6
-41
-73
-86
-61
-10
22
27
27
6
12
35
3
-23
-57
-42
18
81
133
79
40
9
-44
-69
-52
-17
54
76
51
33
-14
-3
17
48
30
0
-5
-13
-7
-35
-60
-30
38
90
85
79
22
10
32
10
15
35
53
40
63
44
9
27
29
42
37
1
-32
-49
-58
-28
-14
51
59
12
-33
-75
-38
-27
-56
-104
-90
-32
-24
1
11
2
11
11
1
6
-12
10
4
-16
24
49
91
62
24
42
37
5
-49
-91
-93
-109
-105
-68
-46
-55
-79
-94
-23
43
76
81
90
102
59
55
35
23
25
24
-50
-66
-20
15
36
12
43
17
-25
-24
17
-6
-65
-97
-131
-121
-135
-114
-79
-37
-8
14
-9
-42
-8
70
84
50
40
24
31
74
92
110
89
67
44
21
25
25
84
58
86
127
77
7
-24
31
3
-43
-95
-37
-3
-31
0
7
26
10
0
-36
-51
-81
-48
-24
-57
-93
-59
-57
-83
-79
-39
57
102
84
36
110
135
17
-66
-174
-201
-154
-125
-69
-37
-35
-53
-32
-9
17
-3
-4
50
41
-10
5
23
3
-40
-59
-44
-19
1
-21
-94
-142
-98
-67
-27
-4
11
3
3
0
10
3
-16
24
28
46
-22
41
69
67
61
35
18
4
5
19
21
14
47
44
38
17
49
51
42
18
41
70
27
43
100
91
31
-8
6
28
37
10
-32
-44
-3
51
55
44
43
-6
-25
10
77
5
-66
-64
-101
-22
13
5
-15
-5
-20
-31
12
91
109
97
87
117
134
62
-6
15
37
-2
-16
6
93
101
36
27
5
-8
-10
10
-12
1
-27
-51
-23
5
1
-39
-9
0
-41
-40
-25
-39
-106
-70
-42
-10
12
12
-7
-38
8
-35
-26
-1
41
2
-37
-91
-88
-105
-107
-67
-36
20
-4
-14
-78
-129
-122
-26
30
41
31
12
39
1
-9
-4
23
44
33
4
-38
-23
25
61
-35
-110
-80
-68
-55
-21
-61
-51
-9
13
33
50
25
-63
-88
-64
-38
9
82
107
56
-19
-65
-95
-61
-51
-83
-97
-36
65
93
104
45
5
34
35
-22
-52
-8
34
5
20
29
82
122
89
83
51
6
-33
-25
16
68
75
32
63
92
71
75
72
39
-39
-89
-80
1
85
72
71
84
88
82
52
28
40
50
14
22
29
0
3
3
-38
-30
-15
-41
-64
-61
-18
-60
-66
-39
-41
3
-35
-55
-113
-147
-99
-43
35
46
22
-3
-30
-75
-84
-68
-53
-45
9
37
39
32
27
-13
-24
-1
32
41
-32
-57
-64
-51
-21
3
49
16
-10
51
111
118
76
94
104
6
-47
-34
-29
31
143
174
183
156
87
-37
-116
-95
-67
-76
-65
-58
-82
-69
-18
37
93
154
166
130
27
-56
-115
-131
-128
-137
-122
-134
-178
-208
-128
1
86
147
168
151
94
34
-33
-101
-108
-118
-177
-177
-87
27
64
16
-9
-37
-22
19
40
87
92
15
-41
-102
-80
-40
1
40
75
95
90
50
17
69
89
57
77
124
140
88
6
-111
-154
-116
-116
-77
-13
72
106
161
187
137
53
-6
-40
-125
-186
-135
-107
-70
5
59
3
-56
-41
-27
-34
-55
-63
-57
3
59
41
27
34
23
-33
-46
-24
-35
14
7
-21
-96
-126
-68
-13
130
187
197
184
106
-2
-112
-184
-171
-102
-10
13
90
130
67
64
52
56
12
-16
14
15
44
85
106
99
59
24
-49
-69
-35
19
27
1
26
19
-25
27
136
147
100
35
0
-58
-54
-29
-30
-38
-92
-35
-14
0
27
11
-54
-100
-37
-58
-44
36
77
21
-65
-115
-111
-84
-49
-87
-52
31
53
94
89
89
-11
-108
-134
-115
-118
-11
62
38
-4
-20
9
46
86
118
86
-23
-37
-108
-108
-69
-42
-3
46
15
-51
-60
-35
-25
-27
12
-13
-20
21
5
-49
-28
-35
-47
-53
23
121
150
139
123
55
48
56
69
55
-27
-41
-114
-119
-51
-23
-53
-54
22
87
127
107
89
35
-12
-11
14
-31
-76
-14
67
48
-83
-133
-138
-81
-14
94
154
112
8
-7
2
-74
-57
-27
13
16
-1
-17
-87
-155
-125
-90
-20
95
127
110
86
104
85
65
9
-101
-100
-78
-71
-68
-4
100
126
165
251
187
115
8
-21
-1
-12
-45
-169
-188
-113
-80
-112
-121
-69
52
153
141
74
46
79
113
137
80
56
-27
-96
-14
-22
25
53
80
57
12
-28
3
39
27
6
-45
-68
-111
-118
-50
2
26
66
89
43
-35
-62
-94
-90
-112
-173
-163
-152
-94
-8
12
28
19
32
-4
-77
-94
-80
-75
-24
58
69
93
42
-65
-115
-124
-136
-132
-63
48
101
89
71
41
-21
-73
-82
-131
-159
-89
42
150
222
265
196
88
-34
-97
-126
-126
-127
-75
-16
56
158
198
133
58
40
18
-56
-79
-91
-148
-85
1
153
336
445
447
315
150
-43
-233
-253
-165
-53
36
172
249
217
129
-3
-105
-224
-232
-181
-50
83
104
118
127
94
66
45
-26
-150
-167
-153
-105
-17
-36
-61
-72
-42
-3
8
-7
-11
14
-23
-50
-81
-117
-199
-258
-320
-287
-125
18
211
308
266
152
89
-28
-136
-191
-151
-52
48
193
308
289
168
48
-35
-90
-146
-153
-132
-112
-45
-8
21
71
79
97
57
34
27
-19
-115
-164
-74
49
153
171
118
76
34
9
40
36
-12
-37
-48
-44
13
103
52
-106
-112
-65
-76
-59
-50
-58
-70
-69
-50
-7
80
123
40
0
-12
-35
-53
-39
-18
19
69
105
102
27
-49
-159
-255
-278
-227
-207
-138
-7
150
261
291
195
103
11
-51
-39
-4
3
13
19
-29
30
88
107
34
-9
17
4
-3
9
99
186
178
103
-76
-168
-165
-113
-58
6
30
37
24
42
58
59
110
101
108
59
17
7
12
12
53
42
10
-3
-1
-4
-33
-122
-178
-153
-153
-34
93
174
201
168
139
21
-40
-76
-152
-133
-80
-85
-104
-118
-58
-6
55
72
23
-43
-54
-76
-84
-32
-1
27
-14
21
16
-49
-108
-99
-55
-10
18
23
67
157
241
222
67
-57
-144
-119
-82
-108
-120
-62
-8
-6
60
42
-19
-102
-93
-83
-42
34
112
133
125
112
21
-20
59
103
109
41
12
75
44
-9
23
25
-19
-75
-80
-78
-55
-132
-275
-270
-187
-88
-7
150
271
283
296
199
156
102
29
-75
-69
-29
-120
-196
-306
-329
-252
-121
-43
109
137
139
27
5
44
1
-16
110
215
262
248
143
30
-126
-284
-318
-165
-12
48
-15
-25
105
251
292
285
120
-53
-101
-171
-132
-146
-127
-173
-155
32
167
113
12
-129
-176
-118
22
127
142
172
233
158
80
-47
-159
-170
-188
-140
-46
138
189
120
7
7
-34
-32
-54
-60
-14
47
93
81
40
-115
-202
-143
-161
-196
-63
100
296
381
240
90
136
60
-45
-52
-95
-142
-175
-138
-142
-59
54
143
218
275
299
169
-6
-110
-263
-304
-285
-187
31
152
190
164
54
-117
-225
-230
-224
-195
-107
-61
-34
95
134
131
142
79
-41
-116
-95
-81
-39
74
168
216
186
46
-120
-146
-150
-180
-60
19
152
240
239
45
-109
-102
5
80
87
94
50
13
-16
-87
-194
-268
-185
-22
84
118
67
14
-66
-87
-153
-155
-83
28
189
204
170
175
135
-13
-81
-157
-147
-130
11
150
149
132
92
43
-26
-70
-109
-109
-47
6
48
84
99
69
38
129
195
170
149
35
-161
-216
-120
8
76
-15
-186
-215
-100
-55
-48
-100
-142
-58
57
193
215
180
130
96
9
5
41
17
18
32
13
22
-91
-166
-186
-134
-79
-95
-79
6
115
133
115
61
75
88
88
64
0
-74
-104
-73
-31
28
18
-56
-157
-283
-257
-109
-1
50
125
170
117
24
30
128
166
124
83
64
2
-44
-76
-62
-95
-146
-114
2
106
109
-34
-164
-129
-9
75
36
18
5
-22
-137
-161
-165
-173
-61
45
65
14
-31
2
45
80
61
5
-19
-71
-40
34
134
245
356
265
87
-33
-196
-354
-385
-277
-119
-50
-20
0
60
118
67
62
139
181
164
76
20
12
26
66
99
107
51
-47
-159
-191
-119
-51
5
67
137
126
50
37
27
146
140
128
156
207
175
43
-77
-147
-112
-86
-50
0
30
32
-6
-34
-69
-75
-57
-94
-70
-47
-29
-19
-38
8
37
55
86
64
20
-46
-63
-81
-68
-26
-39
-63
-133
-204
-235
-196
-126
-77
-74
-67
-32
-38
-53
-14
63
86
45
103
169
174
143
92
25
-21
-54
-64
-50
-49
-13
-24
-35
-12
53
114
132
105
126
129
100
98
75
84
67
16
-22
-35
-13
-4
45
72
84
66
-32
-128
-146
-118
-81
-99
-123
-126
-90
-92
-78
-21
-5
42
31
29
7
-15
-44
-91
-79
-31
39
103
125
163
150
114
97
47
3
-24
-66
-84
-61
-42
-18
4
15
19
17
-6
-16
-7
22
59
47
17
-36
-67
-50
-54
-51
-24
-31
-25
-44
-65
-57
-8
47
47
16
-47
-60
-60
-25
10
31
45
69
77
85
97
70
92
44
7
-26
-32
-24
-14
-2
-15
-57
-119
-149
-128
-74
-28
27
99
87
52
60
35
-9
-31
-51
-70
-70
-48
3
58
125
147
134
132
125
134
167
162
182
185
183
183
166
169
143
105
33
-8
-27
8
32
32
37
33
42
35
58
58
56
37
-7
-83
-147
-187
-256
-305
-302
-339
-356
-334
-320
-231
-199
-197
-156
-159
-126
-96
-69
-84
-121
-192
-262
-326
-364
-383
-386
-378
-394
-390
-399
-451
-503
-507
-504
-442
-372
-362
-335
-278
-191
-104
-23
96
216
326
418
526
655
815
986
1105
1179
1193
1193
1157
1073
974
871
783
671
578
467
440
400
387
394
377
363
325
335
315
315
315
323
320
315
298
260
209
121
-12
-161
-295
-391
-478
-565
-612
-677
-712
-742
-727
-682
-583
-468
-381
-333
-332
-364
-432
-523
-609
-674
-805
-926
-990
-995
-963
-1052
-1310
-1761
-2397
-3110
-3722
-4059
-3995
-3521
-2706
-1636
-430
766
1832
2678
3239
3482
3417
3156
2797
2452
2237
2097
2024
1933
1798
1583
1272
897
486
90
-246
-461
-557
-477
-217
161
453
599
633
652
706
802
922
1011
1125
1233
1332
1429
1441
1392
1204
868
431
-25
-393
-656
-796
-860
-840
-793
-738
-639
-484
-307
-143
-6
-7
-82
-237
-371
-410
-432
-422
-454
-541
-678
-792
-864
-938
-987
-1012
-1020
-996
-940
-782
-659
-592
-591
-690
-829
-975
-1020
-950
-849
-855
-1072
-1641
-2529
-3548
-4407
-4851
-4735
-4070
-2980
-1656
-253
1100
2255
3120
3641
3756
3579
3196
2746
2402
2212
2193
2214
2162
2032
1733
1329
864
410
10
-320
-522
-563
-372
27
589
1151
1579
1840
1900
1766
1562
1310
1095
904
754
618
494
284
-16
-378
-775
-1025
-1103
-955
-696
-314
98
466
711
815
837
718
541
328
92
-89
-188
-193
-166
-118
-113
-158
-257
-389
-472
-520
-553
-636
-777
-879
-898
-829
-714
-588
-503
-484
-579
-695
-752
-716
-614
-442
-255
-79
76
130
91
1
-149
-366
-613
-859
-1099
-1493
-2257
-3392
-4641
-5650
-6091
-5815
-4842
-3369
-1627
107
1625
2788
3609
4104
4220
3983
3528
3041
2647
2408
2298
2247
2078
1716
1095
343
-331
-823
-1069
-1129
-954
-588
-49
602
1261
1853
2275
2416
2293
1971
1615
1361
1227
1196
1175
1174
1082
862
581
184
-328
-943
-1583
-2045
-2237
-2065
-1493
-699
132
809
1287
1450
1402
1233
971
680
368
165
67
29
56
43
-73
-355
-733
-1097
-1380
-1403
-1247
-1039
-801
-613
-475
-336
-198
-81
-22
-38
-169
-371
-513
-552
-460
-276
-48
127
169
112
-75
-329
-602
-864
-1058
-1182
-1271
-1617
-2481
-3819
-5231
-6176
-6330
-5619
-4189
-2290
-281
1545
2899
3745
4114
4135
3820
3272
2674
2202
1962
1931
2001
2022
1818
1282
462
-413
-1072
-1374
-1326
-994
-435
291
1044
1733
2321
2652
2703
2496
2065
1617
1311
1119
1117
1159
1169
989
632
183
-310
-705
-1029
-1209
-1305
-1377
-1356
-1226
-900
-409
121
605
914
1097
1178
1191
1136
938
666
361
37
-290
-536
-698
-796
-899
-1004
-1050
-1046
-915
-702
-423
-210
-177
-237
-314
-321
-247
-104
45
134
143
8
-192
-416
-585
-614
-612
-529
-407
-268
-188
-163
-190
-301
-410
-612
-1127
-2216
-3860
-5613
-6783
-6964
-6070
-4267
-2004
264
2081
3237
3726
3750
3520
3175
2831
2554
2451
2491
2574
2558
2324
1734
792
-414
-1554
-2242
-2297
-1812
-962
27
950
1672
2100
2297
2297
2228
2036
1811
1639
1619
1727
1835
1847
1627
1180
536
-191
-852
-1300
-1521
-1537
-1431
-1216
-954
-778
-756
-841
-783
-499
-10
636
1266
1809
2121
2123
1770
1182
498
-141
-636
-1004
-1127
-1099
-996
-884
-792
-690
-596
-505
-460
-388
-275
-103
138
347
527
604
541
344
51
-308
-691
-949
-1044
-905
-551
-173
157
292
247
5
-407
-826
-1126
-1255
-1428
-2089
-3435
-5167
-6493
-6800
-6026
-4348
-2141
133
1997
3192
3719
3733
3493
3147
2745
2368
2186
2146
2172
2104
1814
1250
361
-717
-1766
-2369
-2265
-1605
-623
410
1355
2028
2360
2438
2370
2264
2098
1915
1803
1799
1873
1882
1723
1353
778
116
-599
-1202
-1527
-1580
-1386
-1095
-807
-516
-200
74
190
101
-151
-355
-349
-51
479
1134
1627
1739
1481
898
197
-443
-901
-1101
-1088
-962
-758
-539
-370
-265
-212
-243
-326
-410
-432
-327
-54
235
476
566
426
134
-154
-403
-576
-655
-663
-557
-405
-246
-116
-80
-139
-309
-520
-688
-742
-662
-622
-1006
-2200
-4127
-6055
-7085
-6810
-5341
-3112
-660
1485
2861
3459
3421
3068
2690
2390
2267
2287
2483
2674
2711
2431
1787
843
-366
-1561
-2391
-2523
-1894
-788
399
1391
1992
2173
2034
1806
1670
1660
1747
1885
2062
2236
2282
2052
1562
889
158
-538
-1073
-1361
-1347
-1099
-758
-398
-161
-73
-66
-146
-323
-608
-865
-818
-502
135
867
1504
1832
1681
1209
501
-162
-650
-841
-778
-638
-476
-397
-383
-459
-589
-668
-685
-567
-334
-26
312
604
721
663
468
140
-192
-467
-591
-562
-503
-468
-471
-525
-522
-436
-368
-244
-193
-179
-236
-332
-433
-561
-926
-1964
-3777
-5860
-7229
-7179
-5808
-3573
-1043
1217
2777
3441
3361
2846
2288
1943
1853
2034
2413
2742
2769
2338
1495
379
-803
-1910
-2639
-2631
-1839
-506
864
1905
2492
2612
2374
2045
1894
1990
2223
2470
2634
2677
2507
2013
1244
367
-425
-1006
-1261
-1237
-967
-624
-298
-92
-65
-127
-273
-385
-418
-287
-306
-368
-544
-599
-278
121
679
959
1002
833
472
122
-168
-288
-412
-450
-547
-600
-549
-542
-485
-449
-339
-193
-16
164
354
468
524
544
422
258
57
-166
-372
-538
-688
-830
-992
-1076
-1008
-758
-417
-64
187
258
234
94
-143
-490
-930
-1592
-2790
-4545
-6204
-6980
-6361
-4626
-2398
-178
1548
2597
2892
2681
2265
1946
1914
2146
2565
2933
3056
2705
1844
649
-495
-1400
-2022
-2178
-1739
-759
418
1441
2080
2332
2282
2063
1902
1967
2289
2632
2821
2769
2490
1966
1203
326
-440
-933
-1130
-1038
-819
-537
-323
-240
-245
-287
-330
-334
-323
-239
-23
121
-103
-540
-920
-975
-642
-170
428
868
1071
1021
673
174
-266
-564
-781
-777
-650
-442
-239
-242
-314
-375
-366
-273
-121
74
321
554
663
657
492
187
-175
-456
-624
-680
-710
-723
-718
-678
-558
-381
-139
79
203
148
8
-208
-438
-721
-1271
-2353
-4107
-5928
-6943
-6551
-4946
-2749
-544
1212
2296
2645
2497
2127
1834
1896
2302
2879
3394
3521
3016
1925
578
-692
-1578
-2020
-2028
-1534
-617
462
1368
1898
2025
1902
1697
1643
1920
2410
2853
3081
2953
2577
1956
1104
225
-505
-916
-963
-745
-415
-179
-199
-365
-563
-646
-581
-434
-212
-25
-18
-79
-286
-708
-1135
-1321
-1034
-398
308
951
1268
1174
798
262
-239
-585
-734
-689
-451
-186
-44
-75
-352
-652
-823
-730
-332
154
592
889
999
899
643
280
-125
-427
-573
-475
-323
-334
-526
-852
-1111
-1131
-906
-536
-95
235
386
388
212
-114
-712
-1681
-3172
-5047
-6553
-6899
-5784
-3779
-1623
220
1429
1958
1966
1700
1482
1581
2108
2939
3734
4149
3857
2805
1235
-302
-1344
-1807
-1735
-1309
-593
251
945
1301
1282
1103
915
957
1373
2113
2904
3391
3448
3023
2282
1379
475
-216
-554
-515
-232
86
223
67
-374
-932
-1357
-1465
-1204
-699
-131
311
537
448
-179
-1132
-1859
-2008
-1396
-394
635
1453
1742
1547
964
227
-396
-730
-728
-422
71
394
389
-57
-759
-1277
-1464
-1184
-543
211
900
1334
1392
1132
679
187
-193
-395
-339
-107
96
7
-436
-963
-1244
-1223
-906
-456
-42
247
376
332
92
-380
-1088
-2028
-3382
-5063
-6379
-6549
-5359
-3409
-1456
87
1048
1460
1492
1436
1507
1826
2482
3306
3979
4176
3687
2461
802
-650
-1504
-1638
-1297
-795
-232
250
529
576
486
473
623
1041
1758
2652
3424
3670
3396
2683
1837
1096
520
218
162
247
323
261
4
-509
-1156
-1755
-2020
-1791
-1198
-459
98
330
265
-23
-507
-899
-1045
-835
-310
256
815
1117
1133
856
399
-62
-400
-542
-529
-320
-114
-13
-94
-401
-687
-877
-814
-512
-31
529
965
1141
994
674
281
-3
-173
-298
-283
-184
-139
-238
-506
-838
-1084
-1100
-907
-557
-249
-25
70
16
-21
-161
-459
-1107
-2352
-4195
-6009
-6695
-5771
-3750
-1657
-73
837
1166
1187
1090
1113
1361
2002
2949
3878
4449
4274
3169
1415
-252
-1206
-1320
-864
-331
63
311
352
241
54
3
121
446
1125
2081
3020
3514
3389
2793
2065
1459
1067
880
815
769
649
414
22
-528
-1222
-1830
-2120
-1953
-1376
-725
-237
-115
-245
-402
-470
-467
-727
-915
-859
-463
200
640
883
712
304
76
-21
40
101
141
45
-15
-105
-246
-401
-718
-894
-837
-454
116
570
815
824
629
368
245
240
292
285
197
127
59
-134
-526
-973
-1292
-1239
-909
-463
-32
133
121
17
-116
-262
-548
-1142
-2226
-3931
-5689
-6340
-5418
-3481
-1658
-409
272
531
598
683
912
1324
2004
2918
3830
4399
4249
3214
1551
-49
-882
-884
-408
56
280
266
42
-292
-555
-536
-236
277
1044
2069
3035
3496
3294
2661
1984
1509
1235
1135
1136
1079
852
401
-131
-749
-1441
-1953
-2125
-1853
-1273
-665
-293
-229
-345
-422
-354
-164
-61
-2
27
-39
-162
-397
-498
-525
-460
-259
-19
208
268
239
111
-27
-103
-111
-56
-28
29
50
103
211
246
285
312
312
277
263
277
288
307
253
222
136
-22
-210
-368
-511
-592
-580
-550
-472
-377
-274
-163
-92
-77
-90
-168
-408
-1058
-2398
-4370
-6046
-6276
-4839
-2664
-985
-127
67
-63
-88
128
686
1389
2209
3095
3848
4274
3967
2797
1155
-162
-599
-249
335
665
588
151
-423
-897
-1070
-848
-386
212
1053
2039
2808
3001
2579
1929
1416
1256
1417
1698
1892
1743
1256
587
-128
-790
-1363
-1715
-1743
-1414
-917
-531
-439
-636
-930
-1067
-930
-481
87
592
815
472
-132
-538
-660
-556
-505
-422
-292
-229
-165
-130
-150
-256
-241
-82
241
559
700
641
403
178
97
152
248
248
216
252
300
289
259
211
98
-1
-59
1
78
37
-32
-166
-309
-430
-481
-442
-340
-204
-71
29
94
58
-153
-551
-1234
-2456
-4234
-5702
-5769
-4297
-2376
-1130
-766
-904
-1061
-880
-292
540
1433
2313
3094
3728
4131
3927
3021
1656
598
305
596
920
833
401
-192
-807
-1238
-1289
-1007
-665
-319
243
1041
1785
2113
2058
1828
1718
1835
2008
2202
2228
1988
1522
957
421
-91
-586
-1066
-1332
-1299
-1100
-955
-1001
-1187
-1354
-1364
-1154
-732
-243
196
464
500
352
154
-115
-231
-180
-74
61
39
-49
-184
-355
-472
-513
-443
-278
-85
59
179
216
157
87
17
65
188
336
446
506
503
431
327
227
196
140
112
87
14
-63
-155
-270
-407
-511
-601
-626
-556
-356
-125
48
149
204
113
-140
-554
-1290
-2579
-4279
-5341
-4928
-3339
-1813
-1195
-1308
-1592
-1545
-998
-53
984
1853
2548
3036
3425
3660
3444
2685
1710
1196
1301
1560
1513
975
221
-480
-1005
-1150
-936
-615
-457
-423
-199
340
889
1182
1250
1283
1468
1751
2040
2226
2215
1992
1630
1282
954
566
17
-558
-952
-1074
-1076
-1114
-1287
-1532
-1638
-1610
-1388
-993
-570
-208
47
234
437
532
296
-53
-191
34
352
371
133
-251
-607
-751
-691
-509
-358
-320
-318
-262
-83
108
175
104
60
172
422
692
803
798
700
595
533
507
458
292
46
-109
-100
-80
-149
-339
-542
-667
-687
-560
-359
-135
0
33
41
15
-113
-443
-1105
-2371
-4049
-5125
-4654
-3008
-1528
-1097
-1454
-1939
-2005
-1399
-341
746
1561
2105
2468
2821
3147
3174
2680
1970
1625
1779
1993
1767
1074
268
-415
-779
-786
-549
-354
-514
-800
-799
-339
281
764
1067
1293
1528
1753
1903
1927
1883
1823
1778
1748
1644
1318
663
-101
-678
-902
-895
-881
-946
-1197
-1420
-1514
-1435
-1172
-879
-638
-464
-276
-33
224
93
-302
-410
-78
482
716
529
27
-556
-821
-639
-215
60
144
-71
-333
-357
-200
60
181
289
420
560
632
552
412
309
331
453
608
647
447
63
-244
-263
-124
-23
-40
-158
-400
-604
-653
-605
-430
-224
15
193
246
63
-362
-1016
-2094
-3587
-4758
-4573
-3057
-1494
-1100
-1789
-2604
-2796
-2122
-861
508
1526
2037
2206
2252
2398
2609
2571
2278
2200
2521
2787
2428
1472
407
-347
-601
-418
-8
262
25
-573
-1010
-958
-467
103
536
911
1215
1401
1456
1395
1357
1452
1661
1872
1994
1828
1289
576
18
-192
-112
-56
-280
-740
-1221
-1562
-1694
-1631
-1444
-1208
-1066
-937
-736
-507
-343
-249
-291
-232
-48
136
334
266
91
-174
-268
-50
161
235
121
-90
-246
-172
27
200
296
250
215
142
132
170
220
283
369
504
560
497
322
120
14
50
153
181
97
-73
-309
-468
-515
-474
-326
-103
103
248
282
92
-254
-768
-1531
-2712
-4006
-4432
-3562
-2080
-1297
-1666
-2487
-2943
-2624
-1605
-277
862
1541
1791
1835
1991
2319
2587
2603
2561
2822
3192
3126
2378
1289
421
7
11
291
488
234
-466
-1220
-1501
-1247
-742
-283
57
335
585
770
911
1074
1288
1618
1915
2102
2084
1760
1229
712
440
452
464
208
-277
-872
-1364
-1654
-1765
-1711
-1582
-1473
-1433
-1366
-1363
-1385
-1228
-924
-444
16
352
553
497
432
470
619
816
890
674
280
-36
-176
-163
-149
-147
-155
-165
-149
-135
-122
-103
-25
92
252
456
577
491
301
180
165
207
287
290
219
141
34
-36
-62
-65
-68
-41
-4
38
60
90
69
-85
-375
-961
-2024
-3450
-4450
-4081
-2683
-1479
-1429
-2264
-3017
-3074
-2234
-922
385
1281
1661
1733
1823
2122
2475
2631
2633
2820
3244
3352
2801
1814
896
396
322
532
676
412
-303
-1159
-1632
-1490
-971
-487
-200
-84
30
173
314
491
778
1178
1588
1866
1913
1701
1238
821
687
860
1037
905
402
-280
-864
-1228
-1331
-1278
-1171
-1168
-1265
-1394
-1417
-1360
-1265
-1232
-1138
-876
-550
-233
-61
107
233
318
453
548
640
716
777
749
723
715
645
530
353
251
152
33
-52
-89
-128
-153
-172
-187
-167
-154
-174
-199
-183
-112
-33
26
76
93
88
72
47
58
84
175
295
424
549
503
204
-278
-1064
-2267
-3628
-4237
-3534
-2181
-1412
-1851
-2924
-3646
-3414
-2349
-951
281
1023
1252
1229
1357
1835
2346
2579
2712
2998
3364
3339
2732
1911
1307
1094
1170
1335
1265
733
-145
-980
-1310
-1108
-714
-496
-556
-738
-838
-799
-665
-366
104
614
1067
1334
1383
1284
1094
1032
1251
1614
1740
1454
869
266
-132
-291
-310
-330
-465
-748
-1155
-1486
-1619
-1587
-1560
-1576
-1488
-1348
-1173
-1000
-792
-589
-418
-147
244
616
816
900
858
828
1001
1240
1360
1264
1047
758
496
317
266
225
71
-127
-346
-483
-579
-663
-718
-711
-629
-475
-320
-259
-290
-334
-278
-129
111
321
434
434
437
532
662
643
392
-86
-885
-1971
-3058
-3448
-2833
-1871
-1504
-2110
-3104
-3631
-3344
-2411
-1263
-296
258
397
459
690
1195
1785
2191
2526
2947
3309
3296
2820
2223
1894
1873
2013
2059
1797
1137
241
-491
-800
-681
-479
-508
-772
-1083
-1291
-1284
-1124
-847
-413
40
397
588
663
682
724
914
1300
1694
1825
1618
1153
701
489
465
490
441
211
-190
-645
-1140
-1652
-1886
-1753
-1413
-1148
-1147
-1311
-1616
-1771
-1509
-889
-165
376
569
431
289
377
761
1149
1448
1607
1535
1233
885
665
582
566
560
527
291
-72
-493
-826
-895
-740
-504
-364
-396
-558
-726
-793
-676
-418
-101
123
201
160
176
325
508
571
436
81
-573
-1533
-2552
-2937
-2383
-1395
-1022
-1678
-2709
-3316
-3133
-2390
-1376
-519
-113
-73
-167
-15
532
1188
1683
2044
2453
2848
2915
2537
2090
1900
1999
2264
2413
2260
1674
855
160
-149
-56
119
84
-309
-804
-1119
-1217
-1130
-942
-631
-313
-117
-29
8
74
205
459
856
1263
1465
1339
980
644
547
717
901
932
728
301
-197
-646
-1061
-1325
-1247
-967
-764
-866
-1173
-1504
-1730
-1624
-1182
-642
-212
-16
-85
-259
-224
119
551
867
1075
1165
1035
804
689
738
846
928
948
817
537
181
-134
-331
-336
-206
-152
-279
-549
-790
-931
-951
-788
-563
-394
-328
-321
-278
-142
48
144
86
-122
-579
-1432
-2361
-2675
-2019
-965
-586
-1218
-2232
-2869
-2791
-2089
-1121
-318
42
-58
-321
-296
205
896
1382
1650
1987
2368
2478
2257
1966
1884
1993
2241
2448
2405
1981
1292
669
360
472
725
708
288
-311
-750
-915
-907
-727
-457
-292
-269
-323
-381
-356
-236
-29
296
665
937
907
626
326
265
475
742
906
822
529
129
-221
-358
-392
-597
-916
-1095
-981
-818
-897
-1184
-1506
-1681
-1544
-1104
-665
-407
-362
-459
-491
-229
289
713
847
855
916
952
1019
1111
1179
1135
1025
921
772
537
279
38
-177
-218
-172
-162
-352
-614
-808
-866
-820
-658
-521
-441
-371
-303
-144
4
64
-34
-288
-775
-1530
-2342
-2571
-1912
-951
-681
-1343
-2316
-2852
-2668
-1881
-953
-275
-44
-227
-520
-455
151
915
1428
1609
1824
2102
2201
2080
1908
1883
1993
2218
2426
2398
2026
1408
843
530
648
948
1002
597
-43
-522
-775
-738
-530
-331
-234
-331
-494
-584
-565
-421
-193
73
336
538
564
382
174
119
298
591
798
809
613
245
-89
-204
-142
-161
-334
-619
-920
-1114
-1182
-1093
-1071
-1150
-1209
-1150
-1010
-814
-611
-464
-327
-171
107
379
541
664
728
767
866
1059
1187
1149
973
797
700
643
606
548
374
163
-25
-166
-262
-331
-406
-538
-644
-656
-588
-538
-479
-468
-408
-321
-210
-152
-235
-525
-1135
-1969
-2614
-2471
-1534
-669
-668
-1517
-2449
-2802
-2475
-1607
-619
18
80
-297
-647
-497
192
1021
1488
1604
1693
1869
1936
1895
1848
1896
2025
2198
2353
2329
2007
1459
926
617
707
1016
1057
662
22
-515
-788
-799
-560
-257
-152
-278
-527
-718
-685
-484
-158
88
220
276
245
148
47
92
263
481
621
638
508
248
-28
-189
-146
-58
-92
-324
-697
-944
-992
-950
-968
-996
-992
-920
-825
-751
-660
-543
-373
-190
26
250
463
600
600
601
744
934
1056
1065
951
840
723
632
605
576
515
393
195
-44
-233
-329
-389
-478
-521
-567
-608
-612
-576
-509
-385
-286
-219
-253
-381
-567
-935
-1564
-2245
-2452
-1944
-1092
-723
-1099
-1904
-2501
-2540
-2004
-1074
-235
175
27
-393
-568
-209
530
1188
1571
1719
1821
1888
1868
1867
1900
2000
2083
2146
2165
2089
1824
1366
902
615
646
840
824
517
31
-415
-701
-734
-508
-210
-109
-267
-559
-766
-717
-483
-217
-50
20
32
29
-27
-12
68
179
299
365
392
366
250
99
-38
-92
-150
-309
-432
-497
-508
-573
-713
-857
-916
-865
-747
-603
-506
-436
-378
-332
-253
-64
201
417
517
561
644
698
740
761
766
761
737
738
690
606
480
335
120
-58
-106
-113
-154
-295
-439
-550
-587
-560
-475
-417
-380
-326
-328
-386
-475
-556
-740
-1177
-1812
-2268
-2207
-1651
-1086
-981
-1380
-1944
-2301
-2240
-1723
-926
-194
132
26
-214
-213
202
765
1254
1584
1782
1904
1991
1996
2003
2013
1984
1980
2021
2097
2097
1822
1360
850
503
452
573
633
469
148
-244
-571
-697
-609
-401
-226
-216
-364
-521
-568
-514
-386
-264
-152
-59
-6
-10
19
68
129
173
223
285
324
358
326
182
-72
-348
-510
-470
-299
-195
-308
-596
-883
-1060
-985
-726
-453
-245
-222
-303
-381
-288
-54
178
327
427
512
600
658
671
644
591
591
645
714
674
566
346
81
-131
-191
-112
-52
-86
-241
-441
-611
-638
-539
-446
-361
-287
-302
-461
-608
-749
-980
-1451
-2049
-2428
-2245
-1618
-1069
-989
-1407
-1917
-2243
-2176
-1626
-774
22
371
256
-15
-28
314
833
1300
1619
1869
2049
2129
2104
2052
1969
1884
1827
1864
2006
2097
1961
1502
939
521
380
481
585
590
434
70
-370
-696
-770
-614
-408
-315
-374
-508
-605
-629
-582
-500
-338
-213
-149
-54
31
149
228
191
143
116
193
337
340
150
-131
-341
-363
-269
-168
-127
-221
-476
-702
-773
-720
-564
-450
-375
-381
-354
-238
-146
-49
21
107
195
316
472
613
632
551
480
450
473
536
572
518
376
193
55
-42
-77
-91
-135
-244
-372
-437
-468
-462
-455
-431
-447
-427
-392
-396
-468
-645
-969
-1448
-2039
-2376
-2164
-1605
-1090
-985
-1243
-1654
-1969
-1949
-1542
-889
-211
218
341
298
315
504
771
971
1234
1575
1907
2165
2249
2208
2059
1854
1676
1638
1741
1932
1990
1763
1323
893
581
412
339
313
316
187
-24
-240
-413
-527
-614
-681
-714
-672
-528
-382
-325
-337
-424
-513
-535
-392
-118
143
310
303
180
74
-2
-31
-84
-135
-133
-117
-104
-169
-265
-360
-451
-552
-592
-526
-358
-207
-149
-185
-238
-226
-140
-35
80
189
289
341
354
413
461
467
421
380
347
388
401
319
226
104
3
-76
-130
-176
-222
-296
-396
-463
-489
-479
-468
-471
-463
-483
-544
-623
-742
-913
-1156
-1548
-1911
-1996
-1742
-1365
-1096
-1036
-1155
-1317
-1431
-1338
-1021
-559
-104
256
420
534
698
881
1004
1090
1291
1534
1794
2033
2196
2220
2102
1859
1641
1501
1500
1599
1617
1469
1215
910
607
341
168
67
-38
-98
-164
-219
-283
-391
-530
-701
-796
-792
-654
-470
-334
-267
-280
-390
-448
-390
-268
-95
27
109
96
-1
-113
-192
-166
-128
-141
-258
-344
-389
-361
-277
-241
-245
-294
-335
-306
-218
-112
-15
30
42
54
90
175
281
337
360
375
388
440
466
458
421
338
225
116
50
-10
-10
-80
-169
-264
-352
-385
-418
-472
-509
-537
-544
-497
-412
-346
-347
-404
-541
-668
-858
-1045
-1303
-1579
-1643
-1497
-1252
-1064
-970
-967
-1031
-1126
-1115
-912
-569
-209
115
329
540
734
885
1025
1113
1238
1374
1546
1731
1915
2033
2018
1877
1691
1502
1376
1355
1341
1252
1136
972
771
546
332
188
41
-93
-170
-226
-258
-256
-330
-430
-529
-625
-617
-594
-539
-439
-367
-328
-335
-322
-282
-261
-208
-230
-259
-267
-240
-198
-189
-176
-190
-195
-221
-214
-165
-76
-58
-72
-109
-153
-122
-65
-25
23
59
89
105
80
111
142
183
221
249
246
229
198
136
95
23
-16
-71
-105
-138
-187
-214
-258
-294
-310
-329
-390
-450
-491
-522
-500
-438
-385
-353
-351
-419
-520
-623
-715
-875
-1073
-1272
-1352
-1277
-1099
-928
-819
-770
-763
-774
-740
-613
-397
-127
96
285
494
746
976
1126
1200
1282
1348
1429
1541
1677
1783
1825
1795
1682
1537
1417
1331
1179
1039
889
772
680
578
480
332
158
-43
-215
-334
-382
-369
-384
-422
-478
-529
-554
-568
-563
-565
-537
-513
-459
-383
-308
-301
-381
-482
-501
-416
-306
-220
-144
-87
-57
-16
5
50
101
75
27
-13
-1
67
106
119
95
55
5
-38
-68
-42
-7
18
47
84
105
90
54
-31
-84
-95
-69
-58
-82
-117
-175
-231
-288
-288
-304
-279
-257
-331
-391
-420
-425
-380
-325
-316
-309
-353
-435
-516
-597
-644
-760
-921
-1069
-1123
-1073
-988
-864
-744
-676
-635
-570
-464
-347
-192
-35
137
308
518
784
991
1147
1251
1302
1324
1358
1401
1486
1545
1576
1521
1435
1387
1306
1196
1053
871
719
568
474
418
329
242
130
3
-112
-208
-262
-328
-407
-460
-469
-493
-487
-455
-465
-453
-526
-627
-719
-738
-637
-521
-386
-251
-144
-63
-4
55
60
54
58
74
119
190
234
267
215
97
1
-73
-97
-103
-101
-91
-92
-107
-91
-64
-52
-53
-84
-141
-165
-154
-147
-152
-137
-132
-132
-118
-143
-175
-219
-239
-256
-277
-264
-273
-261
-308
-343
-358
-365
-371
-370
-354
-378
-404
-438
-522
-615
-704
-796
-832
-878
-882
-814
-747
-661
-550
-461
-381
-304
-196
-50
96
251
441
627
801
974
1129
1258
1307
1328
1347
1361
1373
1376
1380
1358
1291
1225
1136
1017
885
758
615
484
381
262
174
83
5
-55
-118
-177
-237
-301
-372
-414
-456
-448
-470
-523
-583
-635
-613
-552
-506
-433
-341
-240
-149
-72
-28
5
33
21
2
-1
24
43
80
43
-4
-13
-65
-112
-150
-174
-197
-208
-213
-199
-179
-166
-163
-193
-202
-190
-147
-148
-158
-157
-152
-148
-160
-164
-159
-145
-144
-162
-195
-228
-249
-249
-262
-253
-248
-242
-237
-260
-268
-282
-287
-304
-340
-345
-371
-439
-506
-570
-618
-631
-595
-568
-514
-437
-367
-282
-189
-84
8
107
222
335
458
615
773
893
998
1078
1142
1183
1206
1205
1202
1207
1160
1133
1104
1039
966
862
760
612
492
408
303
224
151
87
13
-37
-77
-104
-152
-211
-268
-325
-342
-352
-355
-341
-358
-329
-326
-320
-322
-323
-342
-391
-412
-388
-344
-320
-298
-307
-321
-358
-361
-366
-356
-346
-344
-331
-310
-257
-215
-210
-193
-204
-187
-185
-160
-105
-79
-55
-47
-69
-44
-37
-21
-12
-30
-21
-29
-24
-53
-38
-46
-83
-90
-77
-78
-85
-87
-124
-179
-217
-240
-258
-269
-294
-319
-354
-371
-373
-389
-383
-368
-352
-312
-262
-198
-131
-56
19
61
124
212
303
393
467
544
616
680
734
778
813
858
893
903
891
864
837
808
770
730
671
568
501
456
413
340
249
173
115
47
-1
-44
-83
-86
-105
-120
-105
-92
-107
-119
-157
-171
-193
-220
-229
-226
-223
-273
-321
-331
-354
-381
-382
-416
-423
-436
-432
-401
-389
-388
-354
-329
-318
-295
-265
-246
-225
-215
-209
-185
-165
-130
-144
-149
-154
-166
-163
-148
-121
-120
-110
-90
-89
-84
-77
-89
-85
-97
-123
-154
-166
-163
-184
-210
-237
-265
-297
-315
-327
-324
-321
-328
-305
-283
-252
-191
-139
-66
17
98
180
259
346
442
504
541
597
650
705
779
805
804
787
773
771
766
733
691
659
601
548
517
492
433
365
291
213
175
152
129
97
62
37
13
-14
-34
-57
-74
-95
-122
-137
-167
-191
-217
-236
-278
-292
-275
-283
-299
-290
-315
-352
-368
-398
-413
-410
-400
-407
-401
-382
-382
-377
-354
-341
-334
-323
-308
-268
-237
-189
-165
-152
-127
-117
-83
-78
-77
-77
-89
-73
-66
-45
-33
-36
-73
-106
-102
-128
-146
-155
-158
-159
-171
-164
-183
-181
-177
-178
-184
-201
-206
-202
-168
-150
-99
-37
27
65
120
181
234
292
354
407
449
494
546
610
651
684
706
710
720
710
697
676
624
589
574
534
479
422
363
307
238
174
136
99
67
46
-9
-50
-47
-35
-16
-35
-60
-66
-79
-95
-84
-84
-136
-157
-186
-201
-231
-229
-227
-285
-282
-339
-357
-354
-393
-373
-399
-410
-385
-372
-356
-342
-340
-354
-351
-350
-333
-315
-300
-278
-260
-246
-240
-219
-199
-184
-191
-180
-175
-163
-157
-146
-155
-136
-125
-110
-116
-125
-121
-131
-134
-143
-131
-120
-102
-108
-111
-106
-96
-86
-69
-47
8
47
78
102
163
210
252
316
363
403
435
455
491
503
505
551
535
553
560
575
590
596
587
542
513
481
486
461
424
368
320
297
252
223
196
177
158
126
105
74
54
43
0
-20
-47
-74
-78
-104
-133
-142
-172
-205
-223
-240
-259
-252
-270
-295
-302
-322
-322
-339
-355
-343
-379
-409
-395
-371
-342
-329
-310
-316
-313
-293
-279
-263
-239
-239
-262
-253
-257
-264
-230
-212
-219
-238
-252
-265
-258
-246
-245
-244
-255
-275
-249
-236
-237
-225
-224
-222
-172
-148
-123
-105
-111
-87
-96
-58
-19
22
72
123
202
263
345
406
467
502
511
516
521
604
638
648
676
667
638
629
617
615
606
598
575
538
497
461
415
354
306
260
228
209
181
157
116
92
60
57
35
28
7
-32
-54
-84
-106
-126
-145
-161
-180
-211
-239
-274
-302
-309
-323
-320
-334
-378
-401
-429
-450
-441
-437
-421
-423
-417
-382
-373
-342
-319
-299
-266
-243
-214
-214
-220
-211
-213
-184
-179
-166
-143
-154
-160
-172
-176
-204
-214
-210
-228
-259
-267
-288
-280
-276
-262
-232
-232
-239
-238
-198
-171
-134
-97
-67
-15
38
100
155
226
301
371
422
476
508
536
574
616
623
641
667
666
673
669
649
663
662
638
619
569
511
448
415
351
338
326
299
280
264
259
230
208
168
133
84
46
11
-20
-45
-74
-61
-103
-134
-136
-160
-209
-256
-292
-333
-345
-356
-370
-400
-421
-424
-461
-444
-432
-447
-428
-425
-412
-412
-393
-352
-361
-371
-373
-368
-360
-344
-349
-309
-280
-284
-249
-226
-227
-235
-245
-230
-235
-250
-254
-281
-268
-266
-253
-242
-218
-189
-183
-190
-194
-180
-179
-147
-111
-71
-32
24
79
130
206
268
327
404
447
473
504
535
552
614
636
660
683
672
675
672
673
650
634
630
619
570
530
499
471
431
408
370
347
326
297
277
252
233
167
140
107
56
18
-14
-48
-65
-87
-105
-122
-135
-155
-183
-227
-251
-279
-317
-345
-364
-399
-437
-451
-437
-443
-457
-448
-462
-441
-428
-407
-385
-382
-398
-407
-395
-388
-366
-368
-369
-358
-354
-355
-336
-334
-357
-357
-361
-348
-376
-384
-394
-378
-362
-356
-313
-281
-235
-204
-188
-162
-124
-95
-61
-25
28
100
181
234
314
382
432
496
542
566
592
607
611
605
617
621
655
655
663
685
671
658
627
601
540
502
465
445
404
384
358
333
336
288
292
291
244
199
146
105
84
55
22
3
-23
-32
-57
-53
-70
-111
-137
-189
-233
-265
-327
-361
-391
-400
-402
-419
-409
-432
-424
-408
-407
-414
-400
-397
-399
-406
-422
-414
-409
-377
-375
-369
-377
-380
-363
-369
-380
-400
-421
-425
-442
-434
-395
-372
-356
-341
-315
-281
-248
-212
-183
-157
-156
-135
-92
-49
-7
21
101
166
221
281
330
370
397
451
476
508
539
553
582
594
615
627
651
659
648
647
633
641
604
549
508
461
446
443
449
437
440
408
378
350
301
255
209
147
122
95
57
16
-25
-33
-65
-106
-116
-141
-186
-203
-243
-272
-312
-339
-374
-381
-401
-408
-389
-404
-398
-391
-388
-397
-387
-363
-328
-322
-336
-346
-344
-370
-368
-378
-370
-393
-398
-391
-408
-420
-429
-426
-462
-466
-475
-467
-457
-424
-391
-363
-320
-261
-206
-186
-156
-133
-99
-72
-35
16
63
125
188
283
338
374
423
471
513
531
561
559
579
593
607
615
627
646
643
646
662
644
618
574
535
467
441
412
422
423
412
409
397
373
334
286
246
207
148
110
61
42
3
1
-6
-31
-33
-52
-51
-93
-145
-202
-252
-281
-318
-334
-363
-370
-366
-370
-372
-369
-376
-380
-401
-444
-466
-463
-484
-512
-502
-501
-453
-461
-446
-444
-443
-437
-457
-460
-482
-498
-506
-494
-467
-435
-391
-344
-299
-255
-207
-156
-141
-112
-79
-24
-2
26
47
74
114
153
192
222
273
324
356
377
413
457
490
506
535
549
542
549
580
570
586
592
600
603
580
582
578
549
517
507
472
474
433
409
366
325
315
271
227
194
164
129
94
46
26
20
0
-36
-77
-129
-182
-238
-285
-336
-358
-362
-366
-358
-327
-295
-294
-292
-330
-391
-435
-483
-512
-535
-548
-552
-534
-491
-447
-454
-417
-410
-426
-437
-467
-482
-510
-536
-529
-497
-467
-407
-348
-280
-219
-190
-169
-137
-96
-75
-43
2
42
53
89
94
145
185
205
243
290
329
381
421
438
495
527
572
612
635
657
666
635
632
624
615
598
605
597
578
560
522
503
468
412
353
337
295
279
265
223
173
155
97
70
49
15
9
-47
-106
-142
-202
-236
-279
-317
-327
-368
-372
-369
-338
-321
-299
-298
-336
-344
-385
-436
-468
-502
-521
-522
-520
-493
-449
-421
-399
-402
-396
-385
-385
-394
-397
-413
-416
-410
-378
-324
-296
-250
-208
-185
-157
-128
-107
-80
-42
-3
29
85
149
198
221
252
279
289
289
264
250
228
215
234
258
287
336
383
406
413
421
421
401
390
369
364
361
364
377
370
383
404
411
387
366
335
312
298
271
255
247
224
212
216
190
190
178
155
86
40
-9
-89
-129
-182
-205
-220
-197
-209
-218
-210
-231
-247
-284
-304
-348
-383
-405
-454
-462
-463
-452
-426
-425
-400
-373
-391
-396
-370
-359
-360
-352
-339
-323
-297
-262
-225
-204
-181
-181
-173
-141
-127
-97
-84
-53
-19
7
36
40
107
142
164
205
208
224
235
256
249
239
249
237
273
293
323
333
332
315
299
310
296
268
264
258
252
267
275
280
275
270
266
248
225
206
188
145
132
109
93
94
87
83
62
48
61
34
9
-20
-49
-81
-108
-134
-159
-158
-175
-164
-157
-161
-148
-140
-150
-169
-174
-171
-189
-207
-204
-237
-257
-248
-274
-298
-280
-266
-249
-237
-233
-247
-235
-235
-255
-274
-269
-245
-246
-209
-214
-183
-143
-110
-104
-89
-60
-41
-15
14
20
30
86
84
122
128
168
194
209
210
209
221
216
231
212
222
216
223
241
228
243
230
227
243
249
242
231
217
185
163
153
147
120
125
108
86
76
74
66
68
59
48
34
38
46
40
45
29
23
30
4
-4
-1
-12
-16
-21
-45
-83
-85
-111
-133
-143
-159
-134
-131
-134
-125
-123
-114
-148
-179
-184
-216
-231
-242
-251
-237
-227
-209
-197
-179
-142
-126
-127
-108
-111
-112
-93
-91
-61
-11
29
36
39
40
43
21
16
33
25
48
65
43
51
74
85
87
87
100
82
79
110
107
106
109
115
123
135
143
124
113
123
127
130
108
97
70
44
32
22
13
19
19
31
57
23
19
24
48
58
51
51
56
35
38
23
7
23
2
5
-21
-15
-18
-36
-40
-63
-56
-79
-68
-69
-61
-62
-57
-38
-59
-73
-94
-111
-110
-106
-146
-132
-134
-169
-128
-131
-127
-106
-97
-102
-77
-73
-94
-54
-52
-36
-11
12
6
25
47
25
19
22
-10
-9
4
18
52
76
117
99
122
110
97
87
76
81
79
92
113
142
161
160
132
129
118
86
81
61
64
51
33
45
45
19
20
21
1
-12
-20
-24
-29
-34
-51
-52
-54
-63
-49
-40
-41
-42
-50
-42
-57
-66
-65
-85
-82
-64
-55
-41
-43
-46
-39
-43
-33
-17
-21
-2
30
35
25
24
29
14
-5
-8
-19
-12
1
6
7
0
0
3
7
-6
-1
6
-6
13
6
12
17
6
-14
-15
-40
-48
-34
-45
-56
-46
-17
-1
25
39
46
16
13
3
-13
-13
-29
-16
-9
-7
4
20
19
33
30
18
7
-17
-15
-14
-11
11
5
20
16
16
-2
-20
-14
-32
-31
-30
-21
-2
3
-3
12
10
-6
-12
-17
-48
-53
-42
-44
-46
-24
-30
-19
-16
-14
-6
-3
3
-3
7
-4
0
5
7
20
12
8
18
32
32
48
53
34
32
27
38
27
39
61
82
74
66
74
74
82
73
74
58
70
85
98
83
85
94
76
73
69
62
46
45
26
9
-15
-28
-30
-22
-11
-16
-24
-6
-14
-29
-40
-65
-53
-56
-49
-81
-71
-72
-72
-68
-76
-68
-69
-77
-62
-50
-48
-51
-57
-56
-49
-63
-73
-74
-100
-89
-88
-83
-55
-59
-52
-46
-50
-29
-40
-56
-30
-36
-35
-47
-47
-34
-42
-19
-16
0
7
3
16
27
19
32
38
37
34
65
69
59
68
80
79
80
84
74
43
42
41
6
26
50
43
31
44
56
31
8
-1
3
-3
-2
19
27
20
15
27
32
45
27
43
44
26
38
34
58
34
40
54
40
41
24
39
37
45
34
15
-5
-27
-29
-41
-36
-29
-43
-35
-11
5
2
-6
-27
-27
-40
-37
-20
-50
-42
-41
-33
-48
-57
-30
-8
-13
-17
-11
-18
-6
-5
-9
-20
-35
-45
-40
-35
-31
-24
-24
-62
-37
-27
-23
-37
-43
-24
-15
4
3
-4
7
-12
0
11
9
18
19
21
5
36
52
52
54
52
22
29
31
34
44
22
25
20
17
30
31
28
35
19
31
23
20
23
1
-1
-7
-9
-28
-17
-16
-22
-20
3
-34
-31
-20
-3
7
-1
15
-10
4
-2
1
-7
-8
-15
-14
-29
-30
-3
3
3
15
36
27
19
31
19
12
2
-27
-10
-22
-31
-10
-5
2
-22
-30
-22
-34
-40
-36
-37
-35
-49
-38
-38
-38
-16
-20
-19
-17
-33
-36
-38
-19
-20
-18
-13
-14
-2
-7
-11
-20
-9
-9
-1
-8
11
24
23
35
4
22
20
38
46
42
53
45
49
38
32
12
32
2
18
34
18
40
48
65
48
29
24
14
14
14
18
22
21
26
26
17
8
7
24
12
13
7
-4
15
7
5
9
-4
18
20
-14
-4
-9
-12
1
-10
-19
-21
-24
-31
-22
-5
-17
-13
-24
-32
-9
-28
-1
6
-17
-21
-10
-11
-20
-15
-21
-31
-18
-10
-9
-21
-25
-9
-13
-23
-22
-38
-35
-23
-2
-2
-14
-13
-2
-22
-34
-19
-23
-20
-26
-23
-21
-2
-7
-25
-2
-11
-15
8
-5
2
12
7
4
21
11
10
7
24
42
22
7
16
30
16
27
10
0
14
14
8
8
19
14
12
25
15
25
11
8
10
-17
-13
-21
-2
10
-6
6
14
18
15
2
12
18
-3
2
20
2
3
-2
11
12
8
11
10
20
5
13
19
-2
1
1
0
7
6
7
9
15
12
12
24
-15
-23
-23
-37
-15
-15
0
6
-4
-3
-1
0
-9
-30
-12
-32
-23
-12
-17
-5
-10
22
9
21
24
16
-5
-14
-17
0
7
10
15
-1
8
8
-1
5
1
-8
-9
-8
9
0
-15
-18
5
12
9
-5
-6
-19
-7
-3
7
1
26
0
7
5
14
3
-9
27
19
7
3
3
-1
16
7
12
8
-3
-19
-41
-50
-58
-51
-54
-29
-33
-27
-23
-35
-36
-29
-34
-36
-18
-9
-29
-42
-15
-9
-16
-16
-19
-6
5
16
36
8
9
18
26
36
27
29
16
8
6
-3
5
-7
-4
-17
3
27
17
17
16
22
20
41
29
11
27
34
27
30
39
24
37
24
14
16
16
14
-2
26
14
17
36
28
12
2
-3
-4
21
8
0
16
7
3
1
-12
-19
-4
-6
3
-12
-26
-8
-12
-6
0
7
2
8
3
-4
-3
2
3
7
-3
-8
-7
-3
2
7
15
10
-11
-15
-15
-6
-15
-5
-9
-6
13
6
23
6
-10
-9
-8
-19
-30
-23
-33
-44
-32
-35
-22
-23
-10
-14
-17
-21
-37
-15
-18
-14
-13
-13
-1
-8
-12
-31
-17
-11
-6
-23
-34
-31
-36
-25
-24
-14
-9
-4
-24
-20
-13
2
14
9
9
-11
4
23
13
6
18
28
20
15
33
51
50
53
54
49
68
44
46
43
58
55
19
40
47
31
54
46
29
29
23
25
7
0
-10
-7
-28
-33
-29
-47
-61
-40
-35
-44
-32
-36
-44
-43
-58
-50
-62
-51
-34
-50
-48
-20
-27
-30
-32
-32
-29
-35
-16
-12
-4
-2
9
6
1
10
14
9
8
-3
12
20
18
6
14
28
23
30
17
23
10
17
35
29
24
30
31
47
25
19
40
25
33
36
26
35
29
39
54
36
39
34
23
30
22
29
29
26
27
24
19
16
20
8
-5
2
5
16
11
8
8
-2
-4
-17
-8
-13
-14
-12
-4
-14
-29
-25
-18
-29
-29
-13
-17
-19
-20
0
-4
-18
-16
-26
-39
-48
-42
-38
-46
-49
-50
-20
-31
-50
-43
-44
-53
-70
-85
-100
-71
-62
-57
-39
-29
-42
-46
-31
-29
-20
-22
-9
12
13
15
-1
15
16
13
28
9
14
36
36
41
36
41
55
49
45
46
34
29
29
27
18
4
29
28
9
-5
7
6
-7
-3
3
12
22
7
-5
12
26
15
22
43
32
17
11
19
19
-8
5
6
5
7
0
8
12
11
18
18
22
23
17
25
19
20
39
48
67
38
33
32
21
1
-4
1
-37
-16
-8
-5
-8
9
-18
-25
-14
-17
-21
-27
-21
-25
-10
-17
-23
-12
-2
-1
-23
-13
-21
-21
-24
-20
-29
-28
-23
-49
-37
-23
-38
-41
-29
-37
-24
-25
-9
-28
-41
-31
-19
-12
-18
-2
-6
-1
19
5
-10
-7
0
6
16
12
-4
2
33
27
13
25
31
30
23
32
28
18
14
12
10
12
25
11
21
11
-8
-4
-20
-44
-17
-12
0
6
-18
-25
-28
-23
-6
13
2
-3
2
24
1
15
18
6
11
11
7
0
13
23
24
11
13
10
20
14
6
10
5
17
15
5
2
-4
-22
-7
-6
-13
1
-14
-8
-4
-1
12
5
-6
1
-6
-8
16
1
-7
5
10
-1
6
7
17
21
6
9
16
19
7
10
13
-1
0
-4
-6
-8
-30
-8
-9
-10
-3
-16
-11
-9
-14
-2
-4
3
5
-4
-14
-16
-18
-1
-16
3
4
-3
1
-26
5
-11
4
5
24
-8
2
26
3
-4
-25
17
1
7
11
8
19
-6
-32
-28
-11
-11
-5
-7
-1
4
-13
-14
-14
9
8
-27
-25
-10
-2
-2
-3
7
0
13
-4
-3
0
-5
1
0
-2
-8
3
-3
3
4
9
21
10
23
9
22
5
-13
-1
-7
-3
5
0
-6
-2
-7
2
-5
-23
-8
-10
-10
3
3
-8
-13
15
20
16
1
7
4
-2
13
-4
-3
-2
18
-5
3
-10
-12
-1
-22
-13
-8
-7
-10
-13
-10
12
17
19
11
8
28
6
14
27
25
51
30
8
20
3
17
17
23
30
6
-1
-2
0
-10
7
10
16
11
11
16
4
-1
10
-1
-18
-5
-9
-23
-17
-12
-16
-5
-15
-14
-24
-29
-21
-34
-35
-32
-37
-31
-22
-27
-24
-13
-14
-24
-20
-15
-19
-24
-24
-5
17
1
2
5
5
14
16
2
4
1
9
32
21
31
14
17
14
-1
23
34
23
15
26
24
31
35
6
12
12
16
27
2
6
24
7
4
-1
19
-6
6
8
2
-8
-19
-7
-32
7
-25
-29
-19
-23
-30
-25
-18
-19
-11
-14
-12
-14
5
0
2
7
5
-5
-6
-1
1
-14
-3
-1
-5
10
10
0
13
17
7
-12
-25
-19
-1
-1
-13
-23
-26
-17
-11
-8
-13
-13
-36
-38
-18
-14
-27
-31
-11
-17
-28
-35
-19
-18
-1
-4
-2
-3
-5
19
14
5
23
6
36
36
10
40
47
51
50
47
38
36
40
55
48
49
52
31
44
69
40
33
29
8
23
14
8
13
21
19
12
-5
13
18
13
22
19
20
4
26
17
4
2
2
-6
-19
-26
-25
-28
-32
-49
-47
-31
-41
-48
-44
-33
-44
-49
-36
-29
-27
-28
-33
-20
-15
-6
-17
-37
-11
-24
-25
-13
-28
-25
-22
-29
-14
-8
-5
-19
-10
-13
-16
-10
-6
-1
-8
-3
4
11
11
-8
-1
-8
-24
-8
-6
-2
-20
-1
-6
-10
4
12
5
-13
-5
-5
-4
12
5
-9
-24
-21
-7
-7
-16
-25
-17
-7
-12
-3
16
14
12
21
18
19
48
46
36
23
35
37
60
34
23
45
44
19
32
45
38
39
31
11
18
26
16
12
18
23
-6
3
-2
-4
27
7
19
19
17
25
-2
9
17
15
12
8
-5
-9
-2
-20
-24
-17
-6
-19
-18
-20
-23
-22
-7
-5
-26
-9
-22
-8
3
-22
-6
-8
9
-10
-5
-11
-18
-25
-36
-19
-24
-23
-35
-34
-30
-13
-32
-39
-33
-20
-1
-5
-18
2
-20
-25
-12
3
6
10
21
18
0
9
16
4
10
8
17
-3
7
23
5
1
-9
-2
-8
-8
1
-1
-3
-11
2
1
-6
0
8
8
14
10
19
12
-4
0
18
8
7
4
13
22
16
-3
6
2
9
11
-5
5
13
9
8
15
14
5
6
8
17
24
30
17
2
2
-9
4
2
-9
-10
-8
-1
0
-1
-6
-20
-11
-7
-23
-27
-5
2
-22
-21
-7
-20
-18
-5
-6
19
9
-8
0
-24
-12
5
-12
-27
-29
-27
-19
-21
-10
-6
-3
1
2
5
-21
2
-11
-12
14
8
9
20
21
1
27
14
13
21
16
17
23
29
26
24
20
7
23
18
2
-3
-13
-5
1
13
0
8
-14
0
14
-3
-8
0
15
9
5
14
14
13
16
9
21
18
10
6
10
-15
4
10
8
-11
-8
1
-5
3
-1
0
-4
10
4
-13
-18
-10
-17
-14
-23
-28
-30
-33
-25
-1
-4
-12
-20
-33
-27
-21
-26
-22
7
-4
-17
-16
-8
2
-20
-15
-18
-24
-27
-16
-20
-5
1
-17
-1
8
9
7
9
23
-8
-9
21
1
5
-17
-6
9
-4
7
0
7
15
14
6
21
8
21
10
2
27
13
-8
-7
2
-3
-4
-1
7
-9
12
7
-1
-4
23
18
-8
-9
-6
-10
-9
0
3
11
12
13
3
6
17
17
13
22
31
