8
6
9
3
-5
2
-9
-9
-13
-24
-24
-23
-21
-22
-5
-4
-2
4
3
6
8
5
-3
-5
-3
-4
-8
2
5
7
12
5
-6
-7
-11
-22
-14
-10
0
-6
-3
9
13
13
-5
-8
-8
-13
-5
-4
-16
-7
-8
-2
-9
-7
1
-7
-4
-6
-11
-4
-1
-8
1
9
6
-2
-6
-10
-10
-10
-8
-15
-8
4
7
2
7
3
0
-7
-4
-2
-3
0
6
15
11
6
10
8
7
15
16
7
11
15
13
8
12
10
5
-13
-23
-15
-24
-15
-5
-4
-7
-12
-20
-22
-28
-24
-18
-7
-10
1
6
7
8
5
5
7
14
18
18
20
26
27
27
16
7
21
12
4
-1
-4
-11
3
11
19
23
18
18
-4
-1
-9
-11
-14
-9
4
6
17
17
18
19
2
-7
-18
-6
0
-17
-12
-11
-10
-6
-9
0
-2
-5
-13
-13
-23
-15
-6
1
6
17
19
5
7
-9
-17
-27
-20
-16
-10
3
10
20
14
10
22
10
-7
-3
-3
3
0
5
4
-8
2
-16
-16
-3
-1
5
3
15
23
18
14
4
4
0
-2
6
5
4
-1
7
2
-2
-2
-7
-23
-27
-25
-13
-1
-12
-8
-2
1
-10
-6
-3
3
7
3
1
15
0
1
4
-7
-2
-12
-18
-14
-17
-8
-13
-9
3
-3
9
11
-4
0
11
13
14
15
24
20
18
23
13
7
7
7
9
3
-6
-8
1
-4
4
3
6
5
-6
-9
-15
-14
-11
-17
-23
-17
-5
-2
-16
-12
-12
-8
-17
-13
-11
-12
7
13
5
4
4
-2
-15
-6
0
-3
5
15
21
27
24
33
30
24
15
10
4
8
13
10
2
3
10
3
2
1
-5
-12
-3
-4
-18
-11
-12
-19
-15
-16
-17
-14
-7
-8
-3
0
8
-1
0
13
7
-5
-3
-11
-13
-11
-16
-11
-10
-12
-6
-3
-6
-17
-4
-7
-7
8
10
13
20
22
18
22
16
3
-8
1
1
-9
0
12
8
2
11
9
3
3
-3
-4
-11
-4
-3
-16
-10
0
4
15
13
2
-4
1
-2
-4
11
21
26
16
-9
-23
-21
-1
8
8
17
21
13
20
8
-5
-10
-10
-9
-10
-7
-5
-9
-27
-21
-6
9
7
11
-1
-10
-24
-26
-24
-16
-9
-13
4
14
16
4
7
-8
-6
3
4
18
30
20
4
7
3
9
-7
1
-3
-3
4
2
-5
0
7
9
4
-1
-10
-11
12
12
8
0
1
7
-1
-4
-2
-7
-3
-3
-6
7
5
4
2
-1
0
-11
-9
1
-8
-8
-8
-2
-2
-11
-11
-12
-11
-13
-1
7
5
-1
-7
1
4
0
-3
-2
-20
-32
-9
9
-3
14
6
-3
9
12
9
13
6
-2
3
8
25
24
25
27
15
9
16
19
0
-15
-14
-7
4
10
13
6
1
-6
-2
7
-2
2
-2
0
5
-7
-14
-24
-20
-27
-18
-29
-26
-21
-13
-16
-14
-10
-8
6
1
9
15
35
33
-6
-24
-18
-15
-4
2
4
4
6
19
10
0
-9
-26
-27
-26
-15
-18
-7
5
13
16
17
16
5
9
1
4
4
20
8
21
30
20
6
0
-5
-9
6
19
24
16
24
3
-9
-3
-5
-7
-6
-5
6
19
12
16
25
4
-14
-22
-30
-16
-1
2
-5
1
0
-9
-6
-12
2
11
5
-8
-7
2
16
8
9
2
-8
-12
-4
-3
-3
7
-14
-10
-20
-17
-7
-7
-9
-11
-8
-4
7
4
19
24
13
9
5
-8
-17
-14
-13
8
31
28
19
19
35
15
-5
-9
-14
-19
-5
-6
-15
-24
-25
-22
-1
11
16
7
1
11
3
7
-6
9
23
28
12
-6
-20
-28
-41
-39
-35
-39
-22
2
17
16
8
-15
-37
-36
-17
0
19
33
29
5
4
-9
-9
-6
-2
6
15
19
16
14
5
12
-9
-25
-30
-31
-9
2
7
6
-6
9
-6
-6
-9
1
17
16
31
25
14
1
-12
-3
-4
-5
-13
-14
-7
2
12
8
18
22
10
-9
-7
1
12
21
17
10
-5
-22
-13
-4
1
-2
-4
23
31
15
1
-1
12
10
14
-3
-15
-18
-11
-23
-19
19
24
31
30
19
-11
-7
2
1
4
19
19
1
-4
-9
-9
-14
-21
-25
-24
-6
14
18
5
-5
-5
-17
-9
-5
-4
2
0
4
12
5
7
17
7
-2
-7
-13
-19
-7
0
7
9
-6
-22
-32
-8
-11
-12
-8
6
11
3
0
-17
2
3
7
16
-8
-25
-23
-14
-16
-10
-3
-6
10
18
-7
-20
-13
-6
10
33
29
11
13
0
-11
-13
-6
-9
-6
3
9
11
21
11
12
7
4
11
5
0
-11
-1
12
13
9
2
-11
-31
-11
-9
16
27
30
21
-1
-16
-21
5
1
10
28
5
-17
-22
-21
-9
-11
14
22
35
43
28
-1
-2
-9
-20
-8
1
9
16
10
9
4
-6
-16
-14
-6
14
15
8
18
0
-11
-5
-10
-20
-34
-35
-28
-24
-21
-20
-5
-8
-22
-20
-2
3
0
11
1
-10
-8
-13
6
20
23
23
20
10
12
-13
-19
-5
4
14
3
-7
-13
-13
-15
-19
-6
0
-1
21
24
11
-5
-6
-10
5
14
1
-5
-5
-6
-3
3
-8
-5
1
11
-12
-13
-6
-3
16
28
13
0
6
1
-4
-12
-18
-27
-5
14
21
14
15
24
1
1
-9
-35
-36
-23
-5
5
18
9
4
2
-3
17
31
15
9
-8
4
10
-6
-11
-8
10
23
21
27
18
-8
-16
-28
-18
-2
9
10
7
20
9
-2
-3
3
-8
6
6
22
40
44
32
0
-3
1
-7
-26
-32
-32
-13
-2
16
3
-2
-9
6
3
-5
3
-9
-4
-2
-16
-13
-8
-24
-22
-16
-13
-10
-9
-5
-8
-13
-14
0
5
-5
-5
-14
-7
6
23
23
22
16
14
5
-4
3
-5
-13
-11
-15
-7
10
27
31
20
14
-1
4
-1
16
11
10
9
19
11
-6
13
23
16
5
5
2
3
11
1
-13
-6
-5
-19
-16
-25
-31
-19
0
14
22
0
-15
-31
-43
-33
-28
-10
0
-2
-13
-17
-9
-6
9
30
29
7
1
-16
-6
8
5
5
13
15
23
7
-26
-34
-19
-7
6
33
18
12
-2
-22
-34
-22
-15
-16
-4
7
5
11
13
14
6
-5
-14
-18
-14
-11
5
9
8
6
4
-2
-4
-1
9
7
-7
-26
-8
6
24
36
20
8
-26
-27
-18
3
10
8
-4
-6
3
-2
-6
-6
17
2
2
1
0
-4
1
27
39
41
32
33
35
22
23
23
23
15
18
30
27
18
8
4
-14
-19
-9
1
-8
2
-10
-6
-21
-18
-24
-15
-13
-13
-24
-41
-26
-30
-20
-8
-16
-9
9
4
27
6
-19
-25
-32
-20
5
22
25
12
4
-6
-36
-37
-30
-24
-2
33
43
14
9
18
17
4
-19
-28
-28
2
22
16
7
3
0
-7
-12
-8
3
14
-11
-27
-21
-9
0
17
27
19
9
-1
0
12
16
-4
-16
-9
-4
7
-5
4
16
22
19
24
34
-1
-38
-72
-52
-37
-33
9
11
14
24
30
6
-12
-25
-38
-40
-14
10
31
39
2
-3
17
24
10
-6
-19
-8
-1
7
-6
14
25
7
17
9
10
12
16
11
-13
-31
-3
26
44
48
13
-2
9
12
24
24
7
-18
-42
-12
20
33
10
-25
-29
-31
-28
-27
-3
-7
-12
-8
-11
-21
2
13
4
-5
14
16
13
31
36
41
9
-16
-18
-8
-15
-8
13
31
34
27
21
7
-13
-40
-31
-8
-7
2
14
-3
-33
-39
-32
-22
0
3
8
41
30
9
-20
-23
-25
-47
-52
-47
-17
-12
-5
2
-3
-12
-34
-35
-34
-15
0
-12
6
21
42
24
9
-9
-19
-11
11
38
51
31
13
8
5
18
1
-8
-22
-25
-17
-4
-8
-14
0
6
15
32
21
14
31
45
10
11
-6
-14
-27
-21
0
-9
20
30
24
-8
-1
3
24
33
21
6
-9
-15
-27
-19
-7
31
44
40
25
9
-12
-24
-22
-28
-17
-2
0
27
22
3
-13
-16
-33
-70
-62
-20
-6
25
42
17
-14
-13
-10
1
0
-10
-9
27
29
3
-26
-20
-11
8
18
23
22
0
-10
-33
-18
-10
10
18
17
3
9
19
16
-11
-7
22
11
10
3
-1
-5
-10
-11
-18
-22
-24
-9
4
18
27
29
31
22
-12
-18
-21
3
6
34
27
2
2
-15
-17
-12
4
6
-9
-40
-22
-18
-22
7
17
8
0
-1
-5
-25
-39
-36
-36
-29
-17
18
30
38
33
3
-2
-14
18
40
17
9
-5
-23
2
26
18
32
44
27
2
-18
-28
-43
-59
-33
-12
0
15
27
28
14
-12
-36
-49
-42
-12
12
27
34
38
31
29
7
-13
-25
-51
-35
-8
-12
-2
9
12
40
61
23
-21
-68
-70
-60
-53
-17
22
49
54
59
29
-1
-18
-27
-1
17
28
49
62
55
40
8
-21
-25
-27
-44
-31
-30
-15
-7
13
46
50
58
40
21
-6
-37
-68
-69
-59
-26
0
40
60
56
30
-11
-23
-49
-65
-69
-55
-16
31
58
53
13
-13
-9
-22
4
25
33
35
36
9
-1
8
3
9
26
37
36
26
-25
-54
-88
-75
-45
-26
4
40
63
57
37
0
-38
-68
-67
-34
5
23
34
19
34
29
3
-16
-11
-12
-29
-14
-17
11
-4
2
-25
1
5
2
0
2
16
-2
7
7
-6
-19
-8
-17
4
-1
14
-6
-14
-15
-23
12
21
31
29
7
1
-9
-2
-17
-36
-37
-20
25
39
62
49
29
17
-7
-40
-29
-28
-58
-45
-1
27
45
54
28
-7
-26
-66
-75
-69
-50
-8
1
23
42
50
34
9
4
0
5
-23
-59
-51
-37
-3
29
92
118
102
77
26
-5
-54
-73
-74
-47
24
82
99
91
69
4
-16
-39
-62
-91
-80
-17
35
84
84
76
41
9
-44
-57
-72
-79
-44
-4
44
41
25
4
12
25
37
30
-13
-36
-68
-74
-64
-18
22
29
18
6
-1
-13
0
0
-6
7
-9
-47
-44
-36
-42
-48
-24
10
26
12
4
-6
-3
8
-7
-6
-8
31
51
59
27
-2
-12
-25
-21
-13
-11
-14
7
18
28
31
18
-13
-33
-22
7
27
33
19
-5
-14
-22
-31
-23
-17
-2
16
20
26
25
27
21
11
-11
-23
-20
-27
-27
-34
-23
-16
-15
-3
12
22
40
51
35
38
23
-7
-23
-20
-15
4
21
23
27
29
29
13
18
11
11
29
26
0
-10
2
17
9
9
2
-3
-3
3
-5
-18
-31
-52
-45
-48
-26
-8
-10
-9
1
8
-6
-17
-21
-24
-27
-28
-29
-29
-24
-14
-3
20
19
27
26
0
-11
-17
-14
-20
5
22
21
16
5
-5
0
11
-1
11
18
20
4
-7
-7
-2
2
28
59
56
80
81
43
-15
-44
-56
-72
-64
-55
-41
-23
15
40
38
31
22
-3
-22
-20
-5
7
5
-5
-5
12
14
0
-4
-1
-1
-8
-25
-26
-31
-30
-35
-26
-9
11
31
26
14
-20
-30
-24
-12
5
23
45
50
32
34
35
27
21
15
15
13
5
-9
-27
-24
-18
-23
-18
10
18
13
-15
-35
-34
-11
-1
-2
6
14
22
18
9
25
16
10
-3
-4
15
9
24
15
-14
-30
-11
-3
-15
-22
-8
4
0
10
6
-3
-2
-10
-27
-21
-2
-11
-23
3
17
18
23
4
-7
-15
-18
-27
-33
-32
-31
-30
-28
-9
18
16
16
15
21
29
24
8
-6
0
0
15
36
53
61
52
30
11
-2
-7
-18
-25
-4
1
12
19
14
5
14
6
-25
-38
-38
-36
-28
-26
-24
-4
16
34
36
36
27
12
-3
-22
-51
-52
-43
-35
-25
-12
26
30
19
-3
-21
-42
-67
-71
-55
-19
16
37
46
54
52
42
12
-11
-22
-38
-46
-42
-38
-27
-16
-7
-15
-22
-18
-17
-18
-19
-16
-10
-1
1
13
23
36
33
23
20
19
15
10
3
3
12
16
27
29
32
37
34
30
28
28
23
26
29
20
30
24
31
35
43
54
46
37
22
15
7
7
-1
12
27
32
51
64
68
72
61
45
43
25
29
25
24
27
28
16
-3
-27
-50
-59
-75
-82
-75
-67
-66
-59
-57
-41
-47
-56
-67
-87
-105
-129
-146
-172
-201
-219
-258
-301
-335
-380
-431
-454
-456
-437
-390
-325
-251
-161
-53
36
133
217
289
356
406
453
486
511
516
521
510
486
445
407
360
297
247
194
160
124
120
107
112
135
143
156
165
178
169
158
150
139
136
130
142
142
148
143
111
69
9
-51
-124
-193
-256
-319
-373
-392
-390
-366
-316
-267
-239
-219
-191
-183
-168
-171
-165
-150
-122
-86
-44
11
50
72
73
29
-123
-431
-871
-1355
-1766
-2033
-2128
-2041
-1760
-1341
-844
-340
120
552
886
1118
1212
1199
1149
1116
1133
1194
1306
1428
1510
1512
1395
1175
882
522
148
-218
-515
-707
-799
-769
-604
-351
-56
187
324
369
337
274
211
171
182
259
393
539
669
763
811
779
645
449
200
-54
-244
-385
-434
-416
-339
-232
-160
-105
-73
-93
-171
-276
-375
-453
-475
-455
-365
-231
-86
41
112
111
57
-55
-211
-346
-444
-500
-495
-455
-385
-316
-247
-210
-204
-204
-209
-198
-175
-107
1
80
14
-328
-998
-1883
-2697
-3230
-3443
-3295
-2781
-1984
-1055
-148
652
1337
1882
2228
2306
2161
1937
1764
1680
1712
1839
2010
2132
2103
1879
1470
956
405
-138
-625
-984
-1159
-1179
-1012
-666
-198
309
680
855
811
643
468
334
272
322
468
626
772
875
904
861
680
333
-160
-662
-1087
-1384
-1494
-1379
-1036
-623
-209
100
318
434
448
351
192
77
22
51
126
263
434
559
594
485
274
0
-290
-571
-807
-931
-929
-814
-668
-474
-291
-158
-114
-191
-320
-463
-583
-651
-628
-514
-307
-73
127
301
440
504
520
466
363
285
185
-91
-774
-1906
-3246
-4385
-4998
-5007
-4441
-3378
-2002
-558
693
1630
2308
2774
3000
2930
2643
2367
2219
2222
2337
2516
2664
2650
2342
1712
860
-31
-836
-1458
-1820
-1892
-1681
-1297
-791
-180
472
1055
1415
1448
1240
958
765
726
854
1122
1415
1588
1572
1319
926
455
-75
-638
-1206
-1658
-1980
-2095
-1969
-1609
-1090
-567
-116
174
353
451
476
436
401
425
499
572
629
641
581
455
220
-112
-457
-739
-942
-1011
-929
-713
-387
-120
52
100
51
-79
-255
-373
-460
-478
-406
-291
-165
-47
57
65
0
-104
-215
-262
-231
-122
49
220
376
495
567
519
42
-1117
-2882
-4624
-5753
-5992
-5374
-4062
-2267
-327
1356
2440
2987
3195
3182
2917
2409
1923
1717
1862
2217
2617
2912
2966
2649
1789
581
-707
-1777
-2439
-2679
-2425
-1747
-834
22
732
1295
1750
1966
1813
1346
782
485
470
742
1217
1715
2033
1953
1433
609
-282
-1075
-1723
-2182
-2382
-2262
-1869
-1333
-766
-265
87
221
125
-55
-123
-20
214
507
811
1088
1252
1218
954
524
13
-487
-930
-1230
-1287
-1089
-728
-331
26
288
399
326
105
-153
-356
-474
-477
-353
-138
126
319
390
343
173
-64
-348
-588
-727
-713
-554
-283
56
365
587
674
614
494
445
385
-98
-1392
-3331
-5176
-6176
-6105
-5100
-3463
-1488
431
1870
2580
2711
2651
2566
2379
2017
1756
1819
2202
2638
2935
2985
2703
1993
813
-557
-1774
-2528
-2753
-2494
-1749
-684
341
1029
1373
1539
1658
1656
1469
1109
777
742
990
1403
1871
2194
2124
1530
537
-564
-1425
-1895
-2023
-1928
-1689
-1362
-1033
-733
-453
-213
-161
-309
-550
-657
-473
19
629
1135
1438
1500
1278
804
274
-270
-692
-969
-1040
-922
-651
-280
37
206
241
188
24
-171
-307
-285
-142
39
201
306
354
313
115
-151
-386
-490
-499
-496
-461
-420
-374
-321
-226
-118
-20
15
15
-8
7
129
334
522
179
-1065
-3106
-5117
-6192
-6043
-4869
-3070
-1004
898
2300
2951
2951
2710
2457
2155
1734
1460
1615
2117
2665
3021
3038
2628
1784
516
-896
-2097
-2750
-2801
-2335
-1416
-239
820
1464
1682
1634
1575
1539
1386
1087
852
860
1138
1521
1868
2017
1767
1008
-105
-1246
-2065
-2389
-2316
-1985
-1507
-1001
-593
-319
-115
58
56
-186
-482
-625
-365
219
887
1394
1599
1541
1124
478
-246
-790
-1083
-1192
-1067
-773
-319
103
358
352
199
10
-217
-405
-492
-345
-58
255
473
564
522
343
40
-349
-664
-761
-662
-495
-371
-222
-136
-133
-153
-177
-216
-271
-335
-344
-247
19
432
843
898
10
-1943
-4433
-6279
-6731
-5882
-4112
-1909
324
2130
3156
3255
2862
2432
2086
1751
1442
1552
2124
2888
3413
3507
3102
2182
820
-822
-2275
-3108
-3206
-2665
-1613
-222
1092
1903
2075
1798
1435
1231
1163
1047
948
1024
1309
1681
1967
2070
1779
990
-216
-1508
-2452
-2780
-2486
-1859
-1154
-527
-157
-100
-241
-387
-445
-476
-553
-702
-639
-229
423
1026
1367
1422
1123
562
-98
-640
-983
-1033
-833
-539
-156
220
447
376
142
-127
-349
-474
-529
-336
-22
395
754
935
956
785
420
-146
-656
-905
-874
-607
-272
2
150
73
-187
-480
-680
-753
-748
-666
-428
-10
486
919
1257
1450
1125
-263
-2734
-5413
-6947
-6805
-5375
-3249
-901
1268
2745
3237
2809
2070
1572
1334
1218
1282
1857
2784
3562
3787
3405
2539
1265
-333
-1919
-3004
-3259
-2781
-1876
-651
672
1732
2130
1822
1190
711
626
796
994
1233
1552
1878
2022
1938
1652
1043
63
-1167
-2235
-2702
-2488
-1825
-994
-246
219
277
-35
-497
-786
-802
-687
-501
-250
130
617
1022
1148
970
567
29
-503
-854
-864
-619
-285
41
296
477
472
215
-169
-519
-705
-675
-464
-159
188
499
645
623
497
355
206
46
-99
-191
-120
27
171
265
279
172
-100
-429
-723
-867
-883
-829
-733
-538
-230
129
508
812
1022
1133
941
-138
-2307
-4881
-6586
-6696
-5500
-3530
-1283
843
2426
3101
2832
2095
1536
1373
1398
1576
2076
2843
3473
3610
3148
2262
997
-534
-2024
-3072
-3307
-2828
-1894
-701
589
1624
2049
1815
1214
744
699
994
1393
1688
1926
2083
2059
1826
1410
787
-119
-1206
-2163
-2610
-2447
-1813
-1023
-351
100
135
-190
-610
-783
-570
-106
387
723
945
1038
915
522
-61
-586
-973
-1155
-1106
-763
-285
150
353
308
189
-13
-216
-426
-512
-374
-45
281
398
395
289
149
9
-45
59
270
499
590
571
492
396
240
36
-184
-414
-628
-823
-998
-1013
-878
-754
-667
-620
-455
-189
158
551
905
1195
1345
974
-424
-2791
-5230
-6562
-6288
-4823
-2736
-516
1405
2640
2927
2421
1663
1211
1144
1323
1721
2433
3248
3721
3568
2796
1601
116
-1375
-2589
-3135
-2875
-2101
-1044
73
1160
1870
1997
1585
943
569
682
1179
1740
2164
2387
2326
1974
1375
648
-169
-1080
-1937
-2487
-2523
-2031
-1284
-551
-70
126
7
-347
-586
-509
-95
452
894
1106
1104
950
637
35
-681
-1273
-1569
-1521
-1156
-550
33
399
457
263
-52
-271
-369
-387
-239
36
359
597
704
667
430
128
-146
-303
-261
-35
237
444
541
500
323
54
-221
-462
-658
-813
-901
-863
-747
-570
-472
-496
-539
-481
-281
72
474
844
1134
1302
1323
739
-944
-3470
-5761
-6724
-6095
-4379
-2177
12
1798
2763
2749
2016
1274
1015
1239
1687
2266
3028
3635
3765
3249
2247
946
-504
-1836
-2746
-2864
-2291
-1376
-394
517
1293
1683
1523
953
401
357
852
1635
2285
2593
2499
2005
1251
458
-209
-814
-1377
-1832
-2002
-1740
-1210
-617
-167
32
-21
-354
-752
-921
-674
-80
597
1017
1039
821
432
14
-409
-730
-884
-953
-863
-607
-267
22
165
87
-26
-29
57
187
284
435
654
795
810
658
362
32
-251
-408
-368
-182
63
244
259
139
-72
-251
-407
-478
-448
-417
-443
-576
-630
-576
-481
-403
-412
-436
-360
-162
126
448
720
867
808
302
-984
-3025
-5105
-6140
-5692
-4130
-2105
-159
1420
2346
2461
1887
1129
786
983
1552
2260
3025
3685
3826
3316
2266
924
-466
-1670
-2417
-2530
-1962
-1073
-229
425
878
1114
1026
678
316
317
769
1515
2245
2631
2590
2073
1251
485
-77
-458
-785
-1058
-1225
-1216
-1021
-787
-633
-606
-693
-834
-945
-841
-435
206
838
1192
1149
765
248
-258
-615
-807
-820
-717
-562
-335
-68
151
188
55
-123
-207
-125
81
305
469
591
590
482
268
-16
-251
-386
-418
-288
11
333
558
538
347
51
-252
-459
-530
-437
-349
-339
-453
-587
-672
-708
-741
-806
-844
-789
-553
-130
328
770
1083
1164
1080
867
204
-1359
-3599
-5473
-5970
-5041
-3296
-1455
156
1298
1756
1492
788
320
561
1395
2420
3412
4225
4546
4071
2968
1548
150
-1040
-1852
-2121
-1697
-872
-152
150
57
-111
-229
-310
-370
-203
389
1339
2377
3095
3304
2889
1965
866
-10
-394
-451
-423
-506
-638
-788
-935
-1101
-1338
-1467
-1470
-1355
-1103
-745
-235
324
763
923
785
470
124
-103
-90
138
367
338
31
-363
-657
-822
-886
-847
-686
-376
-27
240
345
358
308
174
89
132
273
401
442
453
445
463
398
221
-35
-233
-345
-437
-421
-341
-245
-255
-417
-690
-950
-1052
-995
-815
-564
-262
41
253
373
467
604
702
742
711
354
-649
-2465
-4457
-5542
-5165
-3771
-2129
-670
487
1238
1400
1055
586
620
1324
2348
3325
4044
4361
4021
3042
1749
519
-496
-1266
-1681
-1612
-1068
-434
-130
-269
-584
-751
-705
-491
-62
551
1339
2148
2730
2919
2667
1980
1008
196
-124
-4
191
182
-125
-558
-968
-1308
-1549
-1675
-1593
-1364
-1069
-737
-384
0
299
465
527
502
443
391
376
466
613
643
382
-167
-719
-1051
-1080
-908
-669
-423
-253
-144
-117
-147
-179
-167
-72
135
486
851
1018
887
613
312
88
-27
-134
-180
-159
-108
-105
-179
-279
-446
-665
-858
-940
-851
-626
-373
-175
-72
-23
-8
-30
-15
154
435
772
1063
1226
1179
570
-1008
-3361
-5354
-5859
-4820
-3086
-1418
-122
768
1154
924
291
-140
209
1208
2481
3657
4478
4595
3762
2341
889
-195
-873
-1239
-1237
-785
-76
372
188
-534
-1306
-1689
-1591
-998
-96
926
1808
2372
2597
2520
2108
1376
589
117
221
684
1082
1063
597
-82
-768
-1315
-1640
-1712
-1564
-1296
-947
-594
-307
-126
-105
-123
-36
199
489
708
823
866
814
599
174
-335
-760
-975
-988
-886
-767
-677
-664
-690
-703
-563
-316
-71
191
412
678
863
946
855
641
476
338
234
147
107
27
-89
-303
-512
-665
-767
-724
-613
-388
-141
41
100
33
-96
-247
-306
-293
-166
94
407
716
922
978
847
560
150
-574
-1929
-3741
-5075
-5060
-3828
-2230
-959
-188
232
373
179
-179
-260
331
1470
2728
3796
4366
4132
3073
1671
534
-6
-104
-68
-23
38
182
124
-337
-1109
-1789
-2039
-1756
-908
159
1118
1639
1681
1453
1228
1156
1158
1174
1313
1653
2027
2095
1719
898
-98
-946
-1469
-1618
-1491
-1208
-1023
-982
-982
-967
-970
-996
-976
-743
-272
327
853
1113
1115
962
697
362
39
-206
-360
-434
-394
-341
-416
-689
-1058
-1318
-1269
-927
-489
-77
186
382
496
493
439
425
473
551
652
728
691
474
161
-187
-385
-387
-315
-259
-239
-220
-204
-194
-244
-322
-384
-393
-296
-92
144
288
295
191
123
201
397
635
827
934
808
-21
-1793
-3911
-5131
-4736
-3341
-1900
-918
-374
-138
-177
-487
-880
-797
-30
1212
2570
3789
4480
4099
2851
1468
640
478
645
775
710
603
471
118
-577
-1422
-2088
-2387
-2082
-1193
9
1022
1418
1291
927
769
880
1138
1407
1713
2085
2254
2103
1528
703
-124
-728
-978
-943
-731
-671
-840
-1200
-1436
-1450
-1363
-1236
-1045
-677
-176
308
572
531
356
148
6
20
183
394
333
99
-125
-211
-261
-377
-594
-838
-833
-574
-223
0
94
103
28
-51
-25
83
190
279
387
538
692
743
615
313
44
-48
-60
-13
38
46
-23
-131
-219
-294
-352
-402
-442
-422
-301
-172
-117
-122
-123
-43
129
352
569
675
664
395
-510
-2118
-3769
-4433
-3788
-2454
-1303
-729
-560
-541
-635
-820
-908
-566
267
1346
2457
3413
3848
3395
2278
1203
767
956
1342
1542
1381
1025
585
35
-583
-1169
-1532
-1619
-1348
-723
50
564
595
257
-80
-36
327
819
1262
1661
1989
2078
1904
1417
803
231
-97
-110
32
175
68
-341
-931
-1412
-1637
-1683
-1588
-1432
-1171
-819
-445
-187
-123
-182
-256
-225
-84
138
390
584
650
651
605
480
334
137
-72
-203
-300
-371
-432
-469
-471
-461
-464
-454
-364
-251
-170
-90
-3
151
279
410
526
603
602
503
354
142
8
-102
-158
-171
-184
-164
-189
-284
-409
-506
-575
-590
-483
-308
-52
159
317
405
439
459
425
161
-734
-2122
-3248
-3313
-2464
-1479
-916
-867
-1018
-1113
-1049
-868
-563
-35
631
1329
2077
2749
2972
2464
1639
1105
1132
1497
1864
1891
1531
1063
588
178
-193
-501
-751
-939
-917
-649
-265
-104
-222
-430
-487
-240
163
565
853
1063
1235
1308
1305
1158
958
724
520
464
485
510
315
-117
-588
-908
-1049
-1095
-1094
-1125
-1113
-1039
-930
-832
-750
-648
-541
-356
-63
290
463
357
143
68
191
391
530
507
351
183
77
10
-90
-229
-438
-631
-604
-388
-106
42
14
-54
-92
-73
-50
-61
-67
-17
121
270
391
455
385
200
17
-72
-61
-40
-43
-109
-177
-208
-214
-220
-240
-273
-254
-167
-31
126
275
363
342
20
-942
-2269
-3129
-2918
-2006
-1177
-878
-1022
-1239
-1301
-1119
-849
-453
68
517
979
1550
2152
2400
2140
1705
1502
1664
1936
2004
1726
1258
853
602
396
156
-126
-489
-888
-1038
-860
-558
-358
-380
-502
-495
-266
79
382
612
835
1053
1242
1367
1401
1319
1120
900
775
731
635
356
-56
-404
-579
-655
-743
-867
-999
-1115
-1145
-1080
-979
-834
-738
-653
-510
-306
-92
33
50
-11
-81
-71
35
170
215
221
162
62
48
88
143
102
29
-45
-105
-95
-88
-104
-147
-138
-98
-74
-94
-162
-219
-266
-223
-90
89
186
189
135
39
-1
49
147
227
238
211
153
74
24
19
31
-6
-30
-44
-30
34
110
154
136
-86
-799
-1894
-2847
-2929
-2224
-1403
-944
-955
-1150
-1267
-1139
-834
-386
156
602
866
1139
1532
1845
1846
1581
1412
1508
1631
1632
1396
1028
734
618
644
630
523
248
-218
-628
-722
-446
-116
43
5
-94
-165
-131
-34
36
169
383
592
745
827
861
756
606
511
549
651
659
522
224
-15
-155
-189
-238
-342
-495
-673
-833
-912
-940
-955
-990
-1010
-970
-930
-851
-732
-553
-344
-96
139
255
299
338
379
463
586
721
805
739
546
325
98
-46
-130
-195
-279
-379
-530
-654
-721
-694
-594
-488
-405
-332
-264
-164
-61
70
195
277
356
397
441
448
421
358
247
174
156
170
150
55
-90
-191
-227
-206
-163
-162
-172
-163
-109
-26
50
21
-369
-1138
-1836
-1946
-1505
-989
-766
-901
-1173
-1297
-1160
-809
-351
87
355
409
456
697
1023
1212
1272
1358
1567
1745
1784
1611
1247
927
797
835
913
954
827
456
31
-219
-240
-195
-221
-319
-428
-468
-416
-312
-211
-109
-3
72
145
215
296
332
333
380
494
580
584
535
405
271
171
106
55
-8
-96
-230
-382
-524
-622
-769
-940
-1036
-1014
-905
-772
-707
-711
-686
-554
-337
-110
95
222
281
291
318
398
489
525
479
382
294
236
165
60
-42
-147
-264
-346
-387
-411
-404
-449
-509
-533
-449
-293
-188
-154
-224
-261
-216
-69
148
343
466
447
383
327
309
336
363
361
314
265
226
157
69
-12
-59
-122
-154
-230
-565
-1078
-1522
-1607
-1351
-1017
-879
-1000
-1179
-1254
-1081
-767
-343
40
252
296
326
509
785
1074
1295
1456
1591
1716
1737
1574
1328
1102
1021
1050
1120
1123
981
657
253
-22
-108
-67
-44
-121
-321
-506
-592
-592
-532
-424
-330
-318
-337
-262
-126
22
126
183
216
299
361
359
291
195
139
125
128
100
20
-129
-295
-455
-500
-456
-432
-443
-511
-586
-607
-614
-585
-549
-460
-359
-285
-205
-143
-75
-17
-13
14
95
159
183
171
152
158
174
167
99
-10
-90
-144
-173
-176
-142
-136
-134
-168
-216
-197
-192
-150
-77
-8
70
139
184
168
137
120
130
160
198
245
241
208
202
192
189
167
80
-118
-410
-650
-742
-692
-610
-582
-679
-849
-1004
-1079
-1004
-846
-592
-348
-233
-158
-82
30
198
397
629
851
1046
1167
1239
1251
1227
1232
1266
1302
1314
1268
1113
904
678
506
413
361
289
144
-59
-267
-406
-463
-454
-390
-359
-371
-411
-433
-405
-357
-281
-212
-145
-64
30
114
163
203
202
203
193
156
115
34
-69
-167
-241
-286
-318
-352
-419
-472
-537
-613
-660
-637
-565
-502
-430
-374
-318
-283
-233
-172
-109
-58
-33
-8
36
98
147
170
129
75
65
94
149
174
186
169
129
110
114
119
117
74
6
-21
-41
-50
-77
-93
-106
-91
-65
-63
-63
-55
19
96
170
248
296
321
308
221
61
-126
-290
-363
-359
-337
-385
-519
-723
-892
-943
-882
-754
-608
-492
-439
-399
-350
-245
-85
117
327
505
668
798
862
915
935
961
1005
1076
1138
1161
1131
1034
900
775
684
594
506
387
244
76
-66
-145
-186
-197
-202
-239
-271
-301
-309
-294
-270
-248
-209
-167
-134
-79
-26
-5
-24
-61
-106
-118
-89
-93
-102
-144
-191
-209
-240
-256
-286
-319
-375
-416
-458
-466
-427
-406
-387
-383
-375
-372
-353
-301
-233
-190
-142
-106
-93
-57
-31
-21
-27
-24
-12
51
132
184
224
207
177
132
113
143
166
177
160
110
73
52
39
56
74
66
48
42
43
77
119
137
158
183
214
247
238
147
-3
-160
-235
-238
-228
-241
-317
-427
-567
-647
-657
-574
-465
-417
-403
-435
-427
-381
-305
-169
-10
122
265
389
474
555
621
684
719
787
863
926
933
898
820
729
650
596
554
489
413
308
214
136
91
81
57
-5
-91
-177
-232
-259
-252
-229
-206
-179
-169
-141
-139
-146
-161
-221
-226
-181
-121
-78
-58
-104
-146
-201
-238
-247
-264
-266
-291
-306
-308
-328
-336
-348
-379
-390
-418
-415
-393
-356
-323
-321
-312
-310
-285
-208
-132
-69
-10
33
70
120
201
291
367
401
407
385
385
377
355
357
338
299
236
175
149
142
119
89
36
-54
-145
-247
-348
-411
-424
-403
-374
-357
-375
-396
-440
-469
-431
-345
-239
-158
-86
-73
-91
-76
-60
1
84
183
257
300
347
379
424
459
501
526
547
565
561
551
536
491
461
425
394
380
333
294
224
166
135
110
84
62
28
12
-21
-60
-59
-56
-58
-54
-32
-14
-32
-55
-76
-77
-82
-69
-57
-60
-67
-94
-144
-213
-279
-318
-327
-325
-299
-281
-290
-295
-298
-308
-322
-318
-330
-327
-326
-322
-300
-277
-250
-247
-214
-206
-204
-177
-139
-96
-64
-34
-11
31
61
80
113
151
182
199
241
285
293
297
281
242
208
197
173
171
171
142
126
115
76
32
-42
-121
-204
-264
-280
-283
-266
-255
-259
-262
-265
-255
-233
-202
-160
-113
-89
-64
-51
-19
2
45
95
158
248
306
339
350
363
368
392
419
437
467
475
463
421
383
338
312
287
269
265
246
191
110
30
-28
-58
-46
-42
-30
-34
-38
-41
-37
-12
-19
-19
-20
11
34
41
42
17
-14
-57
-97
-120
-125
-138
-171
-205
-248
-281
-305
-337
-359
-367
-351
-356
-359
-339
-333
-320
-313
-277
-255
-221
-194
-189
-160
-152
-129
-102
-61
-53
-38
-15
-17
-5
19
54
78
98
92
111
116
129
132
139
142
145
168
169
174
155
150
153
153
143
97
49
-7
-48
-75
-88
-115
-136
-174
-212
-239
-262
-269
-240
-205
-182
-144
-138
-95
-84
-67
-19
34
93
166
249
302
351
363
373
392
410
430
453
466
474
453
407
381
336
292
242
193
137
104
65
34
-1
-77
-97
-113
-104
-98
-85
-79
-82
-78
-79
-82
-80
-70
-62
-24
-12
2
16
-17
-35
-57
-73
-66
-73
-84
-90
-119
-128
-130
-135
-146
-160
-174
-197
-212
-228
-248
-281
-281
-264
-245
-233
-223
-210
-211
-198
-179
-160
-135
-102
-80
-68
-34
-23
-10
14
40
57
63
76
71
69
42
42
24
14
23
20
0
-16
-35
-35
-21
9
54
61
62
51
55
42
49
52
61
73
80
83
57
27
5
-6
-24
-18
-16
-9
-29
-24
-12
-1
29
35
77
97
134
148
162
195
245
285
302
310
301
285
260
268
264
257
255
223
186
149
89
75
58
51
49
31
3
-37
-50
-54
-48
-48
-37
-39
-52
-79
-92
-107
-143
-157
-179
-170
-168
-163
-175
-184
-178
-158
-140
-136
-117
-105
-102
-94
-73
-40
-24
-28
-64
-98
-102
-96
-98
-104
-139
-147
-156
-188
-220
-251
-306
-358
-393
-429
-410
-392
-355
-334
-335
-295
-245
-198
-125
-45
1
75
135
185
247
288
325
358
397
442
498
512
526
517
504
484
495
509
528
543
508
465
428
371
318
283
226
187
138
83
12
-46
-92
-128
-162
-202
-203
-201
-200
-190
-166
-166
-169
-165
-148
-133
-109
-95
-73
-75
-88
-91
-103
-131
-151
-166
-186
-206
-225
-240
-248
-248
-276
-292
-276
-274
-265
-239
-230
-221
-196
-174
-126
-71
-35
-15
4
1
7
8
2
25
26
26
49
61
62
65
49
39
20
33
51
67
94
111
92
91
98
86
93
90
78
82
90
87
81
73
62
52
33
41
62
80
68
51
55
58
71
85
92
93
103
78
70
66
54
45
27
24
12
-13
-19
-23
-50
-65
-76
-82
-69
-56
-41
-19
-8
7
18
28
28
31
26
30
45
54
50
42
48
54
50
59
48
65
79
105
136
135
143
133
132
122
127
108
94
97
87
86
69
43
28
0
-4
-5
-23
-34
-49
-57
-88
-111
-121
-126
-128
-134
-139
-140
-138
-151
-157
-164
-168
-170
-175
-185
-183
-157
-154
-152
-161
-155
-165
-169
-158
-145
-149
-135
-113
-115
-97
-107
-96
-91
-82
-45
-36
-21
-3
0
18
15
27
17
22
21
26
39
34
42
57
80
93
111
117
128
121
108
130
151
148
164
162
167
148
154
159
125
134
118
113
134
136
137
155
150
144
147
123
118
126
113
96
79
68
59
55
51
11
-21
-22
-21
-36
-43
-53
-72
-74
-78
-87
-88
-105
-101
-91
-96
-85
-72
-69
-64
-63
-60
-72
-69
-63
-68
-70
-68
-75
-90
-96
-84
-99
-103
-87
-77
-62
-68
-64
-70
-88
-100
-89
-88
-86
-82
-60
-50
-53
-48
-56
-70
-62
-67
-67
-36
-33
-28
-27
-20
-17
4
21
28
32
33
45
46
51
53
46
49
73
74
77
62
61
49
45
59
65
86
92
105
104
127
142
147
159
186
188
189
188
195
190
170
152
136
131
117
97
83
76
64
48
30
15
4
-15
-23
-56
-62
-62
-64
-55
-51
-52
-51
-47
-74
-90
-97
-101
-98
-84
-75
-75
-87
-105
-134
-145
-141
-150
-125
-120
-120
-125
-129
-121
-110
-110
-109
-110
-105
-99
-80
-70
-48
-38
-28
-32
-35
-23
-24
-21
-25
-15
-16
-28
-29
-12
-9
-15
4
20
26
38
56
49
47
40
42
50
53
52
38
45
33
28
31
32
28
28
22
17
21
28
37
34
32
46
62
67
70
71
60
63
58
61
71
75
75
85
100
84
102
107
110
92
88
97
89
103
104
102
92
90
98
86
73
69
56
41
29
22
8
-5
-10
-22
-34
-50
-67
-66
-75
-96
-137
-138
-137
-140
-132
-146
-130
-137
-122
-122
-138
-127
-145
-146
-134
-132
-131
-125
-125
-121
-120
-123
-118
-122
-100
-95
-76
-48
-26
-13
2
8
3
15
22
32
45
52
67
69
80
78
75
74
76
75
79
95
89
95
103
91
94
109
113
118
118
98
89
82
68
58
60
64
51
52
31
17
8
-17
-21
-27
-26
-15
-11
-11
-21
-30
-38
-32
-47
-46
-48
-46
-28
-31
-19
-7
-7
-29
-39
-45
-37
-44
-26
-20
-7
15
11
23
32
34
34
39
45
48
46
41
55
61
62
66
57
56
47
30
2
-19
-26
-31
-34
-28
-31
-36
-47
-46
-54
-45
-50
-49
-52
-69
-70
-61
-61
-81
-84
-87
-95
-96
-86
-81
-78
-66
-63
-48
-41
-44
-33
-16
-3
7
14
31
44
56
77
74
78
75
54
48
48
48
53
74
77
74
82
81
88
85
77
66
64
57
39
43
47
54
50
55
45
29
25
15
2
3
-10
-12
-2
-11
-10
-12
-12
-7
-15
-14
-5
-22
-32
-36
-48
-48
-50
-61
-54
-59
-56
-57
-62
-59
-71
-72
-70
-66
-62
-52
-37
-40
-50
-43
-33
-10
-16
-18
2
10
21
20
19
-5
4
7
10
26
15
21
21
12
8
1
5
0
-7
4
10
14
0
8
-6
-14
-19
-15
-17
-19
-10
-8
-13
-19
-4
-8
-15
-12
-4
-3
10
9
19
22
41
48
29
41
51
37
44
47
58
53
50
46
43
44
30
24
20
22
-6
3
5
5
22
14
23
27
25
13
4
5
1
6
0
12
11
1
2
4
3
7
-9
-7
6
12
9
14
19
3
19
4
-6
-6
-12
-29
-32
-30
-31
-23
-37
-30
-32
-24
-6
-31
-31
-36
-42
-43
-38
-36
-43
-45
-37
-44
-41
-33
-50
-29
-35
-33
-39
-25
-9
-24
-27
-38
-11
-6
-4
3
10
11
1
19
20
10
12
16
26
28
32
29
23
28
18
11
19
18
20
14
7
3
4
-11
-22
-7
0
6
8
8
2
11
26
30
29
31
30
27
36
20
29
15
5
3
-10
-2
20
-1
-16
0
-4
-9
-16
2
-6
-10
7
9
13
7
-1
-10
-5
-1
-1
24
16
27
24
11
17
7
6
12
7
15
32
26
31
33
42
34
18
18
5
-1
-3
-1
0
-9
-12
-13
-12
-22
-22
-18
-25
-22
-19
-17
-27
-35
-45
-35
-40
-42
-36
-49
-42
-44
-38
-29
-30
-21
-24
-26
-32
-27
-20
-18
-17
-14
-21
-3
-3
-1
5
16
28
25
44
57
51
37
37
33
33
29
49
37
25
30
15
27
15
8
11
-2
-2
-2
-2
9
14
3
7
0
-4
9
6
11
6
3
6
-8
-18
-21
-28
-46
-44
-46
-50
-37
-27
-31
-33
-33
-29
-29
-24
-16
-15
0
17
22
22
27
27
20
31
25
31
17
38
30
21
14
13
23
20
19
18
7
9
6
-3
-3
2
12
6
13
1
3
-10
-19
-21
-23
-21
-29
-23
-19
-15
-14
-20
-14
-15
-14
-14
-14
-5
2
-3
-7
-15
-18
-24
-25
-17
-12
-5
-9
0
6
4
0
2
7
13
19
16
17
25
33
29
23
27
31
32
39
29
29
30
18
15
14
12
6
-6
6
17
12
22
14
5
4
10
0
-13
-22
-6
-6
-16
-7
-12
-8
-16
-7
-10
-19
-13
-14
-22
-23
-10
-6
-2
4
-2
-3
-7
-21
-20
-11
-7
3
-10
-16
-5
-5
-13
-17
-20
-20
-7
-17
-18
-3
-15
0
10
4
23
16
8
-1
-4
-4
4
17
7
16
5
6
10
-1
-8
-8
-8
-8
-7
-6
-3
-1
-2
-18
-19
-20
-13
0
1
3
0
-11
-12
-10
-8
2
3
12
16
6
5
2
-2
-7
-7
-9
-7
-8
-7
2
7
16
5
-3
5
-1
4
8
11
17
16
7
13
23
13
18
19
15
9
13
4
14
6
-6
-2
-1
-2
-15
-3
-12
-8
-9
-9
-3
-1
5
2
4
16
17
16
10
9
16
16
30
22
26
23
29
27
22
24
26
18
17
21
20
18
10
4
-3
-3
-19
-13
-19
-28
-27
-27
-32
-33
-32
-18
-19
-21
-13
-5
-6
-12
-4
-5
2
6
1
-1
-6
-6
-6
3
1
12
-7
-17
-18
-19
-30
-19
-16
-26
-17
-23
-14
-15
-16
-26
-11
-3
1
0
5
-20
-10
-14
-18
-3
-8
-19
-9
-11
-14
-9
-17
-19
-12
-10
-15
-6
-8
0
-6
-6
-2
2
-3
12
17
22
27
18
22
15
23
12
10
8
9
13
16
20
14
10
9
19
18
7
14
16
17
19
20
24
22
28
23
16
24
33
25
13
15
21
16
11
17
18
16
21
19
26
19
6
5
8
15
11
9
3
-6
1
-16
-25
-20
-13
-16
-15
-7
-15
-15
-16
-20
-27
-22
-19
-27
-25
-25
-30
-21
-14
-21
-15
-12
-13
-1
-6
-8
-13
-14
-9
2
7
16
22
9
11
11
-5
-3
1
-3
2
-7
-1
-1
-2
0
-3
-12
-10
-15
-15
-13
-6
3
-6
-10
-15
-1
-8
-11
-9
-10
-13
-11
-14
-11
-3
-13
4
1
-10
-11
-5
-4
-12
2
2
3
14
11
9
5
1
0
-4
-6
-8
-9
-6
1
11
2
0
4
6
8
5
9
9
5
3
18
14
20
18
8
6
9
6
-5
6
-5
6
14
2
8
9
6
7
-2
9
13
4
17
8
17
29
15
13
12
18
2
3
2
-2
2
-14
-10
-19
-25
-17
-12
-5
-5
-4
-10
-1
7
11
12
13
21
14
17
6
13
6
-5
0
-9
-7
-7
-5
-9
-14
-8
-8
-11
-9
-11
-10
-11
-11
-10
-11
-13
-1
1
-6
3
-5
6
1
-9
8
6
4
2
-3
-2
-1
7
3
5
15
1
9
8
1
-8
-3
-13
-4
1
3
11
-2
6
-3
-5
-6
-11
-13
-16
-15
6
24
30
43
33
22
25
5
-7
-5
-13
-14
-13
-10
1
11
16
22
8
-1
6
-4
-8
-13
-3
14
14
15
10
23
28
15
13
17
9
1
-11
-16
-16
-15
-26
-18
-34
-40
-34
-37
-32
-50
-48
-38
-42
-36
-29
-39
-29
-23
-29
-16
-3
-11
-22
-18
1
-4
-3
4
9
9
10
21
16
14
16
17
21
21
15
20
10
11
22
14
7
22
16
4
17
12
12
19
18
15
17
11
10
12
25
30
23
24
18
10
13
13
14
22
14
13
19
8
19
9
6
-2
-9
-6
-10
-7
-11
-7
-9
-4
-1
1
-13
-2
-2
1
-6
-6
-6
-11
-15
-6
-17
-12
-12
-7
13
-12
-7
-10
-6
-6
5
8
1
6
19
14
19
12
9
4
1
6
-4
2
-7
-3
0
0
-9
-12
-18
-22
-16
-21
-10
-22
-7
-8
-7
-3
-8
-1
-1
-11
-14
-9
-4
-11
-16
-12
-19
-11
-10
-10
-16
-11
-10
-9
-1
2
3
3
1
1
11
9
3
3
7
3
20
19
19
22
11
16
3
4
8
13
9
14
12
8
1
-8
-11
-4
-20
-11
-10
-6
-10
-13
-12
-17
-7
-18
-10
-5
-4
-8
-13
-15
-12
-12
-9
-7
-9
-12
-12
-8
-14
-17
-16
-8
-20
-11
-2
-14
-7
-2
-2
-5
-4
8
16
17
24
27
21
21
42
32
37
44
39
53
45
48
49
48
46
43
38
41
32
26
30
21
22
26
18
12
16
8
7
1
-2
4
-2
-5
-7
-25
-22
-22
-24
-30
-36
-35
-44
-45
-39
-25
-33
-29
-26
-20
-25
-24
-10
-11
-14
-19
-14
-23
-5
-9
-12
-4
-8
-9
-13
-4
-9
-10
-6
-4
-3
-1
-3
3
-1
-1
2
1
-2
-4
-4
1
3
-4
0
-5
-9
-4
5
8
3
3
1
-2
7
11
7
18
10
8
-5
-17
-19
-21
-25
-27
-19
-33
-24
-18
-22
-17
-16
-17
-10
-4
4
-4
8
8
20
30
28
31
24
26
28
22
18
7
13
7
9
3
10
5
12
15
6
17
26
36
23
19
25
26
19
24
17
17
7
0
3
5
-2
2
-15
-13
-15
-20
-16
-24
-17
-16
-14
-22
-13
-15
-5
-4
-11
-13
-16
-7
-16
-18
-11
-5
-2
-4
0
2
2
0
5
12
12
15
24
30
28
25
24
34
17
22
25
22
25
16
23
13
10
11
4
-2
-8
-5
1
-2
1
-3
-12
-4
-17
-16
-18
-23
-3
-8
-9
-10
-10
-12
-21
-25
-31
-38
-31
-35
-35
-35
-51
-51
-46
-35
-47
-38
-31
-19
-17
-20
-5
4
7
4
8
3
7
6
6
8
14
11
16
19
23
20
22
24
24
27
25
27
27
25
24
34
31
21
22
20
15
9
10
17
6
9
10
8
14
6
3
4
6
-4
-9
-5
-5
-16
-15
-14
-12
-17
-16
-9
-11
-15
-17
-13
-17
-27
-14
-1
-4
-13
-15
-11
-15
-2
-9
-18
-5
0
7
5
9
7
11
9
11
15
18
21
15
16
15
15
19
27
18
19
14
8
14
14
11
10
9
9
13
4
1
-5
-7
-3
-7
-3
-2
0
-1
-12
-8
-11
-10
-9
-5
-16
-18
-7
-24
-25
-23
-22
-20
-15
-19
-23
-16
-18
-14
-21
-15
-15
-17
0
-1
-7
-5
-1
1
5
5
4
8
9
11
14
16
12
15
8
16
21
15
19
14
9
5
2
4
3
0
-2
8
-2
5
8
-3
-2
4
0
-6
3
-8
-2
2
-4
-7
-3
-7
-10
-11
-6
-2
-17
-9
-1
-4
-3
-8
-6
-6
-10
-3
-2
-7
-10
-1
-3
-11
-5
-9
-3
2
2
8
9
14
20
23
23
19
27
22
19
26
18
16
28
18
19
13
4
11
5
8
9
3
1
6
12
5
1
7
1
-1
7
0
-4
-3
-6
-20
-12
-17
-26
-23
-24
-14
-18
-17
-21
-22
-29
-29
-25
-25
-29
-23
-17
-20
-26
-14
-13
-12
-15
-17
-12
-6
1
3
2
4
10
9
5
2
6
9
18
11
12
19
9
12
22
19
20
25
31
38
24
28
34
20
17
11
13
7
8
4
1
0
1
-5
-8
-3
-3
-13
-1
0
0
-10
-6
-7
-10
-19
-15
-13
-14
-17
-17
-24
-29
-13
-32
-20
-19
-20
-18
-9
-12
-11
-1
0
18
11
20
5
10
19
17
12
4
8
9
8
1
11
9
7
-2
18
17
15
11
20
9
9
20
11
10
8
7
2
-4
0
3
-2
-5
-13
-5
-10
-12
-15
-22
-26
-23
-26
-21
-17
-23
-25
-20
-13
-16
-15
-4
0
-6
0
4
-2
-1
-12
-7
3
-4
0
2
4
17
19
11
10
10
14
12
16
25
18
23
20
23
25
25
20
25
22
14
18
19
26
14
16
21
21
13
8
10
8
-3
-9
6
-3
-11
-3
-10
-16
-3
-11
-18
-24
-25
-23
-13
-19
-12
-20
-23
-15
-19
-15
-14
-15
-13
-14
-24
-26
-14
-9
-15
-5
-10
-18
-10
-7
-20
-6
3
-11
2
10
11
19
14
12
17
31
28
14
16
15
23
19
4
1
5
2
2
-8
-2
-4
-7
3
-7
4
3
-10
-11
-3
-4
-2
-5
0
4
3
3
4
-7
-13
-12
-20
-16
-18
-23
-26
-15
-28
-24
-20
-14
-15
-18
-10
-12
-9
-13
-8
-1
2
8
16
14
14
20
22
27
32
24
23
23
25
26
24
23
24
23
19
16
18
12
9
-1
-2
5
5
3
-1
2
13
-1
1
5
1
8
-2
6
3
5
11
5
3
0
-6
-4
5
-3
-7
-4
-14
-20
-7
-13
-10
-12
-11
-11
-10
-6
2
-5
0
2
-1
-1
3
8
8
16
19
15
13
23
18
19
12
14
15
7
11
2
5
2
-9
-12
-9
-7
-16
-12
-10
-14
-15
-8
-9
-21
-12
-21
-29
-16
-27
-23
-24
-20
-20
-21
-23
-23
-25
-26
-27
-35
-33
-39
-42
-38
-35
-38
-25
-26
-19
-12
-19
-1
9
6
4
15
11
13
25
24
19
18
17
19
19
21
22
31
33
29
31
37
31
34
33
33
32
21
25
20
28
9
10
10
10
18
16
13
3
4
-7
-15
-8
-7
-15
-18
-15
-16
-12
-15
-15
-8
-10
-12
-9
-4
-7
-7
-7
-1
0
-6
-3
3
-1
-4
9
4
-4
-1
