1
0
0
0
0
0
0
1
-1
0
1
-1
0
0
0
0
0
0
0
-1
0
0
0
-1
0
-1
0
0
0
0
0
-1
0
0
0
0
0
0
-1
0
0
0
0
0
0
0
0
-1
-1
0
0
0
0
0
1
0
0
0
0
0
-1
0
0
0
0
0
0
0
0
0
1
0
1
0
0
1
-1
1
0
0
0
-1
-1
0
0
0
-1
0
-1
0
0
0
-1
0
0
0
0
1
0
0
0
0
0
0
1
0
1
0
0
0
0
0
0
1
0
0
0
1
1
0
0
0
0
0
0
0
0
-1
1
0
0
0
0
0
0
0
1
0
0
-1
0
0
0
-1
-1
0
0
1
0
-1
0
0
0
0
0
0
-1
-1
0
0
-1
1
0
1
0
0
0
0
0
0
1
0
0
0
-1
0
0
0
0
0
1
-1
0
0
0
0
0
0
0
0
0
1
0
0
0
0
0
0
-1
0
0
-1
0
0
-1
0
0
0
0
0
0
0
0
1
0
0
-1
1
0
0
-1
-1
0
0
0
1
-1
0
0
0
-1
1
0
0
0
1
-1
0
0
0
0
0
0
0
0
0
0
0
-1
0
0
0
0
0
0
0
0
0
0
1
-1
0
0
-1
1
0
0
0
0
0
0
0
0
0
0
0
0
0
0
-1
0
0
0
0
0
0
0
-1
0
0
0
-1
0
0
-1
-1
0
0
0
0
0
1
1
-1
0
-1
0
0
0
0
0
0
0
0
1
0
0
0
0
-1
1
0
0
1
0
0
0
0
0
1
1
0
0
0
0
0
-1
0
-1
1
0
1
0
0
1
0
0
1
0
0
0
1
-1
-1
1
0
0
0
-1
0
0
1
0
0
0
0
0
0
-1
0
0
0
-1
0
0
1
1
-1
0
0
0
0
0
0
0
0
0
-1
1
0
0
1
0
0
0
0
1
-1
0
0
0
0
-1
1
0
0
-1
0
0
0
0
0
-1
0
-1
1
0
0
1
0
0
0
0
0
0
0
0
-1
0
0
0
1
0
1
0
0
0
0
-1
0
0
1
1
0
0
0
-1
-1
0
0
0
-1
0
0
1
0
1
0
0
1
0
0
1
0
0
0
0
0
0
0
0
0
0
0
-1
1
0
0
0
0
0
0
0
0
0
0
-1
0
-1
0
0
0
0
0
-1
0
0
0
1
0
0
0
0
0
0
0
0
0
-1
1
1
-1
0
0
0
0
0
0
0
0
0
0
0
0
0
-1
0
0
0
0
0
0
0
0
-1
0
0
0
0
-1
0
-1
0
0
0
0
0
-1
0
0
-1
0
0
0
1
0
1
0
0
0
1
-1
2
-2
3
-5
6
-6
8
-9
11
-12
16
-18
21
-25
32
-44
317
1581
1333
898
594
248
-88
-405
-589
-712
-795
-876
-862
-871
-833
-848
-824
-807
-735
-689
-573
-394
-215
-45
97
252
382
494
558
616
665
647
662
646
627
552
490
392
322
308
232
275
212
106
163
122
49
51
29
33
-192
-57
-83
-226
-150
-168
-227
-106
-68
-186
-9
-65
-258
-74
-72
-281
-94
-88
-170
30
-57
-14
-170
-13
-68
-309
-101
71
-257
-33
-1
-34
-133
-224
7
-54
-162
-155
-8
-141
45
-54
-35
87
-63
-41
70
-29
61
145
75
113
115
103
77
44
77
66
78
148
194
174
249
154
-15
-156
-166
-244
-287
-233
-174
-160
-127
-115
-173
-219
-257
-321
-319
-224
-135
-54
33
114
170
204
231
281
333
405
519
626
748
861
881
896
904
859
790
774
744
668
622
563
514
444
305
179
114
-9
-96
-107
-134
-161
-318
-302
-465
-493
-493
-535
-490
-591
-581
-540
-557
-637
-652
-529
-556
-681
-374
-612
-630
-408
-498
-661
-442
-376
-645
-372
-247
-599
-322
-111
-500
-465
-379
-374
-449
-285
-316
-268
-169
-264
-297
-363
-118
-218
-352
-156
81
-186
-24
35
-64
72
-71
0
99
71
116
151
187
290
164
218
211
264
352
360
352
503
406
440
534
441
480
380
186
249
247
151
186
132
171
203
103
87
134
71
57
67
111
154
191
182
216
223
289
278
297
408
485
509
582
699
718
729
764
770
769
787
744
749
726
613
496
432
372
301
286
347
189
30
72
-48
7
30
-254
-231
-305
-296
-199
-279
-301
-288
-463
-415
-334
-396
-467
-439
-467
-553
-288
-310
-345
-433
-482
-378
-536
-526
-303
-579
-545
-418
-677
-415
-524
-935
-652
-586
-739
-456
-547
-537
-557
-629
-382
-623
-845
-136
-275
-633
-36
-309
-447
51
-276
-350
-5
43
-175
6
153
29
107
101
-65
181
195
123
243
177
243
217
217
323
116
265
449
290
420
258
65
173
28
58
184
23
140
140
13
105
143
45
15
124
158
106
167
282
227
247
355
202
292
445
431
466
563
726
651
601
758
668
609
717
630
595
751
599
381
519
398
140
375
431
108
360
268
-111
214
70
-28
53
-21
108
71
-120
-81
-194
-293
-93
-357
-317
48
-262
-267
-461
-287
-177
-651
-469
-704
-730
-291
-355
-143
-407
-426
-324
-658
-534
-451
-800
-438
-350
-698
-408
-318
-545
-595
-513
-393
-388
-234
-113
-317
-431
-175
-415
-410
39
-217
-106
-16
-142
-48
-156
-280
-264
-88
22
-89
42
55
81
-21
-75
100
147
294
106
110
413
361
101
154
277
75
144
205
7
73
206
165
92
199
156
-26
97
149
62
66
97
88
127
220
280
119
191
334
189
413
474
357
532
471
416
498
630
558
445
705
707
513
575
532
300
442
483
315
305
588
562
125
206
256
-128
22
266
-22
31
266
12
-171
34
-130
-271
-232
-282
-193
-208
-101
38
-456
-423
-199
-531
-399
-45
-326
-378
-65
-155
-457
-360
-275
-650
-533
-348
-682
-458
-268
-601
-662
-532
-588
-574
-537
-544
-367
-596
-590
-336
-518
-523
-411
-440
-333
108
-309
-378
67
-463
-262
103
-9
47
104
92
-16
136
288
-135
7
237
216
543
179
-32
74
210
444
242
194
160
93
535
396
96
279
54
3
216
94
-31
192
274
146
21
-32
30
-9
198
263
106
228
213
-19
163
181
77
316
423
304
464
637
467
340
606
540
269
465
500
516
674
582
555
490
513
418
217
543
610
199
184
173
-21
201
114
38
13
-129
185
1
-398
98
-148
-473
-73
-278
-336
-116
-252
-456
-401
-260
-329
-517
-557
-385
-220
-381
-278
-471
-568
-559
-943
-524
-291
-647
-850
-688
-450
-641
-624
-621
-762
-448
-394
-708
-734
-31
-406
-653
-365
-420
-214
-123
-484
-78
-125
-270
78
76
85
124
235
-34
59
470
179
60
380
33
178
511
203
511
679
369
282
285
332
294
289
199
118
310
285
232
213
108
233
217
134
163
292
394
228
129
368
374
307
313
201
346
458
334
518
579
352
440
468
385
559
419
409
457
312
392
146
48
382
398
356
289
168
78
116
131
-7
59
275
18
-54
245
38
-283
-87
-4
-288
-102
148
-294
-244
-192
-523
-13
-122
-387
-447
-706
-468
-357
-158
-581
-569
-383
-756
-586
-169
-82
-557
-843
-760
-281
-523
-728
-420
-773
-691
-369
-593
-613
-328
-401
-565
-556
-331
-220
-411
-571
-634
-395
21
85
-280
-154
-155
-166
113
11
-115
143
293
58
-29
312
81
-34
336
288
463
497
465
414
364
320
448
318
414
400
88
223
223
112
187
135
274
71
145
325
-129
307
476
136
220
162
310
382
367
547
388
398
512
469
567
657
665
563
617
689
542
548
562
589
569
612
614
500
296
311
283
434
321
170
62
-33
147
82
81
-12
-125
-312
-73
-10
-126
-120
-347
-392
-331
-206
-398
-460
-432
-272
-100
-609
-661
-408
-547
-515
-703
-433
-237
-411
-441
-893
-979
-828
-347
-400
-551
-539
-883
-606
-507
-618
-696
-621
-486
-318
-6
-244
-750
-616
-638
-239
-201
-120
201
-299
-140
-202
-427
41
-3
-54
21
-185
153
150
-316
-155
112
424
609
584
121
-189
-203
-430
0
506
254
501
478
13
55
98
-7
-145
46
242
342
438
419
311
118
153
149
157
517
632
653
679
684
871
759
626
762
685
722
1031
985
836
908
870
530
425
723
700
695
773
569
593
307
181
250
22
191
245
-75
153
116
-360
-158
-218
-543
-204
76
-346
-569
-304
-658
-577
-77
-561
-430
-305
-453
-476
-633
-400
-584
-561
-434
-301
-329
-552
-661
-916
-609
-392
-405
-719
-553
-588
-928
-441
-554
-831
-782
-844
-547
-330
-567
-737
-731
-749
-406
116
-120
-251
-461
-507
-220
-149
-2
236
5
-328
-227
165
320
410
389
44
266
213
45
103
150
101
-135
80
245
136
173
-16
-362
-262
-75
44
152
200
47
-67
153
335
488
577
589
566
501
666
831
832
943
952
1007
1076
1201
1285
1198
1100
1053
979
1187
1316
1032
814
650
576
639
798
771
526
310
-3
-296
-46
209
-29
-138
-47
-505
-464
-287
-470
-339
-472
-375
-348
-479
-370
-395
-502
-700
-420
-130
-259
-186
-593
-896
-592
-403
-167
-478
-752
-653
-954
-521
-446
-620
-571
-570
-740
-897
-451
-629
-695
-519
-636
-486
-607
-719
-602
-807
-890
-636
-578
-446
-336
-549
-581
-422
-529
-291
-6
-241
-329
-196
-232
-206
-40
91
-34
-356
-400
-308
-295
-233
-144
-280
-372
-384
-422
-217
3
-34
-95
-62
117
321
466
532
484
543
686
844
1085
1368
1373
1292
1435
1601
1782
1907
1964
1850
1789
1838
1831
1810
1709
1676
1585
1469
1369
1087
767
564
565
557
450
201
-172
-355
-400
-445
-372
-412
-522
-763
-918
-952
-967
-712
-668
-812
-760
-672
-522
-540
-751
-732
-403
-171
-25
-266
-650
-563
-528
-559
-447
-679
-603
-464
-684
-772
-641
-849
-1096
-956
-808
-423
-477
-930
-1184
-1072
-853
-815
-840
-772
-725
-665
-942
-945
-684
-654
-430
-423
-471
-437
-383
-415
-414
-142
155
108
-334
-700
-817
-581
-308
-324
-395
-561
-756
-889
-802
-539
-341
-262
-318
-193
-32
102
152
230
521
852
1133
1214
1270
1368
1498
1749
1986
2237
2389
2391
2324
2291
2464
2587
2581
2480
2334
2205
2051
1853
1672
1486
1216
926
631
519
431
231
-88
-409
-572
-648
-707
-750
-813
-929
-1183
-1286
-1180
-993
-820
-914
-1029
-1058
-836
-625
-622
-626
-534
-391
-179
-226
-337
-360
-471
-411
-309
-235
-250
-292
-434
-716
-687
-668
-823
-817
-672
-654
-1047
-1207
-1309
-1359
-1194
-1026
-969
-1054
-1034
-1192
-1202
-1022
-632
-286
-313
-476
-607
-541
-380
-260
-102
-127
-519
-1010
-1285
-996
-535
-398
-534
-969
-1264
-1270
-1077
-750
-472
-331
-447
-570
-502
-184
153
308
490
742
1087
1276
1316
1421
1627
1960
2268
2520
2617
2581
2457
2418
2587
2830
2967
2774
2426
2162
2016
1967
1936
1785
1562
1289
796
390
178
128
167
6
-309
-697
-1072
-1212
-1139
-967
-848
-967
-1225
-1382
-1387
-1152
-897
-772
-693
-699
-660
-571
-506
-277
3
143
204
133
24
-140
-233
-103
157
408
304
-187
-626
-654
-386
-36
24
-329
-880
-1261
-1229
-905
-621
-705
-992
-1281
-1464
-1392
-1038
-853
-888
-1001
-1206
-1205
-1038
-902
-765
-795
-1085
-1609
-2001
-1720
-1018
-582
-903
-1661
-2167
-2050
-1450
-900
-736
-835
-1094
-1240
-1087
-547
-17
194
161
160
441
838
1133
1262
1444
1823
2209
2387
2373
2347
2460
2706
3031
3257
3305
3089
2707
2536
2619
2837
2865
2516
2056
1702
1497
1314
1030
749
534
366
228
-53
-451
-787
-1021
-996
-840
-741
-917
-1302
-1575
-1535
-1134
-805
-712
-895
-1070
-1000
-763
-365
-106
-30
-43
-121
-123
-38
53
94
252
407
456
196
-217
-389
-256
-33
-10
-244
-665
-951
-1124
-1052
-961
-963
-1011
-1301
-1491
-1557
-1515
-1377
-1308
-1336
-1380
-1395
-1382
-1321
-1193
-1257
-1615
-2187
-2437
-1874
-997
-758
-1366
-2220
-2410
-1796
-983
-478
-415
-638
-867
-842
-418
323
878
975
857
937
1355
1788
1961
2056
2335
2727
2994
2977
2829
2838
3001
3191
3330
3399
3251
2877
2488
2360
2538
2639
2344
1733
1242
1043
985
851
489
45
-324
-613
-770
-956
-1153
-1435
-1722
-1864
-1840
-1754
-1860
-2111
-2291
-2119
-1824
-1660
-1695
-1788
-1711
-1449
-1090
-869
-730
-692
-621
-388
-95
96
61
-4
123
440
753
720
371
146
244
546
675
533
261
11
-136
-120
33
51
-141
-512
-766
-727
-505
-444
-594
-790
-852
-760
-629
-635
-750
-1065
-1661
-2032
-1877
-1061
-423
-787
-1789
-2464
-2134
-1231
-647
-678
-974
-1163
-1112
-854
-418
107
422
401
333
493
913
1282
1382
1532
1885
2258
2330
2159
2114
2403
2881
3104
3032
2812
2649
2560
2554
2724
2841
2657
2191
1753
1604
1679
1680
1447
1031
620
299
98
-24
-131
-267
-527
-861
-1141
-1245
-1218
-1232
-1357
-1473
-1508
-1593
-1693
-1726
-1565
-1317
-1232
-1305
-1423
-1373
-1152
-863
-663
-572
-642
-791
-859
-677
-264
3
-71
-346
-510
-449
-286
-145
-63
-106
-347
-588
-680
-629
-499
-463
-596
-834
-1000
-1022
-905
-841
-895
-869
-796
-870
-960
-954
-940
-1242
-1708
-1794
-1288
-624
-632
-1381
-2078
-1961
-1113
-393
-399
-891
-1153
-1011
-640
-207
91
231
232
285
458
813
1121
1285
1400
1618
2012
2175
2055
1967
2201
2691
2956
2813
2583
2510
2604
2713
2734
2686
2495
2243
1992
1858
1869
1846
1620
1208
886
730
593
307
144
49
-137
-425
-809
-965
-922
-883
-1024
-1237
-1392
-1483
-1495
-1500
-1406
-1284
-1274
-1375
-1498
-1380
-1082
-848
-778
-812
-754
-643
-578
-598
-546
-326
-102
-104
-323
-347
-311
-270
-139
-95
-61
-285
-568
-540
-421
-196
-234
-500
-657
-720
-691
-599
-428
-546
-613
-575
-674
-640
-485
-516
-842
-1155
-1379
-1134
-599
-414
-777
-1437
-1631
-1215
-615
-438
-675
-786
-786
-630
-428
-129
146
214
240
310
585
856
984
1095
1317
1618
1783
1721
1658
1864
2244
2495
2435
2277
2201
2295
2410
2408
2389
2301
2120
1883
1763
1760
1670
1493
1228
995
762
548
304
101
73
-15
-286
-718
-999
-1006
-860
-882
-1143
-1380
-1534
-1582
-1548
-1418
-1331
-1375
-1529
-1616
-1454
-1250
-1196
-1165
-1017
-964
-859
-765
-831
-806
-619
-428
-393
-403
-484
-424
-287
-282
-306
-244
-249
-382
-354
-324
-290
-279
-488
-505
-420
-522
-522
-520
-594
-549
-404
-615
-707
-336
-276
-485
-716
-836
-938
-1000
-705
-382
-362
-808
-1305
-1215
-684
-319
-379
-547
-679
-596
-359
-157
32
213
346
376
451
642
885
1075
1225
1430
1632
1639
1575
1679
1975
2274
2313
2162
2064
2120
2235
2305
2225
2137
2056
1950
1820
1688
1616
1542
1395
1190
956
763
516
286
249
176
65
-243
-646
-778
-702
-648
-823
-1073
-1242
-1285
-1284
-1320
-1309
-1290
-1255
-1296
-1369
-1390
-1187
-977
-932
-884
-966
-844
-619
-594
-548
-555
-467
-357
-401
-368
-217
-224
-313
-275
-223
-303
-395
-349
-298
-278
-529
-563
-439
-482
-484
-589
-670
-602
-572
-558
-603
-646
-614
-612
-514
-416
-559
-779
-917
-940
-646
-338
-386
-670
-934
-931
-557
-290
-364
-392
-389
-310
-193
-179
-74
203
445
510
454
528
673
879
1099
1268
1327
1330
1359
1442
1701
1890
1946
1933
1907
1912
1957
2012
1976
1948
1945
1832
1593
1411
1427
1418
1332
1095
832
646
523
403
234
100
-91
-210
-394
-644
-800
-816
-795
-861
-994
-1144
-1236
-1249
-1179
-1113
-1083
-1190
-1277
-1213
-1072
-935
-817
-788
-800
-702
-572
-474
-473
-409
-359
-356
-302
-292
-207
-27
-126
-287
-186
-161
-224
-257
-333
-332
-234
-359
-537
-569
-542
-420
-545
-701
-602
-620
-695
-503
-368
-515
-640
-632
-484
-486
-816
-1013
-816
-498
-363
-561
-901
-995
-814
-490
-244
-322
-490
-466
-311
-197
-61
91
269
398
414
473
610
781
1000
1218
1323
1374
1341
1358
1543
1840
2031
1978
1828
1799
1916
2040
2048
1936
1840
1809
1716
1550
1426
1333
1258
1144
1022
797
517
344
226
126
-4
-243
-440
-609
-793
-898
-940
-939
-930
-1053
-1278
-1355
-1276
-1186
-1205
-1174
-1111
-1205
-1237
-1062
-896
-724
-649
-702
-671
-537
-348
-177
-109
-190
-281
-219
-52
53
34
39
-103
-197
-83
-54
-78
-248
-320
-365
-428
-399
-534
-651
-601
-494
-589
-722
-708
-680
-737
-683
-494
-556
-685
-714
-756
-1036
-1123
-741
-431
-429
-704
-1137
-1189
-741
-329
-246
-448
-591
-557
-363
-171
-11
176
321
371
389
527
702
891
1108
1302
1434
1443
1388
1523
1807
2042
2115
2031
1965
1992
2041
2029
2052
2069
1991
1795
1596
1452
1489
1493
1285
1036
799
622
473
352
223
125
-46
-444
-826
-914
-782
-592
-747
-1187
-1489
-1561
-1342
-1151
-1173
-1267
-1369
-1453
-1348
-1130
-1019
-953
-916
-840
-638
-521
-566
-433
-82
77
34
-137
-269
-80
298
440
247
5
-94
-59
54
96
24
-60
-219
-423
-516
-429
-295
-337
-536
-694
-709
-771
-721
-582
-633
-640
-731
-840
-856
-1045
-1368
-1390
-847
-382
-517
-1205
-1770
-1504
-731
-298
-499
-828
-927
-835
-594
-298
42
253
200
107
239
604
911
1055
1143
1377
1633
1649
1528
1577
1918
2291
2390
2198
2011
2003
2110
2244
2327
2284
2021
1717
1548
1524
1584
1516
1231
921
735
549
375
201
92
-22
-325
-683
-949
-966
-913
-1030
-1199
-1345
-1459
-1554
-1572
-1461
-1340
-1327
-1387
-1460
-1410
-1162
-968
-866
-745
-622
-533
-451
-281
-16
173
207
131
109
239
432
556
544
372
283
286
281
270
231
140
-32
-148
-235
-289
-345
-437
-486
-550
-669
-734
-763
-778
-716
-697
-824
-882
-1115
-1566
-1826
-1546
-901
-564
-1004
-1891
-2294
-1757
-907
-583
-818
-1133
-1177
-1018
-794
-450
19
263
185
129
311
662
958
1122
1403
1825
1912
1686
1559
1823
2400
2767
2714
2460
2283
2305
2472
2573
2653
2601
2310
1918
1623
1683
1767
1628
1283
947
648
398
194
35
-49
-158
-527
-1056
-1386
-1484
-1410
-1352
-1450
-1631
-1839
-2025
-1995
-1791
-1532
-1391
-1482
-1602
-1571
-1304
-975
-712
-529
-484
-435
-340
-130
180
410
478
440
398
516
697
795
757
634
574
537
472
380
273
162
53
-106
-275
-387
-493
-639
-777
-761
-746
-840
-982
-1045
-956
-871
-1083
-1720
-2310
-2286
-1483
-601
-763
-1880
-2805
-2628
-1536
-642
-654
-1129
-1508
-1569
-1250
-623
137
519
301
-49
126
796
1364
1523
1584
1889
2216
2310
2191
2205
2578
3005
3173
3097
2891
2676
2547
2533
2724
2910
2756
2206
1624
1361
1482
1627
1422
982
503
127
-154
-336
-360
-386
-692
-1309
-1803
-1992
-1879
-1743
-1880
-2070
-2158
-2186
-2197
-2145
-1934
-1639
-1434
-1386
-1368
-1207
-934
-660
-407
-98
159
262
264
348
613
907
1067
1094
1047
1024
956
904
902
942
920
721
432
220
66
-8
-15
-151
-360
-618
-825
-919
-884
-880
-964
-1076
-1184
-1232
-1397
-1942
-2641
-2858
-2214
-1146
-816
-1771
-3112
-3525
-2576
-1149
-419
-689
-1418
-1962
-1903
-1152
7
931
996
399
-90
159
1083
1984
2426
2446
2287
2222
2348
2632
2994
3255
3389
3415
3339
3104
2750
2596
2716
2977
2965
2562
1937
1408
1109
1056
1132
1102
791
144
-614
-1026
-909
-721
-780
-1189
-1944
-2612
-2824
-2460
-1863
-1634
-1907
-2504
-2859
-2566
-1869
-1274
-1082
-1285
-1491
-1352
-900
-293
181
358
350
343
537
930
1218
1302
1301
1322
1442
1515
1481
1337
1128
1004
976
933
812
490
30
-340
-438
-362
-318
-535
-963
-1297
-1441
-1328
-1173
-1147
-1253
-1460
-1782
-2326
-2901
-3109
-2588
-1553
-984
-1547
-2870
-3793
-3412
-2016
-649
-168
-691
-1684
-2272
-1824
-430
1059
1681
1302
645
409
838
1745
2660
3285
3371
2922
2493
2491
2990
3583
3796
3680
3421
3173
2920
2643
2480
2467
2444
2322
2043
1589
1038
507
233
223
320
189
-310
-937
-1468
-1731
-1715
-1567
-1486
-1701
-2278
-2883
-3191
-2886
-2198
-1685
-1614
-1985
-2370
-2298
-1751
-921
-259
-76
-245
-454
-307
224
776
1149
1317
1303
1277
1276
1328
1447
1597
1653
1586
1423
1214
1010
726
480
340
283
209
4
-313
-713
-1080
-1242
-1141
-963
-896
-1134
-1507
-1700
-1709
-1540
-1348
-1332
-1644
-2366
-3068
-3141
-2353
-1214
-663
-1246
-2475
-3232
-2835
-1521
-222
302
-154
-1048
-1488
-972
213
1311
1700
1430
1114
1138
1546
2063
2502
2798
2874
2837
2813
2933
3096
3088
2911
2770
2772
2820
2793
2572
2203
1721
1279
1061
1129
1257
1125
635
-83
-617
-793
-708
-594
-665
-969
-1418
-1738
-1799
-1666
-1531
-1575
-1687
-1813
-1851
-1867
-1893
-1739
-1406
-955
-674
-622
-710
-819
-668
-316
142
505
635
514
380
394
540
745
789
796
808
796
708
487
228
48
-45
-39
-27
-56
-223
-542
-828
-928
-823
-692
-619
-691
-816
-930
-991
-919
-810
-711
-656
-623
-551
-433
-406
-452
-546
-648
-759
-896
-881
-638
-271
-2
-68
-404
-728
-779
-474
24
374
414
181
-89
-43
313
713
887
794
636
624
854
1166
1360
1329
1108
919
980
1235
1503
1571
1373
1114
942
935
1006
1062
990
833
649
530
550
579
509
317
106
-3
5
63
53
-35
-197
-375
-470
-440
-358
-349
-400
-520
-585
-603
-560
-519
-535
-584
-707
-824
-818
-688
-523
-419
-412
-490
-561
-575
-507
-342
-161
-97
-123
-242
-285
-166
-13
71
29
-70
-119
-37
104
229
213
134
-11
-59
32
127
183
123
-4
-88
-92
-45
-7
-76
-168
-283
-318
-255
-145
-116
-213
-340
-392
-312
-176
-124
-158
-228
-264
-236
-170
-93
-136
-267
-424
-419
-295
-109
12
-19
-126
-251
-279
-184
-47
63
112
49
53
115
235
294
317
286
300
389
522
691
764
760
680
618
647
730
817
850
788
718
700
695
721
645
533
423
330
333
382
380
313
152
-8
-78
-122
-80
-84
-105
-186
-274
-325
-357
-344
-361
-389
-423
-451
-415
-371
-389
-465
-573
-545
-434
-239
-83
-47
-126
-292
-326
-256
-115
-4
23
27
1
-12
9
-23
-54
-86
-98
-25
35
114
112
-21
-163
-256
-232
-191
-187
-195
-184
-146
-156
-204
-249
-301
-323
-268
-184
-142
-154
-151
-173
-153
-116
-101
-34
-48
-66
-90
-133
-224
-423
-560
-561
-457
-263
-143
-139
-200
-354
-451
-442
-311
-156
-35
54
116
179
244
292
328
343
383
496
630
777
890
951
925
870
826
847
879
885
903
932
941
863
759
596
467
357
342
300
235
228
92
10
-44
-92
-151
-222
-273
-314
-327
-344
-377
-414
-411
-404
-401
-427
-447
-428
-402
-396
-440
-533
-625
-585
-439
-221
-76
-55
-105
-215
-237
-171
-92
-33
-8
43
142
127
-173
-590
-785
-421
232
672
585
134
-140
-2
389
656
560
336
232
296
387
306
121
-19
72
260
286
2
-400
-606
-517
-220
-82
-183
-459
-615
-556
-536
-766
-1286
-1805
-2008
-1743
-1216
-813
-728
-859
-1033
-1073
-1066
-1018
-935
-743
-373
60
509
729
820
867
903
1025
1144
1275
1449
1693
1965
2227
2304
2165
1911
1620
1446
1326
1282
1245
1207
1130
955
745
457
184
-80
-303
-504
-628
-633
-560
-528
-566
-663
-797
-916
-972
-965
-922
-832
-704
-544
-403
-276
-239
-328
-476
-670
-639
-399
-81
226
335
331
297
274
301
290
249
163
150
271
418
533
531
457
360
281
204
104
47
31
1
19
19
25
36
-6
-71
-196
-286
-302
-306
-308
-242
-199
-158
-149
-197
-279
-355
-409
-520
-878
-1600
-2495
-3116
-3071
-2474
-1852
-1605
-1729
-1947
-1960
-1871
-1733
-1600
-1442
-1136
-655
-40
598
1207
1729
2032
2119
2072
2046
2177
2456
2808
3090
3278
3344
3298
3080
2769
2381
2003
1649
1311
1025
779
638
515
308
-41
-491
-953
-1332
-1542
-1663
-1724
-1700
-1583
-1422
-1293
-1218
-1183
-1082
-993
-924
-746
-494
-162
208
493
708
753
691
634
586
587
614
696
779
867
897
858
724
463
170
-119
-363
-502
-567
-570
-508
-471
-400
-355
-348
-433
-565
-661
-660
-584
-425
-226
-17
155
275
305
243
122
26
-24
-76
-52
-14
0
20
-97
-519
-1363
-2467
-3346
-3648
-3365
-3004
-2784
-2602
-2358
-2039
-1824
-1718
-1646
-1532
-1423
-1248
-795
-7
1008
1982
2685
3056
3222
3322
3359
3342
3276
3231
3286
3397
3465
3450
3383
3228
2843
2195
1419
720
142
-306
-680
-937
-1123
-1207
-1284
-1403
-1579
-1793
-1953
-2135
-2246
-2193
-1925
-1485
-998
-520
-110
270
577
766
908
1001
1086
1155
1194
1221
1241
1249
1234
1170
1000
742
486
231
3
-240
-439
-614
-772
-866
-922
-933
-938
-962
-990
-960
-907
-817
-741
-658
-521
-320
-88
124
324
453
548
593
605
521
438
397
324
270
221
202
163
62
-162
-681
-1557
-2718
-3715
-4149
-4044
-3792
-3628
-3381
-2963
-2429
-2006
-1697
-1398
-1108
-957
-884
-588
88
1026
1969
2746
3364
3842
4167
4305
4240
4047
3766
3463
3166
2861
2672
2614
2583
2359
1927
1416
807
165
-559
-1267
-1790
-2126
-2347
-2425
-2353
-2128
-1833
-1611
-1478
-1420
-1347
-1219
-1036
-784
-446
-5
503
988
1455
1891
2159
2275
2243
2025
1701
1334
961
658
434
265
101
-70
-262
-436
-621
-830
-1119
-1412
-1665
-1820
-1812
-1748
-1567
-1281
-962
-637
-331
-65
161
265
311
340
393
518
648
787
903
979
1041
1044
961
790
514
241
-26
-280
-466
-632
-811
-1112
-1730
-2674
-3576
-4103
-4197
-4135
-4122
-3949
-3514
-2887
-2260
-1663
-1010
-392
4
162
395
839
1445
2057
2596
3100
3625
4064
4351
4468
4419
4231
3833
3271
2675
2166
1773
1439
1072
717
425
133
-227
-675
-1068
-1456
-1859
-2251
-2552
-2631
-2518
-2247
-1876
-1473
-1017
-551
-120
236
512
787
951
1046
1164
1308
1485
1677
1831
1891
1889
1799
1617
1348
945
476
-105
-696
-1184
-1561
-1765
-1844
-1784
-1654
-1510
-1360
-1237
-1150
-1090
-1052
-988
-922
-743
-472
-140
236
556
833
1059
1252
1400
1433
1345
1184
973
785
608
464
338
185
96
-24
-138
-230
-387
-570
-819
-1189
-1852
-2767
-3688
-4260
-4384
-4317
-4171
-3897
-3370
-2619
-1836
-1136
-443
186
543
689
839
1135
1550
1959
2341
2731
3179
3625
4023
4271
4319
4180
3787
3191
2515
1865
1304
808
335
-52
-334
-499
-654
-761
-872
-1046
-1313
-1679
-1978
-2176
-2181
-2053
-1850
-1527
-1116
-611
-25
528
1040
1436
1644
1681
1641
1582
1540
1466
1341
1233
1108
1050
986
900
711
358
-47
-503
-929
-1329
-1704
-1980
-2139
-2137
-1979
-1710
-1394
-1069
-772
-530
-333
-157
-4
116
223
326
447
611
749
909
1065
1176
1231
1209
1108
953
765
501
188
-97
-331
-512
-633
-694
-716
-721
-762
-864
-1094
-1638
-2421
-3166
-3660
-3893
-4017
-4047
-3829
-3278
-2518
-1722
-880
5
760
1275
1540
1715
1902
2054
2146
2197
2325
2545
2819
3142
3437
3651
3722
3550
3185
2664
2094
1492
808
117
-481
-950
-1244
-1388
-1380
-1292
-1194
-1146
-1135
-1113
-1069
-1052
-1048
-1045
-1028
-899
-653
-297
145
619
1035
1372
1658
1843
1945
1944
1767
1490
1161
819
487
235
24
-169
-314
-473
-660
-862
-1029
-1214
-1431
-1650
-1827
-1876
-1826
-1678
-1473
-1176
-824
-452
-55
306
607
842
974
1008
980
916
828
724
612
527
493
480
486
488
466
373
245
69
-143
-362
-554
-753
-897
-1002
-1072
-1070
-1140
-1332
-1731
-2276
-2705
-2955
-3086
-3178
-3207
-3020
-2609
-2063
-1391
-660
79
741
1252
1612
1903
2164
2351
2422
2412
2370
2392
2471
2581
2722
2832
2831
2728
2528
2232
1891
1468
989
421
-121
-619
-982
-1235
-1396
-1487
-1479
-1421
-1280
-1075
-855
-644
-487
-358
-274
-173
-90
22
166
345
503
683
902
1114
1293
1406
1428
1317
1157
932
630
331
26
-281
-547
-767
-945
-1027
-1104
-1201
-1329
-1427
-1463
-1420
-1357
-1261
-1130
-953
-713
-431
-102
189
489
725
874
967
1039
1066
994
866
679
495
402
313
243
203
136
62
-3
-71
-119
-170
-283
-427
-589
-706
-786
-859
-952
-1145
-1557
-2108
-2591
-2801
-2845
-2920
-2940
-2797
-2433
-1923
-1327
-676
4
626
1099
1412
1655
1937
2144
2258
2251
2234
2236
2276
2365
2456
2499
2481
2409
2253
2068
1849
1544
1113
601
71
-415
-799
-1122
-1361
-1509
-1569
-1525
-1390
-1167
-883
-609
-394
-229
-108
1
99
206
284
370
480
562
694
846
983
1072
1103
1085
1022
906
734
499
243
-67
-416
-761
-1058
-1276
-1420
-1503
-1499
-1433
-1281
-1065
-821
-559
-367
-203
-68
77
180
229
281
295
332
345
377
415
450
495
508
520
512
485
412
326
168
4
-154
-293
-422
-530
-578
-608
-602
-587
-558
-560
-712
-1053
-1525
-1980
-2299
-2533
-2744
-2901
-2868
-2624
-2201
-1639
-988
-243
429
1032
1504
1885
2230
2429
2487
2388
2206
2052
1947
1898
1854
1852
1871
1888
1900
1893
1839
1678
1406
1013
549
78
-393
-835
-1230
-1554
-1765
-1831
-1749
-1556
-1290
-979
-611
-309
-13
251
452
602
642
644
600
572
541
539
570
624
690
730
782
797
759
638
444
210
-76
-362
-651
-926
-1147
-1301
-1372
-1320
-1177
-983
-782
-563
-327
-133
59
199
304
344
325
292
244
198
153
143
134
146
176
201
242
273
280
265
206
98
-14
-140
-288
-430
-536
-646
-734
-776
-799
-892
-1111
-1427
-1759
-2008
-2178
-2319
-2450
-2501
-2370
-2078
-1672
-1165
-614
15
573
1104
1564
1937
2263
2436
2456
2392
2275
2150
2033
1923
1815
1710
1621
1555
1485
1411
1316
1145
892
586
267
-73
-389
-715
-1030
-1306
-1512
-1593
-1558
-1436
-1255
-975
-678
-340
-32
268
538
712
836
869
859
847
819
741
686
594
500
429
386
318
242
173
46
-63
-183
-302
-430
-543
-641
-729
-787
-788
-725
-668
-555
-417
-270
-125
-4
117
224
285
306
295
250
201
129
61
-30
-76
-127
-152
-162
-144
-131
-143
-144
-165
-199
-237
-317
-383
-467
-571
-692
-866
-1105
-1432
-1730
-1991
-2166
-2283
-2343
-2313
-2118
-1866
-1522
-1044
-519
54
556
1024
1407
1752
2042
2196
2236
2196
2111
2005
1869
1758
1667
1575
1505
1444
1375
1307
1213
1074
874
629
406
123
-178
-476
-767
-1006
-1157
-1252
-1289
-1201
-1042
-817
-594
-344
-69
185
408
551
673
737
763
738
696
617
543
455
338
236
143
67
-3
-37
-107
-137
-179
-231
-267
-283
-285
-308
-346
-379
-387
-385
-358
-347
-304
-262
-203
-134
-59
18
82
123
136
154
126
82
33
-7
-80
-165
-239
-297
-351
-357
-380
-408
-425
-468
-467
-471
-493
-577
-732
-985
-1300
-1557
-1746
-1915
-2029
-2092
-2037
-1855
-1570
-1185
-743
-258
220
727
1173
1582
1884
2063
2162
2145
2094
1967
1820
1658
1499
1341
1216
1131
1053
1022
989
919
824
705
565
391
196
-27
-297
-548
-772
-945
-1076
-1114
-1090
-1016
-854
-645
-374
-109
151
378
559
672
756
771
709
612
491
346
252
158
50
-20
-49
-39
-29
-8
10
29
-2
-15
-25
-84
-128
-211
-273
-334
-400
-407
-374
-350
-310
-241
-184
-118
-62
5
46
56
39
10
-39
-84
-162
-258
-325
-401
-470
-511
-549
-575
-578
-571
-546
-537
-525
-567
-707
-904
-1108
-1318
-1513
-1697
-1824
-1879
-1822
-1667
-1398
-1023
-606
-143
356
829
1286
1648
1958
2161
2246
2238
2145
2039
1836
1625
1384
1184
1036
883
786
716
665
628
571
500
419
300
155
-18
-194
-378
-558
-704
-825
-894
-881
-812
-689
-533
-348
-118
98
286
432
544
617
631
627
557
481
400
281
206
157
127
117
92
109
133
134
98
72
3
-74
-159
-258
-336
-423
-461
-485
-478
-449
-392
-318
-227
-147
-74
-15
28
44
14
-19
-58
-127
-203
-296
-390
-471
-546
-591
-655
-672
-685
-686
-710
-746
-769
-838
-963
-1060
-1182
-1330
-1414
-1504
-1545
-1550
-1445
-1269
-1033
-720
-370
47
473
887
1272
1592
1860
2042
2106
2128
2048
1918
1745
1540
1343
1140
967
814
697
600
522
442
384
321
223
136
24
-87
-196
-313
-420
-526
-562
-595
-588
-533
-439
-314
-164
-4
152
314
456
533
564
592
559
508
441
351
283
215
176
160
110
98
88
62
39
19
-28
-84
-164
-232
-310
-375
-409
-445
-471
-442
-405
-363
-325
-246
-164
-104
-40
-8
4
2
-15
-46
-104
-195
-294
-371
-451
-545
-608
-676
-722
-753
-805
-853
-910
-999
-1104
-1193
-1260
-1322
-1407
-1441
-1422
-1356
-1218
-1017
-786
-493
-187
157
507
831
1149
1410
1634
1759
1870
1898
1859
1816
1707
1553
1393
1229
1057
883
735
623
527
420
326
235
166
112
42
-39
-133
-205
-274
-354
-413
-430
-442
-423
-371
-275
-164
-36
102
239
400
515
620
670
692
709
655
571
433
304
169
9
-110
-243
-341
-419
-469
-496
-462
-425
-408
-353
-314
-291
-272
-264
-260
-264
-284
-298
-308
-315
-318
-302
-292
-264
-208
-184
-180
-182
-190
-245
-291
-332
-416
-511
-637
-768
-910
-1036
-1175
-1258
-1325
-1336
-1328
-1288
-1192
-1056
-876
-666
-434
-188
71
287
526
741
939
1074
1188
1272
1327
1363
1340
1317
1277
1224
1175
1120
1085
1058
1016
953
863
778
665
546
430
301
174
66
-34
-99
-146
-188
-186
-154
-110
-64
-5
48
101
149
189
214
215
205
188
165
142
116
67
32
-22
-75
-102
-128
-157
-207
-251
-287
-340
-380
-466
-530
-567
-585
-607
-605
-567
-532
-467
-417
-362
-291
-237
-196
-169
-165
-154
-186
-200
-244
-309
-380
-422
-458
-523
-571
-616
-663
-716
-770
-787
-795
-800
-772
-737
-680
-595
-487
-367
-215
-50
113
269
426
579
697
807
883
906
921
899
863
825
779
724
676
648
647
646
613
649
655
659
682
664
647
623
585
543
483
416
341
276
241
211
178
149
134
118
106
106
89
95
77
56
56
26
16
3
-27
-63
-80
-103
-147
-152
-182
-211
-262
-315
-358
-413
-458
-499
-527
-554
-574
-565
-568
-552
-526
-528
-510
-497
-508
-517
-507
-504
-508
-490
-477
-468
-445
-400
-380
-394
-419
-425
-467
-520
-559
-583
-601
-608
-579
-536
-462
-363
-241
-94
59
202
344
473
607
700
784
805
828
807
765
727
669
625
561
520
489
486
478
491
489
513
518
516
542
517
497
478
421
348
296
266
249
217
213
233
229
246
280
300
310
336
329
292
273
248
230
189
145
119
78
21
-16
-50
-102
-155
-213
-265
-327
-379
-414
-455
-477
-485
-515
-526
-511
-520
-530
-528
-537
-532
-580
-609
-632
-644
-666
-666
-662
-665
-638
-638
-607
-588
-546
-511
-514
-521
-533
-555
-561
-603
-586
-584
-549
-446
-348
-216
-81
90
262
436
599
727
822
898
955
969
970
931
868
818
759
705
646
587
547
518
502
514
504
496
493
461
430
402
360
294
218
174
133
76
48
41
40
32
49
66
113
146
161
182
218
212
210
216
219
188
187
173
142
128
117
57
-5
-41
-100
-150
-226
-270
-328
-374
-402
-452
-464
-482
-499
-514
-538
-549
-566
-588
-577
-586
-573
-568
-550
-529
-504
-495
-466
-435
-428
-415
-437
-422
-409
-439
-457
-490
-496
-497
-497
-485
-464
-419
-385
-330
-247
-143
-65
68
158
264
351
444
528
599
673
702
742
775
788
773
789
784
773
738
735
708
686
666
634
625
568
532
502
438
398
318
287
228
166
146
95
74
67
47
23
42
26
2
-9
-21
-34
-42
-30
-31
-39
-18
-34
-60
-72
-91
-114
-130
-177
-200
-206
-234
-235
-224
-230
-226
-248
-277
-315
-343
-360
-405
-445
-484
-519
-547
-542
-526
-501
-498
-462
-436
-394
-352
-340
-321
-312
-316
-314
-300
-298
-270
-270
-257
-253
-239
-224
-192
-170
-144
-106
-73
-8
18
57
83
115
129
150
174
199
219
237
275
290
325
362
410
465
488
528
552
573
623
660
671
664
669
659
659
652
628
590
546
503
449
401
354
296
267
232
186
153
101
77
24
-22
-72
-113
-123
-164
-203
-230
-281
-347
-401
-410
-405
-404
-400
-379
-361
-328
-277
-257
-207
-201
-175
-185
-219
-224
-256
-297
-322
-345
-365
-344
-325
-326
-303
-262
-245
-235
-254
-245
-257
-299
-286
-313
-324
-322
-327
-314
-272
-229
-213
-175
-135
-73
-2
39
101
134
154
200
221
222
216
232
226
215
202
188
195
196
180
168
163
181
191
203
214
200
195
200
201
212
225
232
249
271
283
319
307
319
334
340
379
373
399
399
384
377
345
310
270
236
206
190
150
112
84
58
13
-49
-100
-161
-204
-248
-276
-317
-322
-356
-352
-325
-320
-283
-251
-232
-217
-196
-195
-185
-200
-192
-221
-231
-246
-235
-214
-220
-204
-200
-154
-129
-136
-101
-110
-134
-129
-146
-166
-174
-170
-192
-190
-193
-189
-192
-178
-163
-140
-99
-60
-25
-17
23
52
71
90
114
132
104
98
94
97
116
134
146
169
195
193
191
192
178
191
192
162
139
135
89
98
81
44
42
32
40
30
36
36
57
90
125
137
158
173
189
212
199
205
193
158
130
108
84
83
84
83
68
50
56
63
51
36
23
11
-10
-34
-48
-69
-81
-95
-104
-97
-90
-96
-107
-119
-115
-122
-125
-132
-127
-141
-145
-141
-173
-171
-176
-182
-194
-174
-135
-114
-79
-52
-38
-37
-20
-11
26
15
22
32
-4
0
-14
-14
-19
-36
-31
-46
-44
-49
-52
-34
-40
-41
-24
-27
-23
-25
-27
-19
-34
-11
4
9
40
39
47
66
76
62
73
100
120
123
105
111
90
73
67
62
57
45
15
7
9
-2
-15
-50
-55
-60
-54
-52
-32
-29
-17
-4
24
40
74
109
136
148
163
179
182
192
185
169
151
146
123
109
95
83
62
62
43
26
5
-22
-29
-79
-107
-144
-169
-198
-233
-242
-252
-254
-259
-232
-204
-173
-127
-91
-78
-24
-1
21
32
38
37
25
19
7
7
8
12
15
28
12
17
28
23
39
22
19
-5
-20
-40
-57
-58
-66
-76
-76
-66
-75
-64
-56
-59
-49
-39
-36
-22
11
24
60
75
81
108
142
159
162
146
129
94
56
12
-25
-31
-55
-53
-74
-68
-57
-56
-50
-39
-30
-32
-31
-15
8
0
4
16
23
52
51
79
121
130
147
165
170
184
209
205
205
209
203
182
170
149
121
77
41
19
-19
-54
-77
-105
-117
-140
-136
-144
-158
-154
-148
-161
-172
-182
-175
-145
-125
-108
-95
-89
-59
-46
-59
-34
-35
-20
15
15
2
13
21
14
2
-15
-22
-18
-27
-31
-36
-38
-34
-39
-44
-49
-46
-64
-71
-75
-66
-59
-62
-56
-57
-55
-51
-52
-38
-3
25
38
61
87
89
119
126
129
117
124
105
93
85
59
47
26
15
8
-1
-5
7
3
16
25
48
51
48
67
58
25
17
20
6
21
15
37
40
59
59
67
113
112
101
117
117
83
72
66
31
12
-4
-48
-57
-47
-51
-35
-29
-54
-34
-19
-45
-68
-90
-90
-107
-120
-139
-157
-158
-145
-142
-152
-148
-130
-93
-91
-80
-67
-22
-25
-16
9
16
28
30
17
22
17
40
56
33
58
51
42
-2
9
-3
2
1
-35
-27
-26
-14
-23
-20
-25
-13
4
1
-6
9
4
38
39
53
66
71
77
80
78
84
93
85
92
94
105
98
102
106
94
89
84
41
43
34
19
-10
-18
-6
-13
-16
-15
-29
-41
-28
-30
-22
-39
-17
-1
-3
10
13
5
30
29
17
23
23
30
25
11
19
1
5
-5
-29
-38
-39
-52
-84
-103
-112
-128
-157
-173
-173
-170
-166
-171
-162
-144
-133
-117
-103
-75
-57
-23
-1
2
18
33
20
28
35
29
56
75
71
98
102
101
119
119
135
147
125
129
101
69
68
39
2
-17
-40
-55
-65
-54
-58
-53
-36
-35
-12
-15
1
18
12
30
42
45
51
43
31
52
59
58
68
76
68
99
90
76
68
35
26
14
9
6
-39
-43
-65
-77
-80
-74
-63
-70
-59
-49
-32
-17
0
1
7
-13
-25
-19
-26
-17
-9
-18
-15
-16
-8
5
17
21
14
25
16
3
25
5
7
0
-2
-9
-33
-34
-66
-61
-65
-89
-97
-84
-62
-56
-54
-47
-51
-50
-33
-28
-20
-25
-28
-34
-28
-24
-9
5
20
11
39
48
90
69
59
78
54
69
78
78
42
37
44
10
-9
-21
-25
-14
-15
-8
15
13
21
39
21
39
41
39
14
2
17
35
28
25
52
66
68
67
67
82
55
49
69
41
29
10
-8
-19
-24
-28
-60
-53
-56
-60
-48
-48
-53
-59
-65
-83
-77
-87
-96
-84
-62
-55
-37
-11
-13
-9
8
35
47
47
47
34
38
32
11
20
2
13
15
-10
-20
-12
-29
-37
-26
-13
-20
-7
-7
-9
-21
-38
-30
-27
-26
-47
-43
-46
-30
-28
-28
-12
15
27
38
57
81
74
60
74
72
59
78
84
79
59
54
67
68
68
45
48
19
18
-4
-4
-6
-12
-13
-24
-20
-7
-5
-26
-4
-6
10
21
24
37
31
42
60
38
44
61
41
36
22
19
5
-16
-9
-37
-77
-83
-92
-105
-120
-136
-142
-165
-142
-136
-138
-126
-101
-90
-72
-63
-72
-59
-57
-33
-44
-24
-7
-12
-1
-3
15
21
21
14
30
33
27
16
20
24
23
26
4
-4
-27
-18
-22
-2
-1
2
-19
5
-2
-17
-4
-4
-5
0
26
8
19
36
41
46
63
55
72
91
84
88
89
101
101
79
75
77
45
51
30
24
13
12
15
11
12
6
14
9
22
26
17
34
54
41
23
11
8
15
24
29
11
27
33
27
14
10
20
5
-12
-19
-22
-23
-30
-23
-24
-29
2
-7
-26
-16
-24
-37
-15
-30
-26
-24
-51
-66
-65
-52
-44
-51
-51
-62
-73
-57
-38
-23
-12
-3
17
25
22
36
42
45
37
56
51
52
60
55
65
56
56
70
64
68
53
36
55
51
35
26
19
6
-15
-29
-60
-50
-55
-65
-83
-88
-73
-51
-53
-68
-62
-71
-66
-63
-65
-66
-82
-84
-68
-90
-83
-78
-86
-90
-88
-86
-94
-103
-83
-92
-108
-98
-88
-91
-110
-93
-88
-83
-67
-83
-71
-68
-49
-17
-6
21
41
61
59
64
78
116
106
104
128
131
140
145
131
112
114
131
138
131
106
78
75
63
40
26
19
-1
9
10
-6
-7
-18
-4
-3
30
68
64
86
92
105
139
140
146
161
172
169
164
172
162
140
142
130
128
126
123
112
112
110
80
84
66
38
38
24
-11
-6
-3
-35
-50
-51
