-14
1
2
0
4
-3
-11
10
8
-9
-9
-17
-19
-22
1
-5
-7
1
-16
-4
-9
8
3
5
27
21
35
33
32
37
25
31
37
25
18
30
37
41
25
-22
-7
-14
-22
-2
-29
-15
-7
-4
-2
-14
4
3
5
-5
-5
-3
-35
-13
10
-3
-12
15
-13
4
8
-7
-7
4
-3
-15
-12
-13
0
-12
-17
-20
-21
-20
-15
-44
-35
-20
-23
-10
-22
-16
1
-10
1
5
-9
-15
-8
-14
-8
18
-4
-2
-12
-22
6
-7
-33
-29
-25
-27
-55
-59
-31
-16
-27
-37
-3
-4
8
0
34
34
10
8
27
56
34
36
29
31
25
26
35
42
24
28
36
29
35
40
38
40
42
50
41
33
49
37
28
47
18
6
16
25
36
-6
-19
-22
-12
0
-24
-18
-12
-11
-17
4
5
-14
-1
12
-7
-12
-14
-17
-14
-14
-19
-29
-21
-18
-16
-22
-34
-31
-15
-4
-30
-30
-15
-15
-6
-18
-14
-6
-10
-34
-16
-7
10
1
7
23
18
17
10
21
21
22
9
11
-8
-10
0
-9
-3
1
2
6
0
-3
10
10
-2
-17
-17
-3
-18
-10
-18
-10
-12
-32
-16
-7
-17
-13
-25
-14
-3
-22
-18
-23
-13
-28
-26
-23
-12
-3
-15
5
4
19
28
13
14
16
24
9
22
-2
5
10
15
20
3
8
-2
8
9
2
0
11
17
14
2
12
7
-2
-8
-17
7
-13
-8
-11
-4
15
-7
-11
1
-4
2
19
6
2
8
18
9
1
2
3
9
-7
-8
2
-6
-12
8
2
6
7
2
-3
-3
6
0
7
16
32
16
11
23
25
33
9
15
17
21
22
29
6
2
16
2
12
15
11
4
19
-11
-14
3
0
25
5
1
-4
-7
-6
-11
-9
-20
-17
-15
-11
-2
6
-12
-10
-6
-4
4
-12
-21
-18
-8
4
-10
-9
13
-13
3
-1
-13
0
-4
-2
-5
-4
-16
8
-10
-15
-13
-19
-3
-19
-2
-12
-23
-12
-12
-29
-22
-25
-20
-18
-14
-14
-18
-14
-3
-5
7
-4
-11
-25
-21
-25
-20
-15
-34
-21
-20
-1
-6
22
7
12
25
0
17
16
19
3
9
13
23
37
19
10
0
-10
8
20
10
14
8
-1
-3
1
-12
-1
17
12
7
1
10
8
20
7
8
-7
4
16
19
10
-3
-16
-19
0
1
10
16
11
16
3
3
29
11
13
10
16
19
37
31
34
26
13
14
4
-8
-10
-14
-16
3
-4
19
6
-12
4
4
9
7
2
7
9
2
20
12
5
-3
-22
-16
-1
-10
-10
3
-21
2
-10
16
5
-15
6
8
5
-7
4
-2
0
-6
-6
-2
-8
-22
-9
-21
-13
-17
-19
-5
-5
-14
-22
-31
-35
-19
-26
4
6
7
18
1
4
1
-28
-8
-7
-21
-16
-15
-2
-22
-23
-29
-15
-23
-18
-5
-1
-11
-2
1
0
12
14
10
-5
1
-5
-13
-22
5
8
17
18
21
-4
-9
-1
9
-7
5
11
-2
11
9
15
8
15
8
15
14
33
6
-5
-8
-20
-11
-10
-11
-12
12
20
27
16
22
37
26
30
26
2
-10
-21
-22
-27
-38
-24
-6
11
6
18
25
5
8
-5
-11
-11
2
-2
-25
-1
-14
-18
3
3
-1
14
25
38
33
25
10
7
6
13
22
-11
-9
-5
-9
-11
-32
-23
9
-4
-3
12
7
6
7
24
9
18
10
-1
22
16
6
10
11
8
1
10
1
11
-6
-16
5
-15
-15
-22
-29
-19
-20
-22
-22
-29
-12
-8
-12
-34
-19
-23
-21
-27
-21
-16
5
4
22
23
26
49
20
42
28
33
21
27
11
8
27
-3
4
-14
-4
-17
-37
-15
-14
7
-4
7
22
13
0
-6
-8
-15
-18
-22
6
1
-10
8
4
10
-4
-7
-43
-40
-35
-43
-19
-7
-12
-9
11
-12
-13
-15
-39
-36
-48
-52
-38
-17
-4
-4
8
8
4
19
23
26
23
58
50
38
46
33
28
8
28
28
13
27
22
16
9
17
3
-23
-10
-10
-1
8
17
18
17
24
17
17
13
7
-6
5
0
-15
-12
-11
-18
-40
-40
-37
-21
4
-2
3
13
14
2
6
25
7
4
22
16
35
24
6
16
14
11
31
35
17
21
20
6
-1
-12
-30
-10
-5
8
0
-20
-9
-18
-12
-17
-22
-29
-3
-5
-13
-2
2
0
-6
-16
-35
-26
-13
-14
-28
-11
-28
-15
-27
-26
-5
-21
-21
-36
-24
-34
-36
-22
-34
-5
11
-3
14
12
-2
-29
-6
9
-9
8
3
20
17
7
-5
16
8
14
30
25
12
11
-19
1
21
-2
9
18
21
-5
30
28
27
18
19
28
18
18
3
5
-11
0
2
2
19
-7
8
10
-5
12
-12
-26
-26
-23
-26
-22
-18
-23
-33
-22
-14
0
3
-3
14
10
8
14
-3
-20
-6
0
22
9
-4
5
-4
-5
8
10
22
9
24
27
13
21
26
-1
5
1
-12
11
20
-5
-7
4
5
21
3
-12
4
4
-16
6
11
-2
-7
3
11
7
10
8
3
10
3
7
21
0
8
17
19
19
0
8
6
-10
20
21
-10
-16
-8
-10
-2
-20
-22
-6
13
7
-9
-7
-31
-21
-20
-37
-40
-29
-21
-27
-7
-10
-11
12
21
8
2
25
5
21
12
-11
-6
-12
-16
-17
-13
3
-10
-27
-27
-20
-12
-27
-28
-44
-28
-16
-30
-10
-8
2
-2
3
1
11
-4
9
26
20
26
7
2
14
9
17
15
13
18
7
15
19
20
6
18
16
-2
11
36
17
6
17
4
17
4
7
6
5
12
3
3
-12
-31
-18
-33
-37
-31
-42
-23
-33
-35
-18
-13
5
2
8
0
-9
-1
28
14
10
22
27
37
50
43
31
42
30
38
21
17
14
-5
14
-7
7
19
28
2
15
13
-3
2
2
-7
-16
-20
-22
-42
-21
-36
-34
-14
-59
-27
-35
-46
-44
-54
-51
-42
-38
-28
-21
-48
-55
-40
-34
-12
-20
-9
2
16
3
14
32
28
23
30
52
48
57
56
55
57
63
58
58
45
62
68
35
32
37
48
34
40
60
47
55
49
67
40
19
25
29
13
10
3
-6
-11
-60
-38
-29
-67
-64
-42
-58
-63
-68
-44
-55
-69
-105
-95
-88
-91
-82
-59
-55
-103
-83
-63
-73
-80
-43
-27
-49
-39
-6
32
20
2
-1
-14
4
-8
9
21
6
-8
4
-8
-12
-22
4
24
19
28
41
42
30
-4
-1
4
-1
23
44
61
76
24
24
51
55
53
76
81
15
87
110
72
65
86
67
65
90
97
87
106
82
101
130
99
102
90
103
107
89
120
173
113
41
83
77
-5
62
96
68
42
28
-25
-74
-44
-87
-106
-23
-65
-91
-64
-5
-65
-170
-99
-128
-158
-49
-84
-67
-44
-140
-147
-153
-168
-238
-230
-206
-240
-234
-218
-269
-248
-274
-333
-243
-250
-321
-260
-230
-289
-241
-196
-227
-247
-182
-176
-191
-82
-108
-43
10
-21
71
8
-36
119
18
-10
194
159
89
194
200
66
202
267
254
286
242
232
239
234
369
401
266
351
335
268
361
424
264
336
315
267
320
312
299
346
230
157
267
162
240
271
184
92
117
92
77
75
58
87
-35
61
30
-129
-16
-75
-17
-32
-40
18
-158
-119
-103
-271
-172
-115
-278
-170
-188
-281
-174
-270
-263
-257
-308
-248
-286
-253
-190
-277
-225
-173
-275
-261
-203
-179
-157
-221
-97
-168
-105
-126
-208
-153
-180
-172
1
-118
-187
-98
-130
-30
-98
-99
-17
-79
18
-59
-5
100
8
1
96
29
31
80
146
25
-21
96
24
115
67
150
88
117
28
45
95
85
73
48
101
68
123
18
200
-33
73
115
79
34
98
49
77
94
66
52
60
167
4
101
49
141
27
40
63
126
-31
24
98
63
43
-20
133
-24
50
65
34
83
80
-12
2
89
84
-23
48
106
-13
19
108
3
28
68
47
122
-8
65
1
-60
107
-43
-39
40
-24
12
-99
89
-49
-22
-27
10
-27
-120
74
-32
-13
105
-17
73
73
34
12
-49
-21
-1
-30
-55
53
-116
-74
-12
-67
-113
-53
1
-118
65
-43
-122
-120
-7
-108
-115
10
-182
-3
11
-16
-22
-163
-47
-122
-80
-22
-43
-93
-81
-66
-130
-71
14
-146
40
-9
-160
-12
-15
-54
-81
11
-23
-164
-8
33
-92
-22
-39
19
-152
104
-49
-129
69
-120
-55
89
8
-53
30
-47
-60
12
75
29
-47
89
38
85
99
77
43
-16
5
47
39
-1
-50
33
-9
-24
181
-11
-94
92
129
-65
96
136
-20
77
98
50
-27
67
-9
0
104
-4
114
-57
84
3
-7
158
0
106
110
66
14
34
-33
20
38
-58
-16
71
-114
21
147
-49
9
80
28
-119
-1
66
-62
30
116
55
-140
16
42
-56
45
60
66
-98
-23
43
-5
-67
17
98
-64
-42
75
-46
-32
-34
74
-138
-56
-5
-98
80
-18
42
107
-36
52
6
-14
59
-22
82
-129
-26
-57
35
-36
79
-55
136
-53
-52
43
-46
88
-64
83
-47
-83
85
-107
-49
48
-11
14
27
85
47
3
-44
-73
-98
-79
9
-203
26
19
-128
-7
-91
80
15
-7
18
46
-69
31
74
-132
0
-86
-67
35
-4
146
-32
-48
-2
7
27
-7
109
-27
26
126
-39
-43
106
-153
74
27
-86
79
-85
106
-85
129
-104
-24
92
6
-42
40
68
-88
30
-29
47
46
-41
-5
46
1
-58
27
-75
-49
-25
54
-9
-36
-89
-260
174
-121
67
-3
-39
49
-160
48
-152
-30
9
-103
129
93
-66
121
118
-62
27
-46
98
-61
-3
33
4
30
52
-45
112
-191
-69
217
-113
63
171
-189
-52
7
-45
35
-13
32
122
-153
107
96
-81
-8
8
-2
-19
28
150
7
-29
119
-147
-145
160
4
-48
77
10
83
25
156
14
-75
32
17
-173
-19
303
-183
155
165
23
141
27
-58
-138
-49
-72
-130
-81
91
-267
56
-35
23
-35
-1
63
-96
40
-42
1
-35
6
-83
40
-109
84
-50
32
86
-173
-16
95
-72
98
63
89
-55
23
14
-215
142
67
-81
214
37
-15
111
-39
-79
55
-3
19
-95
138
-22
6
85
-109
143
-88
81
8
30
29
-42
6
-1
-15
-93
-21
100
27
-89
67
-126
-175
116
-83
-134
41
-181
37
143
-193
96
1
-184
101
78
39
-143
52
111
-185
194
36
-248
152
-96
22
-119
-75
77
-80
-7
22
-95
-15
-37
28
24
-10
38
-41
47
24
-6
2
70
-15
79
-1
158
-34
-17
96
-113
24
82
-50
34
96
-53
-8
178
-60
15
28
-81
-10
-37
106
-77
120
-60
-56
-47
-59
-42
-33
161
17
39
55
-10
1
-84
-27
-3
-47
27
48
16
48
48
-17
38
-14
7
61
18
-49
88
-35
-128
114
-112
14
95
84
-33
-38
45
-46
-106
45
13
-34
42
40
-10
34
-53
47
-47
45
23
-60
49
-48
59
-14
-26
-10
-29
-10
19
32
31
-17
-42
127
2
-69
97
6
-151
22
-106
-13
-83
-50
-10
-22
-24
-43
52
-33
-73
44
70
-148
176
-61
-135
138
-91
-59
-67
40
1
-105
137
-6
12
110
2
-9
18
13
0
-12
35
-190
47
44
-83
51
-82
34
-154
150
-72
-66
185
-76
188
-30
15
15
25
22
-10
75
-141
89
-30
-3
44
58
41
-16
96
-70
5
-31
21
20
-102
165
-5
-20
180
-72
-33
99
-89
28
95
-57
-173
112
-203
7
-34
116
-123
42
-66
-169
99
-123
-16
18
80
-70
120
-15
-38
19
-124
-9
75
-14
-46
150
15
72
102
15
31
-17
17
-97
79
30
-116
86
15
-139
-22
162
-28
-80
133
-84
-48
39
-47
-104
-73
-31
32
-10
-3
-1
15
-38
21
0
32
86
-90
105
32
-49
-3
-39
37
-30
132
65
-32
140
-165
86
-20
-64
114
-108
294
-104
142
-38
128
-196
33
-14
-44
45
176
-67
36
148
-190
90
-70
-1
-158
66
-48
108
-24
93
3
-64
40
-73
-56
18
-92
79
-38
28
-67
-57
-60
-105
-44
10
-73
-3
-54
-6
-96
-74
28
-42
3
106
-27
66
14
-99
216
-189
55
-47
-36
-16
-26
87
16
-142
241
-120
-11
232
-199
-91
146
-277
94
-18
-58
19
-147
130
-205
61
-127
137
-104
188
-153
156
132
-151
207
-134
-43
13
-88
-42
33
-106
167
-76
12
136
1
-114
163
-54
-49
1
81
-10
67
65
134
-134
159
15
-15
131
-17
54
26
73
149
88
-30
130
-35
136
-44
146
74
-80
354
-209
195
25
-164
230
-132
-21
-33
60
-56
-27
-146
65
-39
123
-1
-136
73
-28
86
-156
149
-9
-67
79
9
-110
10
-77
54
-156
72
-91
18
-164
-147
-89
-64
-184
-80
236
-103
-60
218
-121
-108
109
-182
-27
-103
2
-239
75
12
-265
375
-208
68
106
-222
114
-141
-5
87
-88
89
-33
119
-87
-90
93
80
-183
161
-34
-37
-42
85
31
-13
-16
-92
-32
-88
-117
214
-188
274
-123
-49
-53
-40
141
-123
14
93
-170
40
18
-191
221
-56
3
196
-7
10
93
57
-291
218
-132
9
110
13
35
58
31
-100
133
84
-171
152
89
25
132
-25
175
-66
84
37
73
127
-167
223
78
-183
88
85
-53
43
-28
22
-6
-131
84
-42
108
-152
212
-69
-78
-54
-88
104
-237
320
-204
15
129
-154
1
135
-90
-36
121
57
-60
30
16
-225
100
-105
-38
131
-82
168
19
-95
29
175
-123
33
162
-160
191
-79
-128
131
-180
-92
71
-202
45
-16
-54
208
-205
-57
122
-71
13
13
-76
36
-75
-92
-77
142
-267
21
81
-47
76
62
-25
16
8
-74
13
110
24
-110
-25
34
-139
57
-115
59
-82
-94
121
-233
-66
17
-101
-67
191
-221
243
-146
107
-17
-166
174
47
-85
123
-5
0
6
-2
208
-157
95
124
76
-177
259
-145
150
-93
85
-76
-4
161
-254
247
-6
-216
448
-45
-222
323
-64
63
17
152
-210
208
-194
-113
236
-199
15
213
-152
-80
70
-84
-115
247
-241
250
-118
108
36
-69
38
226
-321
93
186
-125
22
161
-73
-107
195
-98
-43
6
177
-380
145
83
-126
-51
148
-62
-132
42
152
-91
26
-61
155
-42
-68
82
52
-404
206
-33
-122
74
158
-310
210
-49
-228
139
-204
23
69
46
-235
80
-84
-83
124
-232
-96
122
-156
101
68
-6
-32
6
-297
138
-58
-174
338
-229
96
58
-25
206
-78
109
81
-4
173
-22
3
48
-195
193
-30
-65
382
-35
-97
183
-164
77
-144
-76
-27
7
144
-31
63
178
-122
29
-45
15
-7
-224
-12
-128
-12
-37
58
-85
-49
116
27
-183
219
6
-90
80
-63
-214
15
-42
-58
-172
71
-65
-50
8
51
-28
-170
205
-206
102
47
139
64
69
63
-226
246
-92
-78
10
99
-25
-41
-10
8
-235
76
15
17
70
60
-28
51
39
-57
39
47
146
-6
134
214
-128
35
140
-50
178
-99
-42
72
-11
126
52
166
-251
228
239
-313
245
311
-171
162
67
-223
153
39
58
7
-90
-3
-109
-5
-4
30
-71
-82
-92
-22
-149
85
-107
22
-7
-188
43
-86
78
60
-2
19
-54
-103
153
-107
118
59
39
52
-120
-17
-58
-266
179
0
-169
-29
93
125
-325
201
103
-307
132
-117
-198
-22
-6
158
106
134
56
-60
-109
186
-288
107
60
-174
4
33
-52
-191
112
-54
-261
-5
-34
-106
-76
81
-28
-211
34
-59
-126
162
50
-112
-152
35
-13
-285
99
-123
-81
209
17
-45
93
-84
108
-222
-76
108
-271
312
232
69
-14
49
181
46
119
347
73
38
97
10
-83
1
296
-180
-107
209
-204
63
219
-44
152
53
-25
38
-6
-123
58
-32
41
126
-79
-25
-56
-19
21
-85
124
26
-50
52
173
-248
284
-82
-127
145
-169
-5
144
-78
13
151
47
-249
37
-173
-252
200
-138
5
319
-149
-24
256
-180
67
271
-241
94
176
-150
16
101
-32
-278
243
-25
-292
171
-73
-130
-16
49
162
-137
-71
-29
90
55
150
85
-153
-182
53
-64
-140
-133
94
-16
-138
259
-78
14
-71
24
10
-116
-142
116
-33
-79
-17
-9
-18
-54
-178
32
125
-227
174
197
-125
-101
452
-138
120
257
-192
-26
217
-216
-123
94
-128
49
233
-356
-270
-1
18
-80
126
143
-158
-11
270
-99
-248
64
47
-25
72
190
-239
-168
-236
247
127
167
121
-5
-6
-182
162
49
-68
158
328
-195
-7
217
-164
-64
-11
87
-135
24
-14
-154
133
120
-74
59
31
-196
86
85
36
-114
-36
44
12
159
-72
24
-27
-110
-100
-122
-22
-207
-51
158
156
147
-42
96
-256
-216
13
7
-9
77
56
-54
192
-124
-50
-11
205
44
-50
356
9
-315
-48
161
-226
57
151
-232
-224
40
-80
-20
204
121
-78
29
-8
-32
134
41
201
451
125
62
66
-61
-29
-76
27
56
17
11
-72
-46
-81
-143
-24
20
39
-101
217
97
-112
171
-349
-196
223
36
30
-37
-72
-195
-171
-41
-22
-52
-148
-94
-121
-239
-27
27
-69
-4
-3
62
-37
-86
-32
-47
-79
-84
-35
-99
-58
244
99
227
242
75
11
84
67
41
15
-43
-18
-34
-90
-32
-16
-77
14
73
36
101
105
-66
-102
95
216
56
99
78
11
230
111
8
105
-110
-170
-54
129
84
175
116
-88
-127
-129
17
178
100
127
124
25
-18
-20
49
37
73
-50
5
-4
49
176
48
32
0
-43
3
145
195
-31
-14
13
-217
-288
-114
70
-122
-199
-143
-307
-177
-72
43
116
-36
-66
-60
-138
-107
-124
-154
-83
-52
-64
-120
-5
-70
-56
-55
-33
23
-108
-122
-97
-160
-67
44
98
100
-69
-62
-36
-35
-82
15
145
23
79
171
89
18
-45
-76
-51
66
178
192
74
123
54
-72
-68
-48
15
48
73
22
-80
-197
-202
-66
-7
127
280
142
20
-62
-171
-138
-26
143
214
165
70
-53
-75
-143
-94
-8
88
187
231
174
53
-73
-139
-72
74
177
284
336
230
136
-3
-44
-3
57
145
172
126
33
-104
-252
-214
-65
70
91
64
-2
-48
4
-18
-71
-108
-97
-72
26
51
-12
-79
-188
-273
-184
-69
-22
9
27
-25
-125
-153
-181
-111
-39
42
126
83
17
-76
-175
-124
-17
44
76
30
-70
-161
-133
-75
-19
50
-13
-27
-59
-80
-69
-33
-35
-64
-1
48
8
58
66
24
69
115
160
198
193
105
138
154
152
138
122
149
171
191
202
197
107
51
61
99
141
166
139
66
71
57
6
94
133
82
45
29
-13
-58
-70
-65
-50
10
65
31
-22
-53
-92
-77
-41
-21
-57
-154
-207
-230
-289
-300
-291
-314
-390
-401
-440
-526
-558
-606
-626
-624
-644
-661
-662
-666
-621
-544
-432
-301
-217
-161
-100
-41
71
224
359
486
613
711
799
843
887
959
1021
1103
1135
1153
1111
1039
966
924
879
828
789
678
583
462
374
321
328
332
308
193
86
27
43
19
-120
-243
-409
-447
-341
-165
-23
8
-69
-104
-138
-215
-282
-473
-1041
-1970
-2710
-2799
-2444
-2148
-2132
-2291
-2603
-2943
-2965
-2508
-1930
-1601
-1402
-1043
-559
-164
114
390
764
1178
1669
2275
2776
2857
2639
2504
2661
2957
3174
3194
2998
2604
2181
1820
1611
1427
1041
621
328
63
-315
-781
-1214
-1710
-2329
-2655
-2476
-1955
-1547
-1473
-1515
-1482
-1289
-862
-170
507
890
1007
1175
1509
1780
1882
1949
2048
2122
2090
1935
1764
1456
1063
833
792
696
385
-91
-559
-798
-933
-1027
-1064
-1131
-1248
-1394
-1495
-1614
-2014
-2873
-3956
-4567
-4197
-3137
-2301
-2312
-2897
-3504
-3657
-3115
-2016
-921
-398
-461
-498
-45
664
1239
1636
2074
2510
2906
3233
3427
3346
3035
2871
3169
3662
3792
3384
2664
1963
1523
1412
1466
1370
918
189
-445
-768
-926
-1169
-1452
-1614
-1665
-1640
-1658
-1708
-1786
-1833
-1639
-1152
-667
-569
-672
-639
-396
35
597
1154
1481
1523
1421
1432
1607
1766
1815
1809
1799
1653
1376
1085
826
637
436
334
222
-16
-375
-716
-814
-735
-627
-583
-609
-704
-770
-737
-543
-279
-174
-318
-761
-1523
-2398
-2972
-2938
-2471
-1965
-1854
-2276
-2957
-3436
-3356
-2736
-1961
-1465
-1392
-1537
-1522
-1192
-601
69
662
1081
1352
1596
1878
2118
2319
2588
2895
3239
3404
3348
3044
2684
2462
2412
2462
2356
1993
1420
830
434
201
49
-153
-483
-879
-1255
-1500
-1858
-2211
-2206
-1731
-1231
-1135
-1348
-1606
-1739
-1607
-997
-178
319
304
110
254
696
1168
1487
1653
1719
1670
1607
1674
1786
1661
1379
1254
1268
1223
929
533
200
10
-47
-67
-129
-294
-546
-725
-659
-460
-361
-346
-297
-271
-371
-783
-1613
-2523
-2961
-2639
-1965
-1543
-1790
-2580
-3372
-3593
-3036
-2089
-1419
-1421
-1858
-2131
-1828
-1081
-233
372
633
692
806
1190
1693
2091
2332
2522
2785
3055
3122
2979
2714
2547
2601
2678
2630
2335
1751
1134
784
712
686
437
-43
-597
-970
-1138
-1147
-1254
-1700
-2149
-2126
-1557
-1160
-1176
-1514
-1725
-1615
-1259
-598
-50
153
-89
-223
142
838
1357
1450
1447
1390
1429
1516
1662
1736
1583
1355
1191
1222
1194
926
533
320
258
209
77
-116
-319
-507
-558
-427
-250
-192
-232
-330
-382
-471
-903
-1743
-2704
-2916
-2188
-1248
-1116
-2002
-3061
-3560
-3212
-2352
-1433
-1075
-1616
-2459
-2588
-1647
-401
278
317
171
166
377
929
1676
2178
2252
2134
2256
2587
2762
2652
2507
2582
2703
2668
2405
2048
1688
1367
1252
1266
1123
679
47
-410
-502
-406
-510
-882
-1298
-1538
-1566
-1455
-1301
-1329
-1518
-1691
-1571
-1188
-849
-769
-825
-743
-525
-255
33
309
545
673
781
951
1139
1222
1222
1269
1343
1401
1334
1144
974
912
897
837
742
523
222
0
-84
-18
9
-93
-261
-367
-324
-152
-21
-74
-491
-1425
-2456
-2735
-1957
-962
-853
-1847
-2903
-3281
-2938
-2165
-1353
-1006
-1559
-2454
-2645
-1734
-524
85
14
-215
-228
-36
438
1192
1805
1876
1666
1661
1978
2321
2442
2465
2560
2641
2497
2239
2042
1969
1925
1823
1642
1407
973
503
240
249
330
58
-468
-971
-1173
-1119
-968
-973
-1152
-1494
-1831
-1823
-1456
-997
-931
-1183
-1427
-1365
-1027
-597
-237
-42
-47
-141
-15
343
735
918
917
907
957
1059
1127
1176
1203
1177
1045
935
881
827
734
618
491
369
221
85
10
12
29
-1
-16
-70
-148
-501
-1205
-2012
-2258
-1614
-887
-952
-1811
-2597
-2804
-2515
-1923
-1310
-1103
-1651
-2463
-2537
-1617
-542
-122
-270
-484
-554
-366
144
945
1517
1469
1168
1156
1577
2059
2308
2329
2306
2222
2099
2056
2133
2275
2186
1863
1556
1322
1148
927
770
700
585
231
-235
-575
-685
-640
-671
-769
-975
-1315
-1586
-1616
-1344
-1030
-965
-1190
-1463
-1475
-1168
-749
-469
-409
-507
-521
-332
95
487
632
559
451
562
822
1064
1129
1055
938
869
865
912
960
876
639
407
294
309
303
210
71
-57
-149
-184
-152
-136
-165
-371
-829
-1419
-1826
-1642
-1016
-672
-1027
-1767
-2221
-2159
-1771
-1255
-911
-1047
-1630
-2081
-1767
-923
-285
-222
-488
-688
-621
-266
319
906
1102
894
699
863
1344
1785
1984
1971
1849
1742
1728
1854
2024
2087
1936
1593
1292
1163
1099
1050
982
872
624
246
-87
-208
-130
-134
-277
-557
-815
-1073
-1306
-1297
-984
-640
-805
-1241
-1578
-1457
-1101
-735
-523
-595
-847
-1047
-854
-258
257
327
42
-140
-2
352
742
923
886
634
442
523
873
1135
1033
676
414
399
506
581
527
389
132
-93
-162
-33
104
84
-79
-225
-341
-540
-818
-1049
-966
-744
-644
-809
-1168
-1450
-1446
-1254
-1047
-891
-938
-1235
-1492
-1343
-863
-454
-392
-502
-567
-497
-310
37
422
604
551
479
579
892
1168
1269
1265
1252
1227
1207
1270
1412
1479
1371
1165
1011
954
944
928
880
775
581
380
259
257
278
236
46
-168
-285
-357
-413
-458
-439
-419
-534
-712
-802
-714
-637
-644
-686
-695
-674
-692
-654
-503
-358
-340
-415
-416
-295
-113
34
108
151
146
144
186
324
460
501
405
310
322
400
441
407
328
206
89
70
128
193
171
54
-98
-174
-154
-111
-37
-77
-205
-363
-470
-529
-506
-455
-457
-478
-557
-638
-669
-613
-537
-477
-448
-481
-508
-516
-415
-248
-185
-174
-231
-223
-160
-83
27
110
114
98
127
225
324
410
433
422
441
500
566
628
690
707
674
641
656
679
694
674
646
586
525
478
427
395
360
316
240
179
117
47
28
20
-7
-69
-142
-192
-228
-222
-174
-166
-212
-275
-310
-335
-319
-273
-255
-254
-275
-279
-271
-235
-223
-229
-225
-249
-215
-193
-198
-180
-170
-141
-122
-105
-105
-127
-114
-110
-73
-30
-4
-3
-26
-16
15
87
124
121
122
124
113
136
166
195
181
161
147
128
125
114
112
76
10
-65
-95
-141
-169
-204
-274
-321
-362
-416
-429
-425
-446
-442
-461
-435
-390
-321
-288
-267
-257
-245
-194
-150
-76
-13
11
4
29
74
145
202
234
269
269
283
323
368
407
441
446
433
441
432
444
460
496
532
532
511
477
430
401
402
415
413
378
305
225
193
176
168
140
67
-42
-121
-157
-143
-131
-197
-258
-350
-404
-407
-398
-383
-414
-438
-461
-444
-390
-364
-339
-359
-366
-356
-292
-222
-174
-141
-154
-121
-71
-22
32
76
77
82
85
112
157
151
145
142
138
140
139
107
107
72
57
83
66
40
33
-20
-50
-8
-10
-30
-73
-127
-139
-144
-116
-110
-147
-189
-203
-219
-209
-172
-185
-211
-194
-158
-139
-122
-137
-132
-104
-92
-38
19
7
13
20
42
100
161
204
222
218
196
220
243
301
345
324
284
265
280
274
261
263
253
234
205
178
182
172
152
112
72
33
30
46
45
51
14
-13
-28
-33
-17
-27
-13
-11
-30
-50
-59
-41
-16
2
-26
-49
-85
-99
-57
-21
-23
-69
-127
-161
-159
-138
-136
-125
-161
-221
-215
-210
-165
-143
-159
-177
-200
-215
-187
-140
-118
-105
-124
-147
-143
-108
-74
-59
-63
-57
-81
-73
-68
-40
-23
-25
-24
-28
-20
-6
3
15
36
35
4
21
75
117
142
145
127
115
149
174
200
218
199
182
145
167
184
186
176
132
135
119
108
113
110
84
57
54
58
42
33
12
-10
-10
-20
0
-11
-13
-6
-2
-17
-26
-35
-24
-12
-21
-4
-7
-4
-8
-29
-48
-50
-56
-58
-46
-32
-23
-69
-85
-93
-91
-72
-73
-40
-48
-60
-87
-83
-66
-16
8
22
-9
-39
-25
-29
3
30
24
16
-13
-41
-41
-11
-3
-17
-5
-21
-38
-36
-36
-44
-66
-88
-99
-70
-41
-37
-43
-54
-80
-84
-65
-39
-42
-43
-37
-57
-46
-29
-20
-15
14
47
49
42
53
48
67
92
101
130
129
117
109
132
145
123
116
93
78
68
56
40
47
43
38
33
30
29
14
3
-7
-1
12
-22
-30
-14
-29
-21
-32
-47
-33
-25
-28
-29
-13
-8
-20
-13
-4
-4
29
-1
3
-10
-28
-2
17
7
2
8
-13
-2
-1
-14
-10
-18
-54
-67
-38
-11
2
-8
-13
-5
-25
-10
1
6
0
-21
-29
-22
0
-24
-21
-19
-29
-46
-56
-38
-34
-57
-53
-28
-36
-17
-4
-6
3
3
43
42
45
48
72
77
72
71
57
47
30
32
27
13
-7
-27
-46
-21
-5
-3
-3
-10
-14
-12
-2
19
21
16
3
5
19
33
46
40
35
23
10
20
33
25
3
-23
-45
-51
-57
-53
-56
-66
-64
-76
-73
-52
-53
-44
-38
-39
-17
4
-5
-4
14
-3
24
28
50
46
25
12
24
45
57
50
52
34
15
18
16
16
7
2
-11
-5
-3
-14
-17
-20
-36
-28
-23
-5
-21
-18
-45
-46
-54
-64
-40
-59
-51
-78
-67
-52
-49
-40
-44
-31
-60
-68
-42
-21
-10
-9
-3
-8
25
45
67
73
75
66
73
76
96
122
116
127
130
127
134
134
123
124
124
115
99
72
53
54
45
32
6
-9
-51
-43
-29
-33
-51
-67
-66
-64
-52
-46
-63
-90
-100
-105
-81
-48
-36
-43
-46
-63
-86
-72
-30
-28
-24
-38
-38
-36
-24
-11
-8
-16
-9
2
-14
16
23
30
38
57
57
75
74
76
79
68
49
17
30
23
36
-4
-27
-47
-82
-58
-69
-70
-101
-118
-115
-127
-122
-114
-100
-89
-100
-88
-70
-62
-46
-37
12
1
26
60
70
91
77
78
78
83
85
107
103
124
130
128
111
95
75
60
59
50
42
44
32
-3
11
-2
-10
-11
-9
-32
-46
-38
-35
-37
-30
-40
-23
-19
-22
-24
-24
-29
-21
-30
-40
-39
-44
-53
-60
-39
-20
-39
-55
-58
-62
-53
-39
-27
-29
-18
-12
-18
12
41
33
22
12
3
20
49
54
17
-7
-21
-7
18
38
24
17
-7
-22
-7
-8
-8
0
11
-13
-19
-11
-2
25
35
37
12
5
6
8
33
39
48
33
13
6
26
50
47
46
33
24
45
71
80
92
88
68
70
74
99
90
92
67
52
61
61
70
55
19
1
-31
-44
-53
-67
-41
-73
-78
-97
-109
-114
-123
-123
-136
-126
-129
-131
-117
-125
-107
-103
-108
-98
-105
-109
-79
-62
-53
-38
-39
-12
6
10
16
28
21
22
41
38
59
47
41
67
61
52
51
64
53
28
35
27
54
58
27
18
29
-1
5
25
19
37
15
9
6
21
22
19
14
19
27
12
10
29
25
3
7
-8
11
12
13
1
-19
-24
-26
-19
-19
-20
-25
-19
-10
19
12
10
15
7
-6
0
9
18
44
40
23
18
29
1
-8
13
7
13
-1
-22
-33
-42
-40
-8
7
-20
-1
-1
-16
5
21
27
20
28
36
33
30
31
48
36
10
32
36
33
17
9
13
5
-4
0
-9
-14
-35
-42
-53
-69
-52
-58
-42
-51
-60
-68
-65
-53
-45
-42
-53
-49
-27
-30
-25
-17
-14
19
12
12
27
24
24
32
35
45
56
41
37
27
50
31
56
58
35
45
36
37
52
39
25
38
41
41
35
21
14
7
-10
-20
-28
-30
-56
-56
-62
-55
-69
-99
-106
-107
-109
-101
-96
-106
-102
-101
-94
-78
-61
-55
-33
-12
-10
-18
3
17
26
58
49
64
57
64
59
52
68
71
60
58
67
68
63
40
58
41
39
31
39
50
29
24
21
25
22
37
40
36
20
12
9
15
2
-5
-10
-40
-41
-48
-43
-36
-60
-57
-56
-68
-56
-33
-42
-40
-49
-52
-38
-27
-18
7
15
24
33
31
61
66
69
71
79
88
81
75
92
96
73
74
53
45
41
37
19
-12
-20
-22
-17
-16
-20
-46
-38
-54
-70
-63
-62
-52
-48
-49
-41
-44
-37
-44
-38
-25
-36
-34
-23
-23
-23
-7
-5
9
6
3
2
-3
8
9
19
23
25
25
15
14
13
9
14
22
20
20
7
-4
-16
-10
-9
-12
-18
-39
-29
-30
-26
-21
-29
-31
-59
-49
-21
-41
-50
-51
-45
-53
-58
-28
-39
-36
-31
-33
-21
-1
-2
-14
-1
12
7
6
27
33
29
29
12
7
9
-1
1
12
38
38
50
37
45
70
72
72
65
55
52
75
71
73
61
45
38
32
22
21
32
23
3
-6
-12
-8
-21
-20
-32
-30
-38
-43
-26
-24
-3
5
6
17
28
26
-2
2
11
8
24
9
-11
16
2
-14
-4
-1
6
15
6
-13
-29
-20
-12
-22
-6
-22
-12
-25
-17
-30
-36
-24
-13
-16
-43
-29
-39
-22
-16
-7
-30
-25
-21
-23
-7
-20
-9
-18
-8
13
1
-1
-4
5
-21
-18
11
6
11
-14
-32
-21
6
7
-8
2
4
4
16
22
4
10
15
20
34
23
31
23
12
18
20
16
20
7
10
13
-6
18
23
23
17
29
29
23
37
31
49
57
57
47
23
8
21
18
17
19
-13
-37
-49
-58
-57
-55
-50
-51
-78
-95
-94
-87
-75
-94
-88
-82
-69
-50
-54
-48
-36
-38
-28
-15
-43
-19
18
31
30
27
31
51
58
52
58
61
58
67
60
56
68
57
60
39
40
61
58
56
26
38
28
35
49
42
21
0
7
5
16
-12
-23
-18
-19
-31
-35
-43
-26
-27
-36
-38
-33
-36
-27
-17
-23
-4
-6
-13
-20
-10
7
14
-3
6
16
8
23
44
37
30
42
39
44
73
62
57
51
31
36
37
13
34
21
8
4
-4
-2
-10
-1
-23
-35
-44
-53
-41
-60
-59
-48
-44
-49
-64
-71
-62
-73
-78
-97
-88
-71
-70
-70
-67
-73
-76
-68
-52
-27
-45
-30
-19
-12
-14
14
31
29
24
30
23
17
30
40
31
25
47
29
32
48
54
43
37
32
41
50
32
61
68
43
37
32
45
37
30
29
20
31
21
0
7
11
6
-6
-13
-7
-4
-5
-4
2
-1
-4
-8
-7
6
1
1
-8
-12
-27
-25
-9
-10
2
-2
6
-10
-14
10
-4
-2
5
14
12
14
21
10
14
5
-4
8
6
2
1
18
17
12
4
-15
-14
-29
-47
-31
-16
-25
-1
-5
-16
-3
7
2
5
15
18
16
17
32
21
15
1
19
17
8
11
7
2
-3
-10
10
9
5
9
2
19
17
27
-17
-5
11
-4
-5
-11
1
-8
-18
-30
-18
-32
-46
-30
-26
-14
-22
-26
-9
-21
-22
-25
-1
-20
-26
-16
-16
-10
-8
-20
-54
-45
-37
-33
-31
-29
-34
-18
-32
-23
-18
-24
-12
-12
-3
3
12
8
8
33
31
25
35
40
10
4
9
21
6
25
29
16
25
26
47
40
44
37
39
37
26
23
28
36
25
41
38
13
10
16
12
18
-7
-15
-10
-30
-40
-45
-29
-38
-6
-29
-38
-16
-22
-13
-10
-13
-10
-21
-29
-21
-22
9
20
9
12
17
3
3
20
12
26
24
15
24
14
-5
7
12
6
3
14
-8
-7
0
13
26
-4
0
3
7
3
-21
-8
-14
8
20
14
26
5
10
9
2
16
28
16
16
31
31
27
15
33
16
4
22
0
-1
5
7
4
14
-7
-20
-6
-17
-10
-20
-32
-44
-25
-6
-3
-9
0
-10
-31
-31
-23
-27
-27
-31
-45
-33
-39
-34
-41
-33
-24
-26
-43
-39
-38
-51
-38
-34
-35
-50
-52
-43
-46
-44
-30
-12
-23
-36
6
9
-2
23
20
2
5
31
42
26
28
33
35
40
57
72
72
54
44
53
55
50
32
22
26
13
17
15
34
41
39
25
4
24
19
10
5
6
-2
-22
-16
-21
-26
-9
0
-21
-16
-2
-10
3
-8
-9
-17
-14
-2
-5
-11
4
1
-3
-1
-15
-11
4
-3
-16
-5
-22
-8
-1
-8
12
-1
-2
13
8
13
8
7
21
28
39
36
30
33
33
17
5
6
13
9
17
2
-16
-21
-22
-20
-31
-11
-13
-11
-12
-20
-25
-23
-31
-18
-25
-30
-16
-13
-32
-18
-6
-1
-21
-16
-1
-1
2
-9
-5
-2
16
11
13
22
7
0
16
19
30
23
16
19
10
16
17
33
17
15
-1
-9
14
5
20
-8
-6
-4
-3
-25
-27
-43
-39
-22
-19
33
45
63
51
18
-16
-30
-52
-76
-70
-50
-33
9
22
34
21
7
-1
-21
-44
-60
-65
-61
-38
-13
14
24
39
16
14
3
-18
-35
-68
-70
-51
-38
0
4
4
3
34
-74
-345
-537
-607
-526
-319
52
457
774
922
957
810
547
171
-167
-416
-532
-487
-323
-64
197
397
502
473
326
103
-157
-329
-435
-445
-362
-209
-35
121
225
246
204
116
8
-77
-141
-189
-182
-146
-85
4
68
114
148
133
80
17
-20
-71
-94
-85
-69
-43
-26
-7
4
23
32
23
2
-24
-45
-44
-169
-488
-818
-1075
-1156
-1024
-680
-145
465
993
1413
1611
1523
1202
716
204
-208
-467
-528
-368
-83
276
572
737
725
520
186
-196
-543
-790
-874
-797
-614
-368
-92
142
276
303
225
57
-131
-286
-448
-553
-530
-430
-306
-135
56
231
338
392
412
382
314
196
78
-18
-77
-94
-86
-57
-38
-20
-11
-3
-19
-55
-99
-140
-191
-193
-174
-184
-155
-114
-83
-22
21
33
41
20
50
50
26
2
3
44
37
89
137
139
132
117
101
62
34
31
20
12
48
43
77
100
109
64
26
-6
-48
-60
-82
22
77
135
146
204
162
44
27
-46
-69
-122
-116
-72
-15
46
72
129
112
86
14
-41
-89
-114
-174
-265
-242
-278
-207
-139
-45
117
176
226
236
263
167
119
97
35
-51
-48
26
13
84
193
272
274
283
197
50
-54
-213
-351
-307
-243
-167
-60
27
179
188
135
70
-14
-110
-265
-314
-311
-266
-157
-7
221
202
336
216
-2
-156
-173
-311
-319
-217
-183
12
115
192
107
162
-47
-112
-114
-167
-192
-227
-65
-154
-117
76
77
50
107
61
32
-63
-54
44
-3
-30
-51
119
-3
40
115
34
-42
130
76
-111
36
-69
-151
-73
58
82
80
121
77
-20
-7
-108
-121
-72
-34
-5
87
126
92
159
101
31
-11
31
-38
-66
144
48
62
165
40
2
100
-65
-1
-21
-86
-33
-45
3
14
-6
52
75
68
62
88
97
-37
60
70
-111
-69
7
-56
16
-34
242
106
-136
65
20
-197
-171
2
-10
-39
60
134
57
67
56
97
37
-63
-56
-175
-173
-98
-90
166
163
109
160
9
-66
-125
-180
-147
-66
-47
-8
39
31
-61
-102
126
-42
-45
66
-43
23
236
120
-80
78
27
-88
-173
-59
85
-158
31
143
98
64
36
37
-87
-148
-98
-102
-78
-2
99
171
110
71
-88
-168
-152
-213
-133
-5
42
14
91
255
-37
50
28
-23
-96
-30
-64
-89
43
-11
21
60
55
-21
-36
-27
-73
-50
22
-41
-77
145
-127
68
187
7
112
87
-37
-30
-18
15
-100
115
175
91
145
-21
65
-136
-143
89
62
-119
188
115
-115
-49
3
-37
-128
38
43
16
-44
35
49
-175
-47
10
-73
-135
77
-68
-130
-5
39
42
-53
38
-77
-87
-138
-59
55
159
-17
-151
77
-12
-141
21
259
90
20
136
35
-45
-198
-85
74
-54
98
183
147
37
3
45
-82
-261
-105
-48
-75
62
42
87
2
-88
21
-65
-31
58
-34
48
-68
-10
157
-41
-52
145
-101
-69
204
148
69
188
180
69
-92
-40
20
-11
96
220
125
82
82
-35
-54
-46
-47
-35
36
28
19
176
108
-70
-124
-34
-91
-169
96
-3
-172
50
46
-167
-67
58
-53
-98
50
-78
-169
-170
-127
2
-101
-80
84
79
-148
-142
-61
-201
-262
-142
107
-4
-59
63
58
-78
-91
53
-234
-37
-89
18
71
140
104
51
56
10
73
115
81
13
142
99
129
16
170
79
-2
3
87
124
5
-57
79
-1
-35
-16
40
25
-11
13
117
-35
-13
10
-8
-53
-37
46
-47
-49
49
51
-124
-90
-50
12
62
-14
205
-43
-96
-53
-141
-88
34
107
-12
36
54
43
-21
57
24
45
-26
102
43
-126
166
51
-92
14
134
28
-58
149
38
-53
59
-44
-121
-61
-114
115
91
-24
60
-12
-68
-65
-59
-83
1
81
-62
31
116
-34
6
-110
-198
-91
-126
72
-26
92
167
140
1
-43
-105
-86
-77
-62
-34
92
95
16
0
-29
-82
-176
-95
-97
72
-4
135
-3
31
39
-121
39
-53
-3
-120
103
-23
-8
5
-38
36
-222
-27
64
-21
-85
80
39
-59
70
33
33
-29
-66
15
-55
-25
-49
-12
-60
24
56
86
56
-12
16
-39
-100
19
-26
-121
51
0
27
5
184
10
-66
66
35
54
80
-6
67
9
-107
-78
54
-110
53
175
78
106
133
87
13
59
-40
59
-37
-18
63
84
270
-5
46
141
-32
-110
-68
157
-34
-62
101
96
-127
23
122
-168
-34
43
-27
14
48
-35
83
-110
-48
-2
35
-49
30
3
-48
-145
88
134
-170
-6
73
-81
-138
-53
71
-28
-148
126
-5
-93
6
45
-258
-27
61
-102
-143
49
88
-36
-66
45
24
-176
-198
90
-9
-174
87
67
55
11
167
-25
-45
-45
38
-21
-5
68
83
-85
-10
135
-37
-136
129
54
-163
-1
163
-69
-83
154
-23
-12
-48
104
-36
-16
38
70
-22
-45
134
3
-107
37
51
-127
-102
-16
-30
-121
35
52
-82
28
-2
32
-72
-84
-10
68
-132
-36
122
-72
-81
112
72
-67
79
106
-138
28
83
12
50
-33
137
-8
10
-55
97
-84
-60
72
-33
-33
27
19
-32
-60
10
116
66
41
14
65
-48
-10
10
-37
-11
0
34
11
2
-11
-85
-48
-47
-39
-40
76
82
10
61
34
-94
-21
-6
-60
29
36
150
27
87
126
60
-36
92
75
-220
-41
47
-69
9
69
78
0
-46
45
-17
-52
31
-79
26
0
78
1
67
42
-63
-53
-76
-68
-2
67
-47
-46
-14
66
-131
39
-13
-95
92
48
21
4
39
-4
-83
64
69
-105
20
24
-80
-54
47
-8
-103
55
30
-106
25
28
-86
-52
51
2
-185
60
-75
-24
-47
39
72
-33
49
65
-70
-78
51
-25
-167
51
-1
-60
42
-113
63
-51
36
-149
171
-33
-75
118
-34
26
-128
161
-78
65
56
42
-3
-73
93
127
41
-23
216
-20
-27
74
84
-74
99
173
-3
8
106
-52
53
15
23
148
-63
62
-5
69
-47
45
14
-144
-40
-94
-82
-55
-49
-25
-53
11
-136
-30
-57
-26
-40
-69
78
-119
-45
-49
-3
-19
24
14
5
9
-34
32
87
-74
-5
95
-38
-63
12
130
-52
-67
59
77
-89
82
117
-69
-68
-23
75
-30
-29
86
16
-38
69
11
103
-13
22
99
26
-56
19
99
-21
70
92
-1
26
56
-68
105
-29
-95
41
-83
-64
-44
-108
-32
-46
-51
-67
-44
-54
-117
26
-56
19
-14
53
18
-91
28
10
-68
-39
72
-51
37
-37
56
-69
-2
-7
-97
13
-134
127
-3
111
10
70
-9
43
-25
-117
77
-23
78
-27
43
18
-59
32
-13
34
15
-56
-16
38
32
37
-8
14
22
-32
-36
28
49
-45
1
27
-53
68
12
-66
15
-30
44
32
15
167
-36
-11
85
14
21
-69
46
-40
32
93
52
17
37
28
-28
31
22
-50
-4
58
36
-5
-31
94
-79
-36
2
3
-77
-22
-61
-27
-85
21
-78
-50
5
-62
8
-71
41
-16
-49
-35
-48
-9
-10
20
-23
42
-56
3
-22
-33
-11
-66
112
-18
92
121
-80
46
98
-61
-23
121
46
-87
144
48
-11
10
132
18
-39
35
55
-61
53
101
-16
-92
13
84
-127
-8
101
-114
-80
115
-60
-69
25
75
-80
-34
48
-49
-9
56
-21
21
57
-44
45
24
-47
-92
42
11
-142
-22
4
-55
-77
83
-22
-104
60
-110
-83
-87
-60
-46
-14
-2
29
-86
34
-78
-38
-3
-24
-49
26
61
-48
3
35
61
-72
40
91
-88
-16
3
105
-74
-18
148
-144
72
44
-62
-18
128
-12
-76
117
36
-30
32
90
59
-78
150
60
-86
19
104
-89
45
34
91
-42
52
50
-21
74
27
-25
-56
93
-73
20
-17
78
-7
-15
33
122
-12
12
59
-31
-73
30
84
-32
5
61
7
-95
-2
-18
57
-41
39
10
30
-77
-102
38
-16
-104
-12
1
-6
4
19
23
50
39
-45
24
30
-35
-30
-11
27
-88
-88
91
-48
6
-27
107
0
-52
60
11
-140
6
26
-157
-37
-5
-38
-14
53
31
-123
-8
58
-81
-129
66
-10
-141
-33
1
7
-54
19
74
-68
-7
39
61
-129
-7
137
-71
-92
88
31
-142
73
137
-78
1
94
-29
-109
11
73
-64
64
113
41
-53
36
100
-49
-29
116
44
-14
-2
68
2
-80
39
73
-59
33
106
-20
20
8
17
-109
-30
38
-47
-48
57
21
-17
-34
61
-13
-120
19
67
2
-40
120
84
-78
35
115
-35
-80
110
50
-139
126
137
-85
-11
166
-10
-138
78
87
-71
-11
79
-15
-40
16
24
-85
-3
60
-52
10
35
-25
-12
-31
1
-68
-2
29
-39
-49
20
-40
-70
-16
-29
-73
-57
4
-65
-17
8
-74
-17
-3
-45
42
-54
-49
-12
-29
-17
-55
24
-2
-45
32
46
-26
-8
48
47
-28
-59
65
11
-110
47
111
-104
-27
87
-25
-48
3
115
-7
-13
109
29
4
-25
55
47
7
17
95
38
-58
-4
55
-36
-108
56
32
-30
36
-28
23
20
-60
-6
14
-69
-53
-1
26
-82
-30
89
-18
-84
54
75
-78
-24
49
-35
-59
45
-29
-7
8
24
22
-7
49
-38
7
65
-51
6
96
-40
39
94
-16
8
70
-15
-78
74
7
-46
72
61
-2
54
67
-16
-47
31
27
-59
13
7
22
-28
11
50
-59
1
-3
-43
-13
-18
8
-35
-5
-21
-10
-18
-42
34
-19
-31
-13
-6
-12
-23
-41
10
8
-46
19
19
-44
39
7
0
41
0
55
27
39
-36
35
37
8
16
-16
56
47
-49
19
73
-33
-30
-11
60
-58
-24
15
-6
-10
-50
83
2
-29
-44
10
-13
-79
-13
52
-12
-84
1
2
-105
-79
9
-38
-74
-50
56
-51
-51
51
-32
-15
-54
39
-53
-56
60
-10
2
7
69
-50
-29
55
-49
0
39
10
29
39
52
-12
23
51
16
-12
44
110
-49
8
104
-38
-2
91
48
-51
38
80
-83
-42
76
18
-67
19
109
-125
-41
84
-57
-31
51
76
-133
12
70
-110
11
82
0
-76
27
27
-120
-2
47
-81
-47
57
-30
-76
54
50
-99
38
46
-19
0
46
31
-104
22
63
-82
-13
98
-16
-52
65
55
-57
15
88
-39
-36
52
11
-67
-29
82
-37
-5
72
62
-62
10
64
-25
-23
29
63
-56
1
37
-71
-41
47
-74
-78
-14
-55
-74
-23
-40
0
-13
20
68
50
-35
40
67
-49
39
71
7
-21
49
15
-10
59
32
16
30
8
-26
7
12
-37
-38
25
11
6
5
19
47
-7
34
64
-8
-21
-3
-22
-22
-24
-19
-7
-71
-27
-38
-46
-28
-16
-29
-19
-63
-54
-31
-5
-7
-4
-10
-22
-3
-46
-2
1
0
-31
-17
15
21
-19
-8
18
-18
-6
27
-10
-44
10
-20
-33
1
45
9
18
34
48
-3
1
55
2
3
72
12
-5
24
2
-13
18
66
4
-27
31
45
-17
4
17
7
-7
31
16
1
13
47
-28
-12
47
-20
-41
32
32
-39
-17
58
-17
-33
72
27
-12
13
51
4
-40
35
-2
-43
32
31
-23
-11
44
-24
-80
-10
1
-58
-21
40
6
-54
12
50
-7
12
59
35
-11
2
27
-11
-14
39
42
-5
-11
48
14
-16
4
36
-31
-54
21
-35
-79
-32
18
-53
-58
14
40
-24
-35
14
7
-37
-46
7
-26
-20
14
37
-8
-50
16
-8
-62
-21
-20
-22
-58
-34
-6
-42
-58
-34
14
-20
8
53
8
-10
0
7
10
40
58
46
35
40
47
27
56
65
52
42
26
-3
-30
-7
-4
17
13
-47
-13
-7
-29
-19
-28
-16
-17
-23
-9
-19
-35
-11
-17
-35
-40
-6
-18
-39
1
1
-72
-69
-32
-56
-42
19
36
-10
-24
-20
-13
-18
-19
1
7
53
56
29
55
74
40
37
91
72
67
78
55
33
14
13
8
4
40
73
64
58
38
-5
-49
-40
-17
-31
16
29
-2
-22
-25
-50
-60
-54
-37
-11
8
21
-2
-6
-9
-12
-48
-10
8
9
-6
13
0
-57
-27
-1
13
30
57
47
9
-18
-36
-60
-41
15
17
20
34
1
-18
-43
-45
-42
-26
14
36
50
36
6
-6
-19
-28
-43
-41
-1
32
40
44
20
-4
-18
-28
-19
-10
-10
7
10
17
18
-6
-19
-31
-32
-30
-9
5
20
25
14
3
-7
-6
-11
-7
-1
-17
-9
8
28
15
-17
-16
-24
-21
2
-1
4
-2
5
-11
-14
-11
-23
-32
-35
-17
-20
-16
-6
1
-18
-13
16
6
2
1
-1
12
18
14
9
3
10
14
18
17
8
11
19
21
9
30
23
34
43
31
29
5
1
18
18
16
10
10
9
-17
-12
-13
-12
-5
4
-3
4
4
12
-5
-8
-5
9
11
-14
-6
-6
-5
-9
-6
-11
-7
-2
-12
-23
-8
-11
-15
3
3
3
-7
2
-7
-4
8
9
1
11
18
14
20
6
15
3
5
10
24
12
10
20
19
17
7
14
16
6
-7
4
-3
-27
-15
-4
-11
-4
-21
-18
-22
-10
-15
-19
-21
-25
-15
-18
-27
-29
-33
-19
-14
-4
-10
-4
-12
-8
-7
-36
-11
-23
-16
-1
5
-10
-13
-14
-19
-10
-25
-13
-4
1
0
-4
12
7
35
46
14
30
15
9
12
13
4
-6
9
-11
-2
2
3
-3
5
6
10
4
4
8
-6
10
22
14
15
25
25
17
22
38
20
17
12
22
22
4
4
0
-5
-16
-19
-39
-28
-14
-25
-36
-25
-44
-34
-4
-22
-13
-5
-1
-9
-1
1
-8
6
16
6
21
15
15
7
11
30
13
13
6
14
21
16
11
31
45
30
32
45
28
35
23
18
29
23
20
14
25
6
19
5
14
21
12
12
-3
-8
-10
-7
-17
-17
-20
-17
-14
-15
-23
-33
-30
-42
-23
-38
-11
-15
-32
-11
-27
-31
-40
-45
-26
-21
-21
-21
-17
-13
-9
-4
-4
10
-4
-19
-20
2
-4
-3
13
14
1
8
17
5
11
-3
-6
22
15
-11
12
6
-15
3
-5
-15
-13
-6
-18
2
-13
-37
-28
-26
-35
-31
-27
-27
-36
-23
-20
-35
-27
-14
-24
-22
5
20
21
2
10
11
12
27
21
18
20
23
41
30
44
31
24
14
10
17
12
22
24
31
22
24
20
15
18
16
18
11
31
32
32
18
8
22
8
5
19
11
-3
2
5
9
6
10
17
-9
0
-3
-2
-6
-2
-11
-12
11
3
5
10
-3
-11
-5
-2
-5
-23
-2
-16
-20
-3
-5
-7
-9
-23
-14
-9
-8
-15
-2
-2
-25
-13
-9
-1
0
-1
4
10
22
20
9
17
16
22
11
16
22
10
2
13
27
13
8
-5
-3
-6
-7
-4
-11
3
3
-8
-10
-24
-27
-13
-26
-44
-43
-53
-58
-42
-39
-44
-11
-17
-16
-7
-25
-13
0
6
2
7
-2
-5
2
-4
-1
-12
-11
-1
-7
3
-10
-6
-5
-3
-13
-4
20
20
-8
-15
-8
-12
-6
11
13
17
24
20
7
-8
4
5
11
13
30
17
10
12
5
-6
-2
4
-5
11
4
3
10
30
13
-3
-6
8
14
11
5
-6
-10
0
-4
-10
-8
0
-22
-8
18
1
20
7
10
29
28
22
21
22
10
30
16
3
32
15
10
17
9
-1
14
21
-14
-10
-7
-9
-13
6
-1
-5
14
-5
-1
0
-2
-12
-5
-10
-3
14
10
-10
-17
-10
-16
-12
10
-8
-7
25
7
5
9
4
1
4
-1
-10
-11
5
10
9
1
4
4
8
0
-2
0
-3
8
-9
4
14
3
12
6
-14
1
-1
-9
4
0
-19
8
6
3
2
-14
-25
-23
-22
-40
-30
-29
-14
-9
-29
-23
-16
-25
-26
-12
-4
-5
-14
1
-10
-8
16
1
3
-6
15
-3
-33
-1
-3
-5
-5
-9
-6
-22
-19
-13
-28
-24
-15
-10
-18
-17
-9
-1
-7
-23
6
-5
1
12
-4
1
18
17
0
21
14
1
14
11
-2
19
17
19
21
23
29
22
42
51
29
29
34
23
18
19
20
31
24
16
14
-2
4
5
6
-11
-23
-8
2
-1
8
8
-1
6
-14
3
4
-12
-21
-23
-13
-7
-8
-13
-1
-4
-7
3
11
4
4
-2
14
-10
1
6
0
18
7
15
17
26
18
14
19
14
0
-6
9
8
-4
7
2
-20
-34
-22
-23
-21
-17
-1
-4
2
0
3
8
5
13
-6
-19
-13
-30
-27
-19
-1
-6
-17
-10
-9
-12
3
11
7
8
-13
-12
-7
-6
5
3
-1
2
-9
-17
-19
-3
3
1
14
0
2
-13
-28
-27
-31
-21
-7
-17
-6
-12
-8
6
1
8
-9
-3
6
-1
-14
-5
-2
-21
-15
-10
-18
-12
-13
-1
-14
-21
4
2
-4
1
-17
4
17
26
17
27
35
24
16
31
43
31
28
11
9
7
9
-5
14
2
-31
-11
19
8
10
5
6
8
-4
3
0
30
21
21
17
6
8
7
13
20
26
1
26
29
12
19
7
16
19
15
1
9
5
-9
13
-13
2
4
-5
-1
0
10
0
-6
-7
2
6
1
5
2
-1
4
2
4
0
-8
3
-8
-20
-15
-8
-19
-36
-11
-17
-16
-31
-39
-38
-39
-20
-28
-13
-8
-1
-8
-35
-26
-25
-28
-9
-8
8
2
-11
5
-1
5
6
-7
2
7
-21
-19
-6
-20
-16
-7
-8
7
8
-3
-1
8
5
-4
-2
7
-3
7
15
11
9
1
16
8
3
13
16
12
7
-5
0
-2
-5
9
8
-6
-5
11
4
2
-1
11
2
1
-2
-13
-5
-12
-15
-2
-5
-5
3
9
6
15
10
13
15
30
11
9
-2
-3
9
18
8
-11
-7
17
21
7
13
-2
10
5
5
7
12
3
6
-2
-19
6
-10
-14
-1
0
4
6
14
-2
5
18
4
0
12
5
8
10
-9
-8
5
8
1
14
10
11
17
1
11
-1
-9
-7
-12
4
2
4
12
18
9
26
2
8
14
13
20
7
19
2
-13
-9
6
9
7
-12
-9
-6
-26
-19
0
-5
-8
-16
-16
-11
-31
-27
-24
-30
-31
-18
-17
-33
-34
-20
-17
-32
-19
-22
-19
-30
-31
-24
-18
-16
-24
-18
-4
-5
-6
-12
-11
-6
-7
15
12
-4
7
11
-5
0
-2
6
3
-4
2
-17
-15
-3
9
38
30
18
18
24
18
13
21
18
14
0
18
6
9
6
-10
-5
-11
-10
8
6
-2
16
-1
7
30
13
24
32
19
34
31
3
-1
2
17
14
17
17
18
28
19
0
0
7
-12
-18
-29
-9
5
4
12
4
12
25
19
16
12
-20
-5
-10
-4
4
-12
-14
6
17
-4
-21
-2
25
31
28
22
5
10
8
9
4
-6
6
-3
-6
-12
-12
7
3
-2
-3
-15
-5
3
-4
0
13
-5
-7
-17
-12
-6
-11
-10
-6
-20
-28
-15
-15
-17
-29
-22
-26
-23
-20
-20
-30
-19
-8
0
8
14
13
13
8
-9
-9
-18
-15
-11
-21
-22
-18
-13
-16
8
20
9
-15
-7
-8
-22
-8
8
5
-4
-2
0
5
-14
-7
-15
-9
6
10
-2
-14
-15
-19
3
-5
2
-5
-10
-13
3
-5
-8
-1
-17
7
3
10
11
9
31
39
13
20
24
25
19
19
14
7
30
39
36
32
16
24
14
10
9
-11
-5
-1
1
-14
-2
15
-3
-6
25
0
4
21
-9
-11
-12
-14
-9
-20
-14
-12
13
-13
-11
23
-2
3
-5
13
-10
-5
-12
8
-1
-18
13
21
-2
25
24
-3
3
6
-4
-7
15
7
8
8
5
3
6
4
31
30
9
8
16
3
-10
-6
-10
-2
-22
-19
-3
-3
-14
-6
16
3
-1
11
0
-8
-21
-27
-4
-17
-17
-12
-10
-4
1
-7
-10
-13
-9
-5
-14
-9
-8
-10
-15
-18
-28
1
7
6
-5
8
-2
-12
3
-2
-3
-16
10
3
-7
-4
2
-8
-16
-21
-10
5
8
12
5
5
-6
-5
1
6
17
23
9
-16
-13
-18
-11
-3
-13
-3
-6
-5
-6
-21
-6
-9
-11
4
8
-9
-10
8
12
19
16
20
26
17
16
22
13
3
6
1
6
25
19
5
19
0
19
19
17
14
18
28
-8
6
-10
-12
-16
-22
-7
-22
-20
-16
-10
-10
-18
-16
-24
-11
-6
-16
-5
-5
-3
8
-10
-2
12
3
27
29
32
25
19
15
29
32
25
28
20
9
10
8
5
15
-5
-5
12
-2
4
14
11
3
12
27
11
-1
-5
-9
5
2
-23
-12
-1
-18
-18
-12
-16
-17
-20
-16
-22
-19
-19
-14
-22
-21
-17
-21
-16
-16
-29
-31
-26
-3
-2
-2
8
3
-5
0
17
6
0
-2
-6
-19
-5
-16
-16
-5
-9
-12
-3
-5
-8
-4
-12
5
-6
8
5
-4
5
13
12
20
14
