-8
-7
-3
-19
-10
-10
-24
-18
-8
-20
-21
-21
-22
-20
-21
-19
-14
-9
-4
-2
-6
-4
11
13
10
18
15
17
0
1
10
11
13
14
8
3
3
8
2
4
-3
7
1
-2
-3
-9
-9
-12
-8
-12
-8
-2
3
-3
-14
-12
-12
-15
-4
-10
-11
-3
-4
-2
-5
-12
0
9
8
12
7
10
9
5
4
6
3
6
6
11
10
19
16
8
11
4
8
6
5
10
7
8
7
-5
12
9
6
16
6
0
10
11
-5
-5
-5
-9
-6
0
2
1
5
1
5
4
2
6
-1
-5
-15
-12
-11
-14
-5
-4
2
5
2
-17
-20
-20
-22
-24
-16
-16
-16
1
8
3
5
13
9
6
11
6
2
10
11
23
18
12
1
-7
0
4
4
-2
-1
-1
-14
4
9
3
4
2
11
13
12
7
15
22
3
11
6
8
0
-11
-16
-21
-27
-25
-20
-27
-26
-18
-15
-10
-29
-32
-35
-34
-11
1
12
15
10
17
26
25
17
12
14
10
19
11
4
2
-4
3
4
-12
-22
-21
-24
-1
-1
-2
-3
-1
9
9
7
3
5
-6
-8
-2
-16
-12
-17
-7
18
29
26
17
20
6
8
5
4
7
2
-16
-7
0
-2
0
10
17
25
30
12
15
14
5
-11
-14
-11
-17
-13
-16
-31
-34
-34
-47
-47
-37
-23
-5
9
15
18
1
9
21
23
32
35
19
12
10
20
31
28
30
15
18
18
17
-2
-14
-15
-7
7
13
11
12
9
2
-5
-4
-10
-4
-1
-12
-11
-21
-7
0
-4
-16
-19
-26
-31
-32
-20
2
16
8
0
-8
-7
-1
-11
-20
-21
-13
-11
8
9
12
1
9
10
12
17
3
4
-1
-19
-8
-2
-2
2
-5
5
-9
-14
-6
7
32
23
15
7
14
21
19
19
3
-7
-31
-32
-40
-32
-14
-10
-10
-17
-16
-3
8
15
9
0
6
15
35
36
38
32
26
31
17
5
-3
-20
-40
-43
-43
-23
-7
-12
-7
9
11
5
-12
-25
-25
-33
-22
-11
2
-7
4
26
35
41
24
27
38
47
23
-2
-14
-18
-26
-12
-4
9
17
13
-1
-15
-6
-9
4
10
6
-14
-26
-16
-4
8
3
15
20
6
2
1
21
29
18
10
-14
-14
-21
-35
-33
-22
-16
-7
-8
0
24
26
32
27
15
-11
-11
-10
4
-5
-16
-14
-16
9
19
26
22
5
-21
-22
-22
-14
-2
11
17
-1
-10
-17
-31
-40
-22
-21
-8
5
17
25
25
31
30
17
7
10
-13
-17
-26
-15
12
18
26
18
-2
-9
-3
-10
-15
-16
-20
-12
-21
-13
-7
-1
2
-1
9
22
12
2
7
-9
-4
1
18
17
16
15
21
46
33
34
20
10
-6
-27
-44
-53
-54
-36
-23
-14
11
20
21
5
0
-9
4
10
23
19
14
10
8
9
10
-2
1
9
-1
-4
-13
-23
-44
-42
-32
-27
-25
-16
14
21
26
23
-9
-36
-22
7
31
40
25
11
5
10
10
28
14
-25
-20
-16
-2
9
-9
-27
-32
-30
-27
-3
32
57
52
22
10
22
15
3
-20
-38
-29
-3
30
43
33
-6
-12
8
-3
-19
-48
-54
-42
-35
-15
0
11
23
20
4
-19
-12
2
10
9
7
18
27
27
20
17
9
16
6
-8
-2
4
-1
11
37
29
21
9
-11
-30
-29
-14
-16
-25
-34
-30
-6
15
11
8
0
-7
3
-5
-13
-14
-7
18
46
46
38
19
13
27
28
22
-3
2
0
-16
-30
-19
-11
-5
8
7
22
15
4
4
-9
-33
-50
-32
-6
14
33
26
9
-6
-19
-17
-20
-19
-14
-22
-26
-7
1
-18
-39
-40
-29
-13
-2
0
-3
-10
-12
-10
-17
-21
-10
-5
5
7
16
2
-17
-18
-9
1
12
25
22
37
16
9
6
0
5
-8
9
15
-3
-19
-41
-30
-23
-6
13
-17
-29
-32
-8
21
33
20
-3
-15
-12
8
13
23
19
-1
-24
-18
-12
1
-2
-20
3
26
43
43
19
14
18
30
55
44
43
37
26
9
-1
6
10
11
-6
0
-1
7
16
10
20
-4
-35
-28
-15
2
7
5
8
3
-12
0
8
26
9
-26
-33
-26
-16
-17
-10
0
3
22
21
21
-9
-43
-34
3
31
27
19
1
8
8
-1
7
6
-15
-4
4
23
41
38
31
20
10
15
25
9
-6
-19
-23
-16
-33
-66
-76
-55
-29
-10
-1
-12
-13
15
47
45
3
-39
-53
-38
-16
-5
-15
-30
-32
-30
-12
11
0
16
34
49
61
58
24
19
23
-19
-55
-90
-92
-63
-10
22
22
34
54
60
41
28
30
26
28
-23
-70
-76
-70
-32
1
13
2
-5
-18
-9
16
13
-17
-26
-38
-39
-47
-47
-38
-33
-38
-16
33
71
100
98
108
98
24
-47
-81
-58
-20
-14
-26
5
30
18
-6
-22
-27
-21
15
34
17
8
0
-6
-18
-15
20
39
9
-23
-23
19
52
46
22
17
26
38
8
-31
-40
-10
22
34
-1
-31
-50
-40
35
54
54
20
-15
-9
14
31
-18
-53
-40
-27
15
45
34
18
-6
-5
28
64
44
-3
-21
0
23
7
-8
-18
-16
-9
25
18
1
-15
-36
-35
-37
-43
-34
-43
-40
-18
7
9
0
-18
-18
25
57
56
36
-3
-45
-58
-19
23
0
-37
-51
-17
5
6
15
32
46
44
25
-3
-15
-51
-69
-51
-35
-11
11
22
2
-3
28
47
82
67
26
16
-8
-16
-21
-37
-54
-73
-75
-39
-5
-2
-10
-15
-15
10
49
77
78
42
-13
-39
-21
-20
-48
-41
22
42
27
14
36
74
69
46
3
-21
-14
-9
-25
-37
-20
34
71
54
1
-45
-40
-17
-24
-51
-70
-65
3
78
77
24
-2
10
31
34
31
9
-5
-8
-2
-4
-19
-36
-44
-44
-22
-27
-15
25
69
79
37
16
2
-21
-64
-65
-5
12
-21
-27
-8
5
-22
-31
-16
13
49
38
-3
-6
12
19
11
-21
-50
-58
-21
9
17
-8
-33
-27
10
77
81
59
28
-5
-13
-34
-27
-11
-31
-43
-61
-31
-19
-6
3
2
-17
-29
18
54
56
3
-50
-35
20
41
0
-49
-62
-49
-22
-2
21
39
61
64
66
40
-2
-20
-9
16
13
2
17
50
51
3
-42
-23
23
3
-32
-12
66
79
44
30
21
18
-14
-17
-8
-21
-13
-10
-9
-12
-39
-41
-7
-8
-50
-68
-57
-12
7
-11
-11
24
63
61
21
-4
-19
-3
38
33
-7
-27
-17
1
47
48
13
-46
-25
30
25
-5
-27
-25
-11
2
0
13
69
73
12
-33
-76
-38
23
42
47
43
-16
-78
-56
16
25
-22
-74
-98
-79
-9
39
43
43
11
-15
-58
-44
-37
-11
14
4
-4
6
-1
-47
-81
-81
-20
32
23
45
110
134
121
68
18
-17
-47
-89
-114
-84
-24
25
66
102
69
5
-49
-15
31
10
-65
-132
-125
-65
-4
15
16
23
45
30
21
22
13
-12
-33
-31
44
116
126
72
25
-23
-72
-117
-114
-71
-28
58
67
43
10
1
36
70
58
-20
-23
29
65
20
-16
-12
-31
-69
-74
-30
10
54
89
75
46
18
8
-8
-76
-86
-56
-23
-4
7
31
72
72
63
11
-30
-55
-90
-89
-77
-53
-27
4
63
88
106
137
123
93
49
-15
-53
-43
-23
1
-43
-43
-38
-40
-19
10
24
7
0
9
10
2
-4
-54
-79
-88
-25
17
-6
-64
-50
6
2
29
40
14
-12
22
74
84
58
37
6
-32
-71
-87
-83
-102
-115
-70
24
46
-12
-34
24
87
96
71
23
-38
-38
-23
-21
-27
-23
26
108
132
92
78
67
45
-17
-84
-113
-96
-39
-25
-44
-45
-42
-16
2
42
57
32
8
12
56
94
44
-55
-73
-45
-25
-41
17
112
112
13
-74
-86
-55
-20
-29
-44
2
17
23
-4
-63
-82
-36
47
74
21
-39
-26
1
27
22
-12
-13
36
109
142
117
53
-58
-97
-93
-88
-39
17
56
76
98
79
54
30
-29
-40
-9
21
-29
-22
-10
3
13
-1
-2
-8
21
28
5
-7
-50
-69
-53
-72
-59
41
100
19
-73
-110
-46
39
48
-29
-75
-19
14
-17
-68
-47
-30
-44
-28
-7
-19
45
122
90
43
22
9
56
69
-15
-72
-65
29
90
5
-68
-67
18
50
43
75
58
13
-18
-32
-51
-28
14
15
-52
-61
-47
-71
-87
-64
-22
-7
-6
34
83
86
58
70
55
23
-9
-63
-67
-75
-35
-25
-32
-56
-65
-28
17
32
36
91
123
102
51
-12
-30
-35
-38
30
67
52
26
62
47
-38
-65
-84
-93
-78
-2
83
119
113
84
71
16
-38
-7
39
27
-28
-66
-80
-101
-123
-102
-8
135
179
115
56
54
58
-57
-176
-229
-172
-68
-8
41
86
127
135
124
101
42
-18
3
19
-29
-90
-122
-98
-32
87
61
8
-11
-55
-85
-109
-84
-56
62
95
62
26
19
18
17
7
-21
-48
-62
-61
-84
-70
-39
-8
27
69
116
148
95
37
-11
-34
-62
-70
-42
-70
-53
58
138
96
9
-51
-84
-106
-35
38
58
66
87
96
48
7
9
51
-27
-96
-67
-52
-75
-93
-26
53
57
15
-26
9
7
-92
-179
-140
-19
72
94
9
-58
-108
-64
26
-14
-36
40
137
158
150
67
-19
-19
25
64
-24
-135
-151
-104
-80
-111
-35
155
248
209
88
84
100
66
-21
-62
-55
-149
-172
-31
90
44
-33
-41
-36
-83
-89
-41
98
178
131
84
17
-5
-30
-142
-204
-213
-121
53
109
99
89
112
218
211
43
-141
-178
-87
-53
-12
179
325
251
28
-120
-86
-53
28
83
56
-10
-142
-159
-90
-87
-44
15
-3
-10
25
22
-20
-79
-61
-43
-54
3
26
-68
-184
-68
84
122
72
113
199
134
-73
-212
-111
12
-20
-109
-79
-28
-13
-30
4
50
28
-14
-69
-20
78
69
-23
-13
54
15
-47
-97
-78
30
107
145
106
-4
-141
-211
-221
-144
-43
-62
-83
5
162
233
177
18
-94
-133
-42
98
49
-49
-62
13
3
-62
25
143
166
165
159
137
16
-58
-73
-48
-31
-65
-93
-133
-116
-22
182
174
33
-1
-19
11
14
-13
6
92
180
160
81
16
57
149
43
-160
-179
-70
102
134
37
-46
-85
-91
-104
16
109
101
4
-128
-133
-92
-78
-74
-16
-25
-46
-115
-53
46
83
89
-5
-43
-43
-7
20
72
38
-29
-39
26
44
50
41
-82
-177
-206
-174
-90
-16
62
174
299
306
178
26
-67
-55
-12
-44
-102
-76
-39
-27
0
195
298
99
-71
-134
-46
23
33
50
10
19
27
-15
-15
94
58
-102
-108
-39
3
11
-71
-138
1
82
4
-75
9
57
93
61
-2
20
-34
-147
-140
-65
-79
-130
-142
-84
-138
-159
-19
180
283
183
-14
-154
-75
38
-10
-108
-112
-28
12
63
109
78
-47
-136
-101
-28
-14
-42
-19
-33
-118
-84
12
18
29
59
70
146
196
202
167
42
-51
-73
-27
-16
-21
-91
-181
-187
-132
9
105
84
54
90
70
26
68
76
-5
-72
-71
-54
-31
-31
-15
28
71
102
134
41
-113
-127
26
176
202
71
-85
-17
112
9
-77
-8
70
66
-67
-162
-124
-8
8
-22
19
97
91
60
109
123
27
-33
-9
-9
-32
-34
45
107
67
32
44
94
155
122
-43
-170
-112
4
38
-16
-82
-141
-136
-68
-12
118
247
317
245
138
-11
-139
-166
-138
-156
-216
-201
-154
-23
96
138
64
45
102
105
12
-118
-237
-342
-324
-188
-95
5
13
-39
-29
-12
19
-14
-66
-124
-95
17
64
97
126
197
230
205
176
100
38
-22
-112
-181
-240
-172
-26
94
87
7
-48
-65
-44
27
113
186
135
2
-131
-244
-239
-127
12
122
158
85
38
94
139
152
69
-78
-130
-89
-4
38
34
23
-3
-18
-20
-65
-79
-4
65
102
96
76
3
-99
-111
-17
77
77
-30
-71
-40
-13
35
37
57
45
80
132
143
117
113
102
9
-91
-98
-51
-42
-57
-108
-108
-108
-121
-115
-37
37
61
-12
-102
-104
-24
82
118
67
-44
-151
-134
-28
42
131
162
121
64
88
109
84
-1
-80
-85
-59
63
181
174
46
-20
-53
-56
-33
24
89
66
56
30
-56
-72
6
93
96
109
87
10
-128
-197
-189
-163
-162
-155
-118
-27
123
208
147
32
0
8
20
9
-62
-152
-212
-170
-60
-19
16
27
24
63
134
135
44
-116
-200
-140
-10
75
19
-44
-51
-100
-152
-167
-139
-92
-82
-25
101
210
243
228
166
105
45
0
-28
-35
-69
-130
-151
-168
-130
-44
-2
45
101
109
102
47
10
34
64
41
19
27
116
210
244
232
134
40
-82
-152
-214
-230
-163
-54
7
6
5
-70
-98
-101
-140
-197
-201
-131
-25
50
20
-28
-82
-44
86
267
357
256
109
-4
-37
-86
-168
-206
-184
-92
43
142
151
165
183
185
116
18
-80
-133
-101
-56
15
2
-32
25
137
244
253
156
26
-76
-88
17
91
81
50
-27
-44
0
27
43
11
-66
-99
-57
37
40
-5
24
95
170
197
139
-15
-93
-130
-185
-176
-117
-52
-28
-10
28
67
97
67
-9
-39
27
115
132
80
-15
-52
-106
-156
-178
-209
-104
2
54
8
-57
-93
-94
-39
-33
-49
-110
-151
-169
-116
-18
51
76
69
7
-101
-131
-74
11
53
57
70
26
23
93
154
117
-49
-191
-224
-147
-43
21
92
79
10
-100
-203
-221
-134
-6
89
171
197
192
132
56
-36
-114
-185
-200
-99
28
49
44
90
153
168
115
74
71
87
79
50
11
-51
-95
-124
-125
-61
18
108
150
173
228
274
295
221
58
-114
-152
-44
57
81
62
80
96
59
41
3
11
-19
-115
-216
-252
-132
34
104
78
32
-85
-169
-255
-271
-191
-97
20
58
12
23
67
130
133
90
70
21
3
5
3
63
145
142
106
56
-75
-141
-91
-22
24
27
7
-21
-53
-114
-120
-26
70
176
283
229
82
-9
-72
-109
-171
-201
-113
-2
61
117
143
89
-36
-222
-324
-290
-219
-149
-74
0
14
52
44
32
87
89
37
-52
-78
-58
-25
-14
11
33
36
15
-58
-103
-64
-10
6
-44
-68
-28
66
138
119
72
8
42
79
-18
-133
-119
-18
97
116
117
61
-25
-59
-76
-67
-84
-100
-77
-37
17
50
68
70
75
42
8
21
34
-11
-45
-6
10
21
11
-42
-17
91
143
110
47
19
25
21
42
80
154
203
155
42
-54
-93
-120
-111
-60
3
33
46
60
54
-27
-140
-227
-257
-201
-177
-148
-99
-17
91
164
145
70
-1
-38
32
84
104
68
-5
-75
-60
38
121
105
47
25
46
25
21
-7
-34
-18
-38
-21
21
43
29
-32
-103
-106
-93
-73
-100
-142
-152
-136
-67
-17
-4
20
77
129
156
85
-10
17
74
97
79
17
-54
-64
-23
36
70
78
116
102
68
15
-61
-94
-136
-130
-118
-78
6
52
30
-23
-54
-28
34
100
118
54
-1
-80
-58
35
120
156
129
96
63
78
89
92
25
-68
-105
-138
-136
-110
-61
8
42
30
-29
-66
-105
-76
14
95
142
160
189
183
102
31
-33
-40
-18
-29
-62
-88
-111
-145
-95
-58
-36
-19
18
63
120
140
99
11
-33
-62
-70
-62
-90
-108
-118
-100
-45
4
14
7
-16
-40
-43
-27
-34
-58
-116
-149
-143
-86
-8
84
139
142
147
172
138
60
2
-29
-29
-16
3
-3
24
25
9
21
59
37
-24
-34
-12
41
39
-30
-88
-77
-10
50
51
17
-55
-129
-120
-72
-10
8
-23
-39
-14
18
14
1
-11
16
67
97
131
124
104
99
41
-45
-89
-122
-150
-111
-67
-56
-76
-65
-26
53
134
179
145
104
83
86
63
20
-15
-32
-35
-92
-106
-128
-136
-84
-29
52
92
87
101
107
116
110
66
-7
-60
-105
-137
-119
-56
6
29
38
41
96
120
101
95
77
80
80
66
45
17
-17
-43
-64
-91
-120
-129
-116
-93
-72
-37
-32
-39
-55
-74
-58
-51
-29
6
12
7
-32
-62
-75
-72
-75
-50
-13
0
-19
-1
14
41
47
33
30
24
17
-8
-20
-37
-33
-23
0
14
23
10
-12
-5
0
5
-6
-36
-39
-45
-60
-52
-53
-73
-84
-77
-77
-76
-37
-29
-21
-8
-6
-4
5
36
81
144
163
153
139
119
106
98
113
125
135
128
123
149
118
70
51
27
60
75
81
43
14
57
72
80
65
35
32
38
47
40
64
56
31
14
-9
-13
-24
-9
8
45
69
99
97
68
44
-6
-31
-66
-111
-149
-189
-221
-208
-151
-111
-99
-89
-70
-53
-43
-64
-100
-139
-175
-200
-211
-227
-243
-240
-237
-256
-260
-276
-305
-380
-454
-532
-579
-609
-612
-580
-556
-499
-410
-287
-144
18
175
356
507
650
803
915
975
1008
980
938
909
897
857
794
738
676
609
549
492
416
322
242
159
85
38
-17
-97
-180
-235
-290
-313
-293
-258
-213
-195
-177
-153
-155
-165
-162
-124
-91
-89
-120
-161
-185
-185
-180
-178
-198
-202
-213
-254
-262
-254
-258
-309
-358
-410
-427
-443
-442
-411
-375
-325
-292
-244
-213
-168
-161
-216
-354
-592
-868
-1109
-1342
-1561
-1753
-1885
-1901
-1843
-1656
-1343
-955
-533
-58
406
896
1377
1786
2119
2311
2430
2453
2423
2322
2168
2004
1817
1644
1492
1395
1293
1209
1132
997
869
758
621
423
187
-70
-425
-805
-1120
-1361
-1557
-1726
-1803
-1796
-1668
-1431
-1093
-705
-318
84
442
775
1059
1284
1362
1332
1274
1151
1004
829
621
379
113
-118
-330
-484
-613
-745
-855
-965
-1022
-1019
-1019
-1033
-1066
-1092
-1076
-1052
-979
-883
-766
-616
-466
-287
-105
40
165
293
386
433
451
439
440
406
385
323
233
61
-303
-819
-1386
-1837
-2227
-2678
-3141
-3474
-3619
-3548
-3289
-2811
-2165
-1439
-692
104
948
1804
2560
3115
3489
3700
3841
3880
3756
3541
3286
2974
2653
2357
2137
1987
1803
1589
1383
1202
1044
839
540
198
-205
-624
-1038
-1447
-1781
-2059
-2298
-2460
-2475
-2325
-2062
-1724
-1336
-933
-533
-158
207
556
821
976
1054
1073
1081
1062
1046
994
912
836
767
707
648
570
420
229
-21
-248
-464
-675
-883
-1109
-1257
-1339
-1325
-1245
-1114
-952
-769
-575
-353
-134
54
191
262
263
258
249
191
137
43
-79
-175
-231
-242
-235
-228
-196
-158
-83
29
149
231
120
-301
-986
-1640
-2119
-2587
-3227
-3916
-4353
-4513
-4435
-4055
-3401
-2546
-1633
-719
302
1419
2532
3464
4069
4370
4523
4597
4523
4250
3850
3408
2913
2460
2102
1865
1724
1563
1358
1156
1069
990
832
556
202
-228
-700
-1221
-1666
-1994
-2322
-2607
-2808
-2801
-2556
-2202
-1777
-1256
-703
-120
450
983
1450
1758
1854
1779
1700
1552
1320
1015
618
265
-23
-205
-325
-408
-426
-452
-476
-469
-395
-359
-419
-521
-649
-732
-760
-764
-734
-711
-619
-486
-298
-79
166
409
537
594
628
659
604
525
374
180
-6
-168
-281
-370
-456
-549
-612
-650
-587
-449
-288
-117
80
189
-29
-656
-1372
-1859
-2265
-2860
-3654
-4282
-4562
-4558
-4321
-3801
-3016
-2105
-1162
-139
1015
2218
3308
4044
4429
4640
4762
4733
4472
4004
3474
2913
2346
1849
1515
1318
1154
932
761
721
764
785
630
368
48
-337
-805
-1267
-1652
-1976
-2346
-2675
-2784
-2655
-2325
-1942
-1497
-948
-333
297
890
1442
1905
2202
2267
2112
1884
1615
1234
743
155
-304
-687
-955
-1092
-1144
-1046
-981
-857
-665
-454
-238
-137
-122
-173
-210
-215
-234
-255
-291
-247
-160
-47
136
388
585
700
781
798
849
795
654
465
202
-51
-281
-484
-655
-758
-855
-924
-894
-782
-605
-419
-206
32
151
-84
-703
-1407
-1909
-2283
-2884
-3683
-4314
-4556
-4515
-4286
-3765
-2964
-2035
-1090
-62
1129
2322
3358
4070
4430
4617
4712
4668
4383
3868
3296
2718
2136
1657
1322
1124
960
777
644
649
747
780
656
417
122
-198
-617
-1050
-1407
-1747
-2113
-2435
-2536
-2422
-2134
-1783
-1376
-848
-231
414
1009
1534
1972
2235
2274
2172
1988
1669
1191
609
44
-472
-907
-1246
-1462
-1552
-1547
-1431
-1257
-998
-669
-379
-173
-19
124
231
263
249
206
157
137
115
130
209
313
436
524
582
641
693
667
536
363
172
-22
-246
-452
-636
-793
-896
-959
-947
-868
-718
-519
-301
-37
181
110
-389
-1068
-1619
-2006
-2475
-3231
-3942
-4337
-4417
-4286
-3919
-3248
-2420
-1545
-617
495
1698
2812
3694
4175
4453
4638
4710
4548
4126
3570
2974
2387
1843
1409
1132
911
676
477
393
488
589
545
368
145
-94
-413
-778
-1123
-1442
-1819
-2186
-2397
-2394
-2195
-1909
-1581
-1151
-599
33
660
1243
1743
2089
2253
2267
2194
2071
1713
1117
467
-100
-561
-987
-1354
-1631
-1769
-1784
-1656
-1403
-1073
-714
-409
-196
26
246
438
490
447
380
293
255
250
251
239
280
308
374
473
583
644
587
480
354
241
80
-111
-320
-530
-701
-833
-897
-889
-817
-726
-559
-307
-21
180
38
-467
-1062
-1512
-1849
-2418
-3164
-3816
-4158
-4229
-4128
-3742
-3073
-2297
-1486
-557
541
1747
2806
3572
4030
4315
4535
4645
4481
4033
3494
2916
2324
1790
1368
1069
810
521
289
238
335
406
354
182
-16
-251
-545
-857
-1171
-1495
-1866
-2192
-2344
-2282
-2055
-1795
-1508
-1046
-487
140
761
1299
1775
2092
2241
2278
2255
2100
1773
1214
537
-65
-585
-1036
-1433
-1768
-2003
-2067
-1982
-1732
-1368
-984
-655
-373
-63
251
534
701
737
697
637
600
579
562
495
402
356
337
393
454
472
438
359
303
224
139
-12
-222
-440
-616
-761
-850
-885
-889
-840
-729
-496
-213
85
245
91
-360
-893
-1284
-1629
-2141
-2858
-3493
-3838
-3927
-3813
-3498
-2950
-2275
-1537
-669
368
1518
2505
3215
3673
3977
4228
4349
4205
3779
3261
2708
2196
1735
1358
1054
772
483
311
299
400
450
387
224
37
-146
-387
-699
-1041
-1393
-1776
-2068
-2220
-2165
-2012
-1814
-1524
-1103
-523
80
681
1206
1637
1959
2127
2195
2171
2016
1668
1142
563
59
-353
-772
-1192
-1546
-1785
-1858
-1776
-1565
-1317
-1055
-774
-493
-179
152
419
544
570
573
607
623
606
566
477
414
385
394
432
473
460
359
303
233
200
119
-39
-205
-383
-514
-613
-677
-731
-733
-731
-668
-535
-317
-64
161
297
168
-234
-794
-1219
-1543
-2032
-2771
-3467
-3852
-3940
-3847
-3567
-3040
-2390
-1650
-806
220
1309
2297
3064
3519
3806
4073
4247
4152
3783
3283
2762
2288
1839
1440
1113
830
567
345
289
365
423
356
164
-50
-228
-433
-718
-1055
-1391
-1717
-1995
-2122
-2056
-1893
-1673
-1398
-1016
-469
139
704
1192
1572
1864
2057
2122
2087
1923
1617
1151
620
125
-284
-606
-977
-1375
-1641
-1723
-1654
-1511
-1347
-1172
-982
-740
-461
-184
59
207
267
289
334
453
540
557
508
485
510
577
652
657
616
549
490
434
398
325
166
-53
-254
-393
-491
-572
-674
-756
-786
-753
-666
-502
-309
-101
115
262
166
-232
-755
-1196
-1561
-2071
-2771
-3385
-3714
-3777
-3689
-3413
-2900
-2258
-1482
-638
346
1384
2321
3049
3493
3787
4036
4167
4030
3628
3105
2614
2154
1697
1259
906
626
382
211
193
248
292
224
64
-81
-224
-420
-696
-988
-1280
-1554
-1805
-1916
-1860
-1708
-1524
-1286
-907
-369
203
694
1115
1461
1722
1906
1984
1955
1799
1512
1088
593
156
-210
-565
-937
-1291
-1512
-1560
-1495
-1398
-1275
-1109
-910
-716
-506
-243
-56
59
120
166
281
389
457
476
461
474
522
589
654
692
686
637
600
529
462
375
196
-31
-220
-356
-483
-627
-745
-802
-867
-845
-786
-662
-519
-345
-126
114
268
171
-215
-776
-1207
-1507
-1970
-2655
-3272
-3572
-3581
-3488
-3195
-2666
-1991
-1256
-455
475
1476
2394
3079
3444
3670
3879
3977
3875
3461
2919
2429
1971
1564
1205
893
638
423
285
282
381
437
350
157
-19
-146
-339
-659
-981
-1295
-1607
-1854
-1963
-1909
-1741
-1554
-1328
-945
-432
142
663
1060
1397
1695
1894
1963
1929
1766
1448
1054
625
210
-151
-508
-830
-1156
-1410
-1546
-1557
-1504
-1427
-1319
-1174
-966
-754
-500
-260
-87
48
175
321
477
601
666
707
732
751
805
851
850
787
675
577
492
411
280
122
-56
-262
-400
-505
-607
-716
-819
-882
-919
-869
-805
-720
-616
-487
-296
-53
187
282
84
-368
-814
-1091
-1366
-1884
-2516
-2981
-3183
-3156
-3042
-2720
-2209
-1629
-943
-180
699
1583
2323
2827
3089
3281
3484
3560
3370
2972
2514
2123
1773
1464
1207
969
761
581
512
559
632
604
425
213
60
-122
-407
-740
-1082
-1390
-1673
-1836
-1859
-1757
-1589
-1383
-1099
-690
-161
355
797
1157
1417
1616
1732
1768
1691
1463
1148
789
442
118
-174
-479
-780
-1035
-1170
-1198
-1202
-1179
-1163
-1118
-1060
-949
-809
-675
-566
-492
-385
-228
-26
174
320
460
614
759
887
985
1067
1079
1040
906
795
689
513
298
43
-189
-378
-530
-694
-834
-939
-1000
-1014
-1002
-948
-856
-786
-697
-576
-408
-199
9
260
473
577
403
-20
-504
-812
-1101
-1675
-2376
-2882
-3048
-3085
-3016
-2728
-2276
-1709
-1041
-280
572
1420
2157
2659
2957
3185
3389
3477
3295
2913
2526
2176
1856
1568
1289
1065
862
693
600
633
708
641
428
199
30
-131
-433
-799
-1149
-1446
-1685
-1833
-1862
-1787
-1631
-1464
-1169
-756
-237
243
650
966
1244
1470
1577
1629
1560
1395
1110
758
417
139
-101
-403
-745
-1009
-1136
-1117
-1107
-1102
-1073
-988
-837
-691
-535
-416
-301
-221
-134
-9
132
271
337
376
458
578
675
722
732
732
700
649
555
447
309
123
-113
-335
-495
-593
-718
-886
-987
-997
-948
-910
-854
-777
-673
-537
-349
-128
99
344
532
575
420
28
-457
-815
-1170
-1706
-2348
-2803
-2982
-2962
-2818
-2528
-2045
-1444
-747
36
851
1631
2286
2755
3003
3127
3216
3186
2943
2542
2143
1801
1491
1238
1043
914
805
712
687
730
823
801
619
333
127
-114
-441
-814
-1220
-1543
-1787
-1924
-1921
-1810
-1616
-1353
-988
-543
-21
475
857
1147
1374
1515
1560
1520
1368
1158
889
562
246
-49
-262
-452
-658
-821
-900
-906
-893
-924
-905
-889
-862
-807
-752
-670
-607
-527
-422
-272
-110
103
261
403
556
715
866
924
967
915
854
728
539
370
161
-17
-218
-398
-537
-658
-745
-809
-846
-845
-789
-737
-670
-578
-471
-383
-290
-186
-69
85
221
366
534
664
642
358
-104
-560
-852
-1214
-1773
-2336
-2701
-2794
-2753
-2591
-2285
-1828
-1249
-623
48
731
1373
1905
2251
2439
2568
2662
2654
2466
2222
2008
1816
1632
1499
1420
1374
1305
1190
1100
1082
1028
829
502
144
-183
-503
-857
-1205
-1517
-1764
-1896
-1899
-1763
-1540
-1274
-963
-599
-159
278
662
939
1141
1293
1370
1367
1276
1107
875
647
432
207
28
-123
-267
-414
-518
-534
-533
-560
-624
-692
-757
-792
-829
-808
-798
-840
-838
-758
-607
-404
-238
-63
132
326
517
661
763
764
694
603
513
397
278
102
-70
-213
-336
-399
-448
-483
-507
-514
-483
-444
-392
-364
-337
-338
-341
-289
-220
-96
14
111
282
445
553
481
166
-293
-697
-973
-1355
-1932
-2452
-2719
-2749
-2684
-2500
-2146
-1654
-1039
-378
296
976
1611
2119
2443
2596
2725
2787
2695
2483
2251
2038
1829
1631
1474
1388
1319
1236
1088
975
921
803
582
241
-103
-408
-729
-1061
-1330
-1547
-1699
-1764
-1683
-1482
-1245
-965
-661
-325
67
454
750
946
1072
1138
1144
1108
991
821
612
406
217
58
-65
-192
-327
-428
-494
-523
-594
-685
-749
-789
-816
-874
-876
-874
-820
-745
-648
-500
-330
-149
36
212
372
505
583
636
658
668
618
526
392
279
210
106
-13
-129
-240
-304
-341
-384
-411
-460
-477
-459
-473
-461
-423
-406
-382
-320
-211
-96
27
169
316
459
548
491
195
-271
-752
-1106
-1494
-2041
-2572
-2898
-2950
-2826
-2612
-2244
-1738
-1096
-389
327
1014
1597
2080
2421
2601
2704
2723
2625
2397
2178
1990
1840
1689
1543
1473
1476
1469
1390
1295
1166
1017
802
477
101
-275
-671
-1042
-1363
-1579
-1738
-1826
-1783
-1611
-1333
-1000
-677
-342
22
394
690
901
1028
1075
1072
1044
963
850
730
590
402
197
68
-45
-178
-397
-550
-679
-795
-917
-1042
-1122
-1174
-1183
-1146
-1061
-936
-743
-555
-339
-129
94
290
435
547
632
694
706
696
623
563
494
406
323
236
156
101
21
-81
-157
-253
-377
-480
-550
-615
-690
-739
-733
-711
-652
-562
-474
-368
-246
-116
26
160
288
406
503
542
482
253
-184
-678
-1075
-1397
-1828
-2311
-2609
-2678
-2518
-2246
-1899
-1436
-883
-269
346
913
1416
1809
2080
2217
2292
2314
2276
2139
1972
1888
1877
1831
1755
1718
1720
1743
1674
1525
1318
1077
787
405
-3
-408
-822
-1205
-1491
-1662
-1752
-1742
-1658
-1476
-1194
-853
-522
-237
25
289
515
662
723
743
728
680
626
587
548
452
345
229
153
78
-4
-115
-261
-383
-464
-561
-671
-759
-829
-895
-903
-858
-802
-721
-606
-458
-305
-135
35
158
271
367
450
493
499
463
437
424
367
300
200
104
28
-78
-177
-258
-360
-452
-536
-580
-616
-641
-641
-608
-565
-484
-395
-311
-222
-137
-22
69
147
216
299
370
453
522
514
355
7
-439
-826
-1134
-1480
-1910
-2282
-2433
-2374
-2171
-1890
-1533
-1078
-532
43
612
1078
1462
1736
1914
2033
2140
2187
2116
1998
1955
1963
1972
1923
1833
1789
1726
1641
1462
1231
971
637
265
-124
-485
-834
-1183
-1478
-1632
-1664
-1612
-1527
-1372
-1148
-864
-534
-279
-49
155
319
447
527
602
629
621
602
572
565
548
492
407
329
266
198
90
-55
-196
-328
-433
-532
-645
-738
-782
-786
-786
-773
-722
-665
-592
-514
-418
-284
-194
-126
-39
74
179
228
258
307
346
372
378
365
305
220
136
51
-20
-105
-191
-292
-356
-398
-416
-427
-429
-397
-358
-288
-220
-171
-123
-76
-43
-18
3
8
82
119
170
215
258
226
16
-353
-732
-1015
-1300
-1652
-2028
-2224
-2242
-2109
-1870
-1537
-1115
-652
-108
433
948
1412
1738
1936
2062
2177
2239
2184
2025
1900
1837
1797
1749
1639
1513
1439
1351
1239
1052
829
557
224
-109
-401
-647
-925
-1180
-1323
-1367
-1301
-1191
-1075
-903
-676
-425
-178
41
209
347
468
523
571
583
587
511
447
440
412
374
272
194
116
48
-67
-186
-318
-451
-558
-667
-747
-817
-869
-906
-893
-832
-736
-645
-530
-418
-258
-107
-7
67
108
176
217
240
278
266
241
230
211
169
137
84
2
-62
-112
-152
-209
-285
-351
-369
-374
-376
-380
-355
-275
-220
-145
-97
-29
28
30
50
87
96
106
126
125
172
218
243
264
214
65
-217
-535
-826
-1083
-1372
-1691
-1928
-2012
-1910
-1695
-1424
-1089
-683
-211
272
715
1096
1371
1596
1702
1783
1842
1848
1781
1662
1622
1644
1659
1649
1616
1555
1483
1378
1236
1019
733
431
101
-211
-480
-742
-972
-1142
-1222
-1182
-1090
-957
-821
-672
-477
-284
-117
25
114
136
136
156
166
161
127
85
83
130
198
254
271
257
281
263
208
130
9
-134
-256
-371
-488
-566
-650
-694
-699
-637
-545
-454
-375
-297
-218
-151
-98
-77
-90
-133
-154
-169
-218
-232
-237
-254
-244
-177
-134
-114
-72
-52
-31
-15
-6
-32
-36
-43
-59
-74
-49
-60
-50
-16
12
45
83
81
71
66
42
24
6
-28
-49
-27
-3
17
23
-25
-155
-391
-613
-813
-995
-1205
-1434
-1544
-1538
-1400
-1190
-922
-580
-226
171
566
942
1224
1399
1553
1618
1664
1701
1644
1547
1456
1425
1399
1368
1319
1252
1162
1077
982
849
671
417
148
-101
-326
-535
-709
-864
-950
-971
-919
-822
-698
-563
-445
-295
-150
-30
59
139
198
239
285
336
352
391
399
391
418
406
381
299
232
134
29
-112
-255
-395
-563
-697
-775
-816
-843
-861
-855
-807
-750
-674
-618
-562
-507
-449
-393
-339
-297
-259
-198
-131
-58
12
80
139
166
220
236
235
236
179
127
82
29
-25
-71
-118
-142
-176
-191
-170
-162
-168
-158
-148
-152
-153
-135
-125
-105
-50
18
55
115
189
191
154
55
-91
-240
-378
-520
-644
-724
-749
-717
-622
-456
-279
-84
143
370
571
727
840
896
920
934
928
906
865
829
815
814
846
872
881
854
823
751
687
589
459
325
163
22
-106
-212
-297
-350
-372
-362
-333
-296
-259
-211
-159
-146
-110
-76
-60
-51
-38
-23
-15
18
50
59
68
78
55
41
25
-6
-75
-147
-229
-318
-397
-443
-475
-526
-534
-546
-542
-525
-524
-529
-524
-503
-491
-474
-466
-438
-379
-312
-229
-155
-49
23
83
129
152
181
206
215
186
152
146
118
73
85
42
24
30
22
-3
-17
-32
-47
-60
-71
-80
-78
-53
-69
-51
-32
-18
-20
-46
-119
-195
-299
-411
-499
-570
-606
-614
-546
-447
-323
-162
16
200
356
504
638
726
782
797
786
758
744
724
716
709
686
671
658
666
650
630
582
517
457
369
275
175
64
-28
-103
-149
-164
-182
-188
-172
-149
-109
-67
-24
4
9
7
-5
12
-1
-17
-28
-61
-66
-61
-65
-75
-103
-125
-132
-171
-217
-255
-271
-310
-348
-365
-398
-430
-437
-439
-448
-429
-407
-402
-382
-379
-368
-364
-367
-373
-382
-366
-345
-307
-249
-205
-144
-90
-54
-3
19
32
44
57
59
68
95
119
138
156
165
182
185
204
220
220
219
205
175
142
102
68
27
-8
-37
-50
-39
-34
-37
-42
-45
-34
5
18
-2
-9
-16
-27
8
23
37
71
111
151
185
201
229
264
282
294
300
297
278
268
251
236
223
201
190
174
166
141
125
127
121
128
137
127
113
96
80
84
94
126
147
156
152
147
156
161
143
96
73
29
-18
-62
-106
-147
-171
-198
-216
-225
-233
-228
-230
-224
-238
-256
-246
-240
-254
-266
-276
-275
-270
-262
-259
-246
-221
-222
-202
-176
-150
-131
-152
-153
-147
-143
-140
-142
-143
-143
-142
-135
-107
-87
-66
-46
-44
-28
-13
11
8
17
30
17
26
20
15
36
40
53
52
42
67
62
73
70
77
73
91
86
91
85
82
96
86
104
103
111
123
161
172
155
166
186
206
218
215
214
206
190
182
178
162
141
123
108
89
73
58
18
11
-27
-50
-68
-90
-85
-89
-86
-93
-95
-91
-82
-60
-46
-29
-2
21
43
61
65
77
106
130
141
152
122
123
109
102
96
59
25
-7
-21
-54
-64
-86
-105
-104
-119
-129
-133
-143
-134
-142
-138
-121
-123
-118
-112
-89
-89
-84
-83
-64
-49
-53
-48
-58
-71
-81
-81
-75
-82
-98
-110
-119
-104
-101
-102
-84
-59
-69
-67
-69
-49
-38
-43
-55
-68
-58
-49
-38
-55
-47
-39
-17
6
25
38
55
78
92
95
105
114
112
125
132
114
103
106
92
88
77
81
66
67
87
86
101
97
79
86
87
90
90
67
60
60
55
52
27
21
5
-7
-9
-25
-12
-10
-19
-31
-50
-36
-15
-20
-20
-34
-36
-32
-24
3
-7
-21
-28
0
21
16
21
14
20
32
34
21
27
20
22
34
31
39
43
54
53
48
45
23
42
40
50
50
10
-13
-12
-32
-35
-47
-80
-87
-84
-71
-89
-116
-127
-130
-145
-152
-154
-166
-151
-123
-101
-89
-92
-72
-56
-46
-50
-53
-22
-25
-10
-30
-26
-11
-7
-1
-18
-24
-23
-17
7
-2
-2
-10
12
36
32
35
12
26
33
36
52
42
45
59
83
95
79
85
89
109
121
125
119
119
134
124
108
94
83
82
77
72
55
37
24
16
-2
10
-1
-14
-4
3
14
-2
-4
-4
0
0
-20
-27
-27
-47
-44
-51
-48
-50
-70
-63
-66
-65
-68
-48
-44
-31
-3
-11
-15
-7
1
1
-1
0
-13
-4
20
29
46
53
63
42
34
42
39
32
13
-4
-16
-19
-39
-47
-55
-58
-73
-72
-69
-69
-71
-100
-106
-87
-86
-82
-84
-82
-71
-58
-32
-21
-18
-20
-14
2
15
20
19
-1
4
0
0
2
-12
-15
-17
-9
16
18
5
-8
-6
-13
-4
14
32
39
34
36
26
57
57
71
87
64
85
96
112
133
111
106
102
93
85
92
90
69
42
18
4
13
9
-9
-19
-20
-21
-14
-29
-39
-18
-16
-24
-27
-22
-9
-1
5
1
-15
-22
-24
-16
-22
-31
-38
-31
-35
-43
-31
-41
-51
-50
-50
-41
-34
-36
-31
-19
-15
-17
-10
-7
-9
4
12
22
20
28
40
55
70
65
41
29
21
-4
-11
-8
-9
-32
-54
-47
-36
-39
-71
-89
-109
-126
-121
-112
-106
-102
-106
-96
-81
-68
-37
-33
-20
-4
26
49
54
57
49
48
31
41
39
47
54
61
86
85
92
94
100
82
58
26
7
-2
-5
-23
-25
-19
-19
-22
-20
-10
11
21
8
16
25
29
40
34
30
30
21
22
28
30
49
57
57
58
51
57
35
39
39
3
11
12
17
28
38
43
26
22
29
30
29
35
36
22
1
-8
-14
-25
-35
-52
-71
-69
-55
-50
-50
-63
-68
-68
-75
-66
-79
-62
-70
-75
-65
-46
-29
-30
-23
-20
-23
-33
-31
-18
-20
-34
-13
-15
-1
-2
-8
5
7
17
-8
-15
-7
-14
-17
-14
-15
-27
-34
-33
-40
-21
-20
1
16
27
39
50
44
46
35
30
49
37
35
30
47
46
60
54
40
39
24
27
19
11
0
-14
-27
-47
-69
-69
-66
-60
-34
-48
-48
-21
-14
0
21
29
36
33
31
46
54
65
60
67
47
38
40
37
30
17
17
21
42
36
55
45
39
50
44
24
7
18
15
-3
-8
-1
-8
-1
6
-2
-5
-13
-10
-20
-31
-41
-68
-69
-68
-76
-85
-86
-95
-94
-84
-100
-93
-79
-47
-49
-29
-35
-33
-21
-5
8
17
32
46
54
56
85
72
80
77
78
84
76
77
73
52
33
12
-1
-23
-48
-67
-68
-64
-54
-55
-69
-67
-73
-44
-43
-4
3
9
40
38
45
55
57
42
40
12
3
3
6
9
-5
-11
-23
-15
-12
-21
-20
-20
-31
-56
-40
-46
-45
-33
-20
-20
-8
5
18
42
40
43
54
61
75
83
78
70
57
48
47
44
30
6
12
14
11
21
17
-9
-14
-14
-23
-36
-33
-29
-34
-22
-15
-18
-17
-25
-32
-29
-15
-8
-13
-10
-22
-17
-19
-8
-10
-24
-19
-31
-29
-18
-17
-18
-25
-18
-9
-12
10
12
13
21
12
33
33
30
30
43
48
44
39
32
37
31
22
18
30
6
4
-2
-17
-22
-29
-16
-22
-21
-18
-22
-25
-22
-24
-20
-15
-32
-22
-22
-23
-11
-7
-2
3
5
4
-12
-6
-8
-29
-39
-36
-24
-18
-2
-4
-2
13
14
25
19
-3
-13
-12
-4
-2
-2
5
0
-2
1
-3
0
1
-8
-12
-7
-6
-7
0
8
-2
-11
-5
-5
3
-2
10
20
31
43
44
43
39
53
67
59
50
38
19
40
27
23
12
11
9
0
-1
7
2
-13
-7
-5
-6
-14
-17
-33
-41
-53
-59
-53
-45
-56
-62
-42
-42
-37
-22
-10
-13
-12
-9
-8
15
23
18
6
-4
-15
-33
-31
-12
-22
-23
-29
-26
-9
-29
-11
1
5
9
15
13
6
13
22
36
42
45
57
63
80
84
87
74
59
65
61
43
29
26
25
3
-1
-8
-31
-15
-2
-20
-16
-1
-20
-44
-36
-35
-49
-43
-43
-32
-33
-31
-21
-22
-17
-21
-31
-17
-12
9
15
2
-13
-7
-15
-20
-1
8
15
21
31
27
40
48
43
44
40
37
48
40
32
8
8
5
10
17
3
-4
7
9
-9
-17
-16
-13
-24
-26
-15
-24
-50
-27
-38
-32
-19
-33
-26
-40
-56
-58
-51
-57
-55
-40
-55
-62
-49
-31
-26
-21
-16
-24
-8
-7
12
22
9
-2
5
12
25
39
43
36
14
35
35
28
16
11
4
4
16
32
27
30
31
20
5
-6
-10
-11
-6
-7
6
2
-11
-6
-5
4
9
3
-2
-4
-1
2
9
12
25
26
28
17
15
25
14
4
-2
-4
0
16
8
-5
-24
-21
-13
-9
-8
-12
-5
4
9
11
15
19
25
25
36
31
31
44
46
58
66
67
57
63
47
41
29
0
6
3
-7
-11
-22
-20
-31
-35
-19
-21
-35
-40
-44
-58
-42
-31
-29
-31
-49
-55
-70
-69
-44
-31
-24
-25
-32
-31
-27
-15
-3
8
7
-11
-14
-7
-2
0
-6
2
11
1
6
-2
11
11
-4
-13
-21
-9
5
17
5
-7
-13
-12
5
22
32
41
40
39
40
28
36
40
27
12
-2
3
2
1
-18
-12
3
4
-6
-4
7
11
5
20
12
-22
-26
-16
-1
5
9
1
0
-20
-21
-3
-14
-24
-11
1
-10
-6
-2
10
-6
-3
-5
-6
3
-6
2
0
11
20
16
13
14
32
28
11
22
16
15
4
8
21
8
13
19
22
18
7
11
7
4
5
3
1
-15
-19
-29
-18
-21
-33
-22
-18
-11
1
-3
-8
-18
-10
13
5
-5
-19
-17
-15
-25
5
-1
-7
1
-2
10
20
3
-17
-22
-23
-6
-7
-24
-38
-45
-64
-53
-39
-26
-26
-33
-33
-23
3
1
-2
5
30
24
17
24
27
22
30
30
32
45
38
33
27
38
42
39
27
15
1
10
-3
7
-13
-28
-13
-30
-15
-35
-40
-28
-17
-10
-2
-2
0
4
-2
10
11
7
11
8
23
34
39
41
39
29
30
42
50
32
24
2
12
19
6
22
34
40
34
25
16
12
8
13
-6
-6
-10
-17
-19
-13
-6
-15
-16
-28
-33
-20
-7
-1
2
1
-5
-12
-27
-33
-30
-30
-45
-58
-74
-75
-64
-57
-52
-44
-48
-40
-14
-16
-26
-37
-31
-8
2
-7
-8
-11
0
4
12
7
13
32
20
20
25
22
39
45
53
58
42
34
26
31
36
25
15
8
-2
0
12
18
5
2
-2
-5
-7
-5
-1
-17
-11
-17
-19
-19
-13
-9
-11
-16
-14
-14
-2
2
-5
3
3
-3
1
3
16
38
38
28
11
3
1
9
16
7
4
-10
14
26
23
15
1
-2
-5
9
23
23
13
12
12
8
-2
4
0
-13
-7
-4
-14
-22
-13
-12
-2
-10
-17
-2
-13
-29
-33
-25
-12
-14
-18
-26
-17
1
5
1
5
6
7
16
12
3
-1
-4
5
8
12
5
-20
-16
-22
-14
-19
-28
-27
-18
-24
-32
-12
-27
-25
-16
-10
-2
-8
-5
-9
-12
-13
10
22
23
20
14
11
0
10
17
-4
-2
6
8
11
5
6
0
6
22
24
15
16
24
35
33
33
28
21
28
25
23
13
27
23
21
36
29
15
13
7
4
19
0
4
17
19
20
6
5
-3
-11
-4
-11
-19
-23
-28
-31
-49
-41
-29
-37
-27
-33
-34
-28
-40
-28
-15
-13
2
5
29
28
23
34
23
27
17
11
15
24
22
13
9
2
-3
10
4
-3
-6
-16
-26
-23
-31
-42
-27
-35
-20
-20
-28
-33
-43
-48
-34
-17
-8
-11
-25
-30
-39
-17
-26
-15
-8
-2
4
12
11
6
8
-5
6
9
17
4
-10
-10
6
4
6
14
6
5
0
20
26
23
26
27
38
45
39
48
42
36
32
26
31
31
27
33
28
22
18
-1
-19
-19
-22
-31
-40
-33
-32
-32
-24
-15
-36
-45
-53
-50
-23
-32
-29
-17
-18
-11
9
21
29
31
27
18
21
30
38
24
30
27
18
18
26
28
18
24
23
21
20
10
16
17
20
17
5
3
-7
-3
0
3
-4
0
2
8
7
0
-2
-1
1
8
3
-16
-21
-23
-26
-27
-32
-26
-29
-37
-44
-47
-35
-25
-19
-17
-20
-10
-15
-10
-8
-6
-17
-22
-14
-5
8
8
14
11
17
12
4
14
27
27
18
11
12
5
-4
12
6
6
-4
-3
-14
-17
-8
-25
-22
-26
-18
-24
-29
-24
-28
-33
-16
-13
-8
-2
-7
10
17
8
22
21
11
25
31
30
34
40
35
21
31
43
35
31
22
25
19
11
17
14
10
11
4
11
-1
-11
-5
-13
1
11
5
5
-8
-1
2
5
-9
-9
0
-1
-8
-12
-13
-16
-22
-32
-23
-30
-25
-28
-28
-22
-19
-30
-30
-22
-21
2
5
10
9
-1
12
9
6
19
19
17
21
22
26
33
25
25
9
-3
0
6
18
-2
-1
-15
-16
-4
-11
-16
-25
-20
-20
-22
-12
-9
-4
3
12
9
-6
3
13
3
6
11
4
12
17
13
24
15
9
0
-9
-14
-7
8
1
0
-14
-8
-14
-13
-16
-12
-13
-20
-9
-9
-5
6
12
14
23
35
17
10
14
9
7
10
11
4
-11
-13
-16
-18
-27
-38
-29
-27
-37
-38
-36
-29
-24
-33
-26
-21
-14
-3
-2
17
19
14
30
33
23
25
33
32
30
35
26
22
21
31
40
27
14
0
10
1
-8
-8
-16
-24
-9
2
-15
-21
-19
-17
-17
-17
-19
-22
-16
-7
-9
-13
-13
-23
-32
-13
-19
-17
-6
-7
-2
2
3
8
15
13
8
4
10
20
26
15
20
22
28
24
22
11
9
2
13
12
1
2
-2
16
11
12
7
-6
-4
3
0
8
20
19
18
15
10
1
-9
5
-4
0
4
-9
-8
-9
2
-8
-7
-12
-7
-4
-8
-2
-1
-6
1
-10
-13
-7
-2
5
0
11
9
8
-3
-1
10
-7
2
12
6
6
19
11
3
3
0
-14
-8
-23
-30
-14
-33
-25
-31
-28
-13
-23
-25
-28
-17
-16
-16
-14
-17
-15
