-15
-12
-12
-9
-14
-19
-10
-19
-6
-10
-11
-11
-7
-7
-17
-15
-15
-21
-17
-11
-11
-2
-5
0
-3
0
6
10
8
5
10
15
11
9
18
22
26
24
28
13
30
25
18
7
11
22
13
20
20
16
16
21
11
22
18
12
15
6
7
0
-5
-3
-11
-15
-16
-18
-23
-24
-26
-24
-29
-30
-35
-18
-16
-15
-8
-6
-14
-13
-10
-20
-10
-31
-18
-16
-14
-6
3
2
5
9
8
7
9
7
6
4
16
20
16
15
16
19
26
27
28
33
19
31
21
9
16
4
-2
6
3
-15
-4
5
-4
-5
-14
-1
-6
-7
-8
-4
-5
-4
-1
-14
-9
-12
-7
-11
-14
-18
-16
-20
-18
-14
-19
-19
-15
-15
-19
-17
-9
-10
-6
-7
-4
3
7
-2
-5
-1
-1
1
-3
8
0
5
11
16
26
22
22
23
29
32
30
23
14
17
18
15
10
9
19
8
0
0
7
-2
-1
-13
-21
-7
-11
-10
-13
-6
-13
-12
-15
-24
-15
-13
-13
-14
-18
-10
-9
-10
-15
-18
-8
-3
-2
-14
-18
-15
-13
-13
0
-7
4
5
16
10
11
20
9
12
15
23
11
19
20
29
26
19
24
22
20
21
13
8
13
10
7
4
7
-10
-7
0
-6
0
-11
-1
-5
0
2
-11
-11
-14
-13
-16
-10
-15
-9
-17
-12
-14
-19
-10
-8
-2
-21
-15
-16
-23
-5
-11
-3
-7
-4
-2
1
4
1
8
7
4
16
18
18
15
13
14
3
9
2
0
6
-6
4
5
9
9
24
23
5
14
8
3
-6
-1
0
-4
-6
-5
-1
3
4
-11
-7
-12
-16
-17
-25
-33
-26
-16
-8
-5
3
4
4
7
2
-2
7
9
4
16
10
12
8
9
7
9
5
0
-7
-7
4
5
5
2
4
1
9
6
11
8
0
6
4
9
-3
-6
-13
3
6
-5
2
7
7
6
4
-2
-4
-14
-20
-13
-15
-10
-14
-11
-21
-14
-14
-16
-13
-21
-7
-12
-16
-14
-6
-5
-3
-3
4
3
-9
-11
-13
-4
3
-2
1
7
9
2
0
-3
-2
-4
-3
2
4
4
9
15
13
12
18
10
23
17
12
11
8
10
12
25
22
29
24
27
20
17
21
21
25
22
27
17
6
11
3
6
-2
-3
-5
-11
-10
-21
-18
-19
-15
-24
-25
-23
-27
-25
-23
-28
-19
-21
-16
-7
-15
-2
2
-11
-2
2
-5
1
2
1
-2
-2
-3
-10
-12
-10
-6
0
-2
-2
4
8
9
9
11
9
10
12
6
4
9
17
22
13
8
7
7
11
8
2
2
12
4
-1
-8
-14
-5
-14
-22
-21
-24
-24
-26
-20
-19
-8
-17
-9
-5
-23
-11
-16
-28
-27
-16
-18
-12
-6
-6
-2
-2
8
10
14
12
28
24
18
20
20
25
13
13
20
21
15
10
25
23
30
35
20
13
25
11
16
28
22
27
26
18
15
20
4
0
5
6
7
2
-1
-6
-8
-5
-6
-13
-18
-22
-19
-27
-27
-22
-24
-12
-22
-17
-19
-16
-13
-20
-19
-22
-17
-13
-5
-16
-12
-9
-1
2
2
-5
-3
1
-2
6
7
5
3
9
4
19
23
18
22
5
-1
-8
-13
1
-1
-3
7
11
2
-1
3
0
-5
1
-2
-1
-2
5
6
3
5
-2
0
-8
0
1
-11
-7
-9
-11
-17
-13
-17
-15
-20
-11
-5
0
-7
-10
4
-3
3
1
0
1
-7
-1
1
1
6
2
-4
0
-5
-10
5
7
2
4
9
12
7
9
13
4
5
4
7
5
12
14
16
18
9
9
6
9
12
0
9
16
4
7
7
2
-7
-5
-11
-12
0
-8
-3
-15
-11
-11
-19
-9
-15
-11
-9
-9
-7
-2
4
-1
0
9
3
15
14
4
9
9
6
0
7
1
7
12
18
12
12
5
6
11
-5
6
1
0
5
9
9
0
-3
2
5
-2
3
7
6
-2
8
6
6
3
3
4
-6
-1
-3
-15
-7
-7
-13
-14
-9
-8
-10
-16
-16
-19
-26
-24
-11
-14
-17
-19
-25
-21
-20
-16
-11
-8
-9
-1
-1
2
7
11
11
12
-2
2
11
-1
-2
4
9
2
10
8
9
8
-4
1
11
9
10
21
17
21
21
22
23
22
13
0
8
0
0
-6
0
-1
-1
12
9
-4
-2
-2
-11
-14
-21
-19
-19
-8
-7
-15
-10
-14
-19
-9
-11
-3
-12
-14
-14
-16
-3
-4
7
12
8
-1
11
3
5
4
6
4
5
16
4
6
2
7
5
10
13
4
14
10
3
-3
6
8
0
6
11
13
10
8
4
1
-1
2
5
4
3
9
3
-1
-3
-8
2
-1
-1
1
-9
-1
-2
-2
-14
-22
-19
-11
-14
-12
-8
-2
-3
-2
1
-22
-20
-15
-5
-8
-12
-10
2
0
2
0
2
12
17
9
3
7
2
10
8
1
-5
4
3
2
-1
0
6
-5
1
18
25
19
0
-5
11
11
-7
-3
5
15
3
-8
-13
4
6
-5
3
8
17
7
-13
-10
7
3
-17
-12
-2
-3
8
-9
-15
9
14
-1
-10
0
9
10
0
-6
9
10
-2
-19
-11
10
-1
-4
-11
0
9
5
-17
-9
0
-10
-30
-23
0
-1
-15
-18
-5
9
-3
-25
-14
16
31
-9
-12
14
17
0
-10
10
11
1
-23
-7
12
-7
-14
6
19
1
-20
-8
16
12
-4
-5
3
10
-6
-12
-8
7
1
-9
-6
10
13
-16
-11
-7
2
2
-21
-21
-3
4
-7
-13
13
18
6
-2
6
26
21
-4
5
29
27
-5
-5
34
30
7
1
43
42
13
-14
17
33
25
2
8
42
26
-13
-9
12
11
-14
-30
-4
0
-15
-35
-23
-9
-17
-45
-32
-5
-9
-35
-36
2
6
-38
-31
-4
3
-11
-35
-18
23
22
-9
-9
16
17
-8
-3
20
21
16
8
14
28
12
-6
-4
5
2
-3
-5
3
10
10
10
11
3
-1
1
-5
-4
-5
-8
-7
-3
-1
2
-1
-22
-18
-11
-11
-14
-28
-21
14
-4
-35
-19
4
2
-8
-20
-7
19
13
-17
-31
0
36
8
-31
-19
24
43
11
-11
13
35
21
-8
-21
10
21
12
-11
-5
37
48
7
-30
2
39
25
-12
-10
36
46
2
-20
16
55
13
-51
-21
44
46
-13
-46
-5
34
14
-31
-45
-2
24
-11
-43
-30
26
18
-48
-54
9
27
-21
-62
-15
44
6
-52
-41
23
36
-14
-49
-13
34
18
-24
-33
21
64
22
-16
14
47
26
-21
-9
31
33
-5
-31
-5
17
14
-13
-38
-4
35
-6
-52
-20
36
9
-37
-18
21
25
-13
-35
-4
24
-1
-32
-13
23
30
-28
-40
27
66
3
-73
-16
72
26
-65
-47
43
55
-36
-57
18
74
-10
-84
-16
70
34
-66
-44
55
65
-27
-71
5
85
24
-68
-8
95
68
-44
-41
67
63
-31
-59
33
77
-21
-97
-21
68
7
-102
-56
87
56
-95
-97
63
97
-45
-112
0
118
18
-114
-51
78
49
-98
-73
72
98
-61
-117
40
123
-35
-152
-25
107
30
-128
-58
111
65
-120
-99
60
78
-68
-99
77
138
-10
-81
29
105
5
-72
2
58
63
-3
-15
46
70
-3
-52
40
79
-19
-77
45
120
-13
-93
34
93
-18
-83
1
92
17
-80
-31
68
29
-69
-31
65
27
-82
-53
45
23
-60
-81
17
73
-30
-78
23
67
-15
-65
-5
50
-8
-63
-20
32
-8
-63
-5
42
-19
-64
-6
61
14
-65
-19
75
24
-81
-26
83
37
-34
-7
68
42
-39
-17
38
46
12
-3
21
45
0
-11
21
24
9
-27
-3
45
-13
-45
10
10
-47
-73
17
45
-34
-77
2
51
-4
-50
12
47
-21
-63
-19
27
-22
-53
5
27
-28
-56
-5
47
-54
-108
49
95
-37
-87
34
106
-10
-80
1
108
28
-56
-4
76
71
-14
-42
41
49
-33
-12
15
-15
5
49
-6
-71
9
61
-18
-58
37
61
-57
-46
62
38
-59
-60
34
44
-71
-63
50
59
-67
-55
93
73
-47
-45
83
46
-73
-54
91
76
-62
-18
118
55
-98
-36
78
31
-64
-3
59
13
-52
-14
23
-60
-41
12
16
-16
12
54
-16
-61
3
55
-82
-79
82
51
-73
-48
67
48
-47
-46
52
62
-77
-101
34
93
-40
-126
35
120
-11
-119
-37
57
8
-60
-70
21
107
7
-77
-38
40
24
-66
-11
94
66
-56
-12
96
18
-62
-46
42
71
-20
-25
20
37
11
-37
-35
41
37
-114
-118
100
105
-112
-127
113
150
-81
-148
69
150
-35
-106
24
92
66
-60
-90
54
62
-6
-91
-9
141
53
-96
-71
130
69
-167
-119
149
117
-156
-148
117
136
-107
-168
40
156
-43
-123
38
133
3
-103
-37
56
50
-33
-47
-8
63
23
-71
-31
94
54
-68
-40
61
60
-20
-23
48
72
0
-48
-6
39
28
-51
-48
58
37
-53
-64
44
58
-44
-62
29
59
-24
-44
11
50
39
-19
-61
11
64
-43
-102
36
126
-37
-145
20
155
-40
-162
28
151
-17
-147
-9
112
1
-117
-48
61
19
-88
-36
59
17
-18
33
46
8
5
15
27
-1
12
29
-38
-48
31
50
-60
-59
61
37
-72
-29
85
68
-82
-81
14
21
0
-9
-9
-10
24
16
22
-8
-22
4
34
13
-15
33
22
-36
-46
48
25
-75
-49
19
44
-35
-49
4
31
-22
-18
41
10
-75
-12
44
-55
-24
67
25
-79
-12
78
24
-111
-30
103
20
-93
-6
154
36
-116
-30
137
32
-107
-6
81
-7
-73
4
35
-28
-47
15
24
-29
5
66
-10
-54
59
88
-61
-95
105
117
-102
-95
89
90
-63
-87
49
81
-35
-61
38
85
-14
-85
43
97
-44
-70
47
63
-38
-29
47
-1
-59
9
47
-21
-22
60
56
-87
-30
110
13
-119
-14
107
-30
-120
24
129
0
-130
2
156
43
-137
-45
145
35
-154
-44
145
38
-152
-60
104
41
-117
-98
32
62
-14
-50
-17
11
44
-29
-49
-22
-5
55
-17
-73
3
88
-5
-97
-2
85
27
-54
-16
71
-2
-66
-22
2
2
-10
6
19
1
-6
3
-38
-44
0
35
7
-80
-6
96
19
-79
-51
88
17
-72
-46
52
32
-61
-61
51
61
-59
-31
58
18
-53
1
64
0
-72
20
84
-20
-67
39
94
13
-36
52
71
-6
-63
5
67
34
-20
24
102
36
-55
-14
58
25
-27
20
59
26
-25
2
28
13
-22
-7
23
2
-11
14
43
-27
-46
49
48
-61
-86
64
87
-105
-109
93
69
-133
-87
125
93
-109
-93
82
43
-84
-66
30
35
-38
-26
15
19
-43
-40
29
-7
-58
-45
2
30
-45
-48
23
14
-58
-11
47
4
-51
-30
53
20
-50
16
60
-4
-45
0
49
-45
-66
27
42
-11
-24
-22
-28
-65
-53
29
32
5
-15
33
25
-13
-27
-13
62
18
-17
71
93
-47
-79
63
87
-29
-22
80
32
-88
-33
101
-7
-109
-2
126
9
-49
83
17
-52
8
48
-1
-26
15
21
-52
-41
55
38
-77
-60
49
28
-22
17
7
-56
-24
79
20
-105
-8
107
22
-72
10
91
15
-65
-81
5
28
-22
-37
-9
61
25
13
50
58
-25
-51
76
32
-87
-35
63
-14
-104
-12
75
-21
-86
0
72
0
-115
-32
78
-6
-61
45
61
-61
-68
49
25
-73
12
69
15
-19
14
56
4
-29
-10
44
58
53
9
-29
17
40
-40
-57
15
46
4
-7
13
0
-22
-35
-26
-19
4
32
32
-4
-30
30
45
-39
-54
-21
29
-15
-17
7
-19
-26
-18
-7
-45
17
39
8
-5
-20
-3
17
-27
-79
-69
65
71
-49
-29
31
39
-77
-76
-8
39
14
-17
-12
5
13
-3
-15
-36
-4
48
18
11
12
-15
2
9
-28
-47
-5
29
11
-10
16
20
25
-4
-49
-10
75
43
-24
1
38
23
-3
11
32
56
31
49
67
7
4
42
47
0
14
84
48
-16
-39
-17
1
-2
-24
-48
-1
21
-11
-21
14
19
-24
-26
11
3
-12
3
6
-28
-30
30
7
-65
-42
68
14
-93
-35
2
-20
-59
-31
18
2
-28
-71
-51
-21
-2
-57
-80
2
-3
-36
-53
-37
-30
-57
-84
-37
-11
-46
-67
-58
-48
-67
-83
-76
-69
-58
-35
-1
-23
-31
-7
-11
-21
8
70
63
74
84
114
146
117
131
171
165
183
217
194
159
176
177
160
160
143
149
126
104
84
75
75
85
35
-35
-18
37
28
-17
-40
-23
-5
-53
-88
-93
-78
-103
-116
-69
-53
-62
-84
-89
-114
-129
-103
-77
-36
-55
-98
-72
-30
-90
-135
-60
-33
-68
-31
1
-52
-167
-207
-235
-293
-340
-312
-288
-326
-392
-383
-374
-423
-417
-349
-273
-253
-182
-116
-89
-107
-59
50
127
220
312
394
423
437
483
523
541
591
642
682
673
653
633
583
524
482
450
401
331
239
157
47
-52
-121
-186
-236
-279
-301
-320
-365
-380
-384
-359
-326
-271
-202
-196
-157
-96
-60
-19
37
78
123
181
197
191
197
210
186
153
158
151
91
33
0
-19
-48
-76
-116
-168
-197
-241
-279
-260
-270
-310
-330
-339
-334
-321
-274
-234
-211
-162
-111
-78
-37
20
18
-37
-118
-189
-257
-307
-327
-367
-426
-505
-542
-558
-584
-592
-577
-527
-487
-428
-347
-299
-247
-163
-43
97
251
384
493
593
683
797
909
973
1043
1099
1148
1172
1158
1136
1078
1019
972
914
847
742
602
464
324
207
97
-30
-164
-284
-399
-471
-533
-587
-640
-718
-772
-790
-768
-743
-700
-676
-629
-557
-465
-362
-278
-191
-100
3
104
212
281
313
329
377
435
450
444
419
367
303
263
215
161
82
5
-68
-136
-186
-240
-317
-374
-417
-438
-454
-470
-462
-461
-471
-448
-378
-281
-242
-260
-204
-102
-51
-30
-13
21
57
102
177
243
295
338
337
200
-78
-395
-578
-543
-441
-424
-548
-749
-977
-1108
-1064
-928
-789
-724
-680
-605
-518
-445
-359
-239
-32
288
606
803
860
859
913
1078
1322
1564
1717
1694
1574
1521
1527
1503
1450
1409
1339
1205
1033
848
611
359
181
114
82
-25
-266
-564
-820
-950
-957
-904
-918
-1025
-1137
-1175
-1152
-1089
-1005
-911
-809
-671
-490
-371
-311
-280
-166
28
259
445
516
485
419
456
567
661
690
620
517
425
357
295
202
100
6
-42
-95
-180
-320
-459
-534
-521
-444
-405
-443
-506
-584
-602
-539
-470
-406
-376
-371
-324
-244
-138
0
114
261
422
489
321
-109
-541
-696
-541
-289
-250
-480
-867
-1224
-1356
-1223
-978
-804
-802
-888
-938
-905
-793
-634
-432
-140
225
525
646
624
663
840
1135
1546
1887
1949
1800
1646
1652
1812
1977
2022
1927
1727
1471
1254
1111
974
818
676
542
376
133
-178
-499
-711
-748
-691
-692
-844
-1082
-1304
-1403
-1342
-1176
-1015
-985
-1046
-1092
-1059
-914
-721
-514
-313
-192
-115
-50
30
143
303
485
608
697
689
628
579
591
643
665
652
555
384
222
119
36
6
-23
-103
-230
-360
-444
-491
-489
-470
-455
-457
-482
-488
-489
-482
-420
-360
-296
-247
-244
-291
-302
-223
-67
91
136
106
135
255
436
469
162
-468
-1041
-1133
-738
-308
-314
-806
-1477
-1873
-1752
-1252
-794
-709
-956
-1234
-1233
-945
-535
-220
-51
142
429
703
848
886
987
1292
1715
2106
2233
2052
1768
1667
1945
2328
2478
2244
1773
1379
1206
1226
1259
1131
811
423
119
-56
-206
-375
-586
-760
-848
-893
-1025
-1252
-1455
-1482
-1331
-1169
-1168
-1359
-1556
-1473
-1077
-671
-486
-522
-611
-559
-258
161
484
554
472
426
552
765
916
930
836
759
770
769
640
442
313
253
228
200
93
-151
-402
-487
-400
-307
-342
-498
-692
-762
-699
-546
-442
-433
-473
-499
-486
-438
-375
-293
-180
-83
-41
5
59
142
338
552
583
188
-541
-1141
-1134
-577
-85
-176
-885
-1697
-2029
-1722
-1066
-573
-629
-1096
-1549
-1537
-1051
-440
-71
-4
23
166
388
584
787
1047
1382
1716
1939
1966
1804
1658
1772
2169
2505
2496
2081
1581
1304
1360
1549
1586
1303
778
308
67
44
41
-89
-389
-730
-953
-1052
-1081
-1158
-1262
-1298
-1270
-1270
-1322
-1412
-1452
-1376
-1099
-756
-603
-631
-719
-636
-321
69
365
426
335
287
406
679
907
981
907
744
662
670
693
667
558
451
344
208
70
-57
-146
-190
-212
-249
-362
-534
-670
-658
-544
-430
-394
-463
-587
-626
-555
-406
-290
-255
-269
-278
-255
-204
-51
133
271
361
440
409
92
-518
-1021
-1013
-481
7
-159
-914
-1720
-1984
-1580
-876
-427
-545
-1131
-1664
-1636
-1012
-258
99
10
-180
-137
178
587
932
1164
1354
1508
1626
1705
1714
1731
1881
2168
2362
2246
1851
1478
1383
1555
1737
1651
1216
643
262
181
319
353
126
-355
-789
-965
-914
-803
-855
-1068
-1264
-1336
-1347
-1318
-1307
-1318
-1294
-1155
-932
-801
-812
-825
-682
-361
-8
183
172
90
138
376
694
905
868
701
558
589
740
847
806
611
436
313
289
263
187
74
-78
-155
-201
-260
-358
-442
-458
-448
-429
-473
-553
-611
-594
-460
-338
-321
-415
-508
-500
-377
-176
-7
44
12
36
187
344
294
-164
-765
-1063
-828
-321
-144
-523
-1241
-1734
-1689
-1150
-616
-535
-888
-1384
-1525
-1126
-527
-111
-62
-202
-209
46
440
766
996
1145
1273
1437
1590
1678
1731
1823
1987
2170
2165
1966
1690
1536
1612
1712
1658
1352
916
570
467
500
465
244
-130
-506
-728
-728
-661
-720
-915
-1134
-1271
-1274
-1228
-1212
-1212
-1261
-1261
-1167
-991
-847
-795
-719
-575
-382
-169
-20
62
147
304
470
602
676
670
651
644
709
782
793
679
516
428
411
408
335
231
109
-18
-104
-151
-180
-237
-307
-391
-445
-479
-519
-523
-542
-515
-496
-496
-527
-580
-529
-425
-342
-273
-174
-95
-33
46
102
67
-238
-671
-962
-907
-592
-382
-541
-1044
-1534
-1613
-1251
-812
-627
-793
-1145
-1346
-1137
-612
-128
37
-39
-122
29
361
753
1051
1216
1291
1379
1489
1599
1756
1881
2004
2087
2053
1921
1731
1606
1631
1679
1616
1343
971
665
522
506
470
296
-35
-400
-619
-664
-619
-670
-837
-1046
-1202
-1221
-1175
-1144
-1167
-1222
-1259
-1220
-1062
-883
-774
-702
-642
-505
-306
-120
33
170
278
386
487
570
644
701
741
765
761
703
634
574
529
513
475
373
225
102
2
-57
-88
-133
-207
-313
-424
-481
-491
-487
-505
-528
-558
-541
-535
-554
-591
-564
-481
-380
-326
-296
-224
-112
34
197
247
63
-334
-742
-881
-695
-394
-283
-566
-1135
-1517
-1479
-1064
-650
-570
-849
-1214
-1339
-1057
-509
-108
-17
-116
-175
-33
296
715
1030
1180
1208
1259
1351
1502
1697
1907
2060
2040
1920
1755
1668
1668
1751
1764
1575
1231
910
710
650
658
547
268
-93
-413
-535
-555
-573
-648
-836
-1020
-1173
-1225
-1224
-1220
-1238
-1236
-1211
-1150
-1047
-949
-844
-698
-518
-392
-272
-179
-63
112
294
456
494
499
515
582
709
768
758
638
540
501
516
514
452
334
183
74
23
-13
-84
-158
-240
-328
-371
-435
-515
-563
-579
-547
-509
-518
-577
-627
-613
-512
-402
-296
-221
-171
-80
30
140
174
-18
-400
-758
-866
-659
-382
-350
-695
-1229
-1530
-1364
-946
-633
-660
-980
-1271
-1241
-851
-372
-87
-95
-194
-170
61
457
799
1015
1132
1213
1290
1405
1566
1757
1944
2050
2027
1928
1791
1700
1740
1814
1775
1530
1180
906
764
732
686
499
174
-171
-415
-505
-497
-552
-715
-952
-1153
-1221
-1205
-1156
-1164
-1223
-1298
-1329
-1237
-1060
-883
-760
-706
-640
-539
-362
-163
41
207
307
358
383
480
601
719
774
756
679
612
597
595
586
523
410
275
134
56
12
-26
-78
-186
-295
-394
-464
-486
-496
-519
-556
-585
-579
-568
-583
-581
-565
-532
-474
-414
-322
-205
-74
55
124
173
145
-70
-389
-679
-762
-591
-371
-394
-768
-1226
-1459
-1261
-875
-623
-692
-1016
-1240
-1147
-742
-315
-100
-126
-190
-113
154
537
850
1023
1133
1222
1327
1472
1628
1810
1957
2019
2021
1898
1787
1754
1803
1831
1706
1423
1096
858
760
737
667
395
55
-252
-451
-476
-519
-603
-777
-1001
-1180
-1233
-1230
-1229
-1273
-1302
-1310
-1261
-1144
-1039
-906
-787
-645
-516
-369
-230
-89
93
263
382
458
503
555
652
727
777
739
658
591
568
582
534
463
345
204
109
56
1
-67
-168
-273
-366
-434
-497
-552
-588
-595
-618
-628
-605
-609
-599
-615
-592
-516
-422
-286
-156
-89
-10
106
160
116
-89
-414
-679
-746
-576
-369
-435
-801
-1248
-1446
-1239
-868
-674
-780
-1045
-1218
-1103
-735
-357
-141
-142
-168
-53
221
549
818
1018
1140
1266
1386
1504
1655
1844
1994
2056
2011
1901
1807
1766
1791
1795
1663
1371
1068
859
747
674
562
306
-23
-309
-474
-569
-632
-701
-856
-1042
-1185
-1288
-1333
-1311
-1279
-1256
-1193
-1148
-1103
-1014
-881
-670
-485
-342
-236
-139
9
211
404
548
615
632
646
693
759
801
790
708
607
545
507
433
366
276
146
26
-64
-148
-239
-313
-359
-409
-458
-547
-616
-627
-599
-561
-573
-627
-674
-644
-526
-437
-391
-339
-282
-164
-13
126
196
203
110
-126
-404
-639
-717
-601
-474
-532
-868
-1255
-1431
-1277
-974
-778
-832
-1077
-1227
-1136
-801
-418
-152
-87
-76
2
255
597
898
1126
1267
1368
1467
1578
1730
1916
2062
2116
2066
1931
1795
1731
1749
1759
1633
1364
1021
752
616
549
449
235
-95
-392
-578
-688
-749
-798
-925
-1095
-1235
-1355
-1399
-1417
-1352
-1239
-1099
-1028
-1047
-1035
-927
-637
-344
-134
-76
-91
10
222
520
736
813
732
646
671
774
877
855
726
579
483
410
340
267
161
55
-39
-151
-256
-360
-411
-429
-436
-454
-544
-639
-683
-630
-547
-503
-540
-622
-639
-568
-438
-329
-246
-200
-128
-8
118
260
279
188
-88
-484
-736
-770
-582
-442
-567
-947
-1345
-1509
-1349
-1044
-841
-894
-1104
-1239
-1137
-774
-396
-119
14
34
127
322
611
966
1228
1418
1533
1597
1659
1786
1972
2157
2238
2172
1988
1819
1730
1762
1768
1631
1367
1025
737
549
471
363
156
-180
-488
-705
-821
-851
-903
-1016
-1158
-1309
-1440
-1547
-1545
-1413
-1155
-1014
-1058
-1143
-1113
-827
-449
-108
14
-10
-22
107
402
706
887
879
741
664
723
824
869
804
660
557
477
316
137
92
23
-87
-153
-239
-378
-583
-631
-543
-515
-555
-626
-739
-794
-689
-507
-440
-497
-566
-591
-485
-329
-183
-127
-138
-91
98
281
350
284
102
-131
-421
-627
-709
-649
-617
-697
-949
-1272
-1448
-1402
-1187
-989
-932
-1034
-1109
-1072
-800
-427
-99
91
158
259
446
742
1067
1360
1551
1656
1738
1817
1908
2029
2152
2210
2190
2099
1927
1763
1650
1580
1498
1294
987
660
398
206
102
-54
-284
-536
-785
-933
-1034
-1076
-1132
-1268
-1427
-1540
-1506
-1342
-1216
-1115
-1102
-1068
-936
-736
-482
-292
-126
-2
134
274
406
559
681
759
835
869
866
827
769
736
674
619
522
354
195
50
-20
-63
-148
-264
-388
-488
-561
-577
-572
-607
-661
-702
-704
-679
-641
-609
-576
-528
-475
-423
-384
-349
-259
-118
15
102
115
113
100
72
-46
-314
-644
-853
-837
-675
-621
-823
-1179
-1483
-1492
-1262
-1009
-904
-964
-1059
-1013
-757
-419
-119
74
177
329
526
794
1067
1281
1479
1655
1810
1916
1957
1953
1991
2082
2155
2131
1990
1770
1553
1424
1339
1246
1053
760
451
193
37
-85
-232
-431
-647
-836
-943
-1004
-1056
-1154
-1280
-1332
-1334
-1218
-1125
-1095
-1063
-1027
-835
-612
-420
-317
-273
-142
28
244
436
527
564
576
622
693
774
753
680
594
508
474
397
315
190
71
-43
-133
-216
-320
-390
-464
-498
-512
-517
-566
-606
-636
-601
-524
-465
-468
-509
-511
-480
-400
-330
-280
-247
-227
-193
-110
-6
80
137
151
135
69
-76
-289
-544
-731
-732
-618
-546
-618
-846
-1088
-1188
-1087
-867
-709
-638
-650
-667
-572
-374
-135
74
264
416
556
718
883
1042
1196
1338
1485
1608
1694
1709
1680
1683
1684
1688
1690
1601
1421
1221
1041
903
810
691
522
309
99
-74
-223
-335
-437
-545
-645
-723
-781
-848
-885
-912
-944
-955
-947
-910
-825
-729
-633
-582
-525
-418
-337
-193
-98
-20
46
103
221
292
337
344
344
354
341
336
259
166
82
46
32
-12
-97
-182
-254
-303
-291
-277
-272
-293
-322
-328
-323
-304
-293
-296
-327
-346
-291
-245
-199
-206
-227
-232
-219
-161
-138
-128
-149
-146
-123
-102
-65
-50
-25
21
61
54
41
45
37
42
56
41
-2
-24
-10
6
8
-17
-57
-105
-109
-87
-65
-43
-50
-74
-49
-3
13
31
57
80
126
186
229
270
302
313
349
380
420
440
457
470
464
473
470
456
438
407
391
369
354
336
304
280
238
206
174
149
131
99
61
51
21
-10
-35
-69
-107
-144
-174
-186
-206
-211
-227
-244
-236
-241
-257
-244
-248
-257
-236
-231
-216
-226
-237
-216
-187
-153
-137
-146
-143
-138
-118
-90
-75
-79
-64
-54
-39
-47
-47
-58
-81
-83
-66
-52
-60
-62
-104
-134
-147
-117
-83
-82
-92
-125
-149
-146
-106
-83
-84
-66
-72
-51
-31
-15
1
6
26
42
50
65
68
57
64
90
102
119
142
148
151
166
177
147
96
60
26
26
28
-10
-35
-73
-104
-114
-142
-171
-178
-185
-170
-163
-176
-177
-168
-148
-136
-94
-62
-11
23
41
77
124
163
205
261
310
376
438
457
471
480
490
506
522
547
531
512
474
441
377
317
265
241
214
161
103
20
-32
-92
-156
-214
-250
-237
-247
-263
-296
-309
-286
-287
-288
-337
-376
-321
-256
-201
-183
-187
-195
-207
-185
-184
-176
-163
-154
-107
-66
-68
-113
-167
-151
-79
-33
-20
-49
-92
-71
-67
-79
-111
-135
-114
-108
-121
-144
-145
-130
-87
-26
21
34
22
-23
-22
15
71
101
75
17
-70
-147
-181
-184
-208
-238
-268
-267
-243
-222
-243
-300
-358
-355
-269
-174
-115
-95
-50
21
84
145
180
259
330
424
536
628
679
657
644
655
678
722
750
759
741
697
626
575
524
433
340
281
242
199
161
80
-13
-139
-271
-394
-467
-476
-455
-423
-409
-400
-459
-472
-455
-468
-434
-390
-296
-181
-77
-23
-15
-9
-31
-16
48
116
154
182
202
231
228
164
97
-6
-48
-39
-38
-63
-93
-101
-71
-59
-121
-198
-242
-231
-201
-155
-130
-125
-146
-199
-222
-251
-272
-241
-179
-85
-15
-3
-16
7
87
170
256
304
240
31
-296
-606
-798
-818
-752
-688
-690
-774
-904
-1046
-1128
-1100
-969
-788
-565
-338
-129
19
120
256
399
596
840
1081
1319
1493
1594
1651
1661
1628
1586
1549
1509
1474
1427
1345
1203
994
752
503
282
111
-38
-183
-300
-435
-572
-695
-814
-905
-969
-1003
-992
-944
-865
-802
-803
-837
-885
-816
-635
-358
-92
79
171
212
281
361
433
504
549
613
659
669
637
524
395
271
175
128
62
-31
-105
-192
-292
-393
-465
-529
-568
-567
-512
-457
-406
-352
-318
-238
-178
-97
-18
39
106
128
106
71
6
-53
-69
-50
-27
16
58
44
32
29
48
31
-123
-513
-1105
-1724
-2082
-2077
-1783
-1478
-1318
-1286
-1361
-1394
-1352
-1258
-1100
-848
-440
71
576
1004
1323
1542
1671
1752
1808
1890
2044
2242
2436
2555
2532
2386
2088
1750
1416
1119
916
721
533
348
113
-183
-459
-744
-1001
-1202
-1320
-1335
-1257
-1129
-1017
-920
-857
-797
-703
-543
-364
-148
78
278
443
570
592
525
422
334
331
377
422
451
403
312
189
35
-119
-264
-370
-429
-450
-448
-430
-414
-401
-417
-453
-492
-510
-486
-412
-280
-106
28
119
152
165
191
249
304
375
419
421
397
369
329
232
101
-49
-209
-327
-394
-429
-450
-476
-496
-478
-440
-375
-264
-188
-196
-409
-895
-1548
-2092
-2335
-2207
-1875
-1529
-1258
-1056
-887
-753
-683
-665
-611
-451
-114
361
911
1461
1895
2150
2223
2180
2091
1984
1936
1960
1991
2044
2076
2008
1822
1543
1167
765
381
26
-249
-434
-512
-540
-591
-675
-827
-977
-1093
-1144
-1125
-1028
-867
-654
-414
-171
76
277
381
434
453
476
519
606
677
680
609
453
283
109
-46
-166
-274
-358
-433
-470
-483
-502
-531
-559
-583
-609
-587
-543
-459
-354
-268
-192
-124
-65
19
115
193
236
252
240
263
296
327
369
392
380
327
265
186
102
-1
-117
-247
-367
-462
-505
-542
-576
-599
-588
-523
-425
-281
-161
-17
119
194
77
-340
-970
-1637
-2069
-2209
-2081
-1853
-1580
-1280
-963
-689
-526
-472
-474
-458
-356
-112
293
825
1362
1844
2186
2393
2453
2372
2190
1965
1768
1642
1607
1606
1607
1554
1398
1167
822
405
-31
-463
-774
-966
-1058
-1068
-1011
-917
-802
-704
-659
-658
-678
-679
-629
-478
-254
51
350
590
781
882
926
887
790
657
521
376
209
79
-29
-118
-200
-311
-408
-517
-620
-719
-784
-796
-769
-712
-626
-493
-388
-272
-186
-129
-72
-25
56
130
186
252
322
393
440
454
439
399
356
317
268
210
164
106
35
-26
-111
-196
-307
-421
-540
-672
-738
-765
-744
-665
-567
-418
-254
-59
118
290
369
197
-252
-891
-1527
-1974
-2160
-2149
-2023
-1804
-1451
-1054
-654
-357
-205
-151
-146
-125
1
255
639
1094
1547
1969
2298
2529
2584
2485
2266
1978
1676
1409
1199
1043
970
937
872
749
547
239
-98
-481
-839
-1138
-1349
-1426
-1350
-1164
-910
-607
-362
-186
-91
-40
-1
30
78
155
309
488
692
891
1044
1115
1060
923
658
334
-12
-342
-611
-774
-831
-809
-736
-669
-615
-588
-590
-621
-660
-668
-660
-586
-447
-258
-30
208
401
531
600
597
546
466
374
302
252
220
231
239
265
269
233
139
19
-119
-248
-395
-512
-614
-678
-697
-701
-665
-628
-596
-561
-491
-409
-309
-191
-64
75
254
386
380
119
-355
-946
-1469
-1824
-2035
-2120
-2064
-1837
-1460
-995
-500
-88
180
310
351
372
430
565
772
1051
1377
1761
2124
2428
2582
2568
2409
2126
1761
1373
996
674
458
302
200
115
33
-55
-203
-408
-654
-930
-1174
-1327
-1367
-1272
-1081
-821
-520
-226
72
346
547
644
655
614
572
545
542
570
635
684
698
696
601
388
91
-232
-536
-778
-971
-1096
-1121
-1061
-938
-743
-544
-362
-204
-123
-81
-65
-70
-49
-8
64
161
283
440
568
658
667
613
508
354
175
-42
-200
-305
-367
-375
-356
-328
-310
-313
-362
-439
-535
-641
-730
-804
-806
-750
-624
-460
-271
-43
166
358
507
612
658
580
296
-148
-685
-1218
-1627
-1896
-2025
-2045
-1909
-1637
-1257
-834
-422
-88
155
295
362
432
543
714
913
1148
1463
1784
2092
2352
2498
2520
2400
2157
1820
1441
1041
691
360
97
-78
-199
-248
-269
-318
-429
-562
-735
-894
-1029
-1109
-1118
-1053
-905
-689
-413
-86
234
486
669
776
821
801
736
645
541
439
375
332
269
155
0
-150
-317
-471
-620
-763
-881
-944
-941
-852
-723
-560
-366
-191
-28
97
189
252
280
266
234
200
182
174
168
173
167
176
178
155
125
37
-89
-224
-354
-433
-480
-492
-456
-434
-397
-352
-294
-254
-222
-225
-266
-316
-349
-350
-297
-174
-55
84
209
348
507
585
510
241
-185
-683
-1194
-1641
-2014
-2257
-2335
-2229
-1929
-1488
-949
-369
106
483
750
917
1037
1092
1109
1138
1217
1356
1574
1824
2071
2281
2386
2358
2203
1929
1592
1168
710
245
-156
-491
-702
-792
-816
-778
-746
-683
-638
-604
-595
-619
-655
-680
-656
-581
-440
-241
-11
266
529
790
998
1123
1153
1091
942
716
449
145
-125
-377
-566
-696
-755
-745
-699
-623
-568
-517
-474
-433
-402
-392
-378
-333
-273
-207
-100
15
137
238
309
373
392
391
355
265
161
29
-86
-163
-217
-257
-251
-231
-212
-192
-163
-155
-177
-245
-325
-388
-443
-472
-489
-457
-406
-315
-208
-103
11
115
202
297
392
453
425
278
-9
-409
-856
-1270
-1654
-1950
-2145
-2238
-2138
-1874
-1458
-964
-445
29
439
765
1009
1186
1275
1327
1347
1377
1457
1584
1721
1865
1985
2066
2079
2015
1845
1583
1244
830
394
-28
-367
-663
-868
-974
-1038
-1010
-909
-803
-688
-579
-511
-448
-411
-374
-310
-215
-101
46
199
392
605
791
960
1030
1056
984
820
598
333
55
-225
-493
-725
-864
-924
-902
-823
-702
-569
-448
-300
-186
-123
-91
-110
-126
-142
-143
-103
-44
31
124
210
270
323
333
307
248
163
51
-64
-182
-274
-336
-373
-372
-356
-330
-264
-201
-165
-146
-134
-135
-173
-220
-269
-327
-361
-355
-320
-226
-118
-7
117
230
345
422
416
312
63
-297
-704
-1118
-1479
-1780
-1991
-2092
-2037
-1814
-1458
-1017
-527
-42
391
757
1049
1244
1348
1382
1371
1355
1355
1394
1453
1539
1645
1739
1797
1800
1723
1581
1332
994
607
217
-160
-491
-741
-943
-1069
-1097
-1030
-908
-743
-583
-426
-298
-197
-120
-51
2
35
84
144
220
327
452
574
689
765
765
692
561
381
164
-97
-356
-587
-767
-868
-892
-827
-724
-573
-410
-234
-74
27
92
111
106
46
-6
-33
-75
-89
-86
-42
34
124
187
231
249
216
155
55
-59
-202
-343
-452
-521
-541
-527
-492
-416
-304
-188
-101
-29
43
60
59
29
-58
-136
-198
-218
-220
-199
-138
-19
105
238
345
355
252
36
-266
-643
-1019
-1380
-1696
-1938
-2064
-2026
-1805
-1447
-988
-491
-3
469
890
1239
1487
1621
1648
1592
1511
1439
1380
1357
1374
1396
1449
1497
1529
1519
1419
1242
979
666
326
-43
-394
-706
-958
-1130
-1210
-1180
-1063
-889
-686
-474
-270
-72
53
138
190
187
164
141
149
159
181
211
268
328
375
384
383
360
288
193
87
-26
-162
-281
-398
-472
-511
-519
-468
-388
-292
-193
-116
-46
-18
-14
-29
-68
-125
-194
-226
-241
-245
-220
-191
-144
-73
-4
51
60
48
15
-41
-96
-151
-215
-266
-303
-313
-303
-281
-241
-228
-198
-167
-139
-109
-97
-90
-87
-77
-52
-15
22
48
38
-48
-188
-359
-556
-779
-981
-1153
-1296
-1376
-1349
-1257
-1046
-774
-454
-120
224
566
864
1111
1285
1375
1414
1426
1403
1379
1334
1301
1240
1211
1191
1162
1129
1056
942
791
619
421
193
-50
-290
-495
-665
-783
-832
-820
-757
-648
-520
-397
-244
-114
-9
71
103
106
100
92
82
67
65
71
114
167
222
278
311
341
332
315
247
159
44
-81
-195
-306
-374
-428
-453
-452
-424
-354
-286
-220
-163
-128
-99
-117
-139
-172
-223
-271
-292
-313
-316
-281
-234
-164
-92
-22
21
47
51
50
13
-44
-112
-189
-241
-275
-290
-300
-284
-245
-185
-126
-45
38
95
145
167
157
124
47
-77
-250
-434
-615
-801
-954
-1064
-1120
-1119
-1047
-914
-737
-505
-249
7
239
442
629
800
936
1035
1103
1142
1165
1188
1186
1178
1155
1106
1052
998
951
864
768
634
495
333
145
-21
-178
-310
-419
-492
-542
-557
-534
-472
-399
-336
-276
-208
-150
-83
-28
9
32
44
66
100
148
187
250
302
351
382
394
383
343
251
157
47
-96
-207
-322
-404
-465
-498
-508
-502
-483
-440
-405
-367
-326
-297
-266
-262
-266
-258
-237
-230
-195
-142
-84
-9
61
135
199
241
264
267
254
219
164
91
-16
-117
-208
-293
-364
-409
-412
-393
-348
-287
-209
-140
-85
-48
-51
-94
-188
-308
-423
-549
-666
-746
-797
-795
-726
-617
-458
-266
-78
132
324
483
610
686
730
739
717
694
662
627
626
620
627
643
651
675
683
667
624
554
488
390
276
175
73
-20
-100
-145
-164
-138
-95
-41
24
72
120
142
147
144
141
118
80
42
3
-32
-59
-66
-70
-74
-73
-59
-68
-80
-86
-99
-113
-159
-195
-243
-287
-321
-363
-392
-434
-446
-440
-410
-360
-301
-249
-212
-170
-122
-78
-44
-20
-14
-5
13
22
41
75
81
112
113
108
107
72
47
14
-37
-97
-144
-171
-210
-236
-251
-248
-234
-233
-248
-241
-251
-265
-301
-333
-367
-389
-404
-412
-381
-354
-296
-207
-121
-20
78
176
282
368
437
482
531
547
554
552
547
536
514
498
492
496
486
473
455
424
388
340
290
233
182
136
88
65
56
42
35
38
51
53
75
100
113
125
139
144
134
127
98
66
12
-26
-79
-134
-154
-197
-226
-254
-268
-268
-275
-280
-285
-281
-284
-281
-274
-255
-238
-227
-197
-181
-168
-150
-127
-106
-80
-72
-65
-73
-73
-59
-71
-77
-78
-85
-97
-114
-133
-139
-144
-142
-161
-170
-170
-190
-185
-208
-237
-280
-306
-338
-379
-418
-448
-473
-490
-463
-417
-357
-278
-182
-91
16
135
232
311
393
459
499
543
572
582
603
608
602
605
593
591
580
570
544
506
477
433
385
328
263
212
160
108
48
12
-23
-44
-47
-38
-22
-10
9
19
22
32
20
31
20
12
4
-32
-30
-34
-60
-55
-52
-55
-46
-47
-60
-66
-91
-91
-99
-112
-123
-136
-147
-160
-170
-201
-202
-202
-206
-215
-209
-225
-224
-238
-252
-247
-271
-270
-278
-277
-282
-274
-247
-234
-187
-145
-119
-104
-76
-45
-39
-40
-57
-81
-127
-161
-191
-214
-230
-243
-253
-247
-216
-189
-145
-104
-83
-31
12
37
62
86
120
134
170
210
242
266
318
333
358
413
440
453
454
463
438
417
400
362
327
294
243
216
184
169
151
139
126
131
129
114
123
133
132
119
126
126
122
100
88
82
61
39
19
4
-16
-39
-42
-59
-79
-99
-121
-130
-136
-147
-164
-175
-191
-200
-209
-222
-210
-200
-190
-185
-182
-145
-134
-136
-126
-138
-151
-160
-187
-206
-222
-232
-233
-244
-242
-250
-253
-248
-232
-229
-205
-184
-179
-161
-168
-174
-182
-182
-185
-188
-182
-180
-146
-108
-64
-7
39
80
141
189
229
258
279
286
273
256
222
202
180
169
169
179
184
195
216
231
256
267
279
274
274
262
250
224
197
194
205
202
206
217
227
226
225
227
211
194
178
139
116
90
45
7
-32
-53
-74
-86
-84
-82
-91
-100
-89
-83
-80
-69
-73
-91
-97
-118
-139
-153
-168
-187
-199
-208
-217
-221
-233
-234
-230
-244
-248
-256
-273
-259
-272
-284
-274
-272
-256
-241
-223
-204
-200
-168
-151
-139
-135
-125
-117
-107
-100
-92
-79
-81
-67
-44
-28
-7
26
43
66
93
107
112
128
138
145
158
153
146
143
147
159
160
160
177
173
175
177
191
211
241
255
272
284
280
293
301
296
280
278
270
258
237
229
211
194
185
166
156
132
114
90
79
48
41
30
11
3
-12
-20
-36
-49
-71
-82
-111
-126
-144
-181
-202
-220
-231
-248
-259
-273
-272
-276
-279
-273
-255
-246
-237
-227
-203
-185
-170
-149
-145
-118
-112
-94
-89
-89
-87
-96
-109
-121
-132
-148
-150
-151
-147
-148
-142
-125
-98
-76
-69
-52
-34
-27
-1
19
19
40
63
76
104
126
138
166
178
188
193
200
216
212
202
195
188
178
178
179
159
165
153
132
120
117
127
125
112
117
123
113
123
115
131
128
99
87
79
66
53
46
40
38
38
33
40
37
38
30
23
18
-16
-39
-56
-69
-86
-108
-124
-131
-138
-154
-154
-149
-160
-160
-146
-140
-145
-143
-137
-132
-129
-133
-132
-110
-105
-101
-86
-87
-73
-63
-66
-72
-84
-90
-104
-105
-111
-124
-112
-100
-95
-83
-65
-41
-21
16
47
61
82
91
101
103
107
100
95
93
82
72
69
72
61
56
57
48
56
50
57
70
67
75
83
92
93
94
80
75
70
69
67
77
79
79
104
111
109
111
115
110
110
106
86
68
55
42
36
26
5
-13
-14
-30
-35
-46
-60
-67
-72
-80
-74
-73
-76
-74
-80
-75
-79
-89
-96
-88
-77
-82
-96
-65
-54
-66
-64
-70
-75
-92
-110
-107
-101
-99
-113
-101
-90
-82
-73
-69
-44
-27
-7
12
24
34
47
50
51
67
75
72
68
67
66
58
46
48
40
22
6
-7
-11
-12
-17
-23
-23
-17
-17
-16
-12
-15
0
10
12
32
32
38
44
40
51
54
49
59
57
50
43
46
46
42
43
28
32
21
15
2
-5
3
4
12
1
-2
0
2
14
11
8
-2
1
10
12
18
14
15
15
8
6
-4
-8
-10
-6
-13
-11
-3
0
1
-3
-3
-13
-20
-27
-42
-38
-42
-52
-36
-30
-22
-13
-9
-8
9
2
11
27
22
21
21
15
26
16
-2
-4
-14
-11
-12
-3
-7
-2
-7
-23
-20
-16
-18
-16
-10
-19
-24
-22
-13
-14
-22
-18
-15
-3
8
-5
-5
7
8
4
-14
-26
-36
-37
-45
-58
-57
-61
-64
-58
-57
-54
-43
-39
-24
-29
-20
-16
-15
1
20
37
34
36
43
66
60
52
64
70
77
79
77
90
81
57
60
41
36
24
10
11
0
-6
-7
-6
-12
-28
-43
-39
-25
-19
-18
-17
-18
-8
-4
3
17
41
42
29
32
26
30
13
1
-6
-12
2
-5
-10
-13
-21
-10
-20
-7
-6
-11
-14
-2
1
-7
11
13
30
37
32
35
42
32
31
25
20
15
10
1
-11
-15
-24
-17
-28
-34
-45
-56
-58
-59
-58
-52
-52
-35
-24
-18
-11
0
3
1
5
7
5
1
3
0
8
11
11
13
6
5
5
4
1
-11
-12
-18
-27
-32
-33
-19
-13
-14
2
-2
5
11
13
15
19
25
31
12
29
30
26
22
22
25
15
17
1
-6
-6
-4
-17
-28
-34
-34
-52
-44
-35
-31
-25
-26
-18
-17
-7
4
1
8
10
6
14
16
40
39
24
36
31
31
33
24
10
-3
2
0
1
-4
-9
-10
-5
-6
-7
-3
2
14
5
10
17
19
25
28
27
26
23
16
11
9
10
-1
-5
-11
-9
-11
-26
-35
-30
-35
-37
-35
-39
-44
-40
-43
-42
-30
-32
-29
-24
-25
-4
17
11
19
30
34
35
50
56
48
55
61
51
48
46
30
24
18
19
7
8
0
-5
-8
-22
-30
-32
-24
-25
-17
-14
-5
-12
-8
5
-5
8
9
5
20
14
3
7
0
-3
-6
-7
-13
-24
-31
-38
-34
-45
-40
-45
-44
-26
-40
-20
-14
-17
-12
-4
-3
-2
1
26
32
38
52
62
56
48
50
35
24
15
2
-4
-3
-3
-12
-10
-10
-16
-10
1
-8
-12
-16
-19
-20
-17
-19
-7
7
20
25
21
34
23
31
35
29
35
32
35
36
23
6
-3
-25
-41
-40
-42
-56
-47
-46
-46
-41
-42
-35
-34
-28
-26
-27
-15
-2
1
7
8
3
18
20
6
13
20
21
21
16
0
-7
-11
-10
-23
-32
-41
-47
-53
-50
-47
-39
-23
-16
-5
6
11
24
29
30
51
53
54
41
41
38
39
39
25
27
12
6
-1
-4
-6
-7
-15
-17
-21
-27
-26
-34
-23
-18
-2
10
12
28
21
34
41
52
57
55
61
69
76
69
68
59
49
43
29
13
1
-1
-5
-4
1
-9
-8
-10
-6
-16
-14
-17
-22
-22
-20
-21
-21
-19
-16
-10
-13
-7
-6
-8
-13
-23
-33
-35
-33
-34
-38
-39
-49
-50
-49
-50
-57
-56
-65
-60
-55
-51
-42
-36
-40
-34
-22
-18
-12
-3
2
12
22
12
18
14
13
8
15
18
3
7
1
-1
-4
-2
-2
-16
-13
-12
-6
-6
-2
11
2
9
11
10
14
27
27
29
33
28
22
20
26
23
24
11
16
16
6
10
15
16
0
8
2
2
7
-2
1
11
9
9
14
25
35
38
47
42
51
47
50
48
38
48
41
47
34
33
33
21
18
16
10
4
-1
5
-6
-10
-16
-32
-39
-30
-26
-19
-21
-17
-14
-20
-16
-16
-13
-16
-21
-28
-31
-33
-26
-25
-18
-35
-43
-33
-43
-38
-41
-39
-47
-41
-29
-14
-3
-7
-1
5
-5
-6
-2
-7
-4
1
6
14
17
12
15
11
1
4
11
19
4
10
2
-5
-13
-17
-4
-12
-10
-11
-17
-21
-6
-9
-10
-10
-4
9
11
7
13
20
26
35
36
24
27
19
21
19
18
16
15
11
6
6
5
-6
-15
-10
-12
-20
-23
-13
-12
-9
-8
-1
2
4
9
10
20
21
7
7
20
23
8
14
9
14
16
8
1
-6
-9
-13
-8
1
-4
-15
-12
-11
-15
-18
-17
-20
-20
-17
-14
-17
-6
-9
-5
-2
1
-1
-4
-3
1
1
5
12
6
5
-2
2
3
-2
7
-10
-7
3
9
12
8
12
1
-6
0
-4
-9
-3
-7
-2
8
9
3
9
15
11
13
8
3
4
8
4
2
4
4
2
-2
6
13
7
5
8
3
-1
-3
9
8
16
16
16
8
2
10
10
18
13
8
0
4
-5
-8
-11
-10
-14
-25
-21
-10
-18
-19
-13
-25
-19
-24
-31
-34
-28
-23
-20
-15
-13
-9
-3
4
1
6
7
8
1
4
4
3
0
6
12
11
15
14
13
16
12
24
10
14
26
14
8
3
4
6
9
9
-3
-6
0
-8
-6
-5
-6
-18
-12
-5
-13
1
-3
-8
-13
-6
-9
-15
-15
-13
-4
-3
-3
5
0
-1
7
2
9
-9
-10
-4
-3
-4
4
1
-8
-4
-9
-1
-11
-6
-6
-15
-11
-12
-13
1
2
1
3
19
22
11
21
18
19
12
20
23
34
38
30
16
13
20
17
4
2
12
-2
1
5
9
11
2
-4
-7
-13
-25
-11
-19
-23
-27
-21
-14
-22
-17
-21
-12
-15
-13
-14
-20
-8
12
17
15
16
17
20
22
13
10
15
6
10
12
2
2
9
5
1
7
15
11
12
18
24
16
9
9
8
12
9
18
-1
4
3
0
-1
-11
-4
-5
-2
-6
-5
-15
-24
-12
-13
-15
-23
-19
-23
-27
-25
-24
-16
-25
-24
-19
-18
-17
-18
-11
-22
-33
-24
-13
-6
-11
-7
-5
-4
-5
-7
-4
-3
-10
-8
-13
-13
-6
0
0
5
9
-4
2
-2
-10
-13
-10
-2
2
2
7
10
19
18
13
26
26
32
22
17
21
24
20
12
14
11
6
11
3
-10
-6
-6
-10
5
14
2
5
-2
6
3
1
13
19
32
35
35
35
35
38
30
33
35
25
27
33
24
32
15
15
18
17
14
13
16
4
10
-4
0
-1
-7
-6
-11
-17
-20
-19
-31
-33
-28
-26
-23
-24
-22
-15
-30
-24
-22
-36
-26
-26
-17
-14
-17
-20
-18
-18
-11
-6
-7
-8
-20
-19
-33
-19
-14
-25
-21
-23
-21
-23
-12
-17
-6
-10
-14
-6
-16
-19
-15
-13
-9
-9
-20
-12
-16
-26
-23
-20
-8
-7
0
-3
3
15
18
28
28
41
37
32
19
22
35
49
45
39
44
32
27
20
22
22
13
8
0
-1
-3
2
-9
-9
-8
-5
-6
-3
1
-1
4
4
11
8
14
10
13
13
-3
2
-6
0
-3
-4
14
9
7
10
4
4
-2
-2
-4
-3
-6
6
16
5
-2
12
14
8
1
-2
11
7
0
-5
-3
-8
-4
-6
-10
-8
-12
-21
-15
-14
-15
-12
-10
-6
-6
-13
-12
-6
-12
-4
-3
-5
-9
-9
-1
-10
-12
-9
-16
-20
-17
-9
-11
-8
-14
-7
-5
-4
-2
2
-3
-4
3
-6
-8
5
20
22
19
35
31
29
22
31
21
22
15
10
21
36
27
23
17
11
18
12
9
-3
-1
-4
-12
-6
-5
-8
-12
-14
-11
-23
-17
-23
-23
-12
-19
-21
-16
-18
-16
0
-8
-14
-3
-4
-20
-14
-19
-20
-11
-8
-10
-10
-14
-13
-7
-11
-18
-17
-17
-10
-6
-2
2
2
10
13
21
17
18
22
29
14
13
25
17
26
25
3
9
6
1
4
-4
-12
-18
-13
-10
2
-5
-5
-6
-7
-2
-8
-19
-12
-18
-11
0
-4
0
-1
-5
-8
5
8
6
3
12
4
3
2
4
3
-8
6
8
3
-3
1
1
-6
10
18
12
21
28
20
31
20
24
19
24
34
20
29
20
15
16
11
10
-1
-6
-1
1
-2
0
3
0
-11
-13
-14
-16
-16
-14
-12
-19
-6
-10
-14
-23
-19
-13
-17
-14
-10
-5
-14
-3
-6
-3
-1
-4
-5
-7
-1
-7
1
-1
-10
-4
-7
-8
-7
-6
2
-6
2
0
6
3
12
17
10
19
0
5
-3
-1
-7
-22
-13
-14
-12
-12
-16
-20
-13
-18
-23
-20
-31
-37
-26
-21
-7
-9
-11
-9
0
-1
6
-2
-4
7
1
3
0
-4
6
13
7
4
2
1
5
5
5
10
9
6
0
10
5
15
15
10
27
16
23
21
23
31
27
44
39
35
31
23
22
25
27
14
26
17
22
12
4
4
-6
-7
-8
-2
-7
-13
-26
-26
-16
-18
-28
-16
-17
-25
-11
-9
-8
-9
-12
-3
-1
4
-2
0
-6
-8
2
4
13
12
10
6
2
-2
7
2
1
3
6
6
5
-4
-6
-8
-18
-5
-2
1
3
-5
-2
-3
-2
5
-13
-8
-1
-5
14
12
11
-3
9
7
-4
4
3
-1
-8
-19
-25
-22
-21
-26
-27
-26
-39
-29
-44
-30
-30
-33
-19
-23
-16
-12
-5
-3
0
-7
-12
-5
-9
-4
1
6
22
16
21
11
14
26
26
27
19
28
35
24
30
31
33
28
18
8
2
3
6
4
-4
-6
-4
-3
0
0
-7
