-34
-46
-42
-29
-31
-18
-31
-25
-27
-19
-16
-23
-22
-19
-32
-30
-21
-25
-18
-8
-4
-1
0
4
2
-9
-8
1
5
-2
4
19
16
22
18
9
6
8
9
15
10
20
20
8
19
13
17
16
8
2
-3
-1
0
-8
-6
-11
-15
-15
-16
-22
-17
-19
-17
-11
-8
-7
-3
0
-8
-6
-10
-9
-6
5
-5
-10
-16
-14
-5
-14
-3
6
8
-2
4
5
7
15
7
12
6
9
11
14
17
15
12
18
13
15
17
8
9
17
14
17
10
7
13
23
19
4
4
3
-2
6
15
18
24
21
25
19
21
20
17
15
10
9
-1
-5
0
-4
-10
-21
-6
-3
-21
-29
-29
-26
-27
-19
-17
-17
-22
-32
-8
-10
-13
-11
-6
-12
-13
-1
-3
1
16
9
12
12
-2
10
-8
-9
6
-3
-17
-5
-6
-2
-3
11
3
-2
19
8
6
6
12
11
8
10
9
13
29
39
31
21
14
10
13
1
-5
-13
-20
-12
-11
-15
-14
-9
-10
-23
-28
-35
-53
-45
-48
-36
-36
-35
-40
-27
-28
-18
-16
-22
-15
-30
-28
-19
-10
-13
-7
-1
1
10
7
6
9
3
6
14
29
26
26
22
30
31
40
47
37
27
36
34
33
24
7
19
15
13
8
-4
-3
-7
4
-5
6
13
0
6
15
8
-3
-11
-3
-7
-2
-4
-6
0
4
8
-3
-14
-8
-10
-21
-10
-9
-10
-9
-9
-7
5
-7
-1
12
10
10
7
6
4
3
-2
1
6
1
3
-6
4
11
7
13
11
12
10
10
15
7
18
16
13
12
17
22
4
12
10
-1
-2
-13
-20
-17
-19
-19
-20
-16
-18
-24
-11
-15
-18
-13
-16
-12
-24
-26
-18
-17
-4
-10
-19
-25
-15
-15
-25
-15
-22
-20
-10
-10
-8
-8
-2
-1
9
17
28
27
29
24
22
23
21
29
28
29
42
31
28
29
11
17
14
6
6
3
-4
-1
-10
-10
-6
0
-8
-8
-14
-17
-15
-13
-10
-4
-15
-17
-25
-23
-12
-17
-27
-33
-18
-17
-22
-24
-25
-15
-11
-13
-10
0
0
-2
12
4
16
10
14
13
6
12
6
13
26
20
19
21
16
15
12
17
8
12
15
12
21
23
12
6
15
11
8
2
-15
-1
15
15
5
0
22
35
18
6
1
7
1
-7
15
22
17
8
3
8
6
-9
-29
-32
-12
-14
-31
-33
-24
-21
-22
-16
-12
-11
-14
-10
-13
-9
-3
2
11
16
12
17
8
26
21
10
3
0
5
-6
-3
-13
-8
-15
-18
-21
-23
-7
-7
-2
-5
-12
0
5
-12
-11
5
11
5
-7
-4
11
12
-15
-42
-37
-13
-23
-39
-41
-19
-18
-20
-35
-28
-11
-24
-32
-36
-11
-18
-11
-19
-14
0
-15
-10
-5
23
13
-13
-4
15
31
14
7
35
53
26
6
15
31
52
37
4
35
64
58
25
24
50
44
23
-7
10
36
22
2
13
45
33
2
5
18
4
-7
-12
-4
5
-9
-31
-30
-4
-4
-28
-29
-6
6
-22
-55
-30
17
-27
-62
-57
-9
-1
-32
-29
-3
26
12
-2
-2
34
31
-12
-21
11
19
-5
-16
-11
18
28
-14
-4
25
22
1
-4
17
21
12
-3
22
30
15
-8
1
16
20
-6
-16
12
17
-9
-13
33
30
10
5
9
11
-8
-12
-11
9
-10
-18
-15
-9
-11
-6
-2
-5
3
4
-3
-13
-17
-19
-8
-9
-18
-33
-14
6
-9
-20
-9
-3
-11
-11
-9
5
11
-8
-10
7
17
10
4
14
15
-9
-2
8
1
-1
-1
19
11
-11
-16
-5
-4
-11
-13
-5
-7
-16
-18
-24
-22
-8
5
-21
-39
-20
13
-4
-43
-39
-14
15
6
-23
-7
16
13
-8
-7
14
13
-5
-18
-5
14
20
-7
-9
13
25
12
-14
1
24
10
-9
9
4
23
22
-11
12
24
16
9
8
20
25
24
13
19
21
18
4
1
2
9
23
21
0
-12
23
13
5
14
7
7
7
10
14
4
-3
0
9
22
12
-1
-8
16
13
-15
-14
-9
-1
-12
-27
1
8
-11
-16
-15
-15
10
-3
1
16
-7
17
15
-13
-34
1
0
-54
-50
-7
16
0
-24
-6
20
11
-24
-36
-11
9
-12
-25
9
46
30
-17
-17
52
40
-8
-8
14
26
16
-6
-31
5
12
-4
-33
-29
16
3
-20
-23
8
-2
-18
-34
-31
-5
-19
-50
-31
1
-17
-33
-58
-6
7
-41
-37
-5
5
-15
21
24
8
12
-1
34
21
0
-5
-9
11
27
-16
-27
22
44
0
-64
1
76
40
-53
-16
51
69
12
-39
44
78
-12
-39
13
63
-19
-81
-4
48
-29
-81
-20
41
38
-77
-47
52
59
-62
-75
56
94
-17
-107
-28
140
71
-146
-72
118
109
-75
-86
70
125
-1
-112
-4
139
75
-117
-61
122
116
-84
-116
57
179
10
-168
-18
194
102
-150
-65
137
122
-93
-109
82
135
-54
-139
33
153
19
-104
-15
53
-7
-69
-37
4
66
-17
-83
7
73
-5
-144
-83
122
123
-146
-150
105
152
-56
-211
-26
184
44
-162
-95
144
148
-71
-169
32
154
11
-133
-57
114
24
-124
-55
95
86
-96
-117
70
106
-49
-75
2
34
-20
-85
-8
56
-8
-20
-27
-33
-5
17
4
-68
-5
70
23
-43
-19
64
-19
-62
-19
17
53
-67
-105
17
40
-51
-96
-14
70
8
-67
8
60
-19
-42
5
21
21
-56
-4
70
-6
6
53
45
-14
18
40
1
3
-8
26
25
-19
-1
45
67
13
-11
4
32
73
-36
-80
50
84
43
-53
-16
95
42
-18
0
37
-13
10
79
-10
-47
2
28
0
-30
25
57
59
21
-78
-49
92
58
-158
-104
58
121
-12
-182
-13
135
-9
-184
-45
118
39
-130
-65
31
21
-21
-66
6
80
57
-37
-14
0
12
-8
-85
-21
63
91
-2
-59
24
68
-39
-104
36
59
-54
-98
16
106
28
-47
7
90
13
-79
-75
8
31
-37
-62
-11
48
-11
-85
-50
64
46
-46
-26
48
65
-78
-117
37
69
-16
-51
-23
44
-14
-46
-4
-2
-19
-17
10
16
-1
24
65
22
-25
-10
56
9
-57
-27
65
90
-46
-50
55
97
-12
-110
-32
81
79
-65
-60
32
64
7
-68
-14
5
10
-10
7
36
-43
-33
15
-16
-9
13
29
4
18
22
16
15
19
-9
-10
2
-23
21
38
-47
-40
52
71
-19
-75
34
118
-24
-37
56
47
3
-43
40
91
49
-20
-67
27
67
-25
-55
17
54
-42
-75
-23
29
20
-18
-47
-37
11
-2
-15
-24
-52
25
68
-40
-64
17
4
-57
-20
-36
3
-2
-12
28
-6
-45
-20
58
25
-79
-76
87
116
-64
-126
32
127
36
-107
-79
57
90
-32
-116
-9
88
59
-94
-35
62
-36
-73
-5
116
69
-53
-60
15
32
-38
-59
22
36
0
-12
32
7
-44
-43
-8
38
37
-12
-32
22
-34
-71
9
68
19
-9
7
67
8
-86
2
76
33
-46
-15
75
37
-38
-30
19
86
1
-43
64
42
-51
-32
63
65
-15
-53
45
48
-48
-43
6
29
-26
-6
40
24
-24
-9
-10
-38
22
5
-38
-21
16
40
25
-38
-3
25
-40
-36
-1
15
-59
0
73
-16
-67
-37
23
31
-49
-25
67
50
-23
-83
-45
19
41
-1
24
49
37
10
-29
7
-10
-49
-29
36
64
-13
12
44
-43
-59
7
14
-37
20
100
13
-52
4
-6
-45
-37
-19
-8
8
-2
-16
14
5
-85
-65
41
44
-13
46
69
-17
-31
39
7
-35
46
42
-12
1
40
26
-18
-18
19
23
21
57
0
-7
42
-6
-24
-10
26
33
-45
-45
-6
36
11
-32
-43
18
12
-44
-11
-3
-8
-64
-64
-14
7
-1
-50
-48
58
23
-85
-74
29
31
-66
-45
65
59
-29
-49
1
58
12
-67
-27
83
51
-14
1
61
32
-45
-55
0
41
28
-14
-3
31
13
-47
-51
23
40
-27
-25
24
50
-15
-80
-57
37
43
-43
-29
70
61
-30
-14
35
28
-7
-21
46
57
10
-2
20
47
-7
-44
16
79
52
8
-19
41
54
-47
-86
10
68
21
-28
49
101
6
-57
2
42
-19
-45
13
64
13
-44
-16
1
-20
-55
-56
-27
17
36
-23
-62
-31
-45
-76
-97
-45
10
-6
-30
-17
37
-6
-117
-114
-25
15
-70
-72
59
71
-57
-123
-62
-29
-69
-77
-21
69
41
-49
-102
-74
-36
-68
-37
44
83
72
45
4
8
72
73
82
157
195
185
168
138
120
126
137
153
164
187
167
113
79
109
113
74
51
73
67
47
41
21
5
-22
-47
-17
-7
-48
-36
-9
-57
-131
-133
-96
-90
-112
-162
-158
-103
-114
-119
-143
-145
-127
-137
-119
-82
-10
-3
-57
-54
-24
-20
-68
-91
-36
-25
-60
-119
-215
-302
-362
-357
-357
-355
-355
-363
-400
-435
-418
-390
-346
-325
-245
-117
-14
42
68
121
175
253
388
528
608
635
672
716
740
734
723
744
746
739
720
676
594
473
355
260
212
149
62
-15
-124
-210
-282
-361
-387
-401
-399
-381
-350
-329
-313
-300
-287
-220
-134
-50
-1
50
117
142
152
140
139
175
174
157
145
147
77
-46
-102
-97
-104
-163
-243
-289
-294
-303
-338
-383
-421
-462
-471
-389
-300
-279
-293
-274
-246
-195
-100
-55
-98
-204
-278
-319
-386
-413
-404
-406
-481
-542
-529
-520
-492
-513
-511
-433
-347
-255
-154
-71
-15
47
167
328
465
587
696
772
845
950
1048
1096
1106
1138
1161
1152
1155
1096
1018
931
845
795
720
605
459
315
183
57
-40
-138
-259
-354
-456
-507
-568
-653
-750
-835
-819
-770
-710
-702
-698
-645
-579
-485
-358
-231
-133
-51
51
185
291
338
374
405
473
536
565
540
461
405
331
259
231
162
67
-49
-143
-190
-275
-367
-451
-517
-569
-584
-582
-584
-611
-619
-601
-524
-431
-352
-266
-217
-136
-89
-52
5
130
262
270
211
122
29
-148
-322
-393
-411
-441
-538
-626
-685
-759
-850
-864
-821
-738
-632
-571
-512
-451
-376
-265
-94
135
342
505
628
751
869
979
1102
1222
1339
1445
1499
1474
1451
1400
1346
1303
1263
1188
1072
920
739
581
426
301
191
59
-70
-231
-355
-502
-638
-680
-724
-745
-755
-792
-845
-890
-926
-922
-844
-734
-624
-548
-540
-483
-377
-259
-120
48
164
198
242
284
367
428
457
481
510
506
454
371
311
275
236
206
183
133
22
-120
-230
-260
-266
-273
-319
-393
-456
-513
-501
-500
-493
-513
-489
-407
-332
-297
-332
-325
-249
-76
129
278
248
41
-266
-501
-532
-419
-319
-351
-501
-674
-822
-881
-842
-792
-716
-640
-599
-573
-566
-533
-461
-293
-22
236
421
494
500
559
684
926
1182
1368
1423
1376
1355
1361
1422
1485
1506
1502
1403
1255
1108
960
800
681
599
522
423
218
-5
-228
-368
-409
-424
-490
-593
-754
-912
-970
-957
-887
-826
-800
-784
-785
-809
-803
-744
-588
-413
-273
-206
-174
-149
-63
69
196
357
444
456
442
438
475
501
518
512
476
410
328
240
164
112
75
52
-19
-119
-209
-296
-327
-328
-352
-366
-388
-445
-480
-497
-487
-409
-340
-325
-344
-356
-287
-131
49
148
138
-23
-296
-535
-664
-609
-462
-400
-473
-693
-952
-1084
-1045
-864
-671
-599
-669
-782
-823
-727
-494
-226
-17
158
247
328
443
593
818
1063
1251
1384
1421
1390
1388
1444
1572
1703
1736
1630
1460
1248
1121
1063
1040
984
826
599
348
150
12
-56
-162
-271
-402
-585
-720
-827
-870
-915
-925
-939
-916
-899
-921
-911
-851
-774
-705
-642
-549
-396
-282
-194
-140
-55
59
186
282
339
390
408
445
489
544
563
521
462
414
397
366
300
200
115
39
-27
-69
-131
-197
-280
-341
-338
-329
-371
-427
-462
-479
-490
-478
-447
-404
-375
-362
-359
-313
-182
-29
119
173
80
-163
-543
-856
-876
-545
-177
-183
-613
-1172
-1423
-1239
-780
-393
-358
-658
-1055
-1165
-867
-352
36
98
7
-16
147
425
718
963
1115
1236
1336
1399
1447
1443
1497
1662
1831
1882
1708
1423
1197
1145
1234
1287
1154
839
474
211
148
188
149
-42
-357
-632
-745
-755
-751
-804
-934
-1034
-1083
-1059
-985
-921
-885
-848
-794
-748
-726
-694
-536
-308
-102
-7
-20
-40
3
159
407
594
632
521
394
400
521
673
692
566
390
243
194
217
233
182
64
-82
-164
-211
-243
-279
-309
-315
-366
-407
-445
-486
-519
-484
-415
-360
-349
-378
-365
-286
-163
-7
130
182
85
-264
-746
-1071
-885
-292
115
-142
-897
-1532
-1590
-1063
-417
-122
-405
-1041
-1453
-1232
-549
99
263
-16
-297
-233
149
592
915
1065
1080
1104
1187
1308
1404
1488
1602
1744
1837
1723
1479
1242
1187
1339
1449
1344
1011
602
332
291
406
456
241
-202
-582
-716
-620
-491
-540
-770
-1038
-1185
-1152
-1016
-892
-874
-946
-982
-943
-783
-625
-526
-442
-421
-396
-299
-135
19
92
117
205
339
408
417
371
406
474
533
569
511
417
289
258
330
376
314
139
-47
-124
-74
-16
10
-92
-229
-323
-340
-244
-193
-233
-339
-394
-346
-275
-268
-339
-350
-244
-95
62
127
95
53
-106
-429
-835
-958
-627
-159
-70
-599
-1319
-1650
-1384
-776
-305
-318
-827
-1383
-1468
-955
-192
227
56
-321
-446
-119
447
885
1065
1034
966
990
1174
1448
1599
1647
1656
1686
1680
1564
1420
1339
1386
1459
1374
1091
719
470
416
487
528
351
-35
-470
-680
-578
-396
-390
-635
-962
-1177
-1148
-960
-780
-768
-870
-1009
-1039
-879
-707
-620
-620
-518
-325
-192
-171
-242
-181
12
275
469
468
332
225
290
505
730
762
542
283
210
353
518
534
378
132
-46
-50
61
117
59
-133
-313
-352
-298
-255
-274
-355
-449
-496
-484
-466
-454
-426
-411
-346
-236
-132
-70
-13
-38
-276
-704
-1013
-900
-385
-11
-221
-919
-1527
-1506
-984
-392
-193
-503
-1084
-1437
-1167
-452
160
245
-117
-412
-262
250
757
1000
1025
940
921
1039
1295
1543
1650
1643
1618
1614
1566
1465
1374
1385
1461
1416
1166
830
579
517
596
628
474
138
-265
-509
-480
-315
-263
-482
-860
-1100
-1131
-993
-807
-752
-836
-1001
-1087
-999
-861
-732
-639
-538
-437
-390
-332
-280
-120
76
235
336
342
319
312
413
603
751
719
544
384
346
454
565
529
395
217
52
10
45
72
45
-102
-281
-341
-331
-299
-284
-383
-503
-537
-504
-454
-488
-516
-478
-348
-221
-169
-172
-142
-141
-273
-650
-1015
-1016
-588
-106
-176
-774
-1404
-1544
-1122
-472
-138
-367
-959
-1406
-1235
-525
154
330
-35
-416
-345
155
750
1078
1107
933
838
984
1303
1575
1680
1609
1526
1542
1571
1529
1449
1393
1398
1358
1166
902
655
566
590
591
444
139
-237
-501
-494
-349
-298
-483
-831
-1102
-1133
-982
-803
-741
-830
-1000
-1105
-1069
-911
-715
-554
-482
-484
-520
-488
-320
-76
175
309
292
209
198
356
588
794
785
627
448
395
496
628
674
544
326
184
119
140
191
139
-4
-160
-284
-320
-288
-285
-319
-404
-483
-553
-558
-589
-564
-516
-463
-438
-436
-369
-264
-126
-78
-215
-589
-993
-1117
-762
-197
-32
-532
-1234
-1545
-1225
-571
-109
-194
-708
-1191
-1221
-659
58
427
229
-218
-352
35
635
1051
1167
1025
880
918
1143
1458
1657
1659
1554
1475
1473
1483
1438
1395
1375
1345
1194
901
670
563
550
545
452
206
-126
-398
-494
-400
-298
-433
-736
-1041
-1160
-1027
-849
-786
-869
-1015
-1104
-1061
-950
-803
-691
-608
-557
-533
-464
-340
-159
42
174
255
255
256
330
482
651
757
705
559
483
487
593
645
585
457
294
187
146
187
180
92
-77
-256
-315
-312
-251
-275
-400
-547
-616
-579
-549
-537
-545
-563
-524
-449
-325
-204
-147
-170
-302
-614
-976
-1066
-717
-227
-134
-584
-1238
-1527
-1228
-583
-133
-221
-727
-1225
-1236
-701
56
443
233
-210
-356
11
631
1100
1216
1083
896
899
1140
1509
1722
1716
1594
1473
1482
1503
1510
1482
1443
1333
1166
952
753
645
628
611
461
231
-94
-350
-431
-375
-321
-448
-749
-1034
-1151
-1072
-881
-795
-865
-1032
-1145
-1109
-892
-683
-614
-702
-773
-632
-403
-195
-107
-68
-13
82
200
325
411
476
504
548
588
614
591
519
512
555
564
465
333
248
188
172
155
101
-13
-180
-288
-312
-270
-274
-335
-473
-549
-560
-546
-520
-537
-531
-541
-534
-446
-294
-164
-123
-180
-353
-670
-959
-961
-617
-200
-215
-705
-1267
-1446
-1078
-494
-186
-373
-828
-1199
-1139
-573
88
384
166
-208
-251
132
699
1097
1213
1086
936
969
1218
1546
1715
1697
1601
1494
1479
1509
1468
1422
1388
1308
1105
880
692
602
578
517
407
166
-159
-420
-489
-435
-388
-514
-784
-1049
-1154
-1058
-926
-849
-897
-1042
-1128
-1088
-895
-684
-609
-669
-688
-542
-333
-143
-72
-15
53
161
314
426
484
547
576
588
663
698
660
581
547
558
564
485
376
266
184
157
123
66
-35
-160
-300
-347
-333
-352
-407
-478
-541
-601
-636
-628
-593
-528
-527
-493
-395
-265
-153
-106
-127
-323
-738
-1105
-1024
-466
12
-161
-860
-1478
-1489
-944
-327
-76
-405
-976
-1335
-1140
-390
343
492
63
-357
-267
261
848
1179
1169
995
872
967
1300
1622
1740
1647
1512
1451
1469
1467
1405
1318
1313
1263
1037
789
572
501
473
436
330
55
-278
-529
-575
-466
-416
-564
-851
-1121
-1184
-1050
-908
-821
-861
-1004
-1112
-1042
-806
-552
-463
-542
-644
-568
-345
-79
122
167
167
170
257
426
590
688
652
591
577
633
658
646
619
558
487
408
337
251
177
99
46
-1
-100
-183
-280
-345
-341
-336
-367
-446
-519
-618
-597
-563
-493
-438
-482
-474
-397
-229
-63
22
-93
-491
-1022
-1212
-896
-252
57
-314
-1121
-1636
-1462
-827
-204
-97
-517
-1128
-1411
-1008
-195
418
445
23
-285
-129
396
954
1253
1264
1102
997
1100
1374
1670
1756
1678
1570
1491
1455
1391
1313
1291
1273
1163
944
693
457
335
300
267
171
-71
-407
-663
-693
-625
-588
-689
-921
-1113
-1160
-1091
-953
-833
-836
-916
-979
-925
-728
-468
-307
-289
-330
-355
-231
23
253
399
419
345
303
403
564
685
717
624
539
476
477
516
504
441
356
265
158
90
41
10
-42
-107
-152
-256
-340
-393
-409
-402
-401
-458
-540
-563
-572
-508
-474
-446
-433
-404
-305
-164
-21
53
-32
-354
-833
-1154
-973
-449
-94
-270
-915
-1470
-1512
-1078
-496
-226
-448
-936
-1279
-1130
-501
153
397
229
-33
-48
265
751
1170
1346
1271
1149
1168
1365
1613
1756
1765
1699
1625
1573
1487
1386
1311
1228
1140
1022
847
630
391
210
117
66
-50
-273
-533
-747
-834
-822
-804
-831
-935
-1107
-1201
-1164
-1041
-901
-825
-843
-847
-765
-630
-439
-249
-140
-122
-147
-77
101
295
463
473
441
446
456
581
654
663
599
486
455
448
478
407
312
229
171
137
55
26
-57
-138
-198
-238
-247
-286
-333
-389
-424
-428
-417
-424
-434
-459
-460
-477
-435
-333
-208
-83
-58
-47
-4
-23
-239
-678
-1031
-1032
-667
-301
-339
-738
-1235
-1495
-1339
-865
-469
-455
-810
-1185
-1196
-728
-111
235
257
112
47
202
556
996
1307
1372
1279
1268
1374
1540
1684
1726
1713
1659
1605
1518
1415
1310
1168
1021
908
814
678
461
200
14
-78
-138
-225
-397
-600
-808
-924
-916
-868
-856
-948
-1049
-1093
-1064
-950
-822
-734
-692
-625
-527
-431
-299
-171
-117
-52
69
176
278
335
364
427
491
572
591
559
517
451
453
478
494
432
314
223
161
144
141
105
26
-62
-121
-165
-173
-182
-221
-259
-293
-301
-313
-328
-335
-350
-348
-340
-312
-331
-353
-332
-279
-169
-68
27
49
-45
-306
-734
-1066
-1124
-861
-503
-397
-623
-1086
-1425
-1398
-1053
-631
-482
-681
-986
-1039
-703
-179
203
291
198
145
273
572
933
1183
1271
1276
1310
1445
1556
1589
1536
1503
1534
1554
1549
1436
1269
1047
865
790
757
703
521
263
5
-165
-243
-276
-342
-469
-622
-768
-866
-875
-839
-823
-855
-904
-888
-835
-740
-638
-547
-464
-411
-330
-217
-86
-29
-48
-45
0
141
287
363
348
296
259
251
335
391
370
288
183
145
170
221
193
133
59
-26
-26
-19
-33
-55
-106
-157
-167
-146
-154
-184
-212
-261
-270
-231
-217
-227
-224
-278
-292
-276
-234
-194
-216
-173
-148
-111
-62
-24
14
-33
-152
-402
-650
-797
-793
-606
-395
-295
-363
-547
-722
-766
-682
-526
-407
-345
-278
-172
-32
83
133
124
157
262
467
688
823
871
843
834
884
963
1020
1022
1002
963
943
931
896
826
709
576
482
408
359
313
249
172
86
29
-39
-119
-192
-220
-260
-264
-255
-279
-287
-327
-348
-347
-332
-280
-257
-234
-233
-242
-228
-221
-178
-133
-132
-171
-190
-181
-169
-141
-144
-178
-239
-264
-227
-182
-131
-124
-146
-181
-183
-157
-122
-110
-106
-118
-101
-69
-34
-5
-3
19
21
19
58
76
57
49
23
40
53
86
84
77
45
22
36
39
61
37
17
-7
-28
-19
2
12
-8
-15
-36
-40
-21
6
30
18
-9
-10
7
10
15
20
-22
-84
-140
-217
-259
-284
-267
-269
-256
-241
-275
-309
-362
-382
-380
-338
-284
-219
-146
-111
-82
-65
-40
15
78
126
204
286
352
426
476
486
478
487
509
547
597
618
586
561
527
504
510
477
447
392
342
318
292
239
214
189
126
107
49
-12
-59
-93
-97
-110
-167
-225
-243
-261
-276
-280
-276
-272
-302
-338
-355
-331
-298
-291
-280
-284
-276
-247
-231
-209
-206
-198
-183
-154
-102
-75
-62
-80
-70
-60
-40
21
18
23
10
15
28
42
67
72
55
57
58
73
105
101
84
45
19
7
32
77
88
74
38
-8
-3
3
24
11
0
-31
-66
-75
-86
-56
-71
-85
-103
-121
-142
-181
-214
-257
-292
-322
-350
-360
-355
-352
-339
-303
-299
-317
-332
-347
-309
-261
-190
-101
-37
-1
30
60
117
177
235
299
351
434
516
577
612
601
584
595
582
595
601
584
579
575
536
489
422
350
286
252
216
179
139
88
49
-14
-61
-119
-170
-207
-211
-221
-226
-246
-259
-261
-257
-235
-242
-244
-240
-225
-191
-166
-157
-141
-123
-101
-93
-85
-90
-78
-68
-41
-26
-49
-72
-107
-127
-114
-86
-66
-61
-63
-78
-65
-35
-10
-23
-35
-47
-47
-42
-4
34
65
62
34
36
24
0
-18
-18
-14
9
-2
-16
-60
-97
-91
-68
-50
-23
-26
-21
-30
-38
-40
-72
-97
-192
-278
-365
-416
-417
-416
-385
-340
-327
-347
-394
-447
-465
-436
-347
-211
-74
19
65
109
132
173
245
339
434
514
589
662
703
743
772
746
709
673
649
631
640
619
593
546
455
390
318
213
118
59
6
-43
-68
-99
-159
-227
-298
-349
-397
-429
-437
-432
-416
-391
-367
-341
-320
-307
-305
-263
-203
-172
-113
-61
-8
42
90
126
137
129
109
97
103
126
155
153
139
97
48
21
12
-6
-30
-54
-77
-92
-78
-90
-103
-119
-119
-95
-75
-78
-108
-138
-149
-134
-95
-85
-74
-54
-28
-8
-19
-12
8
49
57
54
36
10
-73
-263
-516
-747
-858
-805
-681
-581
-546
-567
-606
-619
-622
-620
-622
-551
-364
-125
128
294
407
510
608
733
817
861
876
912
1003
1131
1245
1268
1191
1071
934
805
705
575
462
333
250
169
61
-12
-144
-284
-410
-504
-568
-598
-614
-632
-615
-566
-498
-424
-382
-377
-354
-307
-230
-123
-15
66
125
165
186
218
245
253
245
227
249
253
271
233
182
143
76
18
-15
-59
-117
-155
-180
-200
-199
-195
-207
-210
-208
-183
-156
-128
-113
-82
-18
51
112
146
143
133
139
117
107
83
22
-8
-61
-61
-47
-73
-87
-117
-132
-130
-89
-49
-15
-47
-268
-725
-1303
-1692
-1746
-1523
-1272
-1123
-1042
-939
-753
-594
-568
-604
-652
-552
-279
93
490
847
1186
1498
1694
1765
1724
1602
1535
1507
1547
1617
1671
1644
1534
1371
1157
909
595
227
-139
-435
-595
-642
-681
-729
-813
-917
-1005
-1045
-1092
-1120
-1122
-1073
-923
-702
-451
-209
1
155
251
337
420
483
538
599
691
793
877
927
923
844
713
499
239
-25
-231
-376
-476
-541
-575
-627
-667
-687
-781
-841
-918
-944
-908
-790
-577
-344
-107
100
267
407
508
561
594
637
674
719
755
784
783
767
698
540
356
156
-50
-235
-384
-498
-579
-626
-629
-621
-620
-608
-588
-540
-466
-376
-305
-323
-536
-1006
-1559
-1893
-1866
-1628
-1398
-1228
-1037
-723
-380
-158
-79
-76
-77
-8
119
338
681
1066
1466
1773
1991
2085
2071
1918
1696
1480
1317
1240
1160
1061
958
896
826
685
431
75
-286
-616
-872
-1038
-1097
-1089
-1035
-933
-807
-641
-486
-442
-465
-486
-481
-358
-201
10
216
412
611
782
869
902
869
763
648
521
431
372
335
295
246
170
60
-115
-366
-662
-909
-1046
-1127
-1136
-1138
-1111
-976
-786
-595
-441
-342
-259
-164
-58
106
297
483
651
774
889
976
1021
1002
912
775
634
508
379
232
89
-29
-119
-226
-332
-436
-570
-695
-797
-833
-826
-778
-722
-651
-517
-353
-140
33
113
117
-29
-377
-939
-1479
-1731
-1723
-1614
-1493
-1297
-961
-552
-200
-16
57
63
16
-38
-39
141
445
817
1177
1529
1853
2067
2121
2016
1816
1556
1294
1044
798
613
569
601
610
543
405
206
-59
-365
-667
-931
-1123
-1214
-1180
-1047
-800
-508
-285
-128
-32
38
94
103
119
143
206
333
498
682
839
972
1015
964
852
708
515
290
70
-128
-268
-342
-420
-467
-535
-665
-833
-989
-1096
-1168
-1201
-1215
-1136
-1003
-790
-538
-273
-8
224
420
558
650
700
716
722
731
747
771
768
770
741
669
586
431
230
-11
-231
-420
-564
-654
-714
-720
-682
-635
-566
-493
-441
-370
-337
-311
-250
-139
-6
143
265
339
240
-156
-711
-1218
-1490
-1626
-1731
-1760
-1638
-1363
-983
-593
-298
-78
84
130
71
58
171
372
593
856
1175
1487
1793
2003
2100
2111
1986
1739
1389
1021
724
521
372
250
154
114
68
-14
-133
-304
-498
-712
-900
-1021
-1037
-949
-789
-602
-396
-120
150
348
507
592
632
597
550
510
502
518
551
574
567
578
547
468
330
169
-43
-286
-507
-711
-839
-952
-1075
-1176
-1220
-1152
-1058
-934
-870
-792
-670
-535
-376
-214
-22
161
375
544
712
860
954
979
953
886
822
730
609
478
337
214
87
-21
-129
-223
-304
-405
-484
-539
-581
-590
-586
-547
-501
-430
-339
-212
-72
44
168
286
356
421
405
226
-218
-807
-1304
-1632
-1815
-1945
-1984
-1868
-1591
-1239
-828
-452
-157
59
153
177
227
354
506
651
860
1133
1448
1760
2012
2185
2239
2191
1979
1665
1301
930
615
312
51
-131
-253
-285
-305
-332
-366
-457
-572
-715
-827
-872
-873
-837
-766
-582
-341
-28
276
524
750
890
938
922
838
745
635
508
409
313
243
217
194
142
77
-19
-172
-352
-536
-724
-894
-1086
-1269
-1379
-1387
-1294
-1173
-995
-799
-607
-373
-148
55
225
364
465
542
619
683
755
798
797
804
780
741
675
546
415
253
92
-73
-233
-312
-371
-425
-454
-482
-489
-474
-427
-364
-323
-263
-207
-146
-62
6
65
131
199
279
368
400
283
3
-461
-977
-1395
-1730
-1988
-2158
-2187
-2055
-1750
-1355
-895
-448
-26
295
484
614
729
835
925
1006
1109
1276
1484
1727
1943
2137
2211
2139
1960
1680
1357
973
556
131
-247
-527
-705
-792
-827
-788
-738
-683
-634
-572
-509
-491
-496
-506
-486
-389
-216
1
225
473
732
949
1099
1163
1150
1073
912
694
467
246
38
-137
-266
-363
-435
-502
-547
-587
-652
-741
-870
-1047
-1202
-1279
-1314
-1302
-1236
-1104
-880
-596
-257
78
379
629
806
923
971
973
902
796
686
558
477
444
416
377
332
294
237
131
-1
-115
-270
-421
-557
-674
-734
-716
-646
-534
-392
-239
-86
39
161
219
258
275
257
250
239
244
229
126
-132
-523
-935
-1276
-1545
-1801
-2006
-2096
-2026
-1820
-1491
-1082
-649
-227
157
474
742
962
1149
1274
1338
1388
1448
1545
1648
1748
1820
1856
1807
1689
1538
1323
1047
683
301
-96
-447
-687
-872
-986
-1044
-1010
-934
-830
-688
-531
-396
-295
-194
-118
-28
83
190
294
409
537
673
797
883
941
955
894
789
649
446
249
6
-202
-405
-566
-674
-767
-804
-843
-883
-932
-994
-1019
-1010
-998
-945
-870
-760
-593
-388
-164
85
320
544
718
825
906
913
862
788
655
499
372
245
122
43
-24
-68
-81
-78
-100
-143
-201
-279
-358
-454
-503
-524
-515
-465
-391
-305
-181
-33
102
202
273
316
313
283
270
250
216
122
-82
-379
-750
-1097
-1390
-1628
-1837
-1982
-1989
-1864
-1625
-1264
-835
-396
19
359
664
939
1146
1301
1395
1418
1444
1476
1517
1580
1640
1668
1660
1596
1475
1329
1138
879
575
247
-78
-384
-626
-812
-942
-1001
-996
-931
-821
-655
-482
-331
-188
-70
39
144
213
287
362
420
483
555
620
681
712
715
687
616
510
383
207
-5
-177
-392
-598
-790
-935
-1014
-1067
-1050
-1008
-935
-823
-692
-572
-443
-300
-173
-58
47
147
252
343
429
505
540
552
544
522
456
377
296
217
122
28
-59
-139
-205
-271
-310
-341
-347
-356
-360
-346
-322
-282
-247
-174
-137
-106
-72
-22
36
49
83
101
150
174
183
186
148
37
-150
-425
-732
-1015
-1269
-1503
-1687
-1765
-1722
-1558
-1286
-944
-555
-141
252
584
870
1102
1277
1375
1384
1348
1302
1274
1272
1268
1284
1274
1265
1241
1159
1064
923
723
474
207
-72
-317
-542
-726
-844
-886
-876
-799
-672
-527
-332
-159
-4
133
236
301
344
367
365
363
362
371
379
382
400
399
364
323
251
139
-8
-175
-329
-477
-600
-691
-747
-759
-726
-648
-565
-469
-344
-221
-114
-29
36
61
86
115
107
103
112
108
110
122
143
144
152
160
119
82
29
-18
-78
-170
-242
-307
-347
-372
-370
-346
-287
-232
-177
-123
-60
10
52
39
16
8
-23
-19
-5
9
-1
-31
-108
-240
-380
-541
-710
-880
-1032
-1168
-1232
-1216
-1128
-965
-732
-444
-163
159
452
736
972
1138
1242
1279
1290
1236
1165
1107
1029
973
936
911
877
829
753
669
550
404
243
72
-110
-300
-452
-582
-648
-662
-646
-569
-460
-330
-177
-25
105
209
276
330
341
327
304
255
195
167
138
104
96
90
85
97
85
56
23
-42
-110
-210
-291
-364
-403
-419
-417
-385
-323
-247
-180
-104
-49
-7
28
57
60
51
34
26
-3
-41
-65
-95
-107
-113
-136
-151
-159
-173
-181
-185
-198
-242
-281
-324
-343
-342
-334
-322
-306
-287
-233
-139
-60
0
10
14
-23
-120
-219
-360
-517
-660
-788
-871
-893
-840
-745
-608
-424
-220
2
233
430
578
695
800
861
897
902
908
907
891
902
900
914
933
913
896
853
778
657
510
359
195
14
-157
-318
-446
-524
-575
-595
-580
-534
-480
-378
-263
-151
-46
42
125
184
238
294
333
369
391
405
399
367
349
300
255
183
108
21
-86
-159
-230
-277
-333
-363
-386
-408
-414
-399
-372
-337
-303
-275
-214
-157
-108
-78
-39
-22
5
11
1
-19
-48
-77
-106
-129
-152
-187
-200
-205
-225
-227
-270
-279
-294
-314
-322
-325
-349
-376
-407
-446
-485
-531
-559
-589
-592
-588
-555
-491
-405
-287
-155
4
173
329
477
586
670
751
779
788
790
747
706
663
620
586
568
550
499
472
418
379
324
262
200
163
121
61
39
9
-1
23
31
67
102
130
173
193
201
187
165
134
105
67
5
-69
-140
-201
-254
-298
-320
-329
-342
-310
-282
-257
-215
-179
-142
-109
-53
14
73
115
147
165
190
204
206
198
164
114
59
-12
-73
-146
-190
-240
-285
-310
-329
-335
-354
-356
-364
-352
-349
-327
-305
-293
-240
-219
-203
-181
-178
-181
-205
-252
-312
-360
-423
-478
-495
-511
-492
-462
-406
-315
-223
-117
-18
83
180
252
335
396
447
485
503
542
566
579
587
571
570
568
558
558
546
505
468
440
375
339
287
225
190
139
118
88
80
86
91
105
98
105
106
95
60
33
33
-10
-35
-47
-77
-90
-86
-73
-60
-48
-31
-22
-9
3
-12
-22
-35
-48
-67
-112
-167
-203
-247
-267
-306
-330
-356
-382
-373
-373
-337
-301
-251
-222
-181
-147
-123
-108
-109
-95
-97
-82
-74
-73
-56
-56
-59
-48
-64
-88
-146
-220
-280
-353
-410
-452
-485
-493
-481
-459
-409
-341
-255
-154
-47
49
148
228
296
343
388
410
429
448
447
456
451
462
471
476
447
440
434
387
364
319
281
242
202
178
146
115
103
93
101
118
138
160
160
174
184
187
185
168
150
129
107
92
87
69
67
63
54
50
18
16
11
-9
-25
-61
-92
-108
-140
-181
-201
-242
-272
-289
-316
-329
-344
-336
-315
-303
-294
-271
-240
-217
-199
-213
-193
-172
-178
-178
-187
-188
-195
-232
-249
-267
-280
-287
-309
-331
-330
-319
-307
-284
-246
-222
-181
-142
-109
-65
-50
-9
17
60
95
115
168
199
222
275
303
321
324
334
358
343
334
325
304
277
234
225
211
187
176
166
179
199
203
209
214
218
217
195
190
194
189
190
203
204
229
242
243
254
242
215
202
188
166
141
105
81
38
13
-17
-50
-70
-86
-106
-122
-150
-163
-191
-224
-258
-281
-293
-317
-343
-356
-354
-364
-346
-330
-313
-297
-266
-233
-228
-225
-219
-226
-230
-241
-235
-235
-241
-227
-219
-201
-182
-170
-148
-136
-112
-78
-47
-24
-19
-6
13
42
79
99
124
138
146
176
165
153
141
133
107
82
64
53
56
73
95
115
141
165
184
212
257
274
285
291
294
310
312
312
293
284
286
278
259
250
228
213
188
163
144
120
103
76
66
55
41
24
8
7
3
-23
-43
-64
-90
-101
-117
-145
-153
-169
-178
-183
-179
-177
-205
-205
-214
-225
-250
-261
-268
-299
-294
-301
-296
-293
-276
-241
-236
-221
-213
-211
-208
-198
-176
-181
-179
-159
-158
-151
-134
-133
-143
-131
-118
-101
-68
-51
-29
7
37
52
68
101
105
111
140
143
163
189
196
211
235
266
283
297
310
329
335
347
359
356
359
357
340
320
297
280
264
270
246
232
220
188
175
158
136
102
81
65
49
13
-9
-32
-42
-62
-80
-97
-113
-133
-129
-131
-140
-153
-181
-193
-199
-192
-192
-186
-171
-182
-186
-191
-200
-209
-217
-239
-251
-248
-265
-273
-280
-266
-248
-231
-193
-179
-164
-142
-136
-127
-130
-133
-143
-151
-137
-116
-105
-102
-85
-72
-50
-1
18
42
64
87
99
102
91
109
106
109
110
116
133
133
143
158
167
185
182
204
224
242
240
226
248
245
225
220
192
170
153
112
111
92
95
97
90
108
113
124
138
133
131
131
117
101
73
63
40
24
19
8
-3
-21
-30
-37
-39
-46
-57
-75
-70
-88
-106
-133
-151
-171
-198
-205
-232
-241
-239
-244
-231
-212
-215
-212
-206
-205
-198
-202
-220
-232
-223
-222
-205
-173
-159
-129
-97
-82
-53
-29
-21
19
28
40
57
75
84
89
91
79
84
82
88
95
107
115
124
149
174
190
217
224
226
226
224
205
196
187
168
166
156
139
125
127
111
95
91
83
84
65
48
28
18
-3
2
0
-6
3
-7
-11
-14
-2
-22
-23
-24
-46
-67
-85
-98
-126
-122
-137
-151
-168
-170
-185
-180
-180
-197
-197
-187
-161
-165
-143
-139
-127
-111
-99
-79
-72
-60
-43
-39
-19
-7
4
24
24
37
37
55
50
51
56
65
57
51
60
56
61
64
60
69
67
57
66
71
74
64
72
75
80
71
71
54
60
64
54
45
38
33
30
50
43
44
56
58
57
55
71
65
65
68
56
46
39
31
25
9
3
-5
-14
-31
-40
-37
-39
-24
-43
-43
-50
-74
-96
-98
-105
-129
-125
-134
-129
-147
-133
-120
-116
-107
-116
-121
-112
-94
-105
-100
-83
-75
-55
-38
-8
7
31
60
74
101
123
111
114
108
91
70
61
56
33
6
-6
-5
1
-3
16
14
21
41
46
62
57
64
65
84
96
98
91
89
85
87
96
95
111
120
117
121
125
114
117
92
63
53
30
-6
-22
-33
-43
-62
-68
-66
-94
-91
-95
-103
-95
-88
-97
-97
-95
-97
-92
-109
-93
-79
-90
-92
-95
-98
-102
-87
-88
-85
-89
-90
-89
-92
-89
-88
-90
-87
-89
-83
-84
-84
-58
-50
-37
-18
-12
-1
24
52
45
52
66
84
91
88
84
70
70
77
68
73
83
90
89
89
90
80
86
88
84
85
89
92
91
104
103
105
103
90
90
97
86
97
103
102
93
66
42
27
2
-28
-52
-54
-72
-80
-92
-94
-94
-110
-88
-91
-82
-74
-74
-84
-83
-74
-68
-61
-68
-75
-50
-50
-49
-36
-26
-14
-23
-15
-3
-2
-2
-6
5
0
2
-1
-4
-1
-23
-10
-7
-4
4
13
6
6
-1
1
-1
8
11
19
38
32
39
22
15
16
13
13
10
0
2
-11
-6
-11
-12
-6
-3
-7
-4
19
8
10
3
10
12
2
10
21
4
12
27
21
25
23
29
21
29
24
25
23
18
16
5
3
-9
0
-1
-4
-8
-5
-23
-24
-39
-49
-43
-45
-34
-25
-18
-13
4
5
22
16
-11
-10
-19
-19
-18
-19
-22
-29
-20
-33
-28
-26
-36
-44
-54
-63
-58
-47
-56
-55
-48
-34
-35
-29
-12
6
8
29
38
31
45
65
73
81
78
93
106
102
110
107
110
101
110
78
62
67
51
37
36
32
15
12
-6
-7
-5
-2
-11
0
-8
6
17
14
21
18
24
6
-6
-18
-27
-31
-40
-39
-57
-65
-82
-86
-83
-90
-83
-79
-81
-92
-85
-68
-59
-40
-42
-36
-24
-35
-36
-41
-37
-36
-24
-30
-21
-16
-4
15
21
29
23
27
19
23
18
18
24
18
21
4
-1
1
-5
-1
-2
18
16
17
34
36
48
47
47
50
36
24
26
16
18
18
14
14
22
11
12
5
-3
-3
-18
-23
-21
-28
-38
-22
-29
-25
-26
-20
-11
0
10
17
36
38
44
57
51
48
60
63
61
61
57
46
46
43
30
32
31
12
17
8
4
-1
-2
-11
-28
-28
-39
-53
-55
-50
-49
-57
-49
-52
-36
-37
-34
-9
-19
-18
-17
-33
-35
-24
-39
-40
-55
-50
-60
-64
-55
-55
-44
-64
-48
-38
-41
-24
-26
-28
-22
-13
-7
-5
9
3
17
27
24
35
43
41
43
42
42
44
29
36
54
42
50
60
67
60
43
34
34
34
21
18
23
17
22
18
36
35
24
31
22
28
26
24
34
19
15
16
7
5
6
1
0
-2
-13
-24
-28
-20
-19
-32
-42
-38
-32
-34
-27
-21
-16
-6
6
7
13
8
17
1
-12
-3
-10
-2
-24
-28
-27
-19
-20
-31
-25
-24
-25
-24
-21
-28
-47
-43
-26
-25
-25
-15
-14
1
7
5
9
14
18
13
22
23
9
9
10
-1
1
4
5
-4
-7
-12
-21
-12
-2
-2
-13
-24
-29
-25
-18
-34
-29
-20
-24
-17
-22
-22
-20
-23
-5
-5
22
27
18
42
47
46
37
27
33
30
23
32
31
22
33
24
27
37
39
31
35
29
21
28
22
34
38
31
24
21
25
17
26
26
-12
4
-2
-12
-18
-21
-13
-30
-21
-17
-23
-16
-15
-19
-24
-38
-33
-29
-34
-25
-24
-25
-15
-16
-11
-10
-15
-11
-2
-6
9
2
-1
4
10
9
2
3
5
17
4
-3
-2
4
-2
8
-1
-4
-12
-3
3
5
3
10
20
14
6
2
15
-1
-6
1
-12
-14
-12
-13
-15
-14
-14
-21
-12
-14
-23
-16
-21
-26
-29
-44
-46
-37
-30
-23
-13
-9
-4
11
15
11
16
19
13
8
11
4
3
25
21
15
12
2
3
-1
-6
-10
3
-1
-7
4
12
24
24
31
30
28
25
27
20
33
35
30
33
26
29
23
22
12
5
13
-2
-16
-5
-3
-5
-15
-11
-14
-11
-13
-25
-31
-21
-31
-37
-29
-27
-22
-21
-18
-21
-23
-20
-14
-6
-8
-1
6
0
-2
10
24
35
46
44
32
29
22
29
28
32
38
36
18
5
3
-10
-10
-15
-11
-8
-14
-4
-3
-6
-14
-16
-9
-16
-28
-5
5
6
0
7
-3
-2
-16
-19
-23
-34
-29
-22
-11
-8
5
-4
-5
-3
0
-13
-11
0
2
0
-9
-1
3
-4
-2
-6
-7
-2
17
26
21
22
17
23
20
31
23
23
23
7
15
12
10
8
19
5
7
6
0
1
-8
-15
-25
-12
-24
-23
-31
-22
-28
-43
-30
-21
-22
-31
-26
-34
-36
-26
-33
-27
-33
-35
-14
-13
-7
-13
-7
-9
-6
3
2
17
10
14
5
21
23
14
20
25
39
29
35
26
26
31
31
33
28
33
44
30
24
40
33
21
11
11
15
0
-1
-4
6
8
8
14
14
11
8
0
0
-6
-18
-8
-11
-6
-13
-6
-1
-15
-17
-23
-18
-22
-24
-30
-30
-29
-26
-30
-31
-16
-18
-13
0
-12
-2
1
-9
7
8
13
6
1
22
16
15
14
3
11
0
5
6
4
-11
-7
-10
-2
-6
0
-8
-4
-3
-7
0
0
7
4
11
9
12
4
-6
-6
0
6
-4
-8
2
-3
-7
-2
13
1
1
8
1
-9
-3
-2
-17
-14
3
3
-3
2
-2
10
32
18
20
14
-1
-11
-17
-4
-4
-3
0
15
14
6
13
11
-9
5
17
3
6
1
6
6
10
5
-5
-1
0
-1
-6
-21
-18
-20
-26
-15
-11
-12
-18
-31
-38
-29
-26
-27
-20
-14
-30
-34
-35
-31
-35
-28
-16
-29
-16
-9
-5
3
7
-1
-7
1
9
9
16
23
21
25
36
37
32
36
40
31
29
32
27
37
29
17
20
15
21
23
-2
-3
0
6
10
6
6
16
30
9
20
26
26
38
33
32
31
36
35
32
24
18
10
-2
-7
-8
-9
-5
-21
-14
-15
-18
-18
-30
-26
-25
-24
-29
-30
-34
-34
-28
-22
-16
-15
-18
-5
1
1
0
-2
-12
-14
3
-4
-6
-15
0
0
-5
-4
-12
-5
-6
-16
-17
-20
-8
-5
-17
-2
-9
-8
-15
-18
-9
-19
-8
-4
-12
-8
-14
-15
-4
-4
-8
-10
-16
-18
-21
-5
-2
3
3
-2
-9
1
10
5
2
8
18
10
9
4
0
6
15
16
26
21
29
24
13
25
11
23
32
23
23
21
23
27
26
30
19
15
11
4
8
12
-1
1
8
1
0
-8
-7
-11
-19
-12
-9
-20
-19
-20
-5
-1
-3
-15
-10
-12
-14
-8
-3
-4
-6
-4
0
2
12
5
-6
-10
-9
-12
-19
-5
-17
6
-2
1
2
-13
-3
4
4
-3
5
9
-3
14
15
6
8
13
6
6
13
17
24
24
25
17
17
16
11
6
6
7
4
-4
0
-6
-3
13
7
-1
-7
-8
-7
-14
-30
-11
