16
1
-4
0
-3
2
4
9
1
3
-17
-22
-30
-33
-20
-21
-5
-5
-9
-7
-1
-5
-3
6
3
-5
17
12
10
5
-2
2
-4
9
-6
-10
-5
-15
-1
-7
2
10
-5
5
-7
8
11
7
7
23
32
34
36
18
21
21
27
32
13
2
2
0
-4
-10
-8
-14
-21
-14
-21
-31
-18
-36
-23
-24
-30
-16
-9
4
10
20
21
17
15
9
8
-6
-9
-3
-1
-7
0
-12
-23
-32
-28
-38
-46
-33
-27
-13
-9
4
6
21
11
15
13
17
11
12
23
14
40
25
24
20
1
-1
0
-9
-5
-9
-24
-26
-30
-8
-21
-33
-25
-22
-8
2
-11
3
12
19
-1
-5
10
3
12
4
11
20
6
9
27
26
11
20
6
-2
7
-7
-4
-15
-18
-29
-30
-15
-8
-14
-1
0
2
16
4
15
27
1
-7
4
-9
-15
-17
-13
0
-12
-24
-24
-12
-10
-15
-15
-8
-5
-9
-8
-7
-10
-15
0
-12
14
4
10
22
12
26
29
32
31
43
35
32
35
17
3
11
-2
-4
-1
-1
2
-5
5
25
12
18
15
7
3
0
-7
-16
-16
-6
-7
4
-2
-5
-17
-18
-1
10
13
1
15
-1
-3
-10
-1
8
5
-16
-6
4
-12
-12
-8
-5
-10
-9
-14
8
12
0
11
10
-2
7
19
12
15
1
1
0
-5
-2
6
9
-2
-13
-15
-11
-18
-25
-16
-2
-8
-21
-36
-13
-25
-26
-2
-2
4
11
25
-1
7
-6
-19
-10
-21
-6
-1
10
2
-7
-3
-9
-16
-11
-16
-16
-15
-3
3
1
12
11
-7
-11
-12
14
13
24
21
24
22
25
28
15
26
18
19
19
9
-5
2
-6
-14
-10
-22
-10
6
-4
4
32
22
25
18
15
12
3
0
15
19
16
23
11
13
3
-7
0
5
-6
-8
-9
-17
-28
-37
-44
-50
-39
-33
-9
-6
1
-3
-5
-8
-5
17
15
14
25
14
15
17
-2
-22
-14
-3
5
18
14
4
-1
-17
-12
-23
-10
1
-11
-1
-3
-6
2
13
2
1
3
21
17
8
18
30
26
23
32
21
19
5
4
0
-12
-4
5
-8
-27
-20
-30
-29
-25
-31
-23
-16
-21
-18
1
3
15
-7
-4
-14
-4
0
-6
9
1
7
2
1
-8
-12
-3
-22
-20
-18
-15
-11
-12
-16
-20
-5
-2
-7
-9
-22
-21
-7
-18
0
10
10
6
7
16
2
4
15
10
7
12
12
18
28
36
27
15
12
12
3
-1
-4
-8
11
11
15
18
16
28
18
34
31
22
15
7
14
15
4
-5
4
8
10
1
0
0
-15
-21
-18
-17
-8
-7
-26
-18
1
-7
4
11
3
13
13
4
7
28
20
7
10
8
10
2
4
-15
-20
-10
10
-6
-9
14
1
-12
-20
-20
-21
-22
-25
-21
-25
-31
-26
-18
-3
-4
6
6
0
-20
-11
-13
-14
-11
-15
-13
-18
-3
-11
-11
-12
-19
-18
-3
-12
-8
-6
-7
2
20
21
-11
5
15
13
24
26
25
32
38
34
18
8
13
22
13
10
3
-4
1
-15
-3
-12
-10
-9
-30
-11
-9
-4
2
7
6
-1
2
-11
-13
-10
-14
-15
-6
3
0
-8
-5
-8
-19
-4
-7
-21
-9
-4
-2
1
2
-2
6
26
25
19
15
16
14
9
-5
2
10
12
4
-8
-4
2
3
9
3
-12
-11
-1
-9
-4
4
-4
-10
0
3
8
4
10
14
3
11
16
30
30
27
25
20
13
22
28
20
22
27
-2
-7
7
4
0
-8
-4
-1
3
-6
-3
7
-3
-18
-6
-13
-16
-18
-8
-9
-18
-2
-9
-3
-4
-11
-5
-18
-20
-28
-29
-10
-11
-19
-8
-15
-18
-11
-19
-7
5
-15
4
0
10
6
-5
23
27
19
24
13
14
6
15
11
17
5
6
0
-19
-16
-9
-13
-13
-11
-15
-21
-19
-22
-16
-17
-13
-14
-11
-13
-23
-6
2
-2
-7
1
13
20
19
20
7
27
12
5
-1
-13
-5
-9
-14
-10
-14
-15
-4
-11
7
8
5
23
21
24
13
12
-6
-12
0
4
-10
-9
2
-21
-3
-5
-8
-8
-2
-9
-13
-8
-18
-8
-6
7
-7
-3
1
3
-7
-4
-1
8
24
26
22
12
16
11
28
26
22
21
25
12
16
4
-19
1
-20
-14
-6
-4
14
23
19
5
2
10
3
16
24
22
34
30
27
30
25
22
3
7
12
23
14
0
-7
10
1
-22
-14
-28
-23
-15
-25
-24
-10
-12
-13
-13
-4
-2
-7
-3
-1
-11
-14
-29
-11
-5
-22
-4
-3
-2
-1
1
-5
-31
-20
-23
-42
-26
-19
-4
-7
1
10
0
-4
-13
-11
2
-2
24
18
-2
-6
7
7
-1
-6
0
14
14
16
14
9
-10
-5
-1
-18
-14
-15
-7
-4
-7
-5
-8
-16
-19
-6
3
1
-14
-9
-7
-1
13
1
7
4
-7
1
-6
-7
-5
-5
-1
4
-3
-12
0
-4
-6
-6
-1
-2
-8
-14
-5
-15
-12
-5
-3
-3
-2
9
6
-1
0
18
13
21
20
15
11
15
18
8
5
14
17
12
7
10
15
26
32
25
32
35
28
16
15
20
8
18
20
2
12
18
10
22
18
10
-9
-14
-7
-11
2
1
3
11
-4
-4
-8
-12
-9
-7
-2
-8
3
10
-1
4
13
5
4
12
14
8
5
5
0
-4
-2
-20
-28
-16
-25
-23
-22
-30
-24
-28
-19
-17
-21
-8
3
-2
6
12
-12
1
-14
-12
-4
-13
-10
-12
4
8
14
-3
4
13
-14
-10
4
-2
20
18
18
18
5
6
2
-13
-16
-16
-9
-13
-22
-32
-25
-20
-23
-18
-12
-9
-26
-21
-19
-15
-27
-36
-29
-30
-25
-14
-5
-3
0
-3
8
11
8
10
11
9
29
23
22
25
10
26
23
19
26
24
20
19
10
-8
-4
9
3
-1
-6
0
-6
-11
-14
-14
-5
-2
4
15
10
4
19
10
19
16
14
16
9
12
17
7
-4
-10
-4
-12
-10
-17
-10
-5
5
5
1
2
6
12
-6
4
12
8
19
29
33
19
17
26
26
29
20
14
8
18
17
11
16
4
-6
-5
1
-14
-15
-10
-13
-13
-10
-14
-16
-6
7
11
11
14
6
9
4
-3
11
13
7
12
3
11
6
-12
-8
-10
-4
-15
-15
-17
-26
-41
-43
-42
-34
-43
-41
-31
-27
-16
-20
-5
6
-5
1
14
4
14
30
18
27
22
-2
2
-8
8
0
1
2
6
-9
-9
-9
-11
-14
-21
-12
-17
-25
-25
-16
1
-7
-14
-7
2
-14
-15
-5
-6
-9
-15
-19
-12
-22
-32
-20
-27
-10
-6
9
1
-1
2
18
35
31
25
27
30
25
23
24
24
34
20
25
20
2
11
13
-3
-6
-25
-13
10
-1
0
2
-8
-5
-5
-2
-2
2
5
3
19
6
-10
-4
7
0
14
8
6
27
11
11
3
6
2
0
-9
-5
-3
-8
1
1
6
8
4
7
11
15
11
-2
8
11
13
21
20
15
22
20
10
15
2
-3
5
-12
-17
-14
-14
4
-5
5
-7
-24
-14
-9
-14
-12
1
-12
1
3
7
6
-1
3
15
11
10
1
3
12
9
10
8
-2
-6
-11
-6
-5
-12
-23
-27
-16
-6
-5
-12
-24
-21
-21
-31
-19
-7
-11
-5
4
3
15
27
20
14
13
5
4
6
6
-1
-9
-7
-16
-23
-11
-20
-24
-16
-17
-15
-8
-6
-14
-17
-23
-18
1
8
0
16
19
7
9
15
7
11
8
3
5
-4
-7
-12
-24
-24
-29
-20
-10
-23
-13
-10
-5
-7
-3
-5
-5
-8
-9
5
-4
9
7
-3
-8
-11
5
8
8
-6
-5
-1
20
18
16
13
16
28
16
25
25
12
20
23
15
32
44
37
26
15
21
27
29
13
7
10
-2
2
-6
-8
-6
-12
-4
-9
-16
-16
-17
-10
-18
-9
1
-9
6
-11
-22
-15
-2
4
-3
8
5
8
23
9
8
15
12
29
15
11
13
10
9
6
-2
4
13
-2
0
2
9
14
2
-6
14
0
-8
-2
-9
2
6
10
12
-9
-16
-20
-12
-24
-10
-11
1
2
-2
0
-13
-6
-14
-10
-20
-12
-1
5
2
4
10
0
-1
-22
-3
-12
-26
-26
-25
-15
-23
-13
-22
-11
-3
0
-6
-11
-8
-13
-5
-23
-21
-29
-38
-36
-26
-17
-28
-42
-34
-15
-23
-12
-10
2
11
12
19
9
5
8
-1
-6
8
19
20
7
19
7
5
18
5
19
26
25
37
25
33
32
37
37
30
39
50
50
40
48
49
31
33
16
-4
0
-8
-3
13
4
-15
-25
-39
-53
-76
-69
-194
-489
-834
-1058
-939
-492
86
465
619
642
698
684
574
381
223
249
424
585
595
433
314
282
267
190
89
61
95
117
62
-70
-276
-475
-630
-684
-562
-371
-201
-85
-108
-177
-270
-294
-255
-166
-78
14
142
257
329
329
252
166
115
122
165
190
152
125
133
61
-156
-371
-445
-365
-259
-232
-281
-296
-236
-173
-169
-250
-316
-326
-306
-371
-481
-527
-445
-302
-257
-276
-310
-243
-108
-38
-7
22
101
171
255
254
211
209
272
313
241
145
30
-6
6
-10
-4
61
172
224
206
136
61
15
-5
-13
10
61
156
260
298
334
334
292
227
132
41
31
90
142
172
190
227
290
287
242
190
128
118
125
147
157
181
203
237
248
285
323
305
305
270
231
232
273
292
317
320
306
285
234
167
49
-63
-87
-49
8
92
165
260
316
260
132
-67
-229
-336
-396
-363
-292
-212
-153
-104
-81
-77
-105
-201
-332
-472
-588
-679
-713
-729
-678
-620
-524
-453
-421
-420
-466
-563
-683
-789
-857
-882
-872
-815
-650
-455
-328
-275
-336
-420
-509
-575
-667
-719
-716
-636
-491
-336
-140
73
287
459
582
694
794
879
925
960
1064
1233
1435
1575
1687
1757
1796
1782
1693
1534
1352
1154
970
794
624
524
447
363
247
123
-3
-154
-346
-558
-780
-944
-1030
-1063
-1079
-992
-898
-814
-786
-762
-755
-763
-771
-845
-894
-906
-870
-806
-728
-654
-530
-382
-290
-264
-315
-389
-458
-525
-567
-600
-560
-474
-401
-340
-285
-236
-246
-282
-344
-437
-549
-776
-1151
-1558
-1814
-1840
-1759
-1617
-1427
-1097
-645
-161
252
621
998
1303
1520
1670
1852
2090
2348
2600
2838
3097
3352
3542
3606
3578
3501
3350
3095
2706
2241
1825
1458
1113
796
424
21
-410
-869
-1221
-1445
-1624
-1807
-1952
-2011
-1960
-1832
-1677
-1505
-1347
-1230
-1080
-916
-761
-569
-375
-164
15
182
357
499
599
590
535
460
299
41
-241
-459
-647
-862
-1077
-1284
-1429
-1516
-1592
-1624
-1658
-1680
-1694
-1666
-1631
-1564
-1451
-1352
-1232
-1070
-897
-704
-519
-380
-275
-175
-98
-64
-174
-468
-1031
-1706
-2218
-2434
-2487
-2496
-2421
-2138
-1578
-946
-374
162
720
1189
1453
1550
1630
1814
2060
2295
2536
2925
3371
3790
4141
4445
4731
4859
4736
4363
3894
3405
2903
2369
1811
1290
873
538
215
-78
-323
-591
-951
-1372
-1810
-2244
-2743
-3273
-3709
-3896
-3810
-3538
-3115
-2532
-1777
-983
-247
387
895
1259
1415
1419
1331
1188
1047
889
798
769
846
968
1036
1038
964
835
569
109
-443
-992
-1493
-1926
-2293
-2540
-2607
-2568
-2418
-2168
-1887
-1581
-1316
-1107
-987
-869
-781
-710
-615
-548
-421
-259
-65
150
394
622
779
841
728
220
-670
-1725
-2549
-3055
-3487
-3928
-4217
-4021
-3528
-2881
-2183
-1341
-417
302
708
937
1198
1489
1686
1793
1973
2345
2829
3310
3868
4531
5198
5651
5795
5707
5513
5217
4710
4014
3259
2519
1836
1220
711
356
90
-177
-494
-835
-1145
-1475
-1904
-2384
-2861
-3260
-3607
-3947
-4228
-4288
-4054
-3670
-3234
-2670
-1875
-952
-85
690
1390
1992
2389
2518
2556
2515
2399
2152
1812
1526
1322
1153
986
843
684
562
390
141
-169
-522
-882
-1310
-1810
-2236
-2514
-2709
-2848
-2834
-2655
-2375
-2072
-1736
-1346
-938
-587
-358
-164
-43
27
96
143
196
274
393
504
623
699
547
-31
-946
-1849
-2455
-2953
-3597
-4282
-4607
-4462
-4176
-3790
-3165
-2193
-1241
-541
-22
537
1128
1592
1853
2006
2265
2547
2830
3149
3668
4365
4962
5318
5522
5744
5912
5831
5419
4853
4227
3484
2654
1828
1140
563
-20
-548
-944
-1196
-1402
-1606
-1858
-2104
-2374
-2750
-3188
-3542
-3840
-4219
-4563
-4660
-4314
-3732
-3080
-2292
-1219
-22
1011
1894
2673
3256
3557
3489
3206
2792
2336
1844
1324
896
581
466
413
435
537
705
721
521
216
-134
-566
-1212
-1909
-2476
-2910
-3249
-3426
-3337
-3004
-2557
-2057
-1477
-825
-285
128
432
576
599
499
357
215
80
9
20
133
252
176
-270
-941
-1519
-1836
-2231
-2983
-3753
-4117
-4144
-4177
-4106
-3657
-2824
-2031
-1473
-858
-19
855
1472
1861
2242
2585
2794
2953
3171
3530
3956
4234
4375
4603
5001
5350
5432
5285
5091
4818
4300
3587
2906
2241
1494
637
-136
-712
-1176
-1577
-1915
-2123
-2253
-2400
-2620
-2863
-3100
-3372
-3714
-4050
-4263
-4218
-3960
-3568
-3007
-2202
-1230
-213
793
1776
2666
3251
3524
3567
3472
3190
2669
2074
1493
971
552
285
139
152
248
329
389
410
342
102
-289
-803
-1356
-1959
-2526
-2992
-3281
-3343
-3245
-2980
-2545
-1956
-1302
-659
-86
399
718
891
950
847
681
463
241
82
-32
-202
-582
-1152
-1722
-2082
-2291
-2634
-3129
-3478
-3550
-3519
-3544
-3407
-2963
-2380
-1891
-1506
-970
-266
439
1005
1483
1969
2435
2815
3165
3548
3968
4308
4492
4587
4774
5019
5122
5025
4850
4680
4403
3956
3440
2964
2439
1781
1067
446
-107
-637
-1129
-1548
-1901
-2219
-2527
-2819
-3021
-3235
-3443
-3717
-4004
-4146
-4084
-3840
-3543
-3110
-2493
-1689
-820
88
1041
1904
2546
2977
3239
3368
3259
2940
2527
2004
1466
957
565
302
149
95
104
145
206
235
176
11
-318
-757
-1250
-1776
-2282
-2705
-3024
-3231
-3289
-3099
-2705
-2207
-1651
-1047
-426
117
516
804
970
1017
930
707
499
316
92
-286
-929
-1620
-2139
-2408
-2646
-3022
-3332
-3376
-3230
-3148
-3009
-2608
-2018
-1538
-1246
-914
-393
182
647
1022
1405
1833
2228
2579
3004
3537
4000
4313
4489
4734
5029
5192
5153
5011
4856
4613
4188
3670
3213
2744
2179
1515
870
347
-144
-616
-1045
-1402
-1746
-2133
-2447
-2712
-2999
-3370
-3767
-4085
-4302
-4364
-4290
-4067
-3696
-3143
-2416
-1510
-548
399
1308
2064
2653
3047
3286
3316
3095
2679
2202
1669
1131
674
371
174
33
-11
80
233
306
314
247
44
-303
-737
-1236
-1771
-2314
-2793
-3160
-3350
-3375
-3169
-2792
-2314
-1730
-1114
-450
122
576
922
1154
1193
1100
951
751
502
154
-383
-1102
-1802
-2234
-2470
-2773
-3125
-3329
-3204
-2980
-2799
-2520
-2019
-1437
-1058
-801
-412
93
538
856
1111
1432
1756
2077
2438
2860
3319
3734
4039
4298
4623
4938
5081
5024
4904
4742
4450
3978
3483
3023
2473
1818
1145
579
93
-388
-809
-1160
-1496
-1811
-2101
-2343
-2561
-2771
-2998
-3299
-3589
-3853
-4010
-4052
-3981
-3769
-3387
-2796
-2104
-1283
-359
595
1456
2192
2758
3194
3404
3359
3138
2740
2206
1594
1050
596
201
-90
-244
-287
-234
-98
64
177
152
52
-152
-488
-919
-1404
-1900
-2375
-2787
-3027
-3108
-3056
-2843
-2459
-1972
-1404
-806
-241
304
741
1050
1233
1291
1221
1068
812
305
-494
-1339
-1946
-2352
-2806
-3303
-3579
-3544
-3323
-3068
-2672
-2021
-1289
-715
-321
101
605
1073
1338
1418
1514
1652
1786
1936
2158
2477
2845
3124
3428
3893
4376
4704
4840
4915
4956
4791
4409
3964
3488
2894
2157
1386
683
99
-451
-931
-1319
-1656
-1906
-2057
-2141
-2212
-2311
-2469
-2673
-2950
-3262
-3502
-3662
-3799
-3815
-3672
-3349
-2843
-2177
-1321
-394
497
1354
2136
2795
3271
3503
3517
3281
2882
2376
1823
1272
714
231
-140
-344
-447
-405
-289
-169
-95
-53
-72
-221
-460
-799
-1245
-1738
-2220
-2633
-2901
-3067
-3085
-2938
-2620
-2194
-1678
-1074
-468
57
533
932
1220
1385
1428
1385
1170
639
-112
-881
-1523
-2046
-2598
-3165
-3561
-3618
-3493
-3310
-2924
-2313
-1598
-995
-537
1
645
1181
1470
1602
1747
1870
1943
2009
2139
2370
2586
2786
3070
3503
3986
4331
4573
4785
4926
4876
4628
4317
3915
3369
2628
1812
1093
415
-245
-887
-1440
-1870
-2179
-2388
-2495
-2518
-2529
-2597
-2717
-2882
-2999
-3150
-3328
-3509
-3597
-3484
-3280
-2933
-2392
-1682
-909
-83
759
1686
2477
3101
3477
3638
3643
3383
3015
2505
1909
1256
647
91
-310
-549
-676
-756
-770
-669
-584
-517
-549
-627
-793
-1089
-1480
-1873
-2207
-2525
-2785
-2949
-2964
-2811
-2522
-2083
-1557
-994
-421
142
627
1053
1394
1609
1675
1567
1252
656
-93
-838
-1431
-2049
-2744
-3348
-3618
-3647
-3604
-3407
-2912
-2207
-1559
-978
-387
328
994
1456
1730
1935
2074
2172
2230
2252
2317
2433
2547
2683
2974
3378
3779
4050
4308
4579
4730
4699
4540
4321
3902
3291
2564
1817
1096
342
-426
-1110
-1690
-2176
-2538
-2756
-2868
-2904
-2881
-2874
-2883
-2886
-2899
-2958
-3080
-3134
-3105
-3006
-2824
-2452
-1930
-1323
-702
25
854
1648
2332
2840
3244
3429
3465
3270
2945
2480
1918
1336
702
176
-254
-559
-785
-937
-1021
-973
-951
-941
-910
-948
-1102
-1302
-1498
-1711
-1930
-2183
-2334
-2412
-2379
-2245
-2015
-1701
-1302
-857
-402
71
482
856
1150
1341
1415
1402
1161
643
-34
-666
-1192
-1807
-2518
-3095
-3385
-3540
-3617
-3470
-3021
-2416
-1848
-1288
-638
125
846
1396
1759
2063
2332
2503
2566
2582
2671
2748
2774
2819
3008
3303
3550
3742
3987
4230
4345
4364
4310
4165
3837
3307
2683
2063
1365
613
-140
-906
-1564
-2129
-2575
-2908
-3125
-3204
-3189
-3210
-3222
-3162
-3067
-3014
-3055
-2984
-2854
-2672
-2474
-2132
-1664
-1151
-593
62
806
1482
2105
2565
2956
3155
3220
3111
2857
2476
1979
1478
903
400
-27
-352
-669
-948
-1069
-1100
-1128
-1172
-1188
-1218
-1315
-1449
-1587
-1716
-1853
-2012
-2116
-2148
-2084
-1960
-1736
-1437
-1133
-759
-370
21
360
720
990
1150
1250
1293
1228
889
338
-265
-727
-1229
-1858
-2466
-2917
-3182
-3344
-3394
-3232
-2827
-2323
-1837
-1331
-671
84
774
1288
1691
2089
2408
2635
2738
2863
2983
3030
3017
3053
3229
3434
3594
3714
3921
4079
4131
4132
4090
3928
3567
3075
2532
1911
1217
506
-234
-955
-1605
-2143
-2601
-2947
-3179
-3308
-3379
-3473
-3493
-3410
-3286
-3230
-3149
-2978
-2710
-2418
-2040
-1540
-989
-434
148
831
1424
1963
2385
2737
2914
2919
2844
2621
2319
1920
1457
944
489
108
-193
-462
-714
-889
-990
-1052
-1162
-1270
-1342
-1434
-1609
-1761
-1879
-2005
-2120
-2206
-2170
-2106
-1966
-1732
-1449
-1110
-772
-396
-32
308
615
861
1008
1126
1178
1149
1050
703
161
-387
-849
-1341
-1906
-2445
-2840
-3077
-3209
-3249
-3094
-2676
-2230
-1798
-1303
-654
73
735
1236
1622
2063
2436
2679
2832
2963
3100
3182
3187
3230
3428
3579
3682
3771
3896
3984
4024
4015
3932
3727
3359
2909
2387
1840
1186
506
-180
-859
-1464
-1985
-2461
-2835
-3076
-3233
-3393
-3502
-3530
-3444
-3350
-3268
-3116
-2899
-2602
-2246
-1829
-1347
-832
-311
233
775
1304
1742
2110
2349
2446
2471
2396
2204
1922
1596
1215
809
425
125
-134
-390
-617
-777
-894
-990
-1102
-1189
-1301
-1424
-1545
-1675
-1782
-1888
-1950
-1987
-1949
-1861
-1722
-1537
-1281
-979
-655
-313
0
302
584
811
965
1095
1184
1193
1109
847
418
-116
-603
-1013
-1515
-2084
-2579
-2878
-3048
-3185
-3141
-2835
-2468
-2077
-1638
-1081
-357
308
877
1350
1801
2226
2567
2802
2964
3137
3260
3295
3313
3446
3605
3698
3747
3821
3919
3945
3921
3850
3710
3394
2973
2507
2000
1447
808
134
-537
-1165
-1716
-2223
-2645
-2976
-3215
-3383
-3556
-3632
-3571
-3461
-3399
-3314
-3099
-2793
-2470
-2107
-1662
-1162
-644
-133
422
975
1475
1859
2168
2355
2460
2478
2361
2133
1826
1479
1073
687
318
6
-300
-571
-766
-886
-959
-1067
-1137
-1209
-1280
-1381
-1482
-1576
-1640
-1722
-1798
-1826
-1797
-1706
-1585
-1413
-1208
-932
-622
-290
51
370
650
866
1028
1157
1233
1225
1109
818
340
-203
-668
-1117
-1627
-2181
-2650
-2917
-3113
-3190
-3083
-2752
-2347
-1954
-1501
-901
-203
435
987
1448
1895
2300
2644
2874
3063
3233
3341
3366
3405
3547
3659
3710
3746
3822
3842
3827
3791
3703
3529
3203
2803
2371
1892
1326
723
62
-604
-1217
-1768
-2249
-2675
-3014
-3254
-3394
-3484
-3526
-3484
-3411
-3296
-3146
-2971
-2721
-2428
-2098
-1745
-1359
-908
-404
95
579
1064
1519
1869
2139
2341
2438
2445
2308
2084
1764
1396
1033
656
268
-63
-348
-594
-774
-900
-962
-1048
-1120
-1186
-1246
-1306
-1380
-1443
-1499
-1561
-1631
-1605
-1531
-1465
-1364
-1198
-979
-739
-470
-209
37
270
486
668
789
875
924
922
807
513
110
-345
-753
-1155
-1631
-2132
-2546
-2798
-2971
-3053
-2968
-2707
-2366
-2010
-1573
-967
-290
361
918
1398
1914
2389
2764
3039
3256
3441
3540
3575
3616
3674
3717
3710
3671
3670
3660
3624
3536
3401
3208
2932
2575
2195
1775
1278
699
99
-492
-1072
-1609
-2114
-2531
-2874
-3138
-3343
-3426
-3429
-3381
-3323
-3253
-3118
-2947
-2711
-2466
-2150
-1828
-1488
-1066
-595
-101
398
900
1335
1732
2039
2291
2428
2456
2358
2158
1903
1573
1208
829
454
70
-212
-462
-659
-832
-937
-996
-1098
-1150
-1186
-1243
-1317
-1378
-1454
-1514
-1557
-1559
-1521
-1482
-1414
-1296
-1117
-906
-667
-431
-194
30
269
450
637
761
815
875
875
763
510
159
-241
-615
-1021
-1491
-1939
-2287
-2546
-2743
-2837
-2744
-2486
-2179
-1846
-1397
-819
-175
449
975
1502
2028
2468
2820
3091
3321
3469
3543
3524
3538
3567
3579
3520
3438
3411
3367
3306
3194
3079
2878
2603
2273
1920
1504
1016
503
-74
-630
-1186
-1692
-2146
-2542
-2855
-3110
-3293
-3351
-3343
-3272
-3171
-3055
-2863
-2671
-2450
-2218
-1957
-1667
-1341
-984
-588
-163
272
708
1116
1510
1838
2122
2315
2391
2414
2294
2080
1782
1458
1086
666
268
-116
-436
-709
-918
-1081
-1193
-1274
-1309
-1343
-1335
-1326
-1326
-1321
-1320
-1316
-1298
-1256
-1224
-1160
-1080
-987
-862
-740
-573
-377
-194
-7
194
371
515
641
741
805
797
719
529
210
-160
-494
-894
-1352
-1796
-2163
-2442
-2648
-2742
-2684
-2462
-2196
-1851
-1401
-820
-188
453
1014
1514
2022
2460
2829
3092
3292
3437
3472
3434
3404
3381
3329
3243
3122
3062
2977
2891
2820
2706
2540
2323
2054
1746
1400
984
507
-3
-530
-1035
-1501
-1923
-2296
-2610
-2836
-2995
-3049
-3042
-2977
-2859
-2704
-2521
-2345
-2128
-1895
-1613
-1366
-1092
-754
-398
-40
340
743
1117
1464
1739
1969
2115
2180
2156
2009
1796
1523
1188
816
412
31
-315
-626
-878
-1053
-1147
-1220
-1267
-1266
-1235
-1196
-1192
-1192
-1200
-1235
-1261
-1259
-1269
-1268
-1231
-1176
-1088
-961
-810
-612
-423
-233
-12
193
373
508
635
742
761
760
714
567
290
-94
-435
-769
-1163
-1551
-1892
-2154
-2339
-2440
-2397
-2218
-1972
-1658
-1277
-797
-222
357
894
1358
1816
2250
2570
2818
3011
3123
3174
3128
3080
3053
3005
2935
2853
2773
2706
2633
2552
2465
2324
2150
1921
1641
1332
979
581
133
-337
-779
-1183
-1562
-1907
-2164
-2367
-2511
-2573
-2553
-2460
-2393
-2316
-2199
-2049
-1903
-1764
-1577
-1386
-1174
-939
-662
-345
0
349
671
996
1305
1590
1798
1918
1936
1870
1712
1479
1181
855
503
150
-186
-463
-673
-855
-970
-1036
-1062
-1073
-1039
-1000
-976
-986
-1007
-1031
-1084
-1126
-1166
-1210
-1221
-1204
-1133
-1063
-942
-775
-574
-370
-189
-1
208
406
568
690
750
793
782
689
505
218
-117
-438
-785
-1133
-1514
-1824
-2025
-2189
-2224
-2145
-1941
-1688
-1388
-996
-524
-30
467
929
1324
1701
2037
2290
2479
2618
2707
2752
2746
2708
2698
2709
2662
2605
2566
2541
2508
2439
2359
2263
2102
1879
1633
1337
1011
631
226
-205
-623
-1004
-1367
-1681
-1953
-2158
-2310
-2387
-2364
-2315
-2274
-2212
-2133
-2005
-1928
-1800
-1654
-1482
-1287
-1058
-799
-518
-171
182
520
816
1136
1407
1628
1748
1804
1776
1654
1472
1218
954
631
313
-8
-276
-518
-690
-809
-878
-916
-965
-966
-948
-936
-950
-983
-1037
-1106
-1157
-1180
-1207
-1228
-1212
-1134
-1048
-902
-710
-526
-322
-109
89
295
466
616
733
796
820
792
696
508
223
-104
-430
-769
-1120
-1460
-1720
-1924
-2093
-2135
-2065
-1911
-1719
-1458
-1115
-695
-237
231
644
1021
1389
1749
2024
2231
2407
2531
2604
2630
2657
2717
2725
2726
2711
2688
2660
2634
2592
2535
2406
2237
2025
1752
1449
1087
712
277
-155
-583
-964
-1334
-1672
-1929
-2120
-2269
-2356
-2341
-2301
-2267
-2210
-2078
-1946
-1875
-1775
-1611
-1448
-1301
-1116
-877
-580
-276
30
368
697
1003
1276
1510
1634
1740
1771
1687
1534
1303
1066
766
430
106
-154
-400
-619
-776
-852
-935
-999
-1005
-1007
-1002
-1004
-1006
-1034
-1058
-1102
-1108
-1098
-1083
-1052
-979
-891
-800
-646
-453
-284
-112
85
251
413
525
612
676
697
667
590
419
179
-118
-420
-717
-1049
-1370
-1663
-1885
-2064
-2146
-2106
-2003
-1825
-1579
-1277
-898
-466
3
453
854
1259
1617
1938
2205
2399
2543
2664
2705
2723
2793
2810
2803
2761
2716
2682
2634
2557
2483
2364
2181
1969
1724
1429
1090
744
352
-86
-469
-840
-1195
-1525
-1812
-2016
-2187
-2287
-2303
-2259
-2218
-2168
-2091
-1971
-1816
-1704
-1583
-1438
-1283
-1110
-915
-643
-366
-73
217
499
794
1094
1333
1523
1616
1665
1658
1542
1394
1144
893
596
274
-16
-270
-488
-698
-831
-911
-971
-1000
-992
-967
-945
-927
-916
-912
-902
-908
-889
-872
-845
-790
-720
-627
-535
-404
-278
-146
-17
111
242
348
430
461
503
512
458
324
139
-121
-415
-691
-991
-1296
-1614
-1833
-1995
-2109
-2110
-2017
-1846
-1618
-1331
-956
-521
-63
404
851
1254
1599
1959
2233
2426
2589
2672
2723
2725
2702
2689
2632
2559
2512
2440
2357
2294
2194
2096
1955
1780
1556
1307
1034
707
380
10
-362
-709
-1040
-1340
-1627
-1842
-1993
-2098
-2138
-2100
-2060
-1994
-1908
-1779
-1615
-1503
-1378
-1262
-1107
-982
-841
-649
-458
-246
-28
218
460
705
931
1105
1233
1351
1385
1371
1290
1139
981
756
518
239
9
-203
-415
-580
-684
-761
-810
-818
-828
-800
-784
-775
-727
-706
-703
-669
-651
-656
-636
-609
-566
-513
-450
-391
-322
-245
-164
-68
-9
49
113
159
187
209
155
61
-82
-272
-474
-719
-983
-1255
-1482
-1693
-1817
-1893
-1890
-1791
-1624
-1394
-1103
-753
-338
101
509
919
1285
1632
1929
2143
2308
2435
2509
2513
2506
2486
2436
2373
2285
2221
2166
2116
2065
1990
1902
1788
1636
1473
1253
1019
741
425
124
-207
-512
-822
-1103
-1341
-1538
-1687
-1808
-1864
-1853
-1792
-1753
-1698
-1593
-1473
-1344
-1236
-1151
-1055
-952
-845
-699
-532
-351
-203
-28
191
397
603
770
920
1031
1127
1160
1182
1129
1030
905
725
530
331
134
-83
-262
-453
-579
-657
-722
-769
-790
-785
-791
-766
-738
-726
-725
-709
-726
-738
-715
-697
-668
-638
-589
-524
-449
-390
-312
-237
-174
-116
-45
11
52
87
91
38
-70
-227
-394
-564
-784
-1000
-1173
-1368
-1484
-1554
-1551
-1496
-1370
-1192
-919
-606
-253
148
533
901
1236
1559
1819
2050
2215
2339
2376
2398
2375
2336
2288
2223
2162
2072
2009
1949
1897
1840
1760
1664
1534
1392
1220
1014
766
491
191
-126
-408
-723
-999
-1254
-1469
-1644
-1773
-1846
-1853
-1836
-1809
-1757
-1685
-1562
-1449
-1353
-1247
-1129
-1000
-868
-691
-493
-294
-98
104
326
550
757
921
1049
1150
1223
1224
1213
1121
1003
841
655
451
268
86
-106
-264
-424
-513
-592
-664
-708
-743
-782
-807
-822
-845
-842
-844
-849
-858
-832
-802
-763
-719
-655
-577
-507
-417
-315
-205
-99
-20
66
122
203
243
258
226
141
-3
-163
-318
-526
-765
-982
-1160
-1325
-1424
-1484
-1463
-1394
-1254
-1051
-796
-516
-180
163
482
812
1123
1410
1633
1799
1943
2053
2094
2122
2139
2129
2106
2084
2045
2017
1964
1918
1892
1824
1754
1629
1485
1330
1132
901
661
376
64
-225
-500
-783
-1058
-1285
-1474
-1610
-1711
-1754
-1747
-1713
-1660
-1588
-1494
-1385
-1263
-1145
-1037
-920
-824
-708
-582
-432
-260
-100
60
239
445
641
809
932
1046
1110
1150
1136
1078
969
828
647
439
251
38
-156
-349
-516
-653
-738
-807
-830
-841
-836
-817
-815
-786
-763
-729
-714
-704
-681
-665
-616
-575
-512
-442
-368
-301
-215
-115
-33
44
121
192
253
284
293
273
211
86
-86
-266
-465
-657
-886
-1084
-1240
-1367
-1444
-1467
-1409
-1298
-1133
-899
-615
-301
34
390
705
1001
1264
1499
1696
1847
1960
2049
2055
2043
2038
2012
1981
1940
1905
1859
1820
1762
1693
1635
1528
1411
1261
1082
882
648
400
124
-159
-434
-698
-938
-1158
-1340
-1448
-1542
-1592
-1608
-1602
-1552
-1483
-1370
-1259
-1158
-1052
-928
-806
-699
-570
-440
-292
-167
-50
91
239
367
473
576
652
742
770
780
772
713
666
569
452
313
179
19
-123
-226
-357
-475
-565
-625
-692
-698
-726
-736
-718
-717
-703
-683
-639
-613
-582
-546
-468
-415
-354
-288
-255
-175
-112
-59
-2
34
70
92
101
107
87
68
19
-55
-155
-261
-392
-545
-685
-832
-934
-1046
-1106
-1132
-1138
-1089
-984
-848
-665
-446
-192
91
345
620
867
1103
1315
1497
1660
1762
1848
1895
1921
1930
1930
1901
1853
1810
1751
1692
1631
1547
1462
1357
1239
1105
932
751
541
346
112
-114
-331
-552
-761
-934
-1081
-1218
-1315
-1372
-1403
-1425
-1408
-1358
-1299
-1242
-1146
-1052
-970
-859
-727
-602
-494
-364
-232
-97
33
157
263
341
443
521
568
615
625
610
574
517
452
382
274
177
72
-45
-144
-236
-338
-426
-506
-568
-604
-623
-632
-662
-659
-642
-617
-604
-551
-497
-451
-399
-339
-269
-206
-134
-81
-23
4
39
67
61
58
45
46
14
2
-21
-96
-154
-220
-326
-427
-532
-651
-753
-848
-915
-974
-1017
-989
-934
-836
-716
-545
-364
-162
70
289
533
765
981
1174
1334
1482
1620
1711
1768
1810
1831
1828
1810
1777
1723
1666
1607
1542
1461
1344
1236
1098
949
785
621
438
242
40
-166
-349
-514
-675
-820
-963
-1080
-1167
-1231
-1283
-1308
-1304
-1304
-1259
-1206
-1133
-1039
-938
-808
-679
-539
-406
-249
-86
58
179
297
413
489
559
604
621
610
557
524
484
407
323
235
138
31
-69
-149
-233
-314
-393
-432
-497
-535
-553
-594
-621
-636
-636
-653
-650
-627
-586
-561
-520
-476
-403
-335
-253
-179
-127
-75
-31
27
49
60
58
73
51
26
-18
-54
-72
-136
-182
-240
-312
-369
-429
-495
-529
-561
-612
-623
-630
-596
-551
-496
-395
-287
-153
-8
158
322
495
661
824
989
1137
1278
1371
1439
1526
1571
1604
1616
1599
1567
1513
1451
1379
1283
1188
1080
960
827
690
560
401
260
106
-39
-172
-303
-424
-532
-633
-718
-780
-818
-838
-869
-879
-867
-836
-795
-730
-668
-591
-524
-438
-355
-303
-235
-174
-121
-69
-42
-28
-25
-27
-47
-89
-129
-166
-181
-215
-237
-243
-270
-285
-289
-299
-295
-290
-305
-333
-334
-326
-348
-355
-350
-362
-348
-344
-330
-287
-270
-226
-186
-140
-70
-23
12
50
72
88
91
70
63
52
35
14
-30
-63
-96
-118
-128
-168
-168
-185
-191
-189
-180
-155
-163
-136
-115
-97
-96
-84
-72
-47
5
50
95
133
199
288
355
409
510
597
661
741
820
886
933
944
962
978
949
921
887
842
780
713
655
584
514
437
366
286
220
173
108
52
10
-47
-100
-143
-189
-242
-275
-307
-343
-376
-405
-395
-402
-393
-374
-364
-331
-310
-292
-251
-233
-216
-197
-183
-187
-175
-177
-188
-201
-214
-228
-238
-253
-289
-317
-351
-354
-377
-387
-396
-412
-415
-425
-426
-421
-404
-401
-392
-392
-375
-370
-358
-337
-342
-318
-299
-264
-235
-194
-162
-154
-111
-91
-57
-34
-5
23
20
45
57
77
86
75
86
100
103
122
133
145
173
189
216
231
244
254
285
285
290
312
320
326
318
332
346
361
378
401
418
415
429
437
449
471
478
477
499
505
492
479
461
426
411
382
341
314
264
228
183
155
119
79
43
17
-3
-26
-44
-55
-65
-93
-97
-111
-113
-112
-129
-129
-129
-134
-151
-159
-155
-164
-186
-211
-222
-214
-238
-237
-254
-284
-288
-297
-300
-311
-331
-349
-361
-376
-388
-398
-413
-427
-423
-426
-423
-411
-416
-402
-388
-362
-366
-364
-335
-318
-314
-285
-269
-267
-259
-236
-210
-205
-176
-134
-104
-90
-62
-51
-40
-32
-21
17
51
69
108
136
167
191
213
229
243
255
272
287
306
321
347
361
370
394
397
406
429
444
439
437
438
429
410
402
382
354
322
302
283
254
215
192
165
144
124
120
98
93
102
101
108
106
114
121
135
144
133
145
152
145
137
116
120
113
90
85
81
59
46
30
-7
-20
-42
-73
-81
-101
-136
-162
-170
-192
-222
-251
-267
-291
-308
-312
-330
-339
-349
-352
-361
-352
-352
-361
-366
-367
-349
-348
-340
-326
-313
-311
-285
-288
-280
-283
-281
-281
-292
-267
-266
-258
-249
-254
-222
-214
-201
-175
-153
-105
-96
-65
-36
-7
25
53
76
101
126
134
139
145
153
159
168
179
189
176
206
232
217
238
282
289
294
313
315
322
315
316
316
310
295
285
280
265
244
234
220
192
175
180
160
141
137
114
117
125
140
146
147
138
126
130
134
120
122
105
98
95
78
61
57
42
20
5
2
14
7
1
-20
-25
-24
-48
-59
-72
-96
-98
-118
-133
-118
-123
-152
-170
-163
-169
-170
-172
-170
-160
-160
-151
-160
-173
-181
-188
-178
-184
-201
-216
-213
-224
-234
-229
-227
-218
-224
-212
-199
-187
-181
-169
-151
-144
-147
-153
-151
-139
-122
-132
-122
-112
-92
-88
-64
-46
-34
-15
-3
7
8
34
37
44
58
62
79
85
90
109
109
101
102
115
124
138
155
172
165
169
174
187
187
191
206
206
204
202
197
196
189
193
182
175
161
160
158
134
129
118
103
93
106
92
100
90
76
78
81
63
46
40
46
29
10
21
3
-12
-7
-26
-37
-25
-34
-32
-43
-38
-51
-46
-37
-52
-55
-65
-73
-72
-75
-82
-59
-66
-77
-76
-71
-63
-55
-61
-56
-63
-78
-64
-78
-76
-98
-113
-117
-124
-116
-115
-104
-103
-98
-95
-89
-96
-82
-79
-93
-84
-89
-87
-92
-87
-89
-92
-71
-66
-37
-32
-41
-43
-41
-44
-34
-42
-42
-39
-58
-59
-65
-52
-46
-51
-36
-28
-20
-8
12
26
51
61
65
86
89
99
99
91
104
95
98
117
122
117
114
105
105
113
101
104
95
88
103
98
94
94
91
92
80
81
92
98
88
82
80
93
86
81
63
31
49
36
26
28
20
-5
15
-2
-5
11
1
6
-3
-3
1
8
2
-10
-4
2
-24
-10
0
-8
-15
-38
-62
-55
-75
-81
-84
-87
-87
-105
-90
-87
-88
-81
-87
-89
-97
-88
-70
-59
-57
-47
-33
-34
-22
-9
-20
-18
-11
-13
-14
-9
-6
2
-1
-10
-22
-18
-18
-32
-46
-52
-56
-58
-61
-71
-74
-81
-71
-71
-77
-81
-87
-86
-65
-51
-42
-49
-32
-25
-9
0
5
13
2
22
36
46
63
64
72
76
73
79
77
73
60
55
53
55
55
57
64
67
62
47
61
69
60
63
61
61
70
64
63
84
81
85
87
70
73
64
66
68
46
45
36
31
36
38
30
11
24
16
21
9
-3
1
4
3
-15
-19
-16
-54
-66
-60
-84
-82
-90
-108
-101
-83
-84
-88
-67
-56
-45
-31
-31
-19
-1
-9
-2
26
38
34
42
40
40
35
24
17
21
16
12
17
3
-11
-18
-5
-21
-29
-35
-19
-11
-15
-21
-16
-19
-40
-49
-45
-53
-56
-70
-84
-68
-70
-75
-80
-64
-59
-47
-26
-18
-9
11
23
25
27
22
26
7
-12
-13
-27
-28
-27
-32
-28
-27
-22
-5
-3
4
10
13
19
39
46
54
66
74
71
65
60
49
52
51
45
41
39
48
36
48
44
38
55
58
60
51
39
49
24
16
12
3
-4
-31
-39
-55
-74
-85
-91
-91
-106
-107
-93
-102
-97
-79
-75
-71
-67
-61
-40
-25
-9
-15
11
31
35
67
44
61
70
88
107
109
99
105
87
80
89
68
64
59
73
51
39
44
25
29
8
11
15
0
4
15
-1
0
-1
5
19
8
20
5
5
-5
-27
-32
-34
-49
-53
-43
-47
-46
-50
-52
-60
-48
-46
-38
-39
-40
-31
-36
-30
-38
-27
-29
-34
-28
-51
-53
-34
-21
-36
-30
-23
-8
1
1
19
31
14
22
38
54
62
58
48
68
72
59
60
43
38
33
15
10
6
-7
-3
-9
-12
-3
-11
-8
-12
-21
-31
-24
-33
-28
-37
-43
-40
-45
-44
-41
-46
-44
-37
-46
-33
-13
-16
-19
9
13
7
23
21
19
15
26
25
21
21
29
41
20
21
18
3
-15
-31
-40
-35
-47
-25
-10
-11
-12
-16
4
15
16
21
26
38
44
31
38
34
38
39
19
24
11
-8
6
-4
-14
-21
-15
-22
-30
-34
-27
-32
-29
-35
-38
-35
-35
-37
-21
-21
-38
-23
-16
-17
-12
-3
-2
6
11
32
39
26
41
36
30
42
58
44
40
43
38
52
55
56
55
42
48
48
40
45
25
26
17
-3
-4
0
4
-14
-17
-2
-16
-19
-9
-19
-28
-34
-27
-25
-26
-27
-21
-26
-13
-7
-14
-10
0
-4
-1
-3
-6
19
8
6
8
28
29
4
12
5
11
8
2
-7
-18
-19
-35
-47
-46
-49
-57
-58
-54
-41
-41
-31
-25
-19
-40
-25
-11
-10
-4
8
14
11
20
19
18
11
11
17
3
-11
0
-18
-20
-16
-18
-14
-21
-20
-17
-8
-18
-13
9
21
20
8
17
24
24
34
36
35
31
26
22
8
17
11
2
7
10
10
14
1
6
18
9
19
10
-1
-2
-4
-5
-9
-3
-4
-22
-9
-16
-1
-10
-8
-11
-15
-5
-10
-3
-10
-6
-9
5
12
13
13
2
8
10
13
23
1
5
25
15
19
14
15
18
23
32
40
26
25
31
45
46
33
16
14
23
24
33
39
41
26
18
15
16
3
-17
-20
-3
-12
-26
-21
-31
-34
-30
-33
-47
-39
-33
-59
-64
-59
-67
-62
-69
-71
-64
-61
-73
-51
-52
-50
-28
-36
-15
-19
-17
-8
-13
-1
18
29
35
38
49
52
50
53
58
58
34
39
34
16
22
10
9
-14
-4
2
-13
-12
-7
-1
-12
-16
-12
-8
-17
-10
-15
-10
7
-5
-12
4
-3
-10
-18
-13
-8
-14
-3
0
0
-9
7
6
-7
10
11
7
21
28
34
31
23
29
23
36
36
32
38
43
37
26
21
17
16
19
28
42
29
28
31
31
33
33
20
8
5
4
-1
-7
6
-5
4
-1
3
10
-7
-16
-29
-27
-19
-27
-38
-52
-51
-81
-89
-81
-84
-87
-94
-81
-68
-84
-65
-47
-50
-42
-45
-40
-17
-5
10
15
21
40
46
57
57
57
59
47
51
76
64
68
63
54
30
34
30
24
23
18
3
-22
-12
-33
-44
-34
-44
-54
-50
-47
-59
-59
-46
-37
-36
-42
-39
-14
1
-18
-31
-6
10
13
30
18
35
32
14
16
22
19
24
33
43
42
47
62
58
35
35
48
34
29
26
29
28
24
5
3
-3
-18
-11
-16
-2
-4
-6
-3
-1
27
35
33
43
49
57
67
52
37
27
36
36
37
21
7
5
-8
-30
-48
-42
-66
-61
-71
-70
-69
-82
-90
-84
-76
-69
-67
-77
-70
-51
-36
-50
-32
-36
-37
-22
-13
11
10
21
18
30
23
25
42
38
40
48
53
29
33
39
17
14
1
-19
-17
-23
-32
-38
-39
-34
-25
-23
-13
-15
-11
-6
9
12
3
16
24
19
40
26
34
45
27
27
22
35
24
16
24
15
10
9
-14
-4
-21
-14
-7
-17
-4
-9
0
11
-5
-3
-4
9
10
-3
9
9
0
9
11
-4
-11
-16
-9
-14
-5
-8
-7
13
11
7
12
20
26
30
30
24
34
31
37
41
34
30
12
20
23
9
-5
8
-10
-26
-34
-27
-25
-29
-22
-36
-29
-28
-27
-39
-24
-35
-34
-15
-27
-25
-21
-27
-26
-13
-24
-19
-22
-30
-31
-28
-22
-12
-13
-20
-23
-16
-4
-9
-3
5
3
-8
2
4
-3
-7
3
0
8
19
24
25
19
23
31
27
29
40
36
48
46
42
43
35
38
25
32
33
16
30
29
27
28
25
22
16
18
17
6
-6
-8
-10
-21
-38
-46
-45
-44
-52
-57
-37
-43
-40
-38
-38
-47
-40
-42
-45
-32
-28
-30
-7
0
-4
21
9
24
35
41
41
43
39
31
41
50
55
53
52
49
38
45
47
42
26
33
12
6
-3
3
-8
-18
-24
-34
-15
-15
-18
-34
-34
-47
-41
-32
-37
-28
-42
-39
-40
-36
-39
-46
-51
-50
-50
-50
-48
-46
-34
-35
-38
-42
-23
-18
-22
-26
-19
-17
-15
18
18
25
34
34
32
22
28
37
36
31
38
38
51
42
25
30
33
35
30
44
38
36
28
36
38
36
30
49
50
45
45
36
41
34
41
23
23
21
6
12
4
-11
-12
-15
-31
-33
-34
-41
-41
-37
-35
-45
-33
-28
-35
-24
-25
-31
-30
-33
-21
-11
-9
-1
-3
8
7
10
9
5
11
18
34
33
38
37
31
36
42
29
30
19
10
5
-2
4
-3
-15
-26
-29
-34
-28
-23
-28
-39
-52
-42
-52
-38
-42
-49
-42
-43
-37
-38
-30
-35
-35
-29
-25
-26
-17
-13
-18
-8
4
4
11
16
21
23
19
28
27
15
37
22
23
31
20
11
11
16
10
4
-1
-4
-8
3
-15
-16
-13
-20
1
2
0
-1
18
11
3
20
5
19
21
20
21
13
20
18
25
24
0
6
0
7
-2
-9
-15
-19
-13
-31
-15
-16
-17
8
-4
9
18
25
26
19
22
21
21
25
29
14
16
8
8
10
1
6
5
5
2
6
15
7
2
15
20
1
-7
-18
-21
-3
0
2
9
12
1
-2
-16
-8
-14
-13
-22
-36
-30
-38
-28
-17
-22
-20
-26
-21
-14
-23
-8
-8
-12
-10
-14
-6
-11
-8
-16
-16
-2
-6
6
-11
4
11
-12
-5
13
10
12
7
-6
7
2
-1
11
0
6
10
9
3
-15
-11
4
3
4
-1
9
20
20
24
27
30
17
25
22
17
18
10
-3
-5
-2
-6
3
-15
-17
-20
-11
-15
-21
-9
-2
-1
5
14
9
25
20
4
10
19
15
5
2
9
10
-1
2
-4
-3
2
-3
14
0
1
12
14
6
21
22
7
24
17
22
20
24
23
8
2
-2
10
6
-7
0
-11
-23
-12
-17
-34
-31
-41
-41
-53
-67
-58
-51
-53
-56
-48
-51
-53
-37
-25
-23
-5
-2
0
9
4
23
1
5
25
12
13
17
10
2
6
15
10
12
18
9
14
13
5
0
-11
-15
-5
5
0
-5
8
14
11
16
24
32
25
30
41
36
39
39
41
42
42
32
19
29
35
11
15
8
1
4
-4
-10
-6
-14
-16
0
-9
8
13
10
18
3
5
-8
-3
1
-5
3
0
3
-8
-5
-5
-11
-18
-30
-2
4
-3
-11
2
-9
-8
-5
-18
-17
-16
-15
-11
-13
-31
-31
-24
-10
-14
-12
-11
-23
-13
-26
-20
-7
-10
-9
-16
-11
-18
-20
-4
-12
-5
-1
3
10
4
12
13
10
27
16
11
14
13
12
3
-1
-11
-8
-11
-24
-23
-22
-19
-15
-15
-18
-40
-39
-33
-31
-42
-40
-27
-20
-14
-11
-11
-11
-2
6
7
16
18
14
12
27
25
17
30
33
44
51
53
60
47
38
39
39
32
31
29
28
31
25
29
18
22
11
15
8
-2
14
9
11
8
7
-3
1
-2
2
3
-4
-16
-4
4
-5
-3
-26
-28
-16
-13
-12
-13
-15
-13
-16
4
-5
-5
1
-1
-2
1
8
4
12
-4
0
7
-9
-18
-26
-16
-17
-11
-20
-8
-15
-23
-9
-4
12
11
6
8
11
4
0
9
9
-2
-13
-12
-4
-13
-8
-2
-22
-9
-23
-36
-53
-41
-28
-45
-41
-47
-47
-38
-39
-38
-45
-33
-34
-25
-14
-22
-3
-4
4
7
21
27
33
35
39
51
47
64
48
46
50
44
40
38
39
35
33
40
30
17
21
19
32
24
25
22
24
27
14
22
14
-1
-4
-8
-7
-6
-20
-19
-18
-28
-25
-23
-21
-11
-16
-11
-7
-11
1
6
-1
-5
-3
-8
2
6
0
9
2
-11
1
-11
-19
-7
-21
-13
-15
-7
-5
-9
-21
-21
-21
-19
-20
-14
-10
-10
-10
-10
1
-1
-4
3
-1
11
9
6
11
5
-2
6
7
2
-10
-15
-12
-8
-11
-13
-26
-28
-15
-19
-17
-36
-28
-30
-35
-25
-10
3
-4
10
6
29
30
27
29
31
28
22
42
39
58
42
40
38
33
40
30
24
38
37
22
25
36
19
16
20
2
-3
-11
7
-3
-3
-6
-18
-13
-16
-32
-40
-26
-29
-11
-24
-25
-32
-41
-51
-63
-55
-52
-42
-34
-30
-26
-19
-2
6
1
-5
13
25
20
27
32
34
45
50
46
47
47
46
48
46
34
21
25
10
14
17
-5
-11
-16
-17
-19
-2
0
-17
-24
-24
-9
-14
-16
-18
-4
-14
-19
-19
-23
-14
-21
-17
-23
-28
-26
-34
-30
-27
-33
-33
-34
-31
-27
-46
-41
-29
-27
-24
-24
-10
1
-5
3
14
6
13
11
20
22
26
28
31
44
36
38
47
43
36
32
23
25
29
32
34
39
43
44
37
37
29
25
22
8
6
0
2
-3
-7
-15
-9
-7
-27
-15
-11
-19
-16
-9
-17
-20
-17
-20
-26
-26
-18
-7
-9
-10
-2
8
7
-9
6
8
-8
-10
-1
-10
-3
1
8
5
-2
4
-4
6
0
-12
-9
-18
-18
-18
-17
-26
-26
-18
-27
-25
-37
-21
-13
-22
-19
-4
-6
-15
-2
-4
-1
7
7
5
3
17
11
2
11
12
16
3
-4
-12
7
7
5
9
0
4
3
14
17
2
5
-11
-5
3
-3
-1
2
16
4
5
7
6
8
9
13
14
23
