7.95248732951086889642056121374480e-01 2.04751267048913165869095109883347e-01 0.00000000000000000000000000000000e+00 0.00000000000000000000000000000000e+00 0.00000000000000000000000000000000e+00 
0.00000000000000000000000000000000e+00 7.72434376830265168045741575042484e-01 2.27565623169735053998863349988824e-01 0.00000000000000000000000000000000e+00 0.00000000000000000000000000000000e+00 
0.00000000000000000000000000000000e+00 0.00000000000000000000000000000000e+00 7.83858538189713405230918397137430e-01 2.16141461810286650280232834120397e-01 0.00000000000000000000000000000000e+00 
0.00000000000000000000000000000000e+00 0.00000000000000000000000000000000e+00 0.00000000000000000000000000000000e+00 9.23673706468054134255396547814598e-01 7.63262935319459906446937225155125e-02 
0.00000000000000000000000000000000e+00 0.00000000000000000000000000000000e+00 0.00000000000000000000000000000000e+00 0.00000000000000000000000000000000e+00 1.00000000000000000000000000000000e+00 

1.00000000000000008333642060758599e-30 1.00000000000000008333642060758599e-30 1.00000000000000008333642060758599e-30 1.00000000000000008333642060758599e-30 1.00000000000000008333642060758599e-30 1.00000000000000008333642060758599e-30 3.61916861371111633904895654723077e-02 1.00000000000000008333642060758599e-30 1.00000000000000008333642060758599e-30 1.00000000000000008333642060758599e-30 1.00000000000000008333642060758599e-30 1.00000000000000008333642060758599e-30 1.00000000000000008333642060758599e-30 1.00000000000000008333642060758599e-30 3.82690192517441962749558115319815e-01 1.00000000000000008333642060758599e-30 1.00000000000000008333642060758599e-30 1.00000000000000008333642060758599e-30 8.00000000000000016653345369377348e-03 1.00000000000000008333642060758599e-30 1.00000000000000008333642060758599e-30 1.00000000000000008333642060758599e-30 2.11166852907482605061773028864991e-01 6.36386542647611308325449714062304e-24 1.00000000000000008333642060758599e-30 1.00000000000000008333642060758599e-30 1.00000000000000008333642060758599e-30 1.00000000000000008333642060758599e-30 1.00000000000000008333642060758599e-30 1.00000000000000008333642060758599e-30 3.61951268437964379653948299164767e-01 1.00000000000000008333642060758599e-30 
1.00000000000000008333642060758599e-30 1.00000000000000008333642060758599e-30 1.00000000000000008333642060758599e-30 1.00000000000000008333642060758599e-30 1.00000000000000008333642060758599e-30 1.12734919136191658484841271459231e-04 5.97188007879806415090229165798519e-03 1.08593610452540692556944179614220e-02 1.00000000000000008333642060758599e-30 1.00000000000000008333642060758599e-30 1.00000000000000008333642060758599e-30 1.00000000000000008333642060758599e-30 1.00000000000000008333642060758599e-30 1.00000000000000008333642060758599e-30 3.23898087347278318404164565436076e-01 2.60675589599719504611124998305627e-04 1.00000000000000008333642060758599e-30 1.00000000000000008333642060758599e-30 1.00000000000000008333642060758599e-30 1.00000000000000008333642060758599e-30 1.00000000000000008333642060758599e-30 2.30118345256126282776749800516466e-27 2.67933589769509539202374526212225e-01 7.24043366454542574456310077835042e-03 1.00000000000000008333642060758599e-30 1.00000000000000008333642060758599e-30 1.00000000000000008333642060758599e-30 1.00000000000000008333642060758599e-30 2.60419651019216328621391369534457e-08 4.91728975401170961069584677827216e-07 3.83722719814938217908206752326805e-01 1.00000000000000008333642060758599e-30 
1.00000000000000008333642060758599e-30 5.75321758188709725430328375174732e-20 1.00000000000000008333642060758599e-30 1.00000000000000008333642060758599e-30 1.00000000000000008333642060758599e-30 2.52944529970147213848719047746272e-01 1.00000000000000008333642060758599e-30 1.57176989324672930492532429980201e-02 1.00000000000000008333642060758599e-30 7.93112002598751059112558436936524e-03 1.00000000000000008333642060758599e-30 1.00000000000000008333642060758599e-30 1.00000000000000008333642060758599e-30 1.00000000000000008333642060758599e-30 1.57438463110607052009015660587465e-01 9.85053684412229291211815507267602e-03 1.00000000000000008333642060758599e-30 1.00000000000000008333642060758599e-30 1.00000000000000008333642060758599e-30 1.00000000000000008333642060758599e-30 1.00000000000000008333642060758599e-30 2.28581181202792381446098346486906e-02 5.04683305027144295945573659878391e-03 3.48557455168173158099875763582531e-01 1.00000000000000008333642060758599e-30 7.82332717955871705323503406681596e-05 1.92161134485109401370817039378380e-04 1.00000000000000008333642060758599e-30 5.14854679685554372792211097475956e-02 4.98330170616764628332973074975598e-02 7.80663653414322700196947835138417e-02 1.00000000000000008333642060758599e-30 
1.00000000000000008333642060758599e-30 1.22353912712774709481422519274929e-01 9.41909272546613570808830828706704e-06 1.00000000000000008333642060758599e-30 1.00000000000000008333642060758599e-30 4.50688012549539177009627621828258e-02 1.00000000000000008333642060758599e-30 3.99765152208899077201920135848923e-02 1.00000000000000008333642060758599e-30 6.79102193518527769144910166687623e-02 1.00000000000000008333642060758599e-30 1.00000000000000008333642060758599e-30 1.00000000000000008333642060758599e-30 1.00000000000000008333642060758599e-30 7.76793604252020829931124623612959e-03 1.00000000000000008333642060758599e-30 1.00000000000000008333642060758599e-30 2.04737440502363587935263922190643e-02 1.00000000000000008333642060758599e-30 1.00000000000000008333642060758599e-30 1.00000000000000008333642060758599e-30 4.79329029030102840569504962786596e-02 2.40575501821839391945092599464400e-29 9.62621107618616411727430204336997e-03 1.00000000000000008333642060758599e-30 6.33573480396660060343094755808124e-01 5.29811089610637483970911887354305e-03 1.00000000000000008333642060758599e-30 1.54547320068622611999298571000550e-06 1.30105865180811067994474765352475e-06 5.90047023118146981310403603737669e-06 1.00000000000000008333642060758599e-30 
1.00000000000000008333642060758599e-30 1.72343670190504803796383015423999e-02 1.34093365451395774012866013435996e-01 1.00000000000000008333642060758599e-30 1.79034956183197948437202384752709e-03 1.00000000000000008333642060758599e-30 2.12107910012850370273795874709322e-01 1.00000000000000008333642060758599e-30 1.00000000000000008333642060758599e-30 4.20128677817630691304628953730571e-01 1.00000000000000008333642060758599e-30 1.00000000000000008333642060758599e-30 1.00000000000000008333642060758599e-30 1.00000000000000008333642060758599e-30 8.53864010551872026910658064480231e-02 1.00000000000000008333642060758599e-30 1.00000000000000008333642060758599e-30 5.63412018282252020050238083825889e-04 6.42256272144268586243853746964305e-02 1.00000000000000008333642060758599e-30 1.00000000000000008333642060758599e-30 5.15139855247525802417289797412539e-11 1.79009073909958404957620814457186e-02 1.00000000000000008333642060758599e-30 1.00000000000000008333642060758599e-30 4.43521832078930672293992643062666e-02 1.00000000000000008333642060758599e-30 1.00000000000000008333642060758599e-30 1.00000000000000008333642060758599e-30 1.00000000000000008333642060758599e-30 2.21679919894135924601785703202950e-03 1.00000000000000008333642060758599e-30 
