8.04172141208917445887038866203511e-01 1.95827858791082637379687980683229e-01 0.00000000000000000000000000000000e+00 0.00000000000000000000000000000000e+00 0.00000000000000000000000000000000e+00 
0.00000000000000000000000000000000e+00 7.40752884944883227547052229056135e-01 2.59247115055117105519855158490827e-01 0.00000000000000000000000000000000e+00 0.00000000000000000000000000000000e+00 
0.00000000000000000000000000000000e+00 0.00000000000000000000000000000000e+00 8.50576931674779324055180040886626e-01 1.49423068325220786967122421629028e-01 0.00000000000000000000000000000000e+00 
0.00000000000000000000000000000000e+00 0.00000000000000000000000000000000e+00 0.00000000000000000000000000000000e+00 9.05660681664695044190693806740455e-01 9.43393183353047753980646916716069e-02 
0.00000000000000000000000000000000e+00 0.00000000000000000000000000000000e+00 0.00000000000000000000000000000000e+00 0.00000000000000000000000000000000e+00 1.00000000000000000000000000000000e+00 

1.00000000000000008333642060758599e-30 1.00000000000000008333642060758599e-30 1.00000000000000008333642060758599e-30 1.00000000000000008333642060758599e-30 1.00000000000000008333642060758599e-30 1.00000000000000008333642060758599e-30 7.16157074353406843114644431125271e-03 1.00000000000000008333642060758599e-30 1.00000000000000008333642060758599e-30 1.00000000000000008333642060758599e-30 1.00000000000000008333642060758599e-30 1.00000000000000008333642060758599e-30 1.00000000000000008333642060758599e-30 1.00000000000000008333642060758599e-30 3.95914610344814454911954726412660e-01 1.00000000000000008333642060758599e-30 1.00000000000000008333642060758599e-30 1.00000000000000008333642060758599e-30 1.00000000000000008333642060758599e-30 1.00000000000000008333642060758599e-30 7.78755763669085107412959137258174e-27 1.00000000000000008333642060758599e-30 1.74078336218883716890459822934645e-01 1.00000000000000008333642060758599e-30 1.00000000000000008333642060758599e-30 1.00000000000000008333642060758599e-30 1.00000000000000008333642060758599e-30 1.00000000000000008333642060758599e-30 1.00000000000000008333642060758599e-30 1.00000000000000008333642060758599e-30 4.22845482692767615784390500266454e-01 8.26606625290585020489257978079521e-19 
1.00000000000000008333642060758599e-30 1.00000000000000008333642060758599e-30 1.00000000000000008333642060758599e-30 1.00000000000000008333642060758599e-30 6.05456786687122924806025991983915e-02 1.00000000000000008333642060758599e-30 1.61120897390270439997195239811845e-04 1.00000000000000008333642060758599e-30 7.57529169461959138083828248939370e-28 1.00000000000000008333642060758599e-30 1.00000000000000008333642060758599e-30 1.00000000000000008333642060758599e-30 1.00000000000000008333642060758599e-30 1.00000000000000008333642060758599e-30 7.36683326767543500412926960052573e-02 1.00000000000000008333642060758599e-30 2.99963030948751210290461307406661e-13 1.00000000000000008333642060758599e-30 1.00000000000000008333642060758599e-30 1.00000000000000008333642060758599e-30 1.39175850980303578152685872737493e-01 1.00000000000000008333642060758599e-30 5.48181336493704707280016918957699e-01 1.00000000000000008333642060758599e-30 7.99999999996767706400557784718330e-03 1.00000000000000008333642060758599e-30 1.00000000000000008333642060758599e-30 1.00000000000000008333642060758599e-30 1.00000000000000008333642060758599e-30 1.00000000000000008333642060758599e-30 1.56934346949533898296635925362352e-01 1.33333333333333307196832961949440e-02 
1.08012700059128899376936772114277e-02 1.00000000000000008333642060758599e-30 1.00000000000000008333642060758599e-30 1.00000000000000008333642060758599e-30 3.15109668726425318219241944461828e-01 1.00000000000000008333642060758599e-30 6.53548512372521209906617301044207e-03 1.00000000000000008333642060758599e-30 4.95521877870193014348210169828235e-02 1.00000000000000008333642060758599e-30 1.00000000000000008333642060758599e-30 1.00000000000000008333642060758599e-30 5.23188095261701256732944642635630e-03 1.00000000000000008333642060758599e-30 3.10430195430563687919445214902225e-02 1.00000000000000008333642060758599e-30 8.38978098620767574755685558329787e-03 1.00000000000000008333642060758599e-30 1.00000000000000008333642060758599e-30 1.00000000000000008333642060758599e-30 2.88045076764249563527897635140107e-01 1.00000000000000008333642060758599e-30 1.47439013052740847120603007169848e-01 1.00000000000000008333642060758599e-30 1.27388855152811730775397336401511e-01 1.00000000000000008333642060758599e-30 1.00000000000000008333642060758599e-30 1.00000000000000008333642060758599e-30 1.00000000000000008333642060758599e-30 1.00000000000000008333642060758599e-30 1.04637619052340632985753643424687e-02 1.00000000000000008333642060758599e-30 
3.00404174131452372797923544567311e-01 1.00000000000000008333642060758599e-30 1.00000000000000008333642060758599e-30 1.00000000000000008333642060758599e-30 1.42954564879488404960383718389494e-01 1.00000000000000008333642060758599e-30 3.66515858657046143892806182029885e-18 1.00000000000000008333642060758599e-30 1.48180242886860828038786408455962e-02 1.00000000000000008333642060758599e-30 1.00000000000000008333642060758599e-30 1.00000000000000008333642060758599e-30 1.00000000000000008333642060758599e-30 1.00000000000000008333642060758599e-30 1.00000000000000008333642060758599e-30 1.00000000000000008333642060758599e-30 1.21658727958894166687464633014315e-01 1.00000000000000008333642060758599e-30 1.00000000000000008333642060758599e-30 1.00000000000000008333642060758599e-30 9.53009795767266465471578840151778e-02 1.00000000000000008333642060758599e-30 1.00000000000000008333642060758599e-30 1.00000000000000008333642060758599e-30 3.24863529164752418143535805938882e-01 1.00000000000000008333642060758599e-30 1.00000000000000008333642060758599e-30 1.00000000000000008333642060758599e-30 1.00000000000000008333642060758599e-30 1.00000000000000008333642060758599e-30 1.00000000000000008333642060758599e-30 1.00000000000000008333642060758599e-30 
1.28296526186010617642807574156905e-01 1.00000000000000008333642060758599e-30 6.67122671786627569057159803378454e-03 1.00000000000000008333642060758599e-30 3.17454221729737806612092754221521e-01 1.00000000000000008333642060758599e-30 9.52322389395957313862339788101963e-02 1.00000000000000008333642060758599e-30 1.07948374661073071001382572831062e-01 1.19887252271802806531664220557332e-03 1.00000000000000008333642060758599e-30 1.00000000000000008333642060758599e-30 3.47171440941412227237927723422217e-03 1.00000000000000008333642060758599e-30 3.03479011766473322220249997371866e-02 1.00000000000000008333642060758599e-30 1.61146768831793990583989284459676e-02 1.00000000000000008333642060758599e-30 1.92749665600076228871850858581638e-03 1.00000000000000008333642060758599e-30 8.42059091158190234360780834776961e-03 1.00000000000000008333642060758599e-30 1.87826050764133500869945692102192e-01 1.00000000000000008333642060758599e-30 8.73931922599265331719209370930912e-02 1.00000000000000008333642060758599e-30 1.95121951219512194952709904782751e-03 1.00000000000000008333642060758599e-30 1.00000000000000008333642060758599e-30 1.00000000000000008333642060758599e-30 5.74569666991982166276420329609209e-03 1.00000000000000008333642060758599e-30 
